代码	名称	涨幅%%	总金额	现价	昨收	每手	总量	涨速%%	今开	最高	最低	抛空额	股息率%%	振幅%%	涨跌	细分行业	抛空量	按盘价	
603595	东尼电子	2.39	49205800	78.27	76.44	0	6303	-0.02	76.44	79.48	75.81	--  	0.00	4.80	1.83	元器件	--  	-0.000	
000568	泸州老窖	0.94	715993472	66.40	65.78	0	108300	0.06	66.02	66.76	65.38	--  	1.40	2.10	0.62	白酒	--  	0.000	
600990	四创电子	0.86	93762328	59.71	59.20	0	15743	0.18	59.23	60.34	58.72	--  	0.15	2.74	0.51	通信设备	--  	-0.000	
300136	信维通信	5.64	882475584	52.30	49.51	0	171415	0.00	50.02	53.30	49.69	--  	0.10	7.29	2.79	通信设备	--  	-0.000	
300601	康泰生物	1.59	42446568	48.04	47.29	0	8896	-0.18	47.20	48.55	46.50	--  	0.12	4.33	0.75	生物制药	--  	0.000	
603881	数据港	2.27	278894752	46.95	45.91	0	59632	0.11	45.88	47.95	45.28	--  	0.09	5.82	1.04	电信运营	--  	0.000	
300525	博思软件	1.51	6617292	42.25	41.62	0	1573	0.00	41.90	42.33	41.51	--  	0.45	1.97	0.63	软件服务	--  	0.000	
300553	集智股份	0.54	5931618	40.93	40.71	0	1455	0.07	40.69	41.00	40.43	--  	0.61	1.40	0.22	电器仪表	--  	0.000	
01928	金沙中国有限公司	0.63	490751488	39.750	39.500	400	12306258	0.25	39.800	40.350	39.500	--  	0.00	2.15	0.250	酒店及消闲	--  	39.750	
300072	三聚环保	2.75	562077632	36.93	35.94	0	152192	0.08	35.93	37.34	35.72	--  	0.37	4.51	0.99	环境保护	--  	0.000	
002792	通宇通讯	1.44	115374848	36.53	36.01	0	31705	-0.04	35.92	36.81	35.80	--  	0.56	2.80	0.52	通信设备	--  	-0.000	
600455	博通股份	1.03	6622003	36.13	35.76	0	1857	0.06	35.73	36.35	35.33	--  	0.00	2.85	0.37	软件服务	--  	0.000	
002813	路畅科技	2.11	59808420	35.76	35.02	0	16930	0.17	34.90	36.19	34.68	--  	0.71	4.31	0.74	汽车配件	--  	-0.000	
300411	金盾股份	0.48	20392700	35.65	35.48	0	5761	1.31	35.60	35.70	34.97	--  	0.09	2.06	0.17	专用机械	--  	0.000	
300560	中富通	1.75	100240016	35.41	34.80	0	28513	-0.10	34.81	35.86	34.26	--  	0.21	4.60	0.61	通信设备	--  	-0.000	
002757	南兴装备	1.06	9080136	35.25	34.88	0	2592	0.00	34.95	35.25	34.75	--  	0.28	1.43	0.37	家居用品	--  	0.000	
600452	涪陵电力	1.43	53028880	34.69	34.20	0	15366	0.26	34.30	34.87	34.20	--  	0.47	1.96	0.49	水力发电	--  	-0.000	
002851	麦格米特	0.58	17871266	34.55	34.35	0	5189	0.14	34.35	34.62	34.22	--  	0.00	1.16	0.20	电气设备	--  	-0.000	
600694	大商股份	1.21	50977016	34.29	33.88	0	14929	-0.02	33.89	34.40	33.76	--  	2.13	1.89	0.41	百货	--  	0.000	
600211	西藏药业	0.95	27423916	34.06	33.74	0	8092	0.03	33.73	34.20	33.52	--  	0.98	2.02	0.32	中成药	--  	0.000	
600298	安琪酵母	3.58	445378592	33.87	32.70	0	134088	0.15	32.53	34.03	32.32	--  	0.92	5.23	1.17	食品	--  	-0.000	
000826	启迪桑德	2.30	391756128	33.80	33.04	0	116083	0.12	33.06	34.17	33.05	--  	0.51	3.39	0.76	环境保护	--  	-0.000	
002427	尤夫股份	1.13	191419184	33.07	32.70	0	57852	0.00	32.70	33.39	32.40	--  	0.06	3.03	0.37	化纤	--  	-0.000	
002151	北斗星通	2.23	431668896	33.02	32.30	0	132112	-0.05	32.40	33.30	32.02	--  	0.15	3.96	0.72	通信设备	--  	0.000	
300529	健帆生物	1.79	30020706	32.45	31.88	0	9336	0.19	31.95	32.50	31.80	--  	0.63	2.20	0.57	医疗保健	--  	0.000	
00052	FAIRWOOD HOLD	0.94	5968826	32.350	32.050	500	185000	-0.15	32.200	32.400	32.100	--  	1.14	0.94	0.300	酒店及消闲	--  	32.350	
300505	川金诺	1.62	61197912	32.07	31.56	0	19413	-0.05	31.60	32.10	31.08	--  	0.48	3.23	0.51	化工原料	--  	-0.000	
300543	朗科智能	1.54	76935768	31.56	31.08	0	24519	-0.05	31.20	31.83	31.00	--  	1.01	2.67	0.48	电气设备	--  	-0.000	
600559	老白干酒	0.55	160833024	30.90	30.73	0	52312	0.13	30.66	31.04	30.35	--  	0.49	2.25	0.17	白酒	--  	-0.000	
300502	新易盛	4.08	209631088	29.58	28.42	0	72213	0.10	28.56	29.66	28.44	--  	0.40	4.29	1.16	通信设备	--  	-0.000	
603900	莱绅通灵	3.30	71972392	29.45	28.51	0	25032	0.93	28.28	29.49	28.06	--  	0.00	5.02	0.94	服饰	--  	0.000	
300590	移为通信	4.51	234189328	29.19	27.93	0	81890	-0.02	27.86	29.39	27.25	--  	1.43	7.66	1.26	通信设备	--  	0.000	
300097	智云股份	0.35	83064712	28.96	28.86	0	28839	0.03	28.80	29.32	28.47	--  	0.09	2.95	0.10	电器仪表	--  	-0.000	
002719	麦趣尔	0.18	11764467	28.03	27.98	0	4200	0.00	27.98	28.06	27.91	--  	0.16	0.54	0.05	乳制品	--  	0.000	
002722	金轮股份	1.41	61086340	27.98	27.59	0	21903	0.04	27.61	28.17	27.55	--  	0.47	2.25	0.39	纺织机械	--  	-0.000	
603010	万盛股份	0.41	71286368	27.24	27.13	0	26287	-0.10	27.13	27.47	26.84	--  	0.87	2.32	0.11	化工原料	--  	-0.000	
600893	航发动力	1.64	223616480	27.23	26.79	0	82575	0.18	26.77	27.35	26.76	--  	0.45	2.20	0.44	航空	--  	-0.000	
603538	美诺华	0.18	13307119	27.19	27.14	0	4910	0.00	27.13	27.28	26.88	--  	0.00	1.47	0.05	化学制药	--  	0.000	
603081	大丰实业	1.32	102728776	26.90	26.55	0	38374	-0.06	26.50	26.98	26.20	--  	0.00	2.94	0.35	专用机械	--  	-0.000	
002635	安洁科技	3.82	274555680	26.63	25.65	0	104629	0.19	25.96	26.75	25.72	--  	0.60	4.02	0.98	电脑设备	--  	-0.000	
603686	龙马环卫	0.95	37301100	26.57	26.32	0	14085	0.08	26.37	26.66	26.18	--  	0.81	1.82	0.25	专用机械	--  	-0.000	
002462	嘉事堂	0.73	81680736	26.13	25.94	0	31407	0.08	26.15	26.25	25.73	--  	0.58	2.00	0.19	医药商业	--  	-0.000	
600703	三安光电	2.69	1097526656	26.00	25.32	0	424256	-0.11	25.25	26.28	25.03	--  	0.79	4.94	0.68	半导体	--  	0.000	
600835	上海机电	4.47	593343488	25.97	24.86	0	229398	0.15	24.90	26.50	24.90	--  	1.73	6.44	1.11	运输设备	--  	-0.000	
600118	中国卫星	0.63	135159424	25.59	25.43	0	53001	0.12	25.44	25.70	25.32	--  	0.43	1.49	0.16	航空	--  	0.000	
002362	汉王科技	0.68	261538720	25.32	25.15	0	104101	0.00	25.16	25.39	24.75	--  	0.00	2.54	0.17	电脑设备	--  	-0.000	
600148	长春一东	1.57	71636688	25.28	24.89	0	28523	0.52	24.80	25.37	24.75	--  	0.33	2.49	0.39	汽车配件	--  	0.000	
300385	雪浪环境	1.33	26971452	25.21	24.88	0	10734	-0.07	24.96	25.34	24.78	--  	0.46	2.25	0.33	环境保护	--  	-0.000	
300541	先进数通	0.12	21369872	24.77	24.74	0	8639	-0.07	24.75	24.94	24.50	--  	0.40	1.78	0.03	软件服务	--  	0.000	
002422	科伦药业	2.21	200804400	24.53	24.00	0	82406	-0.11	24.10	24.78	24.00	--  	0.58	3.25	0.53	化学制药	--  	0.000	
600562	国睿科技	1.49	65804440	24.51	24.15	0	26902	0.04	24.25	24.68	24.15	--  	0.59	2.19	0.36	通信设备	--  	0.000	
603677	奇精机械	0.79	15666173	24.33	24.14	0	6492	0.54	24.14	24.64	23.76	--  	1.00	3.65	0.19	机械基件	--  	-0.000	
600053	九鼎投资	1.08	30180892	24.25	23.99	0	12450	0.04	24.01	24.40	23.99	--  	1.81	1.71	0.26	多元金融	--  	0.000	
002746	仙坛股份	1.28	35673356	23.78	23.48	0	15127	0.00	23.33	23.86	23.21	--  	0.85	2.77	0.30	农业综合	--  	0.000	
002439	启明星辰	1.38	249781584	23.44	23.12	0	107058	-0.03	23.18	23.67	22.95	--  	0.43	3.11	0.32	软件服务	--  	0.000	
02282	美高梅中国	0.22	133037440	22.950	22.900	400	5770714	0.00	23.000	23.400	22.700	--  	0.51	3.06	0.050	酒店及消闲	--  	22.950	
600848	上海临港	1.70	168604624	22.79	22.41	0	74687	0.00	22.42	22.83	22.18	--  	0.00	2.90	0.38	园区开发	--  	0.000	
300431	暴风集团	0.45	327666080	22.35	22.25	0	147183	0.00	22.25	22.59	21.89	--  	0.09	3.15	0.10	互联网	--  	0.000	
002315	焦点科技	0.73	30150980	22.06	21.90	0	13731	0.14	21.82	22.14	21.72	--  	2.28	1.92	0.16	互联网	--  	-0.000	
00384	中国燃气（二百）	1.39	118067864	21.900	21.600	200	5413693	0.46	21.750	21.950	21.600	--  	0.37	1.62	0.300	公用事业	--  	21.900	
600859	王府井	7.30	285594400	21.89	20.40	0	132440	0.18	20.40	21.98	20.18	--  	2.11	8.82	1.49	百货	--  	-0.000	
600271	航天信息	1.02	553289472	21.87	21.65	0	252346	0.05	21.66	22.20	21.48	--  	1.15	3.33	0.22	电脑设备	--  	0.000	
300227	光韵达	1.25	40709728	21.85	21.58	0	18732	-0.08	21.71	21.90	21.51	--  	0.04	1.81	0.27	元器件	--  	0.000	
002816	和科达	0.14	20178010	21.58	21.55	0	9398	0.19	21.55	21.72	21.34	--  	0.23	1.76	0.03	专用机械	--  	-0.000	
300479	神思电子	1.37	64123984	21.40	21.11	0	30238	0.05	21.15	21.47	20.85	--  	0.28	2.94	0.29	软件服务	--  	-0.000	
002253	川大智胜	1.11	57066172	20.87	20.64	0	27501	0.10	20.64	20.95	20.50	--  	0.58	2.18	0.23	软件服务	--  	0.000	
002767	先锋电子	0.73	11979683	20.69	20.54	0	5804	0.00	20.54	20.84	20.50	--  	0.39	1.66	0.15	电器仪表	--  	0.000	
600876	洛阳玻璃	0.20	169267664	20.52	20.48	0	82587	0.24	20.23	20.86	20.07	--  	0.24	3.86	0.04	玻璃	--  	0.000	
300222	科大智能	1.04	130686192	20.48	20.27	0	64079	0.10	20.31	20.69	20.13	--  	0.30	2.76	0.21	电气设备	--  	-0.000	
603663	三祥新材	0.89	11078978	20.45	20.27	0	5413	0.00	20.27	20.59	20.12	--  	0.49	2.32	0.18	矿物制品	--  	0.000	
000411	英特集团	1.14	9030986	20.40	20.17	0	4458	0.39	20.47	20.50	20.07	--  	0.00	2.13	0.23	医药商业	--  	-0.000	
603708	家家悦	2.62	86219328	20.36	19.84	0	42373	-0.14	19.84	20.50	19.70	--  	1.74	4.03	0.52	超市连锁	--  	0.000	
300188	美亚柏科	0.20	136970608	20.31	20.27	0	67804	0.10	20.05	20.47	19.95	--  	0.20	2.57	0.04	软件服务	--  	-0.000	
002410	广联达	0.85	99476472	20.19	20.02	0	49507	0.05	20.01	20.29	19.84	--  	1.50	2.25	0.17	软件服务	--  	0.000	
000681	视觉中国	2.35	82366080	20.00	19.54	0	41982	-0.04	19.55	20.13	19.30	--  	0.05	4.25	0.46	互联网	--  	0.000	
300449	汉邦高科	1.12	14379575	19.90	19.68	0	7259	-0.14	19.72	19.99	19.59	--  	0.10	2.03	0.22	电脑设备	--  	-0.000	
000666	经纬纺机	1.03	71561448	19.66	19.46	0	36491	0.05	19.55	19.75	19.52	--  	0.28	1.18	0.20	纺织机械	--  	-0.000	
002322	理工环科	0.47	44998092	19.40	19.31	0	23420	0.05	19.31	19.43	18.96	--  	1.55	2.43	0.09	环境保护	--  	-0.000	
300024	机器人	1.05	219155392	19.26	19.06	0	114408	0.10	19.10	19.33	18.94	--  	0.24	2.05	0.20	专用机械	--  	0.000	
300295	三六五网	1.75	81423416	19.20	18.87	0	42694	0.00	18.81	19.28	18.71	--  	0.63	3.02	0.33	互联网	--  	0.000	
002159	三特索道	0.05	21458652	19.10	19.09	0	11234	0.00	19.09	19.24	19.00	--  	0.23	1.26	0.01	旅游服务	--  	0.000	
002222	福晶科技	2.48	219843136	19.00	18.54	0	116422	0.00	18.48	19.21	18.39	--  	0.54	4.42	0.46	元器件	--  	0.000	
300142	沃森生物	1.01	264857744	18.98	18.79	0	140663	-0.10	18.31	19.12	18.26	--  	0.00	4.58	0.19	生物制药	--  	-0.000	
000639	西王食品	0.64	25464924	18.95	18.83	0	13463	0.05	18.85	18.99	18.79	--  	0.48	1.06	0.12	食品	--  	0.000	
002583	海能达	4.54	348332544	18.90	18.08	0	188905	0.11	18.11	18.95	17.88	--  	0.19	5.92	0.82	通信设备	--  	-0.000	
300596	利安隆	0.05	17519142	18.85	18.84	0	9337	0.00	18.65	18.90	18.61	--  	0.37	1.54	0.01	化工原料	--  	0.000	
300494	盛天网络	1.89	103371352	18.85	18.50	0	55556	-0.04	18.43	18.88	18.31	--  	0.75	3.08	0.35	互联网	--  	0.000	
300233	金城医药	0.75	29120502	18.78	18.64	0	15559	0.00	18.66	18.86	18.56	--  	0.80	1.61	0.14	化学制药	--  	0.000	
002731	萃华珠宝	1.75	20077976	18.63	18.31	0	10850	0.11	18.35	18.63	18.27	--  	0.44	1.97	0.32	服饰	--  	-0.000	
603919	金徽酒	0.99	23511196	18.39	18.21	0	12876	0.22	18.19	18.41	18.06	--  	1.01	1.92	0.18	白酒	--  	-0.000	
000065	北方国际	0.55	101120600	18.32	18.22	0	55430	0.11	18.22	18.33	18.08	--  	0.49	1.37	0.10	建筑施工	--  	-0.000	
603918	金桥信息	0.33	10031849	18.11	18.05	0	5554	0.17	18.14	18.14	17.97	--  	0.28	0.94	0.06	软件服务	--  	0.000	
000408	藏格控股	1.86	222233392	18.10	17.77	0	123189	0.06	17.71	18.19	17.61	--  	1.69	3.26	0.33	农药化肥	--  	0.000	
002094	青岛金王	2.09	131807880	18.06	17.69	0	73555	0.17	17.73	18.16	17.65	--  	0.28	2.88	0.37	日用化工	--  	-0.000	
002301	齐心集团	1.15	24411130	17.65	17.45	0	13828	0.00	17.94	17.94	17.39	--  	0.11	3.15	0.20	文教休闲	--  	-0.000	
000935	四川双马	0.58	305458944	17.49	17.39	0	175958	-0.10	17.28	17.66	17.12	--  	0.00	3.11	0.10	水泥	--  	-0.000	
002435	长江润发	0.87	13572059	17.43	17.28	0	7804	0.17	17.37	17.45	17.26	--  	0.58	1.10	0.15	机械基件	--  	0.000	
000768	中航飞机	0.88	193477888	17.24	17.09	0	112468	0.00	17.05	17.29	17.05	--  	0.29	1.40	0.15	航空	--  	-0.000	
603861	白云电器	1.60	20128816	17.13	16.86	0	11862	0.53	17.05	17.15	16.82	--  	0.59	1.96	0.27	电气设备	--  	-0.000	
002387	黑牛食品	1.44	77365400	16.89	16.65	0	46028	-0.11	16.64	16.95	16.60	--  	0.04	2.10	0.24	软饮料	--  	-0.000	
600742	一汽富维	1.44	108567192	16.88	16.64	0	64662	-0.11	16.67	16.93	16.66	--  	3.00	1.62	0.24	汽车配件	--  	-0.000	
300323	华灿光电	0.12	131449664	16.83	16.81	0	78126	0.00	16.74	17.16	16.54	--  	0.30	3.69	0.02	半导体	--  	-0.000	
002138	顺络电子	0.91	128872224	16.72	16.57	0	77366	0.00	16.54	16.76	16.48	--  	1.21	1.69	0.15	元器件	--  	-0.000	
002036	联创电子	0.85	122721728	16.60	16.46	0	74109	0.06	16.33	16.74	16.33	--  	0.22	2.49	0.14	元器件	--  	0.000	
600171	上海贝岭	0.12	724689600	16.41	16.39	0	442315	0.12	16.23	16.65	16.11	--  	0.12	3.29	0.02	半导体	--  	-0.000	
300061	康旗股份	0.93	9724377	16.30	16.15	0	5989	0.00	16.20	16.38	16.10	--  	0.12	1.73	0.15	医疗保健	--  	-0.000	
601069	西部黄金	1.58	285404480	16.08	15.83	0	175777	0.31	16.02	16.55	16.01	--  	0.40	3.41	0.25	黄金	--  	-0.000	
300317	珈伟股份	2.62	125949520	16.05	15.64	0	78902	-0.05	15.69	16.15	15.60	--  	0.36	3.52	0.41	半导体	--  	-0.000	
300386	飞天诚信	0.69	81512808	16.04	15.93	0	51072	0.12	16.00	16.10	15.80	--  	0.63	1.88	0.11	软件服务	--  	0.000	
600900	长江电力	2.24	670341888	15.99	15.64	0	420820	0.06	15.72	16.12	15.70	--  	4.56	2.69	0.35	水力发电	--  	-0.000	
002544	杰赛科技	0.82	73965720	15.98	15.85	0	46384	0.06	15.76	16.08	15.69	--  	0.17	2.46	0.13	软件服务	--  	-0.000	
300221	银禧科技	3.80	83796504	15.83	15.25	0	53412	0.06	15.50	15.88	15.20	--  	0.65	4.46	0.58	塑料	--  	-0.000	
603035	常熟汽饰	0.83	30929434	15.79	15.66	0	19718	0.13	15.55	15.80	15.55	--  	1.60	1.60	0.13	汽车配件	--  	-0.000	
600803	新奥股份	2.87	341769344	15.77	15.33	0	217712	0.19	15.32	15.88	15.26	--  	0.65	4.04	0.44	农药化肥	--  	0.000	
300100	双林股份	1.56	78590904	15.64	15.40	0	50784	0.19	15.30	15.67	15.21	--  	0.13	2.99	0.24	汽车服务	--  	0.000	
300044	赛为智能	1.18	98354560	15.43	15.25	0	64168	0.13	15.32	15.46	15.12	--  	0.16	2.23	0.18	软件服务	--  	0.000	
300406	九强生物	1.38	31874828	15.41	15.20	0	20895	0.20	15.20	15.41	15.06	--  	1.97	2.30	0.21	生物制药	--  	-0.000	
000815	美利云	1.52	29824216	15.35	15.12	0	19510	0.33	15.12	15.45	15.12	--  	0.17	2.18	0.23	造纸	--  	0.000	
600855	航天长峰	1.53	41296356	15.22	14.99	0	27287	0.13	14.92	15.25	14.92	--  	0.35	2.20	0.23	专用机械	--  	0.000	
600329	中新药业	0.20	43207484	15.03	15.00	0	28780	0.00	15.00	15.08	14.95	--  	1.00	0.87	0.03	中成药	--  	-0.000	
000733	振华科技	0.87	106124800	15.03	14.90	0	71029	0.20	14.87	15.15	14.79	--  	0.27	2.42	0.13	元器件	--  	-0.000	
603222	济民制药	0.07	21812924	14.83	14.82	0	14727	0.20	14.73	14.86	14.73	--  	0.27	0.88	0.01	化学制药	--  	-0.000	
002278	神开股份	1.51	45343220	14.80	14.58	0	30870	1.16	14.80	14.80	14.58	--  	0.60	1.51	0.22	化工机械	--  	0.000	
601198	东兴证券	1.24	111990400	14.70	14.52	0	76403	0.00	14.52	14.77	14.46	--  	1.03	2.13	0.18	证券	--  	-0.000	
300324	旋极信息	1.17	81196096	14.68	14.51	0	55589	0.27	14.51	14.73	14.47	--  	0.47	1.79	0.17	软件服务	--  	0.000	
002299	圣农发展	0.69	94096792	14.57	14.47	0	64625	0.07	14.45	14.72	14.38	--  	3.10	2.35	0.10	农业综合	--  	-0.000	
600316	洪都航空	1.40	63570608	14.49	14.29	0	44089	0.21	14.27	14.52	14.22	--  	0.05	2.10	0.20	航空	--  	-0.000	
601566	九牧王	0.91	41040368	14.37	14.24	0	28623	0.00	14.25	14.39	14.25	--  	7.02	0.98	0.13	服饰	--  	-0.000	
300493	润欣科技	0.71	46129620	14.25	14.15	0	32553	0.28	14.14	14.38	13.95	--  	0.42	3.04	0.10	通信设备	--  	0.000	
600833	第一医药	0.43	11546257	14.06	14.00	0	8236	0.07	14.09	14.09	13.96	--  	0.50	0.93	0.06	医药商业	--  	0.000	
600372	中航电子	1.67	65216996	14.03	13.80	0	46770	0.21	13.80	14.04	13.76	--  	0.36	2.03	0.23	航空	--  	-0.000	
002022	科华生物	1.68	91870160	13.96	13.73	0	66244	-0.06	13.73	14.06	13.67	--  	0.98	2.84	0.23	医疗保健	--  	0.000	
601788	光大证券	1.10	185447712	13.77	13.62	0	134638	0.00	13.60	13.87	13.59	--  	1.47	2.06	0.15	证券	--  	0.000	
300101	振芯科技	3.01	136403904	13.70	13.30	0	101403	0.22	13.37	13.70	13.22	--  	0.38	3.61	0.40	通信设备	--  	-0.000	
603601	再升科技	0.60	17502616	13.43	13.35	0	13091	0.07	13.34	13.49	13.26	--  	1.70	1.72	0.08	玻璃	--  	0.000	
600061	国投资本	1.05	103693472	13.43	13.29	0	77424	0.00	13.28	13.48	13.23	--  	0.46	1.88	0.14	证券	--  	0.000	
300166	东方国信	3.73	226209984	13.08	12.61	0	175970	0.08	12.58	13.12	12.47	--  	0.25	5.15	0.47	软件服务	--  	-0.000	
002730	电光科技	0.38	44171976	13.06	13.01	0	33608	-0.22	12.96	13.29	12.93	--  	0.19	2.77	0.05	电气设备	--  	0.000	
300153	科泰电源	1.32	55225736	13.01	12.84	0	42574	0.23	12.95	13.08	12.82	--  	0.78	2.02	0.17	电气设备	--  	0.000	
603389	亚振家居	0.39	29756274	12.87	12.82	0	23149	0.16	12.77	12.98	12.68	--  	0.86	2.34	0.05	家居用品	--  	-0.000	
603108	润达医疗	0.63	44747196	12.84	12.76	0	35418	-0.38	12.60	12.90	12.51	--  	0.33	3.06	0.08	医药商业	--  	0.000	
000819	岳阳兴长	0.63	23184200	12.83	12.75	0	18146	0.08	12.55	12.86	12.55	--  	0.37	2.43	0.08	石油加工	--  	-0.000	
300354	东华测试	0.87	12436595	12.82	12.71	0	9751	0.00	12.72	12.86	12.66	--  	0.04	1.57	0.11	电器仪表	--  	-0.000	
002246	北化股份	1.59	99652720	12.75	12.55	0	78723	0.24	12.53	12.75	12.47	--  	0.16	2.23	0.20	化工原料	--  	0.000	
600621	华鑫股份	1.03	157871232	12.74	12.61	0	123926	0.16	12.68	12.96	12.48	--  	0.29	3.81	0.13	证券	--  	-0.000	
300120	经纬电材	1.04	14084538	12.59	12.46	0	11258	-0.07	12.53	12.65	12.33	--  	0.28	2.57	0.13	电气设备	--  	0.000	
600435	北方导航	0.80	164937648	12.54	12.44	0	131977	0.08	12.45	12.60	12.37	--  	0.20	1.85	0.10	专用机械	--  	-0.000	
600501	航天晨光	1.06	21251366	12.40	12.27	0	17213	0.24	12.29	12.43	12.19	--  	0.09	1.96	0.13	汽车配件	--  	-0.000	
002321	华英农业	0.25	194621936	12.25	12.22	0	158668	0.41	12.23	12.44	12.16	--  	0.23	2.29	0.03	农业综合	--  	0.000	
600898	国美通讯	0.76	36969736	12.01	11.92	0	30756	0.17	11.92	12.15	11.87	--  	0.42	2.35	0.09	通信设备	--  	0.000	
000610	西安旅游	0.25	16479968	11.84	11.81	0	13949	-0.07	11.82	11.93	11.75	--  	0.17	1.52	0.03	旅游服务	--  	0.000	
300231	银信科技	1.12	242373104	11.76	11.63	0	207403	0.00	11.60	11.85	11.41	--  	1.29	3.78	0.13	软件服务	--  	0.000	
002234	民和股份	0.52	39978684	11.52	11.46	0	34715	0.09	11.48	11.60	11.41	--  	4.36	1.66	0.06	农业综合	--  	0.000	
603608	天创时尚	1.86	38500268	11.48	11.27	0	33884	0.09	11.28	11.50	11.21	--  	2.01	2.57	0.21	服饰	--  	-0.000	
600330	天通股份	0.99	306250336	11.19	11.08	0	274552	0.09	11.03	11.26	10.99	--  	0.13	2.44	0.11	元器件	--  	-0.000	
000797	中国武夷	0.09	62456232	11.16	11.15	0	56013	0.00	11.10	11.24	11.06	--  	0.44	1.61	0.01	全国地产	--  	-0.000	
600643	爱建集团	1.09	222373328	11.13	11.01	0	201363	-0.08	11.00	11.23	10.90	--  	0.91	3.00	0.12	多元金融	--  	0.000	
002631	德尔未来	1.65	42054952	11.07	10.89	0	38168	0.09	10.98	11.08	10.89	--  	0.28	1.74	0.18	家居用品	--  	-0.000	
600306	商业城	0.91	56062856	11.06	10.96	0	50491	-0.08	10.92	11.30	10.90	--  	0.18	3.65	0.10	百货	--  	0.000	
002013	中航机电	2.31	124226968	11.05	10.80	0	113355	0.09	10.74	11.05	10.74	--  	0.22	2.87	0.25	航空	--  	0.000	
002630	华西能源	0.28	24021376	10.93	10.90	0	22032	0.09	10.91	10.95	10.85	--  	0.28	0.92	0.03	专用机械	--  	0.000	
002116	中国海诚	0.83	15360424	10.93	10.84	0	14086	0.18	10.82	10.96	10.81	--  	1.85	1.38	0.09	建筑施工	--  	0.000	
300464	星徽精密	1.87	21646044	10.90	10.70	0	19967	0.55	10.71	11.09	10.64	--  	0.52	4.21	0.20	机械基件	--  	-0.000	
600571	信雅达	1.30	62979368	10.89	10.75	0	58245	0.28	10.66	10.92	10.66	--  	0.84	2.42	0.14	软件服务	--  	0.000	
600598	北大荒	0.93	241387984	10.87	10.77	0	223296	0.09	10.76	10.88	10.73	--  	3.16	1.39	0.10	种植业	--  	-0.000	
002250	联化科技	0.85	36490392	10.74	10.65	0	34060	0.00	10.68	10.80	10.58	--  	0.94	2.07	0.09	化工原料	--  	-0.000	
002685	华东重机	0.94	49172868	10.72	10.62	0	46249	-0.18	10.68	10.78	10.50	--  	0.16	2.64	0.10	工程机械	--  	0.000	
600620	天宸股份	0.75	14058550	10.71	10.63	0	13080	0.00	10.63	10.82	10.63	--  	0.28	1.79	0.08	综合类	--  	0.000	
002331	皖通科技	2.89	65043108	10.68	10.38	0	61544	0.09	10.35	10.79	10.32	--  	0.48	4.53	0.30	软件服务	--  	0.000	
300128	锦富技术	0.86	183709744	10.58	10.49	0	172991	0.19	10.58	10.74	10.46	--  	0.05	2.67	0.09	元器件	--  	-0.000	
300077	国民技术	3.75	606119744	10.50	10.12	0	583487	-0.37	10.19	10.66	10.12	--  	0.20	5.34	0.38	半导体	--  	0.000	
002279	久其软件	1.06	88831096	10.49	10.38	0	85022	0.00	10.38	10.57	10.31	--  	0.22	2.50	0.11	软件服务	--  	-0.000	
600962	国投中鲁	1.06	12564938	10.47	10.36	0	12075	0.19	10.36	10.47	10.30	--  	0.48	1.64	0.11	软饮料	--  	0.000	
002245	澳洋顺昌	1.76	302387520	10.43	10.25	0	290555	0.00	10.28	10.55	10.25	--  	0.24	2.93	0.18	仓储物流	--  	0.000	
600594	益佰制药	1.46	128330720	10.41	10.26	0	123967	0.10	10.26	10.44	10.24	--  	0.58	1.95	0.15	中成药	--  	-0.000	
002446	盛路通信	1.86	67124992	10.40	10.21	0	64891	0.19	10.23	10.50	10.18	--  	0.29	3.13	0.19	通信设备	--  	-0.000	
600458	时代新材	0.58	38836896	10.38	10.32	0	37525	0.00	10.35	10.41	10.25	--  	0.97	1.55	0.06	塑料	--  	0.000	
002217	合力泰	3.21	239434128	10.28	9.96	0	234571	0.10	9.93	10.34	9.92	--  	0.42	4.22	0.32	元器件	--  	-0.000	
002377	国创高新	0.29	67062732	10.27	10.24	0	65552	-0.18	10.22	10.32	10.15	--  	0.21	1.66	0.03	石油加工	--  	0.000	
002264	新 华 都	2.70	322025888	10.26	9.99	0	315831	0.20	10.13	10.32	10.03	--  	0.48	2.90	0.27	超市连锁	--  	0.000	
002413	雷科防务	1.00	22835580	10.10	10.00	0	22730	0.00	9.96	10.14	9.95	--  	0.30	1.90	0.10	通信设备	--  	0.000	
600838	上海九百	1.41	52354316	10.06	9.92	0	52207	0.10	9.92	10.10	9.91	--  	1.38	1.92	0.14	百货	--  	0.000	
603117	万林股份	0.92	16272603	9.90	9.81	0	16510	0.00	9.85	9.92	9.79	--  	1.02	1.33	0.09	仓储物流	--  	-0.000	
600861	北京城乡	2.62	18728048	9.81	9.56	0	19269	0.10	9.56	9.82	9.50	--  	1.57	3.35	0.25	百货	--  	0.000	
600099	林海股份	0.62	13438946	9.78	9.72	0	13802	0.51	9.72	9.78	9.70	--  	0.41	0.82	0.06	摩托车	--  	-0.000	
300419	浩丰科技	1.04	38686304	9.73	9.63	0	40087	0.00	9.63	9.74	9.56	--  	0.52	1.87	0.10	软件服务	--  	-0.000	
002724	海洋王	1.46	16738065	9.70	9.56	0	17404	0.00	9.57	9.74	9.51	--  	0.38	2.41	0.14	半导体	--  	-0.000	
000759	中百集团	1.15	205213376	9.70	9.59	0	208485	0.21	9.74	10.07	9.66	--  	0.83	4.28	0.11	超市连锁	--  	-0.000	
002552	宝鼎科技	1.37	10359277	9.63	9.50	0	10857	0.21	9.57	9.63	9.43	--  	0.10	2.11	0.13	机械基件	--  	0.000	
600418	江淮汽车	0.84	188151344	9.60	9.52	0	197230	0.21	9.51	9.64	9.42	--  	2.00	2.31	0.08	汽车整车	--  	0.000	
300273	和佳股份	4.29	164575984	9.49	9.10	0	175230	0.00	9.08	9.53	9.05	--  	0.16	5.27	0.39	医疗保健	--  	-0.000	
000911	南宁糖业	0.86	38472812	9.43	9.35	0	41105	0.00	9.34	9.47	9.27	--  	0.95	2.14	0.08	食品	--  	0.000	
300465	高伟达	0.97	53388572	9.38	9.29	0	57304	0.00	9.28	9.43	9.19	--  	0.09	2.58	0.09	软件服务	--  	0.000	
600857	宁波中百	0.65	12408524	9.32	9.26	0	13336	-0.10	9.30	9.39	9.21	--  	0.65	1.94	0.06	百货	--  	-0.000	
002553	南方轴承	0.22	25455064	9.25	9.23	0	27587	0.33	9.21	9.29	9.18	--  	2.17	1.19	0.02	汽车配件	--  	0.000	
600714	金瑞矿业	0.66	18687626	9.20	9.14	0	20336	0.11	9.16	9.25	9.08	--  	0.00	1.86	0.06	煤炭开采	--  	-0.000	
600573	惠泉啤酒	0.33	21016104	9.09	9.06	0	23328	0.00	9.06	9.09	8.95	--  	0.09	1.55	0.03	啤酒	--  	0.000	
002586	围海股份	0.22	18701084	9.02	9.00	0	20674	-0.32	9.00	9.12	8.97	--  	0.56	1.67	0.02	建筑施工	--  	0.000	
300368	汇金股份	2.66	71338016	8.89	8.66	0	80551	0.00	8.67	8.97	8.58	--  	0.23	4.50	0.23	专用机械	--  	0.000	
000788	北大医药	1.49	19043376	8.86	8.73	0	21563	0.00	8.73	8.94	8.73	--  	0.13	2.41	0.13	化学制药	--  	-0.000	
002351	漫步者	0.81	33757904	8.72	8.65	0	38825	0.23	8.64	8.75	8.59	--  	0.58	1.85	0.07	电脑设备	--  	0.000	
002474	榕基软件	1.41	38424984	8.63	8.51	0	44932	0.23	8.51	8.64	8.44	--  	0.12	2.35	0.12	软件服务	--  	0.000	
300206	理邦仪器	2.26	20295948	8.58	8.39	0	23881	0.23	8.43	8.63	8.35	--  	0.41	3.34	0.19	医疗保健	--  	-0.000	
002332	仙琚制药	2.67	75609712	8.46	8.24	0	91244	-0.11	8.24	8.48	8.11	--  	0.81	4.49	0.22	生物制药	--  	0.000	
002571	*ST德力	3.97	24227820	8.38	8.06	0	29293	-0.23	7.99	8.46	7.99	--  	0.32	5.83	0.32	玻璃	--  	0.000	
300242	明家联合	0.85	28731552	8.28	8.21	0	34850	0.00	8.22	8.34	8.15	--  	0.35	2.31	0.07	互联网	--  	-0.000	
002026	山东威达	1.97	55781528	8.28	8.12	0	67960	0.12	8.13	8.29	8.10	--  	0.74	2.34	0.16	机械基件	--  	-0.000	
000627	天茂集团	1.85	200920784	8.26	8.11	0	244481	0.00	8.12	8.31	8.08	--  	0.27	2.84	0.15	保险	--  	0.000	
000953	*ST河化	0.73	29596864	8.24	8.18	0	36023	-0.23	8.22	8.31	8.13	--  	0.49	2.20	0.06	农药化肥	--  	-0.000	
600698	湖南天雁	1.35	244016736	8.23	8.12	0	298380	0.61	8.06	8.27	8.06	--  	0.00	2.59	0.11	汽车配件	--  	-0.000	
600737	中粮糖业	1.74	93515432	8.17	8.03	0	115264	0.25	8.03	8.17	8.01	--  	1.62	1.99	0.14	食品	--  	0.000	
002216	三全食品	0.25	44776448	8.17	8.15	0	54981	0.12	8.15	8.18	8.11	--  	0.12	0.86	0.02	食品	--  	0.000	
002214	大立科技	1.24	132233056	8.14	8.04	0	163134	-0.11	8.04	8.23	7.98	--  	0.31	3.11	0.10	电器仪表	--  	0.000	
600360	华微电子	1.25	223311600	8.12	8.02	0	276404	0.12	8.01	8.19	7.93	--  	0.24	3.24	0.10	半导体	--  	-0.000	
600057	象屿股份	1.12	63901040	8.12	8.03	0	79134	0.00	8.02	8.14	7.98	--  	1.00	1.99	0.09	仓储物流	--  	-0.000	
000531	穗恒运Ａ	0.75	15923152	8.07	8.01	0	19780	0.00	8.01	8.08	7.99	--  	3.12	1.12	0.06	火力发电	--  	-0.000	
000523	广州浪奇	0.88	16735183	8.03	7.96	0	20929	0.00	7.93	8.06	7.93	--  	0.25	1.63	0.07	日用化工	--  	-0.000	
01632	膳源控股	0.25	4900400	7.970	7.950	2000	630000	0.13	8.040	8.040	7.600	--  	0.00	5.53	0.020	酒店及消闲	--  	7.970	
300106	西部牧业	0.89	18484330	7.95	7.88	0	23364	0.25	7.89	7.99	7.83	--  	0.13	2.03	0.07	农业综合	--  	-0.000	
002261	拓维信息	1.40	129578512	7.94	7.83	0	164969	0.00	7.86	7.95	7.76	--  	0.26	2.43	0.11	互联网	--  	0.000	
002141	贤丰控股	1.66	32013808	7.94	7.81	0	40372	-0.24	7.77	8.02	7.77	--  	0.03	3.20	0.13	元器件	--  	0.000	
002514	宝馨科技	0.64	8394907	7.81	7.76	0	10743	0.64	7.78	7.88	7.76	--  	0.00	1.55	0.05	机械基件	--  	-0.000	
600891	秋林集团	1.17	28163148	7.76	7.67	0	36044	0.39	7.72	7.92	7.72	--  	0.78	2.61	0.09	百货	--  	0.000	
600151	航天机电	1.57	70026352	7.74	7.62	0	91448	0.13	7.62	7.75	7.58	--  	0.59	2.23	0.12	半导体	--  	-0.000	
00853	微创医疗	0.26	9027150	7.680	7.660	1000	1172000	0.00	7.710	7.770	7.620	--  	0.00	1.96	0.020	医药医疗	--  	7.680	
601999	出版传媒	1.47	23080352	7.58	7.47	0	30653	-0.12	7.44	7.60	7.43	--  	0.63	2.28	0.11	出版业	--  	-0.000	
002683	宏大爆破	0.81	28350204	7.48	7.42	0	38097	0.13	7.38	7.48	7.38	--  	0.67	1.35	0.06	化工原料	--  	0.000	
600776	东方通信	2.19	113877968	7.45	7.29	0	153344	0.00	7.28	7.56	7.26	--  	0.82	4.12	0.16	通信设备	--  	-0.000	
600652	游久游戏	1.22	53899656	7.44	7.35	0	72952	0.40	7.32	7.44	7.30	--  	0.58	1.90	0.09	互联网	--  	0.000	
600552	凯盛科技	0.68	39481064	7.44	7.39	0	53406	0.27	7.36	7.44	7.32	--  	0.68	1.62	0.05	玻璃	--  	0.000	
600858	银座股份	0.41	8225806	7.39	7.36	0	11148	0.14	7.38	7.41	7.34	--  	0.27	0.95	0.03	百货	--  	-0.000	
002629	仁智股份	0.70	16576932	7.17	7.12	0	23231	0.28	7.12	7.18	7.07	--  	0.19	1.54	0.05	石油开采	--  	0.000	
002137	麦达数字	1.70	22283282	7.16	7.04	0	31362	0.00	7.02	7.17	7.00	--  	0.15	2.41	0.12	互联网	--  	-0.000	
600644	乐山电力	0.14	24612704	7.15	7.14	0	34537	0.14	7.10	7.16	7.07	--  	0.42	1.26	0.01	水力发电	--  	0.000	
600896	览海投资	0.56	11921740	7.13	7.09	0	16743	0.00	7.05	7.16	7.05	--  	0.08	1.55	0.04	水运	--  	0.000	
600131	岷江水电	1.42	13013934	7.13	7.03	0	18390	0.28	7.03	7.15	6.98	--  	0.71	2.42	0.10	水力发电	--  	0.000	
000810	创维数字	1.42	41890248	7.13	7.03	0	59223	0.14	7.04	7.21	6.95	--  	1.51	3.70	0.10	家用电器	--  	0.000	
600243	青海华鼎	1.31	9742749	6.97	6.88	0	14080	-0.13	6.92	6.98	6.85	--  	0.29	1.89	0.09	机床制造	--  	-0.000	
000713	丰乐种业	0.73	15071060	6.94	6.89	0	21789	0.14	6.91	6.95	6.87	--  	0.29	1.16	0.05	种植业	--  	0.000	
000833	贵糖股份	0.58	22630050	6.92	6.88	0	32821	0.00	6.86	6.93	6.85	--  	0.73	1.16	0.04	造纸	--  	0.000	
300390	天华超净	0.59	12644926	6.87	6.83	0	18428	-0.14	6.80	6.91	6.79	--  	1.17	1.76	0.04	电脑设备	--  	-0.000	
600207	安彩高科	0.15	31415952	6.82	6.81	0	46237	0.00	6.81	6.84	6.73	--  	2.25	1.62	0.01	元器件	--  	0.000	
600503	华丽家族	1.66	172523408	6.75	6.64	0	257690	0.00	6.67	6.76	6.61	--  	0.36	2.26	0.11	区域地产	--  	0.000	
600405	动力源	1.22	47490920	6.65	6.57	0	71882	0.45	6.57	6.66	6.53	--  	0.47	1.98	0.08	电气设备	--  	0.000	
300018	中元股份	1.40	29405578	6.51	6.42	0	45451	0.00	6.42	6.51	6.39	--  	0.77	1.87	0.09	电气设备	--  	0.000	
600517	置信电气	0.46	61600800	6.50	6.47	0	95106	0.31	6.47	6.53	6.41	--  	2.32	1.85	0.03	电气设备	--  	0.000	
002693	双成药业	1.57	13442888	6.46	6.36	0	20942	0.31	6.35	6.49	6.35	--  	1.05	2.20	0.10	化学制药	--  	0.000	
600719	大连热电	0.48	12552405	6.34	6.31	0	19824	0.16	6.28	6.37	6.28	--  	0.17	1.43	0.03	供气供热	--  	0.000	
600011	华能国际	0.80	46533668	6.32	6.27	0	73901	0.16	6.27	6.32	6.23	--  	4.63	1.44	0.05	火力发电	--  	0.000	
000017	深中华A	0.80	10056072	6.31	6.26	0	16000	0.00	6.29	6.33	6.24	--  	0.00	1.44	0.05	文教休闲	--  	-0.000	
300025	华星创业	1.96	67801136	6.25	6.13	0	109515	0.00	6.14	6.34	6.08	--  	0.46	4.24	0.12	通信设备	--  	0.000	
000155	川化股份	1.96	303893792	6.25	6.13	0	491204	0.48	6.16	6.27	6.12	--  	0.00	2.45	0.12	农药化肥	--  	0.000	
600202	哈空调	1.13	19539232	6.24	6.17	0	31509	0.32	6.19	6.25	6.12	--  	0.29	2.11	0.07	电气设备	--  	-0.000	
300099	精准信息	2.30	35956268	6.22	6.08	0	58414	0.00	6.10	6.27	6.04	--  	1.62	3.78	0.14	电器仪表	--  	-0.000	
300043	星辉娱乐	1.64	51812128	6.18	6.08	0	84385	0.16	6.06	6.21	6.05	--  	0.99	2.63	0.10	文教休闲	--  	-0.000	
600302	标准股份	0.83	14920531	6.09	6.04	0	24640	0.16	6.04	6.10	6.00	--  	0.83	1.66	0.05	纺织机械	--  	0.000	
002277	友阿股份	0.34	64964400	5.94	5.92	0	109760	0.00	5.89	5.95	5.89	--  	0.84	1.01	0.02	百货	--  	0.000	
002272	川润股份	1.55	12830375	5.90	5.81	0	21877	0.00	5.82	5.91	5.78	--  	0.26	2.24	0.09	机械基件	--  	0.000	
603227	雪峰科技	1.55	20685488	5.88	5.79	0	35389	0.00	5.78	5.90	5.72	--  	1.55	3.11	0.09	化工原料	--  	0.000	
002288	超华科技	1.23	29000860	5.78	5.71	0	50445	0.17	5.71	5.78	5.68	--  	0.05	1.75	0.07	元器件	--  	0.000	
002361	神剑股份	1.41	24111984	5.76	5.68	0	42150	0.17	5.71	5.76	5.66	--  	0.88	1.76	0.08	化工原料	--  	0.000	
300058	蓝色光标	2.32	79963000	5.74	5.61	0	140658	0.53	5.60	5.75	5.57	--  	1.13	3.21	0.13	广告包装	--  	-0.000	
002689	远大智能	0.71	17539396	5.70	5.66	0	30864	0.00	5.68	5.71	5.62	--  	2.99	1.59	0.04	运输设备	--  	-0.000	
600705	中航资本	1.08	229057248	5.59	5.53	0	412004	0.18	5.52	5.61	5.51	--  	0.27	1.81	0.06	多元金融	--  	0.000	
600361	华联综超	1.64	54094104	5.59	5.50	0	97145	0.36	5.54	5.62	5.50	--  	5.45	2.18	0.09	超市连锁	--  	0.000	
601226	华电重工	1.10	16617408	5.53	5.47	0	30205	0.18	5.47	5.54	5.43	--  	1.83	2.01	0.06	专用机械	--  	0.000	
000010	美丽生态	0.91	62180488	5.53	5.48	0	112963	0.00	5.47	5.56	5.41	--  	0.00	2.74	0.05	建筑施工	--  	0.000	
002702	海欣食品	1.13	22821010	5.36	5.30	0	42799	0.37	5.29	5.36	5.28	--  	0.00	1.51	0.06	食品	--  	0.000	
600208	新湖中宝	1.91	327666624	5.33	5.23	0	614010	0.00	5.26	5.41	5.22	--  	0.96	3.63	0.10	全国地产	--  	-0.000	
600336	澳柯玛	0.99	17541276	5.10	5.05	0	34606	0.20	5.06	5.11	5.03	--  	0.00	1.58	0.05	家用电器	--  	-0.000	
02005	石四药集团	2.22	23749328	5.070	4.960	2000	4734558	0.60	4.940	5.080	4.900	--  	0.59	3.63	0.110	医药医疗	--  	5.070	
002325	洪涛股份	2.29	67928744	4.91	4.80	0	139295	0.00	4.80	4.92	4.79	--  	0.42	2.71	0.11	装修装饰	--  	-0.000	
600527	江南高纤	0.42	70272992	4.83	4.81	0	146503	0.00	4.78	4.87	4.73	--  	0.69	2.91	0.02	化纤	--  	-0.000	
002770	科迪乳业	1.50	18906912	4.74	4.67	0	40193	0.00	4.67	4.75	4.64	--  	0.27	2.36	0.07	乳制品	--  	-0.000	
002638	勤上股份	1.08	76192744	4.68	4.63	0	163891	0.21	4.62	4.71	4.59	--  	0.00	2.59	0.05	半导体	--  	-0.000	
600512	腾达建设	1.32	84806472	4.60	4.54	0	186239	-0.21	4.50	4.62	4.49	--  	0.66	2.86	0.06	建筑施工	--  	-0.000	
00008	电讯盈科	0.22	17938242	4.560	4.550	1000	3931057	0.22	4.580	4.580	4.550	--  	1.89	0.66	0.010	电讯	--  	4.560	
300026	红日药业	0.46	61777512	4.35	4.33	0	142624	0.23	4.34	4.36	4.31	--  	0.58	1.15	0.02	中成药	--  	-0.000	
002228	合兴包装	0.70	16265453	4.34	4.31	0	37524	0.00	4.31	4.37	4.28	--  	1.03	2.09	0.03	广告包装	--  	0.000	
002506	协鑫集成	0.94	194006576	4.29	4.25	0	453281	-0.22	4.28	4.33	4.25	--  	0.00	1.88	0.04	电气设备	--  	-0.000	
601010	文峰股份	0.74	17109552	4.11	4.08	0	41869	0.49	4.08	4.11	4.06	--  	1.03	1.23	0.03	超市连锁	--  	0.000	
300370	安控科技	0.78	27563484	3.88	3.85	0	71297	0.26	3.85	3.89	3.83	--  	0.49	1.56	0.03	电器仪表	--  	0.000	
600744	华银电力	1.06	15578476	3.83	3.79	0	40599	-0.25	3.80	3.87	3.79	--  	1.27	2.11	0.04	火力发电	--  	-0.000	
300135	宝利国际	1.07	24479248	3.79	3.75	0	64732	-0.25	3.73	3.81	3.73	--  	0.53	2.13	0.04	化工原料	--  	-0.000	
002429	兆驰股份	0.55	113130856	3.63	3.61	0	312439	0.00	3.62	3.65	3.59	--  	0.28	1.66	0.02	家用电器	--  	0.000	
02268	优源控股	0.29	26925992	3.410	3.400	1000	7903890	0.00	3.410	3.430	3.380	10230	0.00	1.47	0.010	原材料	3000	3.410	
600317	营口港	0.59	25785888	3.41	3.39	0	75903	0.00	3.39	3.42	3.37	--  	0.68	1.47	0.02	港口	--  	0.000	
601016	节能风电	2.74	98032800	3.38	3.29	0	293429	0.00	3.29	3.39	3.28	--  	0.62	3.34	0.09	新型电力	--  	0.000	
600313	农发种业	1.25	30623850	3.24	3.20	0	95146	0.31	3.20	3.25	3.18	--  	0.94	2.19	0.04	种植业	--  	0.000	
000882	华联股份	0.65	27382670	3.08	3.06	0	89126	0.00	3.06	3.08	3.05	--  	1.01	0.98	0.02	百货	--  	-0.000	
01243	宏安地产	0.78	10220480	1.300	1.290	4000	7880000	0.78	1.300	1.310	1.290	15480	0.00	1.55	0.010	地产	12000	1.300	
08279	亚博科技控股	0.83	5129240	1.220	1.210	4000	4260000	0.83	1.220	1.220	1.180	38520	0.00	3.31	0.010	酒店及消闲	32000	1.220	
08392	舍图控股	3.08	12348363	0.335	0.325	10000	37177400	0.00	0.320	0.355	0.315	--  	0.00	12.31	0.010	家电及用品	--  	0.335	
数据来源:通达信
