代码	名称	涨幅%%	总金额	现价	昨收	每手	总量	涨速%%	今开	最高	最低	抛空额	股息率%%	振幅%%	涨跌	细分行业	抛空量	按盘价	
000425	徐工机械	0.89	2274643968	4.54	4.50	0	5001285	0.00	4.50	4.64	4.46	--  	0.33	4.00	0.04	工程机械	--  	-0.000	
000807	云铝股份	5.58	2217467392	9.46	8.96	0	2336261	-0.10	8.94	9.84	8.92	--  	0.20	10.27	0.50	铝	--  	0.000	
002460	赣锋锂业	4.04	2199199488	71.64	68.86	0	309470	0.29	68.80	72.68	68.80	--  	0.15	5.63	2.78	小金属	--  	-0.000	
000792	盐湖股份	10.04	2021662848	14.14	12.85	0	1444725	0.00	13.33	14.14	13.22	--  	0.10	7.16	1.29	化工原料	--  	0.000	
002594	比亚迪	5.92	1769635712	67.11	63.36	0	267164	-0.44	63.75	69.51	63.37	--  	0.28	9.69	3.75	汽车整车	--  	0.000	
600111	北方稀土	1.31	1767844480	13.89	13.71	0	1263452	0.00	13.69	14.21	13.62	--  	0.07	4.30	0.18	小金属	--  	0.000	
601899	紫金矿业	1.91	1467075456	4.26	4.18	0	3410535	0.00	4.22	4.38	4.22	--  	1.44	3.83	0.08	黄金	--  	0.000	
000933	神火股份	9.78	1378502272	9.09	8.28	0	1548561	0.00	8.32	9.11	8.32	--  	0.30	9.54	0.81	煤炭开采	--  	0.000	
601699	潞安环能	0.54	1232688896	11.08	11.02	0	1094183	-0.44	10.88	11.62	10.83	--  	0.82	7.17	0.06	煤炭开采	--  	-0.000	
000002	万 科Ａ	0.95	1218292992	30.79	30.50	0	395489	-0.02	30.55	31.09	30.40	--  	2.59	2.26	0.29	全国地产	--  	0.000	
01299	友邦保险	0.86	1207619072	64.500	63.950	200	18864280	0.39	63.750	64.500	63.400	--  	0.40	1.72	0.550	保险	--  	64.500	
601011	宝泰隆	10.00	1179244544	9.13	8.30	0	1325665	0.00	8.22	9.13	8.22	--  	0.00	10.96	0.83	焦炭加工	--  	0.000	
603799	华友钴业	0.58	1178853120	81.81	81.34	0	143230	0.01	81.33	83.17	81.00	--  	0.11	2.67	0.47	小金属	--  	-0.000	
01918	融创中国	4.79	1134890496	31.700	30.250	1000	36264816	0.48	29.800	32.000	29.800	--  	0.00	7.27	1.450	地产	--  	31.700	
600392	盛和资源	1.50	1121654144	16.94	16.69	0	653840	-0.17	16.53	17.56	16.49	--  	0.12	6.41	0.25	小金属	--  	0.000	
00981	中芯国际	2.66	1080959616	12.340	12.020	500	88735432	0.00	12.280	12.500	11.780	--  	0.00	5.99	0.320	半导体	--  	12.340	
01211	比亚迪股份	5.81	1079319808	68.300	64.550	500	15874507	0.15	65.000	70.800	64.550	--  	0.00	9.68	3.750	汽车	--  	68.300	
300017	网宿科技	5.80	990523456	10.04	9.49	0	991529	0.10	9.55	10.34	9.55	--  	0.88	8.32	0.55	电信运营	--  	-0.000	
000839	中信国安	3.60	977786560	9.22	8.90	0	1060827	0.11	8.91	9.35	8.90	--  	0.56	5.06	0.32	综合类	--  	0.000	
603993	洛阳钼业	2.18	974931520	6.56	6.42	0	1483617	0.15	6.41	6.67	6.38	--  	0.43	4.52	0.14	小金属	--  	-0.000	
02007	碧桂园	5.67	958810304	14.160	13.400	1000	67860480	0.43	13.460	14.460	13.440	--  	1.22	7.61	0.760	地产	--  	14.160	
600549	厦门钨业	1.64	953513408	24.72	24.32	0	382448	0.16	24.20	25.38	24.12	--  	0.82	5.18	0.40	小金属	--  	-0.000	
00857	中国石油股份	0.55	918798400	5.520	5.490	2000	165327728	-0.54	5.520	5.600	5.520	--  	0.00	1.46	0.030	石油天然气	--  	5.520	
600028	中国石化	0.66	911260288	6.10	6.06	0	1485758	0.00	6.09	6.18	6.08	--  	1.65	1.65	0.04	石油加工	--  	-0.000	
600333	长春燃气	1.58	895061568	9.00	8.86	0	976454	-1.09	8.87	9.59	8.61	--  	0.49	11.06	0.14	供气供热	--  	0.000	
002302	西部建设	3.66	885580160	17.83	17.20	0	497436	-0.71	16.99	18.67	16.85	--  	0.31	10.58	0.63	水泥	--  	-0.000	
000503	海虹控股	0.82	843763200	45.23	44.86	0	185378	0.11	44.62	46.29	44.62	--  	0.00	3.72	0.37	医疗保健	--  	-0.000	
03988	中国银行	0.26	822467200	3.810	3.800	1000	215392336	-0.26	3.820	3.830	3.800	--  	0.00	0.79	0.010	银行	--  	3.810	
000717	韶钢松山	1.81	804723904	8.45	8.30	0	940708	-0.11	8.30	8.84	8.26	--  	0.42	6.99	0.15	普钢	--  	-0.000	
300618	寒锐钴业	1.44	799179648	245.48	242.00	0	32212	-0.04	240.99	253.00	240.99	--  	0.00	4.96	3.48	小金属	--  	-0.000	
600499	科达洁能	2.01	782294528	11.15	10.93	0	683387	-0.08	11.47	11.85	11.12	--  	0.65	6.68	0.22	专用机械	--  	-0.000	
00883	中国海洋石油	1.81	778685888	11.280	11.080	1000	68942136	0.18	11.160	11.380	11.140	--  	1.77	2.17	0.200	石油天然气	--  	11.280	
601088	中国神华	0.87	770819200	23.10	22.90	0	330774	0.13	22.90	23.77	22.79	--  	10.96	4.28	0.20	煤炭开采	--  	0.000	
600667	太极实业	0.22	748165568	9.11	9.09	0	826263	0.89	9.01	9.25	8.88	--  	0.44	4.07	0.02	半导体	--  	-0.000	
600520	文一科技	5.41	729641664	28.43	26.97	0	257837	1.17	27.70	29.40	27.03	--  	0.13	8.79	1.46	机械基件	--  	0.000	
00688	中国海外发展	1.02	685060352	24.650	24.400	2000	27558520	-0.20	24.300	25.200	24.300	--  	1.42	3.69	0.250	地产	--  	24.650	
600188	兖州煤业	3.31	673249216	14.96	14.48	0	452749	-0.19	14.49	15.15	14.40	--  	0.83	5.18	0.48	煤炭开采	--  	0.000	
300014	亿纬锂能	5.60	664559232	19.41	18.38	0	346823	0.57	18.40	19.45	18.40	--  	0.33	5.71	1.03	元器件	--  	-0.000	
600606	绿地控股	0.28	654416640	7.29	7.27	0	897296	0.00	7.25	7.36	7.22	--  	3.44	1.93	0.02	全国地产	--  	-0.000	
002497	雅化集团	3.33	636052288	13.36	12.93	0	477997	0.45	12.96	13.48	12.94	--  	0.39	4.18	0.43	化工原料	--  	-0.000	
000938	紫光股份	3.13	615302016	68.81	66.72	0	88445	0.10	66.67	73.36	66.42	--  	0.15	10.40	2.09	软件服务	--  	-0.000	
601006	大秦铁路	0.45	605976768	9.02	8.98	0	666971	0.33	8.95	9.17	8.95	--  	2.78	2.45	0.04	铁路	--  	0.000	
00941	中国移动	0.51	602682944	78.400	78.000	500	7691807	0.26	78.500	78.800	78.000	--  	6.15	1.03	0.400	电讯	--  	78.400	
002340	格林美	1.01	601439616	7.03	6.96	0	850430	0.14	6.98	7.13	6.97	--  	0.11	2.30	0.07	小金属	--  	0.000	
000878	云南铜业	1.05	587441152	13.44	13.30	0	435249	0.37	13.30	13.74	13.16	--  	1.33	4.36	0.14	铜	--  	-0.000	
603676	卫信康	10.03	585067968	17.44	15.85	0	338751	0.00	17.39	17.44	16.81	--  	0.00	3.97	1.59	化学制药	--  	0.000	
600138	中青旅	4.95	564694656	20.57	19.60	0	272051	0.05	19.72	21.20	19.72	--  	0.51	7.55	0.97	旅游服务	--  	-0.000	
000703	恒逸石化	4.68	533730176	21.46	20.50	0	250663	-0.13	20.51	21.69	20.38	--  	0.48	6.39	0.96	化纤	--  	-0.000	
01088	中国神华	2.26	533420672	20.350	19.900	500	26381836	0.25	19.900	20.400	19.800	--  	0.00	3.02	0.450	煤炭	--  	20.350	
600019	宝钢股份	0.24	531612160	8.37	8.35	0	630843	-0.11	8.34	8.52	8.30	--  	2.52	2.63	0.02	普钢	--  	-0.000	
000413	东旭光电	0.21	531225760	9.40	9.38	0	567230	0.00	9.34	9.46	9.27	--  	0.69	2.03	0.02	元器件	--  	-0.000	
601212	白银有色	6.45	528123104	6.93	6.51	0	768689	0.00	6.43	7.11	6.41	--  	0.17	10.75	0.42	铜	--  	-0.000	
601949	中国出版	1.42	522198464	7.85	7.74	0	653713	0.13	7.80	8.26	7.74	--  	0.00	6.72	0.11	出版业	--  	-0.000	
002241	歌尔股份	0.06	521391136	16.79	16.78	0	307337	-0.05	16.93	17.25	16.75	--  	0.42	2.98	0.01	元器件	--  	0.000	
000868	安凯客车	10.01	498061792	8.02	7.29	0	654933	0.00	7.23	8.02	7.21	--  	0.27	11.11	0.73	汽车整车	--  	0.000	
002218	拓日新能	2.69	496528576	5.34	5.20	0	923658	0.00	5.19	5.47	5.15	--  	0.48	6.15	0.14	半导体	--  	0.000	
000060	中金岭南	0.28	489680384	10.59	10.56	0	458772	0.19	10.56	10.80	10.50	--  	0.28	2.84	0.03	铅锌	--  	0.000	
600884	杉杉股份	1.92	481312480	19.65	19.28	0	245712	0.00	19.28	19.90	19.21	--  	0.41	3.58	0.37	电气设备	--  	-0.000	
600497	驰宏锌锗	2.14	473405184	6.67	6.53	0	709061	0.76	6.53	6.82	6.48	--  	0.65	5.21	0.14	铅锌	--  	0.000	
600340	华夏幸福	0.10	472800480	31.06	31.03	0	151659	-0.05	31.03	31.38	30.96	--  	2.13	1.35	0.03	区域地产	--  	-0.000	
601666	平煤股份	2.48	466128608	6.20	6.05	0	748133	-0.15	6.00	6.34	5.99	--  	0.43	5.79	0.15	煤炭开采	--  	-0.000	
01766	中国中车	2.91	463356032	8.130	7.900	1000	56552620	0.12	8.080	8.300	8.050	--  	0.00	3.16	0.230	工业工程	--  	8.130	
00386	中国石油化工股份	0.17	461888640	5.770	5.760	2000	79561544	-0.35	5.780	5.870	5.770	--  	0.00	1.74	0.010	石油天然气	--  	5.770	
002128	露天煤业	2.73	455410272	10.54	10.26	0	426693	-0.27	10.29	10.98	10.25	--  	2.92	7.12	0.28	煤炭开采	--  	-0.000	
600066	宇通客车	1.74	433231584	23.99	23.58	0	180100	0.38	23.50	24.69	23.45	--  	4.24	5.26	0.41	汽车整车	--  	-0.000	
000732	泰禾集团	10.02	428536384	20.31	18.46	0	217663	0.00	18.90	20.31	18.75	--  	0.54	8.45	1.85	区域地产	--  	-0.000	
000673	当代东方	3.38	418863840	13.14	12.71	0	323703	-0.07	12.47	13.20	12.20	--  	0.00	7.87	0.43	影视音像	--  	0.000	
002176	江特电机	2.00	417094496	11.20	10.98	0	372870	0.18	11.04	11.34	10.98	--  	0.13	3.28	0.22	电气设备	--  	-0.000	
000762	西藏矿业	4.49	406126208	15.59	14.92	0	258364	-0.05	15.19	16.25	15.15	--  	0.12	7.37	0.67	小金属	--  	0.000	
000970	中科三环	1.39	403646496	13.86	13.67	0	289909	0.14	13.67	14.08	13.62	--  	0.73	3.37	0.19	元器件	--  	-0.000	
601038	一拖股份	2.28	395383168	8.98	8.78	0	437039	-0.21	9.25	9.35	8.81	--  	0.65	6.15	0.20	农用机械	--  	-0.000	
002092	中泰化学	1.61	392240384	13.28	13.07	0	296012	0.00	13.08	13.42	12.98	--  	0.69	3.37	0.21	化工原料	--  	-0.000	
600326	西藏天路	1.34	389562016	9.84	9.71	0	392698	0.10	9.70	10.10	9.67	--  	0.63	4.43	0.13	建筑施工	--  	0.000	
603619	中曼石油	0.17	382483872	35.97	35.91	0	104050	0.25	35.98	38.00	35.57	--  	0.00	6.77	0.06	石油开采	--  	0.000	
03333	中国恒大	3.02	378050592	25.600	24.850	1000	14739994	-0.39	24.850	26.300	24.750	--  	0.00	6.24	0.750	地产	--  	25.600	
002606	大连电瓷	0.24	374473824	12.43	12.40	0	301137	-0.31	12.35	12.63	12.20	--  	0.40	3.47	0.03	电气设备	--  	0.000	
000887	中鼎股份	5.91	371024032	17.91	16.91	0	209004	0.17	16.93	18.20	16.93	--  	0.59	7.51	1.00	橡胶	--  	-0.000	
300203	聚光科技	1.69	365934176	36.00	35.40	0	101055	-0.02	35.26	36.89	35.25	--  	0.42	4.63	0.60	环境保护	--  	0.000	
300672	国科微	1.82	363690816	64.75	63.59	0	55794	-0.05	64.67	67.40	63.63	--  	0.00	5.93	1.16	半导体	--  	0.000	
600926	杭州银行	0.43	363556640	11.67	11.62	0	310201	0.17	11.57	11.88	11.47	--  	1.84	3.53	0.05	银行	--  	0.000	
603797	联泰环保	4.39	346367232	21.89	20.97	0	159159	0.69	21.56	22.22	21.30	--  	0.48	4.39	0.92	环境保护	--  	-0.000	
300073	当升科技	1.82	344166080	26.24	25.77	0	130627	0.11	25.68	26.77	25.68	--  	0.21	4.23	0.47	矿物制品	--  	-0.000	
300678	中科信息	0.64	343759072	59.58	59.20	0	57453	0.34	58.32	61.80	57.69	--  	0.00	6.94	0.38	软件服务	--  	0.000	
000800	一汽轿车	3.43	340383488	10.55	10.20	0	326191	0.19	10.20	10.65	10.15	--  	0.42	4.90	0.35	汽车整车	--  	0.000	
01044	恒安国际	3.70	338702112	88.250	85.100	500	3887253	0.28	85.000	88.300	84.700	--  	1.24	4.23	3.150	纺织服饰	--  	88.250	
02202	万科企业	2.17	337097312	30.600	29.950	100	10945747	-0.33	29.850	31.400	29.650	--  	0.00	5.84	0.650	地产	--  	30.600	
600418	江淮汽车	2.97	329565344	9.70	9.42	0	339022	0.10	9.42	10.08	9.34	--  	2.02	7.86	0.28	汽车整车	--  	-0.000	
600200	江苏吴中	0.97	329505856	11.40	11.29	0	279558	-0.25	12.00	12.17	11.33	--  	0.27	7.44	0.11	综合类	--  	-0.000	
600348	阳泉煤业	2.43	329307616	7.17	7.00	0	458403	-0.27	6.99	7.34	6.97	--  	1.67	5.29	0.17	煤炭开采	--  	0.000	
000980	众泰汽车	6.26	327622784	12.23	11.51	0	271235	0.41	11.51	12.60	11.41	--  	0.05	10.34	0.72	汽车配件	--  	-0.000	
600939	重庆建工	9.95	323195904	8.07	7.34	0	409941	0.00	7.66	8.07	7.53	--  	0.00	7.36	0.73	建筑施工	--  	-0.000	
02800	盈富基金	0.34	320159584	29.800	29.700	500	10739594	0.00	29.800	29.900	29.700	100010632	0.00	0.67	0.100		3355000	29.800	
000630	铜陵有色	0.71	317027520	2.84	2.82	0	1114329	0.00	2.81	2.87	2.80	--  	0.77	2.48	0.02	铜	--  	-0.000	
00001	长和	-0.05	311004576	96.550	96.600	500	3218541	-0.05	96.700	96.950	96.400	--  	0.81	0.57	-0.050	综合企业	--  	96.550	
600219	南山铝业	1.12	307979104	3.62	3.58	0	846485	0.00	3.59	3.68	3.58	--  	1.40	2.79	0.04	铝	--  	-0.000	
300418	昆仑万维	0.71	306269376	21.37	21.22	0	143378	0.00	21.12	21.72	20.94	--  	0.50	3.68	0.15	互联网	--  	0.000	
000831	五矿稀土	3.44	305972928	12.03	11.63	0	254267	0.17	11.57	12.32	11.53	--  	0.06	6.79	0.40	小金属	--  	-0.000	
601857	中国石油	0.25	304450016	8.09	8.07	0	374526	-0.11	8.09	8.18	8.08	--  	0.86	1.24	0.02	石油开采	--  	0.000	
00914	海螺水泥	0.56	300911232	36.050	35.850	500	8283958	0.14	35.900	36.800	35.900	--  	0.00	2.51	0.200	建筑	--  	36.050	
01109	华润置地	1.81	300790208	22.550	22.150	2000	13286735	0.22	22.400	22.900	22.150	--  	0.44	3.39	0.400	地产	--  	22.550	
600282	南钢股份	0.42	300263552	4.73	4.71	0	631410	0.21	4.67	4.84	4.64	--  	1.31	4.25	0.02	普钢	--  	0.000	
300373	扬杰科技	0.66	300150432	29.04	28.85	0	102367	-0.02	28.70	29.92	28.27	--  	0.42	5.72	0.19	半导体	--  	0.000	
002146	荣盛发展	0.23	295431648	8.86	8.84	0	330919	-0.33	8.84	9.00	8.76	--  	4.52	2.71	0.02	全国地产	--  	-0.000	
000408	藏格控股	2.39	294669376	18.00	17.58	0	162760	0.11	17.83	18.39	17.76	--  	1.71	3.58	0.42	农药化肥	--  	0.000	
300124	汇川技术	1.60	293024448	28.56	28.11	0	101891	-0.02	28.24	29.08	28.10	--  	0.98	3.49	0.45	电器仪表	--  	-0.000	
300349	金卡智能	0.83	292350912	39.02	38.70	0	74246	0.49	38.66	40.40	38.18	--  	0.26	5.74	0.32	电器仪表	--  	0.000	
601326	秦港股份	10.00	292038976	6.60	6.00	0	442492	0.00	6.60	6.60	6.53	--  	0.00	1.17	0.60	港口	--  	-0.000	
300639	凯普生物	2.52	291998112	72.54	70.76	0	40227	-0.37	71.25	74.28	70.95	--  	0.00	4.71	1.78	医疗保健	--  	0.000	
02600	中国铝业	2.00	291546784	5.600	5.490	2000	51742928	0.18	5.490	5.770	5.490	--  	0.00	5.10	0.110	一般金属	--  	5.600	
03836	和谐汽车	1.75	290883808	5.800	5.700	500	48402000	-0.51	5.720	6.250	5.670	--  	0.00	10.18	0.100	汽车	--  	5.800	
03993	洛阳钼业	3.37	289363840	4.910	4.750	3000	59278944	0.41	4.750	4.940	4.740	--  	0.00	4.21	0.160	一般金属	--  	4.910	
600808	马钢股份	0.74	286813216	4.09	4.06	0	698449	0.25	4.06	4.16	4.03	--  	1.23	3.20	0.03	普钢	--  	0.000	
600259	广晟有色	0.74	280341856	38.27	37.99	0	72657	-0.12	37.95	39.20	37.66	--  	0.04	4.05	0.28	小金属	--  	0.000	
01800	中国交通建设	1.14	280329856	8.850	8.750	1000	31617048	-0.11	8.730	8.960	8.680	--  	0.00	3.20	0.100	建筑	--  	8.850	
000877	天山股份	1.45	277240128	10.47	10.32	0	263206	-0.09	10.39	10.80	10.31	--  	0.29	4.75	0.15	水泥	--  	0.000	
000960	锡业股份	0.40	275193760	12.68	12.63	0	215652	-0.15	12.60	12.95	12.53	--  	0.11	3.33	0.05	小金属	--  	0.000	
600569	安阳钢铁	0.22	269477664	4.62	4.61	0	578341	0.00	4.58	4.77	4.57	--  	0.43	4.34	0.01	普钢	--  	-0.000	
03396	联想控股	9.15	269427424	34.600	31.700	100	8106436	0.58	31.800	34.600	30.200	--  	0.00	13.88	2.900	综合企业	--  	34.600	
600971	恒源煤电	0.69	267746752	10.21	10.14	0	259018	0.20	10.12	10.55	10.10	--  	0.99	4.44	0.07	煤炭开采	--  	0.000	
600409	三友化工	0.53	265604528	9.46	9.41	0	279639	0.00	9.43	9.61	9.33	--  	1.19	2.98	0.05	化工原料	--  	0.000	
000957	中通客车	9.96	264647248	11.59	10.54	0	233077	0.00	10.45	11.59	10.45	--  	2.37	10.82	1.05	汽车整车	--  	0.000	
002567	唐人神	10.07	262896032	7.87	7.15	0	337339	0.00	7.20	7.87	7.20	--  	1.34	9.37	0.72	饲料	--  	-0.000	
00358	江西铜业股份	3.40	261910576	12.160	11.760	1000	21605430	0.33	11.820	12.280	11.820	--  	0.00	3.91	0.400	一般金属	--  	12.160	
02899	紫金矿业	3.61	261543840	2.870	2.770	2000	90781600	0.00	2.800	2.910	2.800	--  	0.00	3.97	0.100	黄金贵金属	--  	2.870	
03800	保利协鑫能源	1.45	258567024	1.400	1.380	1000	185729360	1.45	1.390	1.420	1.370	--  	0.00	3.62	0.020	工业工程	--  	1.400	
600711	盛屯矿业	1.00	257553952	8.11	8.03	0	315031	0.12	8.03	8.30	8.01	--  	0.25	3.61	0.08	小金属	--  	-0.000	
600720	祁连山	0.69	253231744	10.27	10.20	0	244956	0.10	10.28	10.46	10.21	--  	0.64	2.45	0.07	水泥	--  	0.000	
02388	中银香港	0.90	248807280	39.350	39.000	500	6342521	-0.13	39.300	39.450	38.900	--  	1.63	1.41	0.350	银行	--  	39.350	
600295	鄂尔多斯	0.57	247488688	14.22	14.14	0	172381	0.07	14.03	14.59	14.02	--  	0.35	4.03	0.08	小金属	--  	0.000	
600804	鹏博士	2.29	245173936	17.43	17.04	0	140425	-0.05	17.00	17.76	16.90	--  	0.97	5.05	0.39	电信运营	--  	0.000	
002074	国轩高科	1.86	244810336	21.95	21.55	0	111762	0.05	21.55	22.30	21.40	--  	0.54	4.18	0.40	电气设备	--  	0.000	
02319	蒙牛乳业	0.43	241190304	23.600	23.500	1000	10283115	0.00	23.550	23.800	23.000	--  	0.00	3.40	0.100	食物饮品	--  	23.600	
600110	诺德股份	1.45	236808288	9.12	8.99	0	257806	-0.21	9.00	9.33	8.96	--  	0.39	4.12	0.13	电气设备	--  	-0.000	
002465	海格通信	3.22	235217056	9.31	9.02	0	254006	-0.31	9.07	9.44	8.98	--  	1.03	5.10	0.29	通信设备	--  	0.000	
603903	中持股份	10.00	234330272	40.70	37.00	0	58687	0.00	36.75	40.70	36.65	--  	0.13	10.95	3.70	环境保护	--  	0.000	
300197	铁汉生态	3.98	233815264	12.01	11.55	0	199115	0.08	11.57	12.04	11.55	--  	0.43	4.24	0.46	环境保护	--  	0.000	
000656	金科股份	2.08	232727456	4.91	4.81	0	469923	0.20	4.83	5.07	4.77	--  	4.16	6.24	0.10	区域地产	--  	-0.000	
002775	文科园林	0.27	231274656	22.25	22.19	0	103718	0.23	22.10	22.59	22.01	--  	0.45	2.61	0.06	建筑施工	--  	0.000	
600773	西藏城投	2.85	228060704	11.55	11.23	0	195538	-0.25	11.24	11.93	11.24	--  	0.09	6.14	0.32	区域地产	--  	0.000	
02020	安踏体育	5.85	227341296	35.300	33.350	1000	6559642	0.71	33.950	35.300	33.400	--  	1.16	5.70	1.950	纺织服饰	--  	35.300	
002709	天赐材料	2.36	226271696	45.89	44.83	0	49401	0.07	44.98	46.30	44.84	--  	0.43	3.26	1.06	化工原料	--  	-0.000	
01114	BRILLIANCE CHI	1.32	225378016	19.960	19.700	2000	11371468	0.60	19.700	20.050	19.480	--  	0.55	2.89	0.260	汽车	--  	19.960	
600595	中孚实业	3.40	223383840	4.87	4.71	0	457526	0.21	4.71	5.00	4.68	--  	0.37	6.79	0.16	铝	--  	-0.000	
000928	中钢国际	0.30	220938464	6.64	6.62	0	337174	0.45	6.55	6.68	6.45	--  	0.42	3.47	0.02	建筑施工	--  	-0.000	
01958	北京汽车	3.65	217587536	9.380	9.050	500	23080106	-0.32	9.070	9.510	9.070	--  	0.00	4.86	0.330	汽车	--  	9.380	
601388	怡球资源	2.82	217529008	4.01	3.90	0	539600	0.00	3.89	4.15	3.86	--  	0.00	7.44	0.11	铝	--  	0.000	
300675	建科院	3.02	217196320	28.34	27.51	0	74893	-0.17	28.40	30.00	28.25	--  	0.24	6.36	0.83	建筑施工	--  	0.000	
01099	国药控股	1.20	213060848	33.650	33.250	400	6335564	-0.15	33.500	33.800	33.400	--  	0.00	1.20	0.400	医药医疗	--  	33.650	
00017	新世界发展	1.59	211180800	11.480	11.300	1000	18415888	0.00	11.300	11.540	11.260	--  	2.87	2.48	0.180	地产	--  	11.480	
600489	中金黄金	0.31	209331168	9.73	9.70	0	214424	0.10	9.74	9.83	9.69	--  	0.36	1.44	0.03	黄金	--  	-0.000	
000822	山东海化	0.92	208705984	8.81	8.73	0	235702	-0.10	8.72	8.96	8.70	--  	1.15	2.98	0.08	化工原料	--  	0.000	
601228	广州港	1.64	207901728	6.20	6.10	0	334916	0.16	6.11	6.28	6.11	--  	0.40	2.79	0.10	港口	--  	-0.000	
002192	融捷股份	1.86	206849552	33.40	32.79	0	61071	0.09	32.89	34.55	32.88	--  	0.14	5.09	0.61	专用机械	--  	0.000	
300340	科恒股份	0.21	206184672	56.40	56.28	0	36412	0.11	56.12	57.63	55.70	--  	0.03	3.43	0.12	元器件	--  	0.000	
600166	福田汽车	1.44	205370928	2.82	2.78	0	731929	0.36	2.78	2.88	2.75	--  	0.94	4.68	0.04	汽车整车	--  	-0.000	
00215	和记电讯香港	5.57	199669632	3.220	3.050	2000	62711812	0.00	3.090	3.260	3.080	--  	1.21	5.90	0.170	电讯	--  	3.220	
603616	韩建河山	0.90	194426864	15.76	15.62	0	122241	-0.24	15.52	16.16	15.52	--  	0.14	4.10	0.14	其他建材	--  	0.000	
000507	珠海港	1.52	194287488	10.04	9.89	0	194085	0.10	9.88	10.10	9.85	--  	0.20	2.53	0.15	港口	--  	-0.000	
000709	河钢股份	0.26	193897296	3.83	3.82	0	504299	0.00	3.81	3.87	3.80	--  	2.09	1.83	0.01	普钢	--  	-0.000	
002601	龙蟒佰利	0.06	193040704	15.46	15.45	0	123888	-0.05	15.45	15.78	15.41	--  	3.18	2.39	0.01	化工原料	--  	0.000	
00868	信义玻璃	5.71	186570384	10.000	9.460	2000	18798650	0.00	9.600	10.080	9.600	--  	2.00	5.07	0.540	工业工程	--  	10.000	
000898	鞍钢股份	0.32	186463968	6.27	6.25	0	296587	0.32	6.23	6.36	6.21	--  	1.07	2.40	0.02	普钢	--  	-0.000	
300113	顺网科技	0.38	185790496	18.46	18.39	0	100299	0.05	18.26	18.80	18.26	--  	0.65	2.94	0.07	互联网	--  	-0.000	
00762	中国联通	0.57	185453536	10.560	10.500	2000	17586908	0.00	10.560	10.600	10.440	--  	0.00	1.52	0.060	电讯	--  	10.560	
601992	金隅股份	0.19	185228576	5.37	5.36	0	343577	0.19	5.37	5.43	5.35	--  	0.86	1.49	0.01	水泥	--  	-0.000	
300585	奥联电子	10.00	185081264	19.25	17.50	0	100190	0.00	17.75	19.25	17.60	--  	1.14	9.43	1.75	汽车配件	--  	0.000	
002307	北新路桥	0.44	184314304	11.44	11.39	0	159282	-0.43	11.35	11.88	11.26	--  	0.70	5.44	0.05	建筑施工	--  	-0.000	
002085	万丰奥威	1.10	183728864	18.30	18.10	0	99805	-0.32	18.17	18.67	17.95	--  	0.46	3.98	0.20	汽车配件	--  	-0.000	
300037	新宙邦	3.48	182944240	20.24	19.56	0	91150	-0.14	19.37	20.35	19.37	--  	1.28	5.01	0.68	化工原料	--  	-0.000	
00859	镇科集团	9.13	178711056	2.390	2.190	2000	74862000	0.00	2.410	2.420	2.340	--  	0.00	3.65	0.200	地产	--  	2.390	
002056	横店东磁	0.19	176413808	10.55	10.53	0	166130	0.00	10.59	10.74	10.48	--  	0.28	2.47	0.02	元器件	--  	0.000	
603996	中新科技	2.87	175999232	19.34	18.80	0	92303	0.57	18.84	19.42	18.71	--  	0.80	3.78	0.54	家用电器	--  	0.000	
600771	广誉远	2.61	175613856	40.12	39.10	0	43908	0.60	39.00	40.95	38.72	--  	0.00	5.70	1.02	中成药	--  	-0.000	
600172	黄河旋风	3.51	173291232	8.84	8.54	0	197513	0.23	8.66	8.95	8.66	--  	0.33	3.40	0.30	矿物制品	--  	0.000	
603357	设计总院	0.37	170560144	21.81	21.73	0	77724	0.28	21.71	22.28	21.58	--  	0.00	3.22	0.08	建筑施工	--  	-0.000	
600161	天坛生物	0.84	169202864	28.78	28.54	0	58453	0.10	28.45	29.16	28.45	--  	0.81	2.49	0.24	生物制药	--  	0.000	
002510	天汽模	2.31	168470624	6.20	6.06	0	273845	0.16	6.06	6.24	6.01	--  	0.62	3.80	0.14	汽车配件	--  	-0.000	
600318	新力金融	1.51	166992912	13.41	13.21	0	121774	-0.51	13.20	14.15	13.10	--  	0.38	7.95	0.20	多元金融	--  	-0.000	
300375	鹏翎股份	10.01	166045792	19.13	17.39	0	87009	0.00	19.11	19.13	18.13	--  	1.27	5.75	1.74	汽车配件	--  	-0.000	
600231	凌钢股份	0.99	163884192	5.10	5.05	0	320510	-0.19	5.05	5.18	5.00	--  	0.34	3.56	0.05	普钢	--  	-0.000	
00823	领展房产基金	0.84	160398256	72.000	71.400	500	2235503	0.14	71.400	72.000	71.200	11987576	0.00	1.12	0.600		167000	72.000	
600177	雅戈尔	2.12	160223056	9.16	8.97	0	175278	-0.10	8.96	9.23	8.96	--  	3.98	3.01	0.19	服饰	--  	-0.000	
002353	杰瑞股份	2.80	159422896	13.22	12.86	0	120687	0.15	12.98	13.50	12.98	--  	0.23	4.04	0.36	化工机械	--  	0.000	
600755	厦门国贸	0.21	155352880	9.71	9.69	0	159936	-0.09	9.72	9.79	9.63	--  	1.16	1.65	0.02	商贸代理	--  	0.000	
600795	国电电力	0.33	155046384	3.08	3.07	0	504000	0.00	3.06	3.11	3.04	--  	3.58	2.28	0.01	火力发电	--  	-0.000	
601101	昊华能源	1.03	152790512	7.83	7.75	0	193179	-0.12	7.73	8.07	7.72	--  	0.30	4.52	0.08	煤炭开采	--  	-0.000	
600633	浙数文化	0.07	152413760	15.04	15.03	0	101514	0.00	15.03	15.26	14.84	--  	0.63	2.79	0.01	出版业	--  	-0.000	
300266	兴源环境	0.18	152232064	27.48	27.43	0	55495	-0.35	27.37	27.62	27.08	--  	0.09	1.97	0.05	环境保护	--  	-0.000	
601238	广汽集团	0.54	150981072	24.41	24.28	0	61639	-0.03	24.38	24.80	24.28	--  	0.37	2.14	0.13	汽车整车	--  	-0.000	
600315	上海家化	1.11	150884624	35.58	35.19	0	42798	0.94	35.01	35.68	34.90	--  	0.28	2.22	0.39	日用化工	--  	0.000	
000402	金 融 街	0.83	148825200	10.97	10.88	0	135613	0.00	10.85	11.08	10.84	--  	3.68	2.21	0.09	全国地产	--  	0.000	
600006	东风汽车	4.97	148617600	5.91	5.63	0	254116	0.51	5.69	5.97	5.69	--  	0.59	4.97	0.28	汽车整车	--  	-0.000	
002378	章源钨业	1.02	147386320	9.87	9.77	0	147889	-0.19	9.73	10.08	9.72	--  	0.15	3.68	0.10	小金属	--  	-0.000	
600686	金龙汽车	3.33	146559632	13.03	12.61	0	112333	-0.37	12.61	13.60	12.61	--  	1.27	7.85	0.42	汽车整车	--  	-0.000	
603042	华脉科技	0.82	146286784	29.51	29.27	0	50221	0.37	29.01	29.55	28.64	--  	0.00	3.11	0.24	通信设备	--  	0.000	
002748	世龙实业	4.23	146269008	15.53	14.90	0	92369	-0.05	15.71	16.20	15.40	--  	1.01	5.37	0.63	化工原料	--  	-0.000	
03323	中国建材	1.21	145966576	6.710	6.630	2000	21608656	0.15	6.630	6.860	6.620	--  	0.00	3.62	0.080	建筑	--  	6.710	
300591	万里马	2.31	145086864	9.76	9.54	0	146907	-0.09	9.69	10.15	9.67	--  	0.52	5.03	0.22	服饰	--  	0.000	
600641	万业企业	0.97	144536816	13.60	13.47	0	106134	0.30	13.48	13.82	13.41	--  	2.00	3.04	0.13	区域地产	--  	0.000	
603133	碳元科技	0.63	143112960	33.50	33.29	0	42424	0.72	32.80	34.24	32.70	--  	0.24	4.63	0.21	元器件	--  	0.000	
000559	万向钱潮	2.64	141206960	9.33	9.09	0	152404	-0.20	9.07	9.52	9.05	--  	0.92	5.17	0.24	汽车配件	--  	-0.000	
002048	宁波华翔	0.80	141058944	23.81	23.62	0	58889	-0.12	23.70	24.25	23.60	--  	0.64	2.75	0.19	汽车配件	--  	-0.000	
603305	旭升股份	4.00	140553152	38.73	37.24	0	36738	-0.09	37.22	39.80	37.20	--  	0.00	6.98	1.49	汽车配件	--  	-0.000	
300688	创业黑马	0.09	140222176	55.85	55.80	0	25169	0.43	55.40	57.98	54.03	--  	0.00	7.08	0.05	综合类	--  	-0.000	
000690	宝新能源	2.31	140052928	7.97	7.79	0	176330	-0.12	7.79	8.01	7.75	--  	0.42	3.34	0.18	火力发电	--  	-0.000	
000825	太钢不锈	0.62	138597104	4.87	4.84	0	284417	0.41	4.84	4.92	4.82	--  	0.41	2.07	0.03	特种钢	--  	-0.000	
01357	美图公司	0.77	137581920	10.460	10.380	500	13161616	0.38	10.460	10.520	10.360	--  	0.00	1.54	0.080	软件服务	--  	10.460	
000572	海马汽车	6.11	136291616	4.69	4.42	0	295577	0.21	4.42	4.80	4.39	--  	1.13	9.28	0.27	汽车整车	--  	0.000	
000751	锌业股份	1.22	135079008	4.97	4.91	0	270872	0.00	4.90	5.05	4.89	--  	0.00	3.26	0.06	铅锌	--  	-0.000	
002249	大洋电机	2.65	134741520	6.96	6.78	0	193829	0.43	6.75	7.05	6.75	--  	1.18	4.42	0.18	电气设备	--  	0.000	
01638	佳兆业集团	4.50	134271712	4.180	4.000	1000	32570000	0.24	4.000	4.180	3.930	--  	0.00	6.25	0.180	地产	--  	4.180	
300649	杭州园林	0.11	133722440	36.96	36.92	0	35728	0.03	37.12	37.99	36.82	--  	0.00	3.17	0.04	建筑施工	--  	-0.000	
603113	金能科技	1.50	132264600	22.40	22.07	0	58485	-0.03	22.05	22.95	22.05	--  	0.00	4.08	0.33	化工原料	--  	-0.000	
000961	中南建设	1.31	130989152	6.19	6.11	0	211990	0.00	6.11	6.28	6.08	--  	0.25	3.27	0.08	建筑施工	--  	0.000	
01813	合景泰富	1.37	130615888	8.900	8.780	500	14468496	0.11	8.800	9.240	8.800	--  	1.29	5.01	0.120	地产	--  	8.900	
000999	华润三九	0.77	129849912	26.28	26.08	0	49443	0.00	26.06	26.42	25.99	--  	0.61	1.65	0.20	中成药	--  	0.000	
000028	国药一致	1.33	129416520	60.03	59.24	0	21658	0.18	59.25	60.12	59.08	--  	0.56	1.76	0.79	医药商业	--  	-0.000	
00607	丰盛控股	2.78	129302512	3.330	3.240	2500	39341104	0.30	3.280	3.340	3.250	--  	0.00	2.78	0.090	地产	--  	3.330	
600997	开滦股份	1.17	129226952	6.05	5.98	0	211646	0.33	5.96	6.21	5.96	--  	1.67	4.18	0.07	煤炭开采	--  	0.000	
01208	五矿资源	1.89	128698224	3.770	3.700	4000	33929616	-0.26	3.720	3.830	3.660	--  	0.00	4.59	0.070	一般金属	--  	3.770	
00006	电能实业	0.30	128485912	65.850	65.650	500	1956499	0.00	65.800	66.000	65.400	--  	12.56	0.91	0.200	公用事业	--  	65.850	
002233	塔牌集团	0.26	127339632	11.71	11.68	0	108411	0.09	11.68	11.85	11.62	--  	1.35	1.97	0.03	水泥	--  	0.000	
603920	世运电路	0.28	127144512	17.94	17.89	0	69864	-0.16	18.34	18.59	17.91	--  	0.00	3.80	0.05	元器件	--  	0.000	
00288	万洲国际	0.56	127139616	8.930	8.880	500	14369072	0.56	8.800	8.930	8.690	--  	0.56	2.70	0.050	农业产品	--  	8.930	
002244	滨江集团	0.27	125524288	7.41	7.39	0	169921	0.14	7.38	7.46	7.30	--  	0.92	2.17	0.02	区域地产	--  	-0.000	
300556	丝路视觉	9.91	125450856	22.74	20.69	0	56701	-0.03	20.63	22.76	20.53	--  	1.16	10.78	2.05	软件服务	--  	-0.000	
000516	国际医学	3.11	124747992	4.64	4.50	0	266645	0.00	4.53	4.80	4.52	--  	0.67	6.22	0.14	百货	--  	-0.000	
000885	同力水泥	0.13	124200520	15.52	15.50	0	79846	-0.05	15.60	15.74	15.37	--  	0.06	2.39	0.02	水泥	--  	0.000	
000400	许继电气	1.00	121964912	13.08	12.95	0	93581	0.23	12.96	13.17	12.86	--  	0.77	2.39	0.13	电气设备	--  	-0.000	
300619	金银河	1.47	121758960	45.70	45.04	0	26272	-0.19	44.79	47.80	44.79	--  	0.26	6.68	0.66	专用机械	--  	0.000	
00813	世茂房地产	3.02	121480072	17.080	16.580	500	7096429	-0.12	16.580	17.280	16.480	--  	2.34	4.83	0.500	地产	--  	17.080	
002640	跨境通	0.90	121330112	19.07	18.90	0	63865	-0.15	18.95	19.24	18.68	--  	0.30	2.96	0.17	服饰	--  	-0.000	
000059	华锦股份	0.11	119385584	9.35	9.34	0	126761	-0.20	9.33	9.52	9.32	--  	2.40	2.14	0.01	石油加工	--  	0.000	
002091	江苏国泰	2.05	117724704	8.96	8.78	0	130908	0.11	8.85	9.09	8.84	--  	1.75	2.85	0.18	商贸代理	--  	0.000	
02777	富力地产	2.24	117429984	17.320	16.940	400	6739804	0.12	17.000	17.780	17.000	--  	0.00	4.60	0.380	地产	--  	17.320	
601678	滨化股份	1.15	117103160	7.95	7.86	0	147041	0.00	7.82	8.08	7.82	--  	1.27	3.31	0.09	化工原料	--  	-0.000	
002240	威华股份	2.09	116269872	14.62	14.32	0	79514	0.14	14.33	14.78	14.22	--  	0.00	3.91	0.30	家居用品	--  	-0.000	
300068	南都电源	1.45	115014128	16.08	15.85	0	71484	0.12	15.76	16.24	15.76	--  	1.14	3.03	0.23	电气设备	--  	-0.000	
600759	洲际油气	0.24	114503800	4.24	4.23	0	264284	0.00	4.27	4.43	4.22	--  	0.17	4.96	0.01	石油开采	--  	-0.000	
00570	中国中药	1.98	114291848	4.130	4.050	2000	27754876	0.00	4.050	4.200	4.010	--  	1.16	4.69	0.080	医药医疗	--  	4.130	
000537	广宇发展	2.99	113632776	12.40	12.04	0	92134	-0.47	12.18	12.60	11.93	--  	0.14	5.56	0.36	区域地产	--  	-0.000	
603505	金石资源	9.99	112869488	21.02	19.11	0	55180	0.00	19.03	21.02	18.81	--  	0.00	11.56	1.91	矿物制品	--  	0.000	
300404	博济医药	6.48	112701088	21.86	20.53	0	53982	1.20	19.80	21.88	19.80	--  	0.24	10.13	1.33	医疗保健	--  	0.000	
000426	兴业矿业	1.17	112486008	9.49	9.38	0	118192	0.21	9.37	9.63	9.32	--  	0.21	3.30	0.11	铅锌	--  	-0.000	
00011	恒生银行	0.36	112319208	192.500	191.800	100	585208	0.26	192.000	192.800	190.400	--  	1.25	1.25	0.700	银行	--  	192.500	
603636	南威软件	0.17	111761184	11.77	11.75	0	94690	2.53	11.98	12.01	11.38	--  	0.34	5.36	0.02	软件服务	--  	0.000	
002845	同兴达	0.95	111332576	28.58	28.31	0	38574	-0.06	28.02	29.30	27.88	--  	0.00	5.02	0.27	元器件	--  	-0.000	
002766	索菱股份	2.42	111248992	13.96	13.63	0	77819	0.00	14.30	14.65	13.92	--  	0.37	5.36	0.33	汽车配件	--  	0.000	
601882	海天精工	10.04	111128088	11.73	10.66	0	98101	0.00	10.91	11.73	10.91	--  	0.36	7.69	1.07	机床制造	--  	-0.000	
600967	内蒙一机	0.61	110940576	11.48	11.41	0	96102	-0.16	11.41	11.69	11.35	--  	0.26	2.98	0.07	运输设备	--  	-0.000	
600583	海油工程	0.66	108532544	6.14	6.10	0	174978	-0.15	6.14	6.25	6.13	--  	1.64	1.97	0.04	石油开采	--  	-0.000	
600789	鲁抗医药	2.25	107180896	7.71	7.54	0	138243	0.13	7.52	7.92	7.51	--  	0.27	5.44	0.17	化学制药	--  	0.000	
002167	东方锆业	1.26	106714336	10.43	10.30	0	102075	0.00	10.31	10.60	10.27	--  	0.00	3.20	0.13	小金属	--  	0.000	
002850	科达利	2.29	106636936	65.12	63.66	0	16576	0.46	63.96	65.12	63.11	--  	0.79	3.16	1.46	机械基件	--  	0.000	
002359	北讯集团	2.10	106534248	22.89	22.42	0	47227	0.22	22.43	22.93	22.25	--  	0.00	3.03	0.47	钢加工	--  	-0.000	
601106	*ST一重	5.01	106080792	3.77	3.59	0	283596	0.00	3.62	3.77	3.61	--  	0.03	4.46	0.18	工程机械	--  	-0.000	
300310	宜通世纪	1.28	105935536	11.86	11.71	0	88641	-0.07	12.01	12.19	11.81	--  	0.34	3.25	0.15	通信设备	--  	-0.000	
000686	东北证券	0.12	105690888	8.68	8.67	0	120836	0.00	8.70	8.85	8.66	--  	1.15	2.19	0.01	证券	--  	0.000	
01676	中国升海食品	33.33	105507768	0.800	0.600	4000	146660000	1.27	0.620	0.800	0.550	--  	0.00	41.67	0.200	食物饮品	--  	0.800	
603730	岱美股份	1.69	105229872	36.00	35.40	0	29123	0.14	35.43	36.68	35.20	--  	0.00	4.18	0.60	汽车配件	--  	0.000	
002158	汉钟精机	0.09	105028488	11.42	11.41	0	91563	0.00	11.39	11.60	11.32	--  	1.93	2.45	0.01	工程机械	--  	0.000	
00884	旭辉控股集团	3.34	104931624	4.640	4.490	2000	22344378	0.00	4.520	4.750	4.520	--  	1.08	5.12	0.150	地产	--  	4.640	
300568	星源材质	1.66	104191424	27.01	26.57	0	38113	-0.25	26.51	28.81	26.36	--  	1.41	9.22	0.44	化工原料	--  	0.000	
300168	万达信息	0.15	104150048	13.30	13.28	0	78619	0.45	13.23	13.37	13.15	--  	0.23	1.66	0.02	软件服务	--  	0.000	
300035	中科电气	2.76	103495920	7.45	7.25	0	139402	-0.12	7.22	7.58	7.17	--  	0.69	5.66	0.20	电气设备	--  	-0.000	
002293	罗莱生活	2.99	103344016	13.80	13.40	0	75220	-0.13	13.27	13.96	13.27	--  	1.49	5.15	0.40	纺织	--  	0.000	
601808	中海油服	1.56	102358424	10.43	10.27	0	97853	0.00	10.32	10.55	10.32	--  	0.49	2.24	0.16	石油开采	--  	0.000	
002842	翔鹭钨业	3.64	102077504	41.26	39.81	0	24341	0.00	39.58	43.79	39.58	--  	0.25	10.58	1.45	小金属	--  	-0.000	
00817	中国金茂	5.28	101155456	3.390	3.220	2000	30120566	0.00	3.240	3.430	3.220	--  	2.42	6.52	0.170	地产	--  	3.390	
002581	未名医药	3.99	100685080	18.78	18.06	0	52395	-0.62	18.90	19.86	18.78	--  	0.28	5.98	0.72	生物制药	--  	0.000	
03383	雅居乐集团	1.65	100328784	11.080	10.900	2000	8922079	0.18	10.920	11.520	10.820	--  	1.99	6.42	0.180	地产	--  	11.080	
601098	中南传媒	0.07	99956008	13.53	13.52	0	73438	-0.14	13.50	13.73	13.43	--  	3.70	2.22	0.01	出版业	--  	-0.000	
603717	天域生态	0.65	99590360	27.67	27.49	0	35833	-0.10	27.68	28.15	27.38	--  	0.00	2.80	0.18	环境保护	--  	0.000	
00861	神州控股	8.93	98852416	5.000	4.590	1000	20574900	0.81	4.580	5.010	4.540	--  	0.00	10.24	0.410	软件服务	--  	5.000	
002570	贝因美	2.16	98779616	7.09	6.94	0	138192	0.00	7.10	7.25	7.03	--  	5.85	3.17	0.15	乳制品	--  	0.000	
603228	景旺电子	1.38	97903048	50.73	50.04	0	19054	0.04	51.00	51.97	50.31	--  	0.40	3.32	0.69	元器件	--  	-0.000	
300693	盛弘股份	2.83	97780584	36.28	35.28	0	27243	0.06	35.28	36.97	34.88	--  	0.00	5.92	1.00	电气设备	--  	-0.000	
002258	利尔化学	0.73	97599080	16.55	16.43	0	59441	0.06	16.23	16.63	16.12	--  	0.61	3.10	0.12	农药化肥	--  	-0.000	
601001	大同煤业	1.73	97507552	5.89	5.79	0	164266	0.00	5.83	6.05	5.78	--  	0.47	4.66	0.10	煤炭开采	--  	-0.000	
000927	一汽夏利	3.42	97472888	4.54	4.39	0	215541	0.22	4.39	4.70	4.36	--  	0.23	7.74	0.15	汽车整车	--  	-0.000	
000949	新乡化纤	9.63	97467736	4.78	4.36	0	215490	5.05	4.41	4.78	4.41	--  	0.69	8.49	0.42	化纤	--  	0.000	
000554	泰山石油	1.63	97356920	8.09	7.96	0	119613	0.12	8.00	8.24	7.96	--  	0.13	3.52	0.13	石油贸易	--  	0.000	
300481	濮阳惠成	3.37	97335888	22.39	21.66	0	42984	-0.08	22.10	23.50	22.10	--  	0.57	6.46	0.73	化工原料	--  	-0.000	
002539	云图控股	2.52	96385792	6.51	6.35	0	147360	-0.30	6.36	6.87	6.30	--  	1.26	8.98	0.16	农药化肥	--  	0.000	
603860	中公高科	9.99	96148176	40.62	36.93	0	23867	0.00	39.87	40.62	38.93	--  	0.00	4.58	3.69	公路	--  	-0.000	
603955	大千生态	0.07	95890016	41.66	41.63	0	22847	-0.21	41.35	43.60	40.96	--  	0.48	6.34	0.03	环境保护	--  	-0.000	
000795	英洛华	1.17	95550640	6.04	5.97	0	157577	-0.16	5.99	6.12	5.94	--  	0.00	3.02	0.07	矿物制品	--  	-0.000	
002662	京威股份	2.11	95020920	7.25	7.10	0	131554	0.00	7.12	7.39	7.05	--  	2.46	4.79	0.15	汽车配件	--  	0.000	
601727	上海电气	0.60	94919944	6.67	6.63	0	142838	0.15	6.58	6.72	6.56	--  	0.77	2.41	0.04	电气设备	--  	0.000	
002887	绿茵生态	0.28	94093064	75.15	74.94	0	12472	-0.06	74.78	76.49	74.21	--  	0.00	3.04	0.21	建筑施工	--  	0.000	
002564	天沃科技	2.69	94001280	8.01	7.80	0	115286	0.00	8.05	8.38	8.00	--  	0.13	4.87	0.21	化工机械	--  	0.000	
000009	中国宝安	0.14	93794680	7.20	7.19	0	129629	-0.13	7.22	7.28	7.18	--  	0.28	1.39	0.01	综合类	--  	-0.000	
600369	西南证券	0.22	93754432	4.56	4.55	0	204907	0.00	4.54	4.63	4.52	--  	2.20	2.42	0.01	证券	--  	-0.000	
00012	恒基地产	0.10	92221368	50.800	50.750	1000	1815125	-0.10	50.900	51.000	50.550	--  	0.94	0.89	0.050	地产	--  	50.800	
600508	上海能源	2.53	92156928	12.18	11.88	0	76296	0.08	11.88	12.19	11.83	--  	0.84	3.03	0.30	煤炭开采	--  	0.000	
600478	科力远	5.56	91907552	7.22	6.84	0	127051	-0.13	6.94	7.50	6.92	--  	0.00	8.48	0.38	元器件	--  	-0.000	
600580	卧龙电气	1.12	91040632	8.13	8.04	0	112944	0.25	8.05	8.13	7.95	--  	0.37	2.24	0.09	电气设备	--  	0.000	
601958	金钼股份	0.87	91035680	6.97	6.91	0	129960	0.14	6.90	7.07	6.90	--  	0.58	2.46	0.06	小金属	--  	-0.000	
00365	紫光控股	55.73	90007576	2.990	1.920	2000	34118300	2.40	1.960	3.000	1.960	--  	0.00	54.17	1.070	工业工程	--  	2.990	
002355	兴民智通	1.19	89919536	10.22	10.10	0	88438	0.49	10.05	10.43	9.98	--  	0.10	4.46	0.12	汽车配件	--  	0.000	
000150	宜华健康	0.07	88815040	30.07	30.05	0	29561	0.13	29.97	30.28	29.60	--  	0.67	2.26	0.02	医疗保健	--  	-0.000	
600459	贵研铂业	0.93	88673960	21.81	21.61	0	40516	0.14	21.50	22.13	21.45	--  	0.46	3.15	0.20	小金属	--  	-0.000	
300415	伊之密	1.91	88360128	17.07	16.75	0	51346	0.00	16.72	17.45	16.70	--  	0.60	4.48	0.32	专用机械	--  	-0.000	
600020	中原高速	0.41	87585480	4.85	4.83	0	179629	-0.20	4.81	4.91	4.81	--  	1.82	2.07	0.02	路桥	--  	-0.000	
02338	潍柴动力	5.56	87379568	8.740	8.280	1000	10080234	0.34	8.300	8.770	8.300	--  	0.00	5.68	0.460	工业工程	--  	8.740	
300153	科泰电源	3.19	86089568	12.93	12.53	0	65973	0.23	13.00	13.36	12.82	--  	0.80	4.31	0.40	电气设备	--  	0.000	
600854	春兰股份	3.24	85446408	5.73	5.55	0	148985	-0.51	5.59	5.98	5.50	--  	0.32	8.65	0.18	家用电器	--  	0.000	
600198	大唐电信	0.27	84423648	11.23	11.20	0	75400	0.00	11.20	11.30	11.07	--  	0.89	2.05	0.03	通信设备	--  	-0.000	
300409	道氏技术	1.37	84285888	45.20	44.59	0	18567	0.07	44.59	45.79	44.59	--  	0.27	2.69	0.61	陶瓷	--  	0.000	
600266	北京城建	1.09	83758808	13.03	12.89	0	64314	0.23	12.84	13.15	12.81	--  	2.17	2.64	0.14	区域地产	--  	-0.000	
300452	山河药辅	1.90	83516824	29.57	29.02	0	27899	0.20	28.99	30.49	28.91	--  	0.52	5.44	0.55	化学制药	--  	-0.000	
002350	北京科锐	2.70	83478128	9.90	9.64	0	85554	0.92	9.69	9.90	9.54	--  	0.92	3.73	0.26	电气设备	--  	-0.000	
600449	宁夏建材	0.62	82612752	11.27	11.20	0	73097	0.00	11.23	11.39	11.21	--  	0.36	1.61	0.07	水泥	--  	0.000	
002369	卓翼科技	0.71	82161768	9.90	9.83	0	82458	-0.69	9.75	10.20	9.75	--  	0.46	4.58	0.07	通信设备	--  	-0.000	
002828	贝肯能源	1.88	81663088	23.36	22.93	0	34564	-0.08	22.95	24.14	22.78	--  	0.53	5.93	0.43	石油开采	--  	0.000	
000617	中油资本	4.79	81637160	14.67	14.00	0	55433	-0.26	14.01	14.98	14.01	--  	0.01	6.93	0.67	多元金融	--  	0.000	
000811	冰轮环境	3.00	81633384	7.89	7.66	0	102761	0.13	7.68	8.14	7.64	--  	0.44	6.53	0.23	工程机械	--  	-0.000	
600277	亿利洁能	1.09	80682384	6.48	6.41	0	124033	-0.14	6.40	6.56	6.37	--  	0.62	2.96	0.07	新型电力	--  	0.000	
002434	万里扬	1.17	80616832	10.41	10.29	0	78042	0.10	10.29	10.50	10.17	--  	0.97	3.21	0.12	汽车配件	--  	-0.000	
600636	*ST爱富	0.14	79971168	14.73	14.71	0	53600	0.20	14.72	15.10	14.65	--  	0.06	3.06	0.02	化工原料	--  	-0.000	
002853	皮阿诺	0.25	79695880	31.83	31.75	0	24976	0.03	31.80	32.50	31.51	--  	0.38	3.12	0.08	家居用品	--  	-0.000	
002717	岭南园林	1.69	79420624	25.94	25.51	0	30539	-0.14	25.41	26.20	25.35	--  	0.49	3.33	0.43	建筑施工	--  	0.000	
600609	金杯汽车	10.02	79010592	5.71	5.19	0	144879	0.00	5.19	5.71	5.13	--  	0.00	11.18	0.52	汽车配件	--  	0.000	
002706	良信电器	1.51	78830112	12.81	12.62	0	61612	0.23	12.56	12.90	12.42	--  	1.56	3.80	0.19	电气设备	--  	0.000	
01186	中国铁建	1.11	78065312	9.080	8.980	500	8575314	0.22	8.980	9.200	8.970	--  	0.00	2.56	0.100	建筑	--  	9.080	
002239	奥特佳	0.74	77815032	4.06	4.03	0	192005	0.00	4.03	4.15	3.98	--  	0.53	4.22	0.03	汽车配件	--  	-0.000	
01157	中联重科	4.89	77583944	3.430	3.270	200	22853164	0.59	3.350	3.430	3.320	--  	0.00	3.36	0.160	工业工程	--  	3.430	
300127	银河磁体	2.38	76545888	16.77	16.38	0	45840	0.24	16.32	16.85	16.25	--  	1.53	3.66	0.39	元器件	--  	0.000	
01898	中煤能源	2.31	75873104	3.540	3.460	1000	21442880	-0.28	3.450	3.570	3.440	--  	0.00	3.76	0.080	煤炭	--  	3.540	
000711	京蓝科技	2.63	75851096	12.50	12.18	0	61053	0.32	12.16	12.52	12.13	--  	0.37	3.20	0.32	软件服务	--  	0.000	
002860	星帅尔	0.21	75479448	42.48	42.39	0	17838	-0.15	41.98	42.97	41.77	--  	0.00	2.83	0.09	电气设备	--  	-0.000	
601898	中煤能源	0.36	75217976	5.64	5.62	0	132491	0.00	5.59	5.75	5.58	--  	0.69	3.02	0.02	煤炭开采	--  	-0.000	
600213	亚星客车	10.04	75200064	10.63	9.66	0	72560	0.00	9.68	10.63	9.60	--  	0.00	10.66	0.97	汽车整车	--  	0.000	
002424	贵州百灵	1.12	74878664	15.30	15.13	0	49154	0.13	15.17	15.34	15.05	--  	0.53	1.92	0.17	中成药	--  	0.000	
603335	迪生力	0.89	74528896	11.35	11.25	0	65954	0.09	11.14	11.55	11.01	--  	0.00	4.80	0.10	汽车配件	--  	0.000	
00003	香港中华煤气	0.13	74047432	15.240	15.220	1000	4858564	0.00	15.220	15.300	15.200	--  	0.79	0.66	0.020	公用事业	--  	15.240	
600529	山东药玻	1.69	71823080	21.02	20.67	0	34066	0.33	20.67	21.30	20.67	--  	0.97	3.05	0.35	医疗保健	--  	0.000	
002207	*ST准油	0.36	71359304	8.48	8.45	0	82574	0.00	8.60	8.79	8.46	--  	0.12	3.91	0.03	石油开采	--  	-0.000	
600761	安徽合力	0.10	71093856	10.45	10.44	0	68108	0.19	10.43	10.55	10.36	--  	2.39	1.82	0.01	工程机械	--  	-0.000	
002733	雄韬股份	0.51	70548104	17.68	17.59	0	39895	-0.05	17.50	17.85	17.38	--  	0.85	2.67	0.09	电气设备	--  	0.000	
300084	海默科技	0.70	70503088	7.23	7.18	0	96841	0.28	7.17	7.36	7.17	--  	0.14	2.65	0.05	石油开采	--  	0.000	
03311	中国建筑国际	1.12	70213504	10.880	10.760	2000	6439542	0.00	10.980	10.980	10.820	--  	1.38	1.49	0.120	建筑	--  	10.880	
300008	天海防务	1.25	69820552	6.50	6.42	0	106850	-0.30	6.46	6.59	6.45	--  	0.62	2.18	0.08	船舶	--  	0.000	
01193	华润燃气	0.89	69770304	28.350	28.100	2000	2448787	-0.18	28.300	28.800	28.200	--  	0.53	2.14	0.250	公用事业	--  	28.350	
300690	双一科技	0.58	69111840	57.28	56.95	0	11976	-0.06	56.99	58.29	56.56	--  	0.00	3.04	0.33	电气设备	--  	-0.000	
601966	玲珑轮胎	0.64	69091264	17.35	17.24	0	40049	0.17	17.26	17.40	17.15	--  	0.96	1.45	0.11	汽车配件	--  	0.000	
600133	东湖高新	0.67	68467968	9.05	8.99	0	75404	-0.10	9.00	9.15	8.95	--  	0.42	2.22	0.06	园区开发	--  	0.000	
002496	辉丰股份	1.17	68305016	5.17	5.11	0	131525	0.19	5.11	5.29	5.08	--  	0.98	4.11	0.06	农药化肥	--  	0.000	
000761	本钢板材	0.20	68026080	5.11	5.10	0	132317	0.00	5.09	5.20	5.06	--  	0.98	2.75	0.01	普钢	--  	0.000	
03799	达利食品	0.71	67430952	7.120	7.070	500	9551510	0.00	7.050	7.270	6.990	--  	1.40	3.96	0.050	食物饮品	--  	7.120	
000613	*ST东海A	4.94	67297152	7.44	7.09	0	91257	0.00	7.07	7.44	7.01	--  	0.00	6.06	0.35	旅游服务	--  	0.000	
002101	广东鸿图	0.14	67232984	21.40	21.37	0	31287	0.19	21.45	21.67	21.26	--  	0.47	1.92	0.03	机械基件	--  	-0.000	
000881	中广核技	2.89	67109496	12.48	12.13	0	53461	0.00	12.20	12.95	12.04	--  	0.25	7.50	0.35	综合类	--  	-0.000	
01030	新城发展控股	8.80	66587824	4.700	4.320	2000	14274000	0.00	4.320	4.800	4.300	--  	0.00	11.57	0.380	地产	--  	4.700	
600122	宏图高科	0.10	66502552	9.68	9.67	0	68671	0.52	9.65	9.83	9.60	--  	0.41	2.38	0.01	其他商业	--  	0.000	
300631	久吾高科	3.72	66285060	23.68	22.83	0	27400	0.00	22.85	25.11	22.85	--  	0.55	9.90	0.85	环境保护	--  	0.000	
002877	智能自控	0.51	66221484	23.60	23.48	0	28008	-0.16	23.40	24.11	23.25	--  	0.00	3.66	0.12	电器仪表	--  	0.000	
300133	华策影视	1.14	65484748	10.68	10.56	0	61489	0.09	10.59	10.75	10.50	--  	0.28	2.37	0.12	影视音像	--  	0.000	
002166	莱茵生物	1.87	65469952	10.37	10.18	0	62904	0.00	10.17	10.60	10.13	--  	0.49	4.62	0.19	中成药	--  	-0.000	
603787	新日股份	0.07	65428524	14.30	14.29	0	45499	0.00	14.26	14.87	13.98	--  	0.00	6.23	0.01	摩托车	--  	0.000	
00392	北京控股	0.65	65259640	46.250	45.950	500	1403318	0.33	46.250	47.150	45.950	--  	0.65	2.61	0.300	公用事业	--  	46.250	
002018	华信国际	0.43	65215952	6.94	6.91	0	93251	-0.28	6.91	7.07	6.89	--  	0.25	2.60	0.03	农药化肥	--  	0.000	
300425	环能科技	1.04	64929996	10.73	10.62	0	61050	0.19	10.64	10.84	10.44	--  	0.61	3.77	0.11	环境保护	--  	-0.000	
00683	嘉里建设	3.04	64880368	35.550	34.500	500	1825657	0.00	34.750	35.800	34.500	--  	0.00	3.77	1.050	地产	--  	35.550	
06869	长飞光纤光缆	0.85	64301128	35.500	35.200	500	1812000	0.42	35.000	36.050	34.800	--  	0.00	3.55	0.300	信息器材	--  	35.500	
00152	深圳国际	1.37	64050976	14.840	14.640	500	4305955	0.00	14.820	15.000	14.660	--  	0.00	2.32	0.200	工用运输	--  	14.840	
000612	焦作万方	0.56	63635872	9.04	8.99	0	69906	0.00	8.93	9.19	8.93	--  	2.81	2.89	0.05	铝	--  	-0.000	
300535	达威股份	1.90	63433164	37.05	36.36	0	16933	-0.04	37.00	37.93	36.82	--  	0.63	3.05	0.69	化工原料	--  	-0.000	
300191	潜能恒信	2.18	62273020	22.95	22.46	0	26813	0.00	22.88	23.65	22.52	--  	0.04	5.03	0.49	石油开采	--  	0.000	
600531	豫光金铅	1.14	61967496	6.19	6.12	0	99759	0.16	6.15	6.29	6.11	--  	0.82	2.94	0.07	铅锌	--  	0.000	
600783	鲁信创投	0.66	61852396	15.24	15.14	0	40650	0.13	15.15	15.47	14.98	--  	0.99	3.24	0.10	矿物制品	--  	-0.000	
603767	中马传动	0.19	61460828	15.58	15.55	0	39497	0.06	15.42	15.98	15.28	--  	0.00	4.50	0.03	汽车配件	--  	-0.000	
600987	航民股份	2.68	61366648	11.13	10.84	0	54602	-0.26	10.87	11.46	10.87	--  	2.40	5.44	0.29	纺织	--  	0.000	
600182	S佳通	2.16	61168988	23.67	23.17	0	25589	-0.03	23.89	24.25	23.51	--  	1.94	3.19	0.50	汽车配件	--  	0.000	
03808	中国重汽	5.53	60715484	8.780	8.320	500	6847940	-0.45	8.500	9.230	8.500	--  	0.00	8.77	0.460	工业工程	--  	8.780	
603822	嘉澳环保	2.69	59895936	35.55	34.62	0	16805	0.08	34.25	37.50	34.10	--  	0.60	9.82	0.93	环境保护	--  	-0.000	
603668	天马科技	2.90	59385556	12.06	11.72	0	48750	0.42	11.73	12.50	11.73	--  	0.49	6.57	0.34	饲料	--  	0.000	
603999	读者传媒	3.76	59345788	7.72	7.44	0	75591	-0.25	7.41	8.18	7.39	--  	0.67	10.62	0.28	出版业	--  	-0.000	
00874	白云山	1.56	58976104	22.850	22.500	2000	2542000	-0.22	22.950	23.950	22.600	--  	0.00	6.00	0.350	医药医疗	--  	22.850	
300683	海特生物	0.26	58626620	53.38	53.24	0	10889	-0.16	52.99	54.36	52.90	--  	0.00	2.74	0.14	生物制药	--  	0.000	
300519	新光药业	10.00	58421760	20.13	18.30	0	29454	0.00	18.46	20.13	18.46	--  	1.37	9.13	1.83	中成药	--  	-0.000	
00410	ＳＯＨＯ中国	2.46	58404536	4.590	4.480	500	12759364	0.00	4.480	4.610	4.480	--  	8.69	2.90	0.110	地产	--  	4.590	
600358	国旅联合	1.72	58172740	6.50	6.39	0	89701	0.31	6.43	6.54	6.40	--  	0.31	2.19	0.11	旅游服务	--  	0.000	
03900	绿城中国	2.71	57901724	9.100	8.860	500	6351550	0.11	8.880	9.240	8.850	--  	0.00	4.40	0.240	地产	--  	9.100	
601163	三角轮胎	0.25	57873248	20.17	20.12	0	28728	0.10	20.08	20.23	20.05	--  	1.99	0.89	0.05	汽车配件	--  	0.000	
600311	荣华实业	0.36	57666808	5.55	5.53	0	103175	0.00	5.51	5.66	5.50	--  	0.00	2.89	0.02	黄金	--  	0.000	
603757	大元泵业	0.05	57660196	58.01	57.98	0	9776	-0.45	58.01	59.90	57.59	--  	0.00	3.98	0.03	专用机械	--  	-0.000	
300438	鹏辉能源	0.67	57301640	29.89	29.69	0	19204	0.34	29.66	30.00	29.55	--  	0.34	1.52	0.20	电气设备	--  	-0.000	
01448	福寿园	4.19	57274732	6.710	6.440	1000	8556000	-0.15	6.480	6.830	6.440	--  	0.48	6.06	0.270	支援服务	--  	6.710	
300382	斯莱克	0.46	57235932	15.21	15.14	0	37977	0.26	15.14	15.24	14.90	--  	2.64	2.25	0.07	专用机械	--  	0.000	
600868	梅雁吉祥	0.25	56793632	4.00	3.99	0	142170	0.00	3.99	4.02	3.97	--  	0.38	1.25	0.01	水力发电	--  	0.000	
000552	靖远煤电	1.17	56589396	3.46	3.42	0	163211	0.29	3.41	3.51	3.40	--  	0.58	3.22	0.04	煤炭开采	--  	0.000	
002196	方正电机	9.96	56114688	9.27	8.43	0	61834	0.00	8.64	9.27	8.64	--  	0.35	7.47	0.84	纺织机械	--  	0.000	
002283	天润曲轴	0.53	55928840	5.67	5.64	0	97290	0.00	5.72	5.88	5.66	--  	0.32	3.90	0.03	汽车配件	--  	0.000	
002530	金财互联	3.99	55844304	23.70	22.79	0	23666	-0.28	22.79	23.95	22.69	--  	0.07	5.53	0.91	专用机械	--  	0.000	
00066	港铁公司	0.11	55513400	45.650	45.600	500	1216894	0.11	45.450	45.750	45.450	--  	0.55	0.66	0.050	运输	--  	45.650	
300686	智动力	0.90	55403652	22.51	22.31	0	24569	-0.21	22.21	23.29	21.91	--  	0.00	6.19	0.20	元器件	--  	0.000	
02386	中石化炼化工程	1.46	55012728	6.950	6.850	500	7927500	0.00	6.820	6.970	6.800	--  	0.94	2.48	0.100	石油天然气	--  	6.950	
00932	御药堂（新）	-5.74	54961884	1.150	1.220	4000	46924000	0.00	1.220	1.220	1.140	275320	0.00	6.56	-0.070	医药医疗	232000	1.150	
603336	宏辉果蔬	9.98	54832740	23.25	21.14	0	23914	0.00	21.96	23.25	21.96	--  	0.95	6.10	2.11	农业综合	--  	0.000	
002247	帝龙文化	0.22	54763180	13.55	13.52	0	40062	0.22	13.58	13.90	13.30	--  	0.74	4.44	0.03	装修装饰	--  	0.000	
300518	盛讯达	1.47	54418684	51.82	51.07	0	10359	-0.20	51.02	53.47	50.56	--  	0.32	5.70	0.75	软件服务	--  	-0.000	
002747	埃斯顿	2.01	54271852	11.16	10.94	0	48486	0.00	11.00	11.37	10.96	--  	0.60	3.75	0.22	机械基件	--  	-0.000	
002073	软控股份	1.54	53816188	7.90	7.78	0	68203	0.13	7.78	7.98	7.74	--  	0.31	3.08	0.12	软件服务	--  	0.000	
03339	中国龙工	5.14	53577788	3.480	3.310	1000	15470000	0.00	3.370	3.500	3.370	--  	0.00	3.93	0.170	工业工程	--  	3.480	
00506	中国食品	1.60	53358640	4.440	4.370	2000	11908751	0.00	4.370	4.580	4.260	--  	0.00	7.32	0.070	食物饮品	--  	4.440	
002149	西部材料	1.32	52751724	9.22	9.10	0	57140	0.00	9.08	9.37	9.02	--  	0.00	3.85	0.12	小金属	--  	0.000	
601588	北辰实业	1.42	52693896	5.71	5.63	0	92562	0.00	5.59	5.72	5.59	--  	1.07	2.31	0.08	区域地产	--  	0.000	
603976	正川股份	0.04	52510772	27.49	27.48	0	19126	0.11	27.04	27.77	27.04	--  	0.00	2.66	0.01	医疗保健	--  	-0.000	
002306	*ST云网	2.66	52378328	4.63	4.51	0	112698	-0.42	4.73	4.73	4.57	--  	0.89	3.55	0.12	酒店餐饮	--  	0.000	
03883	中国奥园	5.12	51809824	4.110	3.910	1000	12678760	0.24	3.910	4.180	3.910	--  	0.00	6.91	0.200	地产	--  	4.110	
603308	应流股份	1.61	51644780	15.76	15.51	0	33103	0.38	15.50	15.84	15.36	--  	0.26	3.09	0.25	专用机械	--  	0.000	
01038	长江基建集团	0.83	51636936	66.900	66.350	500	775132	0.07	66.550	66.950	66.000	--  	1.00	1.43	0.550	公用事业	--  	66.900	
600978	宜华生活	1.16	51461456	8.69	8.59	0	59426	0.35	8.58	8.77	8.53	--  	0.64	2.79	0.10	家居用品	--  	-0.000	
02799	中国华融	-0.28	50458384	3.580	3.590	1000	14038094	-0.28	3.600	3.610	3.580	--  	0.00	0.84	-0.010	其他金融	--  	3.580	
603320	迪贝电气	0.67	49269912	25.53	25.36	0	19099	0.12	25.43	26.20	25.38	--  	0.00	3.23	0.17	机械基件	--  	0.000	
00267	中信股份	0.54	49257288	11.140	11.080	1000	4428320	0.00	11.040	11.140	11.020	--  	0.99	1.08	0.060	综合企业	--  	11.140	
600871	石化油服	0.37	49030768	2.68	2.67	0	182192	0.00	2.67	2.71	2.66	--  	0.00	1.87	0.01	石油开采	--  	0.000	
002890	弘宇股份	0.78	48999972	33.66	33.40	0	14595	0.15	33.70	34.50	32.90	--  	0.00	4.79	0.26	农用机械	--  	-0.000	
600054	黄山旅游	0.07	48842728	14.30	14.29	0	33998	-0.06	14.30	14.50	14.21	--  	1.33	2.03	0.01	旅游景点	--  	0.000	
000777	中核科技	0.95	48247688	14.85	14.71	0	32280	0.00	14.73	15.16	14.72	--  	0.54	2.99	0.14	机械基件	--  	0.000	
01363	中滔环保	3.60	48182164	1.440	1.390	2000	33826000	0.00	1.390	1.450	1.370	--  	0.83	5.76	0.050	公用事业	--  	1.440	
000567	海德股份	0.04	48077660	23.70	23.69	0	20225	0.04	23.65	24.03	23.61	--  	0.00	1.77	0.01	区域地产	--  	0.000	
600862	中航高科	0.31	48022736	9.61	9.58	0	49728	0.21	9.58	9.75	9.51	--  	0.12	2.51	0.03	航空	--  	-0.000	
000838	财信发展	0.34	48005800	5.84	5.82	0	82202	-0.16	5.78	5.99	5.77	--  	0.36	3.78	0.02	区域地产	--  	0.000	
03669	永达汽车	3.75	47881324	8.860	8.540	500	5448510	0.00	8.530	8.910	8.520	2552120	0.00	4.57	0.320	汽车	289000	8.860	
002800	天顺股份	0.96	47810376	31.48	31.18	0	15227	-0.15	31.00	32.25	30.68	--  	0.32	5.04	0.30	仓储物流	--  	-0.000	
00148	建滔化工	1.34	47359704	41.450	40.900	500	1148160	0.24	41.300	41.450	40.900	--  	1.45	1.34	0.550	工业工程	--  	41.450	
000014	沙河股份	0.28	47088156	10.77	10.74	0	43505	-0.08	10.74	11.10	10.60	--  	0.14	4.66	0.03	全国地产	--  	0.000	
002305	南国置业	1.10	47061420	4.58	4.53	0	102884	-0.21	4.52	4.64	4.49	--  	1.10	3.31	0.05	区域地产	--  	-0.000	
000422	湖北宜化	2.25	46921596	4.09	4.00	0	114984	0.49	4.00	4.14	3.99	--  	0.25	3.75	0.09	农药化肥	--  	0.000	
002554	惠博普	0.85	46803528	4.77	4.73	0	96952	-0.20	4.75	4.89	4.74	--  	0.53	3.17	0.04	石油开采	--  	-0.000	
000657	中钨高新	1.08	46735400	12.12	11.99	0	38239	-0.24	11.99	12.39	11.92	--  	0.00	3.92	0.13	小金属	--  	-0.000	
603330	上海天洋	0.86	46734224	35.30	35.00	0	13230	-0.07	34.81	35.89	34.81	--  	0.77	3.09	0.30	塑料	--  	-0.000	
00931	中国天然气	12.10	46722420	1.390	1.240	2000	33775664	0.00	1.240	1.430	1.240	--  	0.00	15.32	0.150	其他金融	--  	1.390	
02009	金隅股份	2.27	46532120	3.610	3.530	1000	12900876	0.00	3.560	3.640	3.530	--  	0.00	3.12	0.080	建筑	--  	3.610	
00189	东岳集团	3.42	45906464	5.440	5.260	1000	8486000	0.37	5.280	5.490	5.270	351380	0.00	4.18	0.180	原材料	65000	5.440	
300441	鲍斯股份	4.45	45834340	23.70	22.69	0	19222	0.42	22.72	24.88	22.69	--  	0.66	9.65	1.01	机床制造	--  	0.000	
000883	湖北能源	0.43	45799132	4.68	4.66	0	97742	0.00	4.65	4.73	4.63	--  	1.95	2.15	0.02	火力发电	--  	-0.000	
002848	高斯贝尔	1.57	45767040	14.89	14.66	0	30511	-0.12	14.65	15.28	14.56	--  	0.41	4.91	0.23	通信设备	--  	0.000	
00581	中国东方集团	0.68	45570092	5.910	5.870	2000	7720000	0.68	5.850	6.010	5.770	--  	2.20	4.09	0.040	一般金属	--  	5.910	
300471	厚普股份	0.32	45457420	12.60	12.56	0	35740	-0.15	12.64	12.95	12.56	--  	1.05	3.11	0.04	专用机械	--  	0.000	
600058	五矿发展	0.68	45415592	11.83	11.75	0	38197	-0.07	11.75	11.97	11.70	--  	0.68	2.30	0.08	商贸代理	--  	-0.000	
603050	科林电气	1.18	44823320	19.73	19.50	0	22508	-0.14	19.65	20.47	19.51	--  	1.07	4.92	0.23	电气设备	--  	-0.000	
002521	齐峰新材	2.50	44018076	9.01	8.79	0	48873	-0.10	8.78	9.07	8.78	--  	3.41	3.30	0.22	造纸	--  	0.000	
300100	双林股份	0.65	43912840	15.38	15.28	0	28492	-0.05	15.26	15.61	15.23	--  	0.13	2.49	0.10	汽车服务	--  	0.000	
600587	新华医疗	0.72	43899692	16.80	16.68	0	26121	-0.05	16.70	16.95	16.60	--  	0.27	2.10	0.12	医疗保健	--  	-0.000	
00535	金地商置	2.50	43781464	0.820	0.800	2000	53676232	1.23	0.800	0.840	0.790	--  	0.00	6.25	0.020	地产	--  	0.820	
603758	秦安股份	1.03	43644528	13.79	13.65	0	31700	-0.13	13.64	13.94	13.55	--  	0.00	2.86	0.14	汽车配件	--  	-0.000	
600420	现代制药	1.09	43558840	12.03	11.90	0	36138	-0.24	11.95	12.13	11.92	--  	1.09	1.76	0.13	化学制药	--  	-0.000	
300655	晶瑞股份	0.86	43525696	29.22	28.97	0	14728	-0.13	28.85	29.95	28.85	--  	0.69	3.80	0.25	化工原料	--  	-0.000	
601208	东材科技	2.27	43138216	6.30	6.16	0	68812	0.00	6.15	6.42	6.13	--  	1.62	4.71	0.14	化工原料	--  	0.000	
600593	大连圣亚	0.48	43054056	27.13	27.00	0	15942	0.67	26.98	27.27	26.70	--  	0.74	2.11	0.13	旅游服务	--  	-0.000	
00916	龙源电力	1.46	42797296	5.560	5.480	1000	7706542	0.00	5.490	5.600	5.490	--  	0.00	2.01	0.080	公用事业	--  	5.560	
000518	四环生物	4.33	42649628	6.98	6.69	0	60908	0.14	6.72	7.15	6.72	--  	0.43	6.43	0.29	生物制药	--  	0.000	
00179	德昌电机控股	0.48	42618004	31.100	30.950	500	1379896	0.16	30.950	31.150	30.600	--  	0.55	1.78	0.150	汽车	--  	31.100	
603011	合锻智能	0.54	42499392	11.10	11.04	0	38117	0.09	11.00	11.23	10.93	--  	0.45	2.72	0.06	机床制造	--  	0.000	
300398	飞凯材料	0.14	42084884	20.76	20.73	0	20062	0.00	20.76	21.20	20.70	--  	0.12	2.41	0.03	染料涂料	--  	0.000	
600367	红星发展	0.36	42060592	11.06	11.02	0	37779	0.00	11.02	11.22	11.01	--  	0.15	1.91	0.04	化工原料	--  	0.000	
300284	苏交科	1.14	41955844	15.96	15.78	0	26424	0.25	15.80	16.04	15.65	--  	0.86	2.47	0.18	建筑施工	--  	0.000	
002006	精功科技	1.84	41743368	7.20	7.07	0	58046	0.00	7.20	7.26	7.07	--  	0.28	2.69	0.13	专用机械	--  	-0.000	
603339	四方冷链	0.09	41671888	23.22	23.20	0	17869	0.09	23.17	23.64	22.99	--  	0.78	2.80	0.02	专用机械	--  	-0.000	
002682	龙洲股份	1.73	41533448	11.18	10.99	0	37328	0.27	11.04	11.22	10.96	--  	0.68	2.37	0.19	公路	--  	0.000	
300028	金亚科技	2.02	41496944	5.06	4.96	0	82011	0.20	4.99	5.15	4.97	--  	1.40	3.63	0.10	通信设备	--  	-0.000	
01628	禹洲地产	3.39	41239456	3.960	3.830	1000	10478000	0.00	3.850	3.970	3.840	--  	2.15	3.39	0.130	地产	--  	3.960	
00123	越秀地产	1.40	40787536	1.450	1.430	2000	27963688	0.00	1.430	1.480	1.430	--  	2.76	3.50	0.020	地产	--  	1.450	
300001	特锐德	1.79	40604164	13.62	13.38	0	30037	0.07	13.42	13.66	13.34	--  	0.15	2.39	0.24	电气设备	--  	-0.000	
300012	华测检测	0.45	40219360	4.48	4.46	0	89138	-0.21	4.43	4.56	4.42	--  	0.57	3.14	0.02	电器仪表	--  	0.000	
600069	银鸽投资	0.12	40209316	8.48	8.47	0	47527	0.24	8.45	8.49	8.43	--  	0.00	0.71	0.01	造纸	--  	-0.000	
603843	正平股份	2.17	39939156	14.59	14.28	0	27501	0.07	14.35	14.89	14.15	--  	0.25	5.18	0.31	建筑施工	--  	0.000	
300514	友讯达	0.40	39748232	27.78	27.67	0	14254	0.22	27.75	28.35	27.45	--  	0.00	3.25	0.11	通信设备	--  	0.000	
603345	安井食品	1.05	39611176	24.05	23.80	0	16464	-0.16	23.84	24.36	23.76	--  	1.04	2.52	0.25	食品	--  	-0.000	
000959	首钢股份	0.17	39531300	5.82	5.81	0	67299	0.00	5.82	5.92	5.79	--  	0.17	2.24	0.01	普钢	--  	0.000	
603226	菲林格尔	1.14	39510440	30.29	29.95	0	13229	0.17	29.68	30.31	29.48	--  	0.58	2.77	0.34	家居用品	--  	0.000	
01387	人和商业	25.00	39486196	0.265	0.212	2000	175882000	0.00	0.210	0.270	0.209	--  	0.00	28.77	0.053	地产	--  	0.265	
603331	百达精工	0.74	39433840	19.18	19.04	0	20509	0.26	18.92	19.38	18.92	--  	0.00	2.42	0.14	专用机械	--  	0.000	
000603	盛达矿业	1.13	39367604	11.67	11.54	0	33651	0.26	11.49	11.84	11.46	--  	4.33	3.29	0.13	铅锌	--  	0.000	
002498	汉缆股份	0.91	39266776	3.34	3.31	0	117280	-0.29	3.33	3.40	3.32	--  	1.09	2.42	0.03	电气设备	--  	-0.000	
00836	华润电力	0.14	39241548	14.380	14.360	2000	2721514	0.14	14.440	14.520	14.320	--  	0.87	1.39	0.020	公用事业	--  	14.380	
603399	新华龙	0.88	38917800	14.90	14.77	0	26149	0.07	14.79	14.97	14.73	--  	0.11	1.62	0.13	小金属	--  	-0.000	
002077	大港股份	0.20	38660420	15.04	15.01	0	25732	0.00	14.70	15.12	14.70	--  	0.24	2.80	0.03	区域地产	--  	-0.000	
002795	永和智控	1.61	38482692	15.82	15.57	0	24104	0.00	15.52	16.36	15.52	--  	1.61	5.39	0.25	机械基件	--  	-0.000	
600096	云天化	0.14	38376512	7.09	7.08	0	53877	0.00	7.04	7.20	7.01	--  	1.21	2.68	0.01	农药化肥	--  	0.000	
603825	华扬联众	1.03	37813296	30.27	29.96	0	12651	0.67	29.78	30.33	29.42	--  	0.00	3.04	0.31	互联网	--  	0.000	
603577	汇金通	1.35	37782180	13.50	13.32	0	28067	0.07	13.32	13.60	13.24	--  	0.83	2.70	0.18	钢加工	--  	0.000	
300226	上海钢联	0.71	37769720	36.64	36.38	0	10271	0.00	36.68	37.00	36.30	--  	0.05	1.92	0.26	互联网	--  	-0.000	
002885	京泉华	0.24	37755900	33.88	33.80	0	11090	-0.02	33.64	34.29	33.64	--  	0.00	1.92	0.08	元器件	--  	0.000	
002588	史丹利	1.35	37562504	6.76	6.67	0	55733	0.15	6.68	6.83	6.65	--  	1.50	2.70	0.09	农药化肥	--  	0.000	
00680	南海控股	0.00	37123100	0.255	0.255	50000	144630000	-1.92	0.255	0.260	0.250	--  	0.00	3.92	0.000	媒体及娱乐	--  	0.255	
00083	信和置业	1.18	36959608	13.700	13.540	2000	2706841	0.00	13.600	13.700	13.540	--  	2.92	1.18	0.160	地产	--  	13.700	
00951	超威动力	7.05	36894532	4.100	3.830	1000	9204000	1.23	3.830	4.110	3.830	--  	0.00	7.31	0.270	工业工程	--  	4.100	
00161	中航国际控股	6.47	36820620	8.060	7.570	2000	4574000	0.62	7.810	8.330	7.790	--  	0.00	7.13	0.490	工业工程	--  	8.060	
000698	沈阳化工	0.86	36538752	5.87	5.82	0	62192	0.00	5.83	5.91	5.81	--  	1.12	1.72	0.05	化工原料	--  	-0.000	
08137	洪桥集团	13.84	36365720	1.810	1.590	2000	20740000	0.56	1.590	1.840	1.590	913980	0.00	15.72	0.220	工业工程	522000	1.810	
603728	鸣志电器	0.08	36322632	23.93	23.91	0	15252	0.25	23.71	24.10	23.54	--  	0.00	2.34	0.02	电气设备	--  	0.000	
600802	福建水泥	0.28	36241204	7.24	7.22	0	50249	0.00	7.18	7.30	7.11	--  	0.15	2.63	0.02	水泥	--  	-0.000	
00508	鼎亿集团投资	18.75	35844452	0.760	0.640	5000	49370000	1.33	0.660	0.760	0.650	--  	0.00	17.19	0.120	其他金融	--  	0.760	
000404	华意压缩	0.48	35714040	6.22	6.19	0	57502	-0.31	6.19	6.25	6.15	--  	0.52	1.62	0.03	专用机械	--  	-0.000	
002810	山东赫达	0.17	35626764	23.80	23.76	0	14899	-0.03	23.69	24.20	23.55	--  	0.21	2.74	0.04	化工原料	--  	-0.000	
300476	胜宏科技	0.59	35518008	23.80	23.66	0	14991	0.63	23.66	23.85	23.43	--  	1.27	1.78	0.14	元器件	--  	-0.000	
603580	艾艾精工	1.27	35310336	30.22	29.84	0	11690	0.07	29.78	30.68	29.71	--  	0.00	3.25	0.38	化工原料	--  	-0.000	
002519	银河电子	3.36	35234784	6.15	5.95	0	58126	0.00	6.03	6.20	5.94	--  	1.48	4.37	0.20	通信设备	--  	0.000	
603721	中广天择	0.04	35175776	27.05	27.04	0	12998	0.00	26.80	27.47	26.60	--  	0.00	3.22	0.01	影视音像	--  	-0.000	
300430	诚益通	5.70	35085956	20.59	19.48	0	17149	-0.38	19.61	21.21	19.43	--  	0.00	9.14	1.11	电器仪表	--  	0.000	
600400	红豆股份	0.28	35067288	7.20	7.18	0	48954	0.56	7.17	7.22	7.10	--  	1.27	1.67	0.02	服饰	--  	-0.000	
600984	建设机械	0.79	34819152	6.39	6.34	0	54774	-0.30	6.30	6.41	6.30	--  	0.70	1.74	0.05	工程机械	--  	-0.000	
603819	神力股份	1.20	34693788	16.85	16.65	0	20374	-0.05	16.41	17.77	16.34	--  	0.72	8.59	0.20	电气设备	--  	0.000	
00425	敏实集团	1.20	34617764	46.450	45.900	2000	749844	0.65	45.900	46.450	45.650	--  	0.00	1.74	0.550	汽车	--  	46.450	
600070	浙江富润	0.32	34615396	9.41	9.38	0	36840	0.32	9.37	9.52	9.34	--  	1.07	1.92	0.03	纺织	--  	-0.000	
300237	美晨生态	2.34	34028532	16.16	15.79	0	21269	0.44	15.87	16.18	15.76	--  	0.38	2.66	0.37	建筑施工	--  	-0.000	
600039	四川路桥	0.50	33893504	4.04	4.02	0	84247	0.25	4.02	4.05	4.00	--  	1.04	1.24	0.02	建筑施工	--  	-0.000	
002712	思美传媒	2.79	33820768	22.88	22.26	0	14839	0.26	22.37	23.05	22.26	--  	0.31	3.55	0.62	广告包装	--  	-0.000	
300670	大烨智能	0.59	33570972	22.10	21.97	0	15150	0.00	21.99	22.47	21.94	--  	0.00	2.41	0.13	电气设备	--  	0.000	
03933	联邦制药	2.75	33543762	6.360	6.190	2000	5222000	0.32	6.280	6.530	6.260	--  	0.00	4.36	0.170	医药医疗	--  	6.360	
002793	东音股份	3.01	33418340	15.42	14.97	0	21776	-0.05	14.97	15.71	14.81	--  	2.00	6.01	0.45	专用机械	--  	0.000	
000536	华映科技	0.22	33354652	4.62	4.61	0	72112	0.00	4.61	4.67	4.59	--  	2.17	1.74	0.01	元器件	--  	-0.000	
01499	前进控股集团	14.04	33076822	0.325	0.285	10000	105362000	1.56	0.285	0.335	0.280	--  	0.00	19.30	0.040	建筑	--  	0.325	
600075	新疆天业	0.27	32817256	7.44	7.42	0	44002	0.13	7.42	7.51	7.38	--  	0.96	1.75	0.02	化工原料	--  	0.000	
000700	模塑科技	1.44	32357020	5.64	5.56	0	57607	0.18	5.59	5.68	5.54	--  	1.98	2.52	0.08	汽车配件	--  	-0.000	
600312	平高电气	0.42	32356084	9.67	9.63	0	33435	0.00	9.64	9.71	9.63	--  	6.23	0.83	0.04	电气设备	--  	0.000	
01818	招金矿业	1.01	32174866	6.020	5.960	500	5298412	-0.33	6.010	6.140	6.010	--  	0.00	2.18	0.060	黄金贵金属	--  	6.020	
000576	广东甘化	0.29	32167978	17.05	17.00	0	18966	0.29	16.88	17.15	16.83	--  	0.00	1.88	0.05	造纸	--  	-0.000	
00881	中升控股	4.12	32090180	17.180	16.500	500	1892072	0.23	16.900	17.180	16.740	--  	0.00	2.67	0.680	汽车	--  	17.180	
600781	辅仁药业	2.44	32055952	20.97	20.47	0	15292	-0.04	20.43	21.29	20.42	--  	0.00	4.25	0.50	中成药	--  	-0.000	
03326	保发集团	3.49	31727762	3.260	3.150	3000	9810000	-0.31	3.120	3.300	3.120	--  	0.92	5.71	0.110	纺织服饰	--  	3.260	
600067	冠城大通	0.32	31699058	6.33	6.31	0	50029	-0.15	6.33	6.38	6.29	--  	1.58	1.43	0.02	全国地产	--  	-0.000	
600444	国机通用	3.77	31251292	14.87	14.33	0	20919	0.20	14.42	15.31	14.28	--  	0.00	7.19	0.54	塑料	--  	-0.000	
03301	融信中国	0.81	31179032	8.670	8.600	500	3585500	-0.91	8.590	8.760	8.550	--  	0.00	2.44	0.070	地产	--  	8.670	
000952	广济药业	0.75	30782336	14.68	14.57	0	21060	0.00	14.57	14.80	14.46	--  	0.69	2.33	0.11	化学制药	--  	0.000	
000722	湖南发展	2.05	30717886	8.98	8.80	0	33853	0.00	8.74	9.35	8.74	--  	0.57	6.93	0.18	水力发电	--  	-0.000	
00750	兴业太阳能	1.49	30670086	3.410	3.360	1000	9058817	0.00	3.370	3.450	3.330	317100	0.00	3.57	0.050	建筑	93000	3.410	
603803	瑞斯康达	0.78	30578674	18.15	18.01	0	16892	-0.05	17.97	18.31	17.84	--  	0.00	2.61	0.14	通信设备	--  	-0.000	
002847	盐津铺子	0.55	30335798	25.55	25.41	0	11782	0.00	25.41	26.08	25.41	--  	0.79	2.64	0.14	食品	--  	-0.000	
00020	会德丰	1.40	29929598	54.450	53.700	1000	551498	0.28	53.950	54.900	53.700	--  	0.87	2.23	0.750	地产	--  	54.450	
300258	精锻科技	0.34	29822512	14.70	14.65	0	20274	0.27	14.66	14.81	14.48	--  	0.68	2.25	0.05	汽车配件	--  	-0.000	
300426	唐德影视	0.95	29785766	19.05	18.87	0	15597	0.16	18.99	19.30	18.75	--  	0.24	2.91	0.18	影视音像	--  	-0.000	
02380	中国电力	1.00	29650422	2.030	2.010	1000	14579072	-0.49	2.010	2.050	2.010	--  	0.00	1.99	0.020	公用事业	--  	2.030	
600202	哈空调	0.65	29635750	6.16	6.12	0	47940	0.16	6.12	6.34	6.06	--  	0.29	4.58	0.04	电气设备	--  	-0.000	
002820	桂发祥	0.20	29537996	25.52	25.47	0	11499	-0.03	25.48	26.00	25.35	--  	0.98	2.55	0.05	食品	--  	0.000	
002169	智光电气	1.39	29477760	5.12	5.05	0	58100	0.20	5.05	5.12	5.01	--  	1.78	2.18	0.07	电气设备	--  	-0.000	
300484	蓝海华腾	2.84	29375412	21.70	21.10	0	13627	0.18	21.21	21.85	21.11	--  	0.71	3.51	0.60	电气设备	--  	0.000	
00604	深圳控股	1.25	29259232	3.250	3.210	2000	9001632	0.00	3.210	3.280	3.200	--  	2.15	2.49	0.040	地产	--  	3.250	
603878	武进不锈	0.91	29255582	16.70	16.55	0	17521	-0.05	16.47	16.84	16.47	--  	1.10	2.24	0.15	钢加工	--  	0.000	
002870	香山股份	0.39	29244996	25.78	25.68	0	11199	-0.38	25.52	26.94	25.38	--  	0.00	6.07	0.10	电器仪表	--  	0.000	
00699	神州租车	3.42	29170998	6.950	6.720	1000	4243764	-0.14	6.800	6.970	6.720	--  	0.00	3.72	0.230	酒店及消闲	--  	6.950	
06818	中国光大银行	0.27	29147788	3.650	3.640	1000	7965428	0.27	3.650	3.670	3.630	--  	0.00	1.10	0.010	银行	--  	3.650	
603029	天鹅股份	0.91	28876970	19.96	19.78	0	14376	0.10	19.70	20.55	19.63	--  	0.46	4.65	0.18	农用机械	--  	-0.000	
00316	东方海外国际	0.33	28850652	75.450	75.200	500	382000	-0.07	75.300	76.200	75.300	--  	0.22	1.20	0.250	工用运输	--  	75.450	
300660	江苏雷利	0.04	28326416	66.80	66.77	0	4241	0.10	66.75	67.19	66.51	--  	0.00	1.02	0.03	电气设备	--  	0.000	
002639	雪人股份	1.24	28273584	8.15	8.05	0	34888	0.12	8.06	8.22	8.01	--  	0.18	2.61	0.10	专用机械	--  	-0.000	
300281	金明精机	2.38	28048662	12.90	12.60	0	22130	-0.14	12.61	12.92	12.31	--  	0.35	4.84	0.30	专用机械	--  	-0.000	
01458	周黑鸭	1.36	28008606	7.470	7.370	500	3755000	0.00	7.370	7.500	7.340	--  	0.00	2.17	0.100	食物饮品	--  	7.470	
01060	阿里影业	2.02	27871124	1.010	0.990	10000	28073272	-0.98	0.990	1.020	0.960	--  	0.00	6.06	0.020	媒体及娱乐	--  	1.010	
603238	诺邦股份	0.35	27770678	22.65	22.57	0	12137	0.00	22.65	23.21	22.58	--  	0.44	2.79	0.08	纺织	--  	-0.000	
603958	哈森股份	0.95	27584378	13.82	13.69	0	19902	0.29	13.76	14.03	13.63	--  	1.90	2.92	0.13	服饰	--  	-0.000	
002667	鞍重股份	0.06	27534412	16.58	16.57	0	16530	0.00	16.57	16.81	16.43	--  	0.06	2.29	0.01	工程机械	--  	-0.000	
00081	中国海外宏洋集团	4.69	27503692	4.240	4.050	1000	6504000	-0.24	4.080	4.380	4.060	--  	0.24	7.90	0.190	地产	--  	4.240	
603638	艾迪精密	0.71	27284372	32.71	32.48	0	8325	-0.26	32.70	33.20	32.40	--  	0.92	2.46	0.23	专用机械	--  	-0.000	
00956	新天绿色能源	3.50	27180330	2.070	2.000	1000	13179000	-0.48	2.000	2.090	1.990	--  	0.00	5.00	0.070	公用事业	--  	2.070	
300487	蓝晓科技	1.27	27020414	16.81	16.60	0	15894	-0.11	16.72	17.20	16.61	--  	0.34	3.55	0.21	化工原料	--  	-0.000	
07200	ＦＬ二南方恒指	0.35	26870690	11.440	11.400	100	2350800	0.35	11.480	11.500	11.380	11421721	0.00	1.05	0.040		1000000	11.440	
00777	网龙	2.50	26729166	20.500	20.000	500	1325500	0.49	20.200	20.500	19.980	--  	0.00	2.60	0.500	软件服务	--  	20.500	
600479	千金药业	0.66	26173934	13.77	13.68	0	18991	-0.13	13.79	13.87	13.69	--  	1.46	1.32	0.09	中成药	--  	0.000	
02362	金川国际	1.69	25919992	1.200	1.180	1000	21567000	0.84	1.180	1.230	1.170	65340	0.00	5.08	0.020	一般金属	54000	1.200	
000708	大冶特钢	0.63	25893252	11.24	11.17	0	22991	0.00	11.20	11.37	11.13	--  	1.79	2.15	0.07	特种钢	--  	-0.000	
600399	抚顺特钢	0.18	25819618	5.48	5.47	0	46947	-0.17	5.47	5.54	5.46	--  	0.64	1.46	0.01	特种钢	--  	0.000	
01317	枫叶教育	1.00	25815552	9.080	8.990	2000	2843000	-0.22	8.900	9.190	8.900	--  	0.95	3.23	0.090	支援服务	--  	9.080	
00069	香格里拉（亚洲）	0.00	25799916	16.300	16.300	2000	1581427	0.12	16.400	16.400	16.240	--  	0.37	0.98	0.000	酒店及消闲	--  	16.300	
000099	中信海直	1.34	25775674	9.10	8.98	0	28629	1.45	8.91	9.10	8.91	--  	0.84	2.12	0.12	空运	--  	0.000	
00877	昂纳科技集团	4.21	25427432	4.950	4.750	1000	5133000	0.00	4.790	5.030	4.760	575660	0.00	5.68	0.200	信息器材	117000	4.950	
002096	南岭民爆	0.24	25323648	8.31	8.29	0	30539	1.34	8.25	8.44	8.18	--  	0.48	3.14	0.02	化工原料	--  	0.000	
300632	光莆股份	0.46	25164228	21.70	21.60	0	11619	0.37	21.51	22.00	21.30	--  	0.00	3.24	0.10	半导体	--  	0.000	
002480	新筑股份	0.28	25063068	7.12	7.10	0	35142	-0.27	7.07	7.22	7.06	--  	0.28	2.25	0.02	机械基件	--  	-0.000	
300319	麦捷科技	0.61	24911664	6.63	6.59	0	37983	0.15	6.58	6.65	6.47	--  	0.70	2.73	0.04	元器件	--  	0.000	
002802	洪汇新材	0.75	24656758	28.12	27.91	0	8754	0.00	27.90	28.67	27.70	--  	0.54	3.48	0.21	化工原料	--  	0.000	
603987	康德莱	1.09	24620400	12.08	11.95	0	20717	1.77	11.94	12.15	11.79	--  	0.84	3.01	0.13	医疗保健	--  	-0.000	
00603	中油燃气	13.24	24442034	0.770	0.680	20000	32667680	1.32	0.690	0.780	0.690	--  	0.00	13.24	0.090	公用事业	--  	0.770	
002749	国光股份	1.36	24259978	63.98	63.12	0	3803	0.68	63.14	64.57	63.00	--  	4.75	2.49	0.86	农药化肥	--  	-0.000	
600126	杭钢股份	0.30	24150678	6.73	6.71	0	35757	0.00	6.70	6.79	6.70	--  	0.02	1.34	0.02	普钢	--  	0.000	
002811	亚泰国际	1.11	24094084	19.16	18.95	0	12580	-0.15	18.89	19.28	18.85	--  	1.06	2.27	0.21	装修装饰	--  	-0.000	
000608	阳光股份	0.47	24013162	6.47	6.44	0	37353	0.15	6.44	6.47	6.37	--  	0.47	1.55	0.03	区域地产	--  	-0.000	
300507	苏奥传感	1.52	23920566	26.80	26.40	0	8892	-0.14	26.60	27.28	26.50	--  	0.63	2.95	0.40	汽车配件	--  	-0.000	
300586	美联新材	1.06	23889726	25.73	25.46	0	9282	0.47	25.53	26.08	25.50	--  	0.79	2.28	0.27	化工原料	--  	-0.000	
002803	吉宏股份	1.73	23866108	43.53	42.79	0	5458	0.02	42.79	44.18	42.45	--  	0.28	4.04	0.74	广告包装	--  	-0.000	
002109	兴化股份	1.03	23665214	6.85	6.78	0	34578	0.00	6.79	6.89	6.78	--  	0.75	1.62	0.07	化工原料	--  	-0.000	
000955	欣龙控股	0.30	23551918	6.74	6.72	0	34989	-0.14	6.69	6.83	6.66	--  	0.00	2.53	0.02	纺织	--  	-0.000	
00819	天能动力	2.65	23449132	6.970	6.790	2000	3406000	0.43	6.790	6.990	6.700	--  	0.00	4.27	0.180	工业工程	--  	6.970	
603269	海鸥股份	0.95	23309808	23.40	23.18	0	9980	-0.16	23.28	23.47	23.06	--  	0.00	1.77	0.22	机械基件	--  	-0.000	
00038	第一拖拉机股份	6.99	23108442	3.520	3.290	2000	6514000	0.28	3.600	3.600	3.500	--  	0.00	3.04	0.230	工业工程	--  	3.520	
600721	百花村	1.95	23046420	10.45	10.25	0	22047	-0.37	10.31	10.58	10.18	--  	0.15	3.90	0.20	生物制药	--  	-0.000	
603555	贵人鸟	0.12	23027728	17.27	17.25	0	13283	0.17	17.17	17.50	17.09	--  	2.61	2.38	0.02	服饰	--  	0.000	
300636	同和药业	0.49	23023252	30.80	30.65	0	7498	-0.05	30.50	30.99	30.30	--  	0.00	2.25	0.15	化学制药	--  	-0.000	
002620	瑞和股份	0.11	22995836	9.39	9.38	0	24279	-0.10	9.37	9.65	9.35	--  	1.07	3.20	0.01	装修装饰	--  	0.000	
300622	博士眼镜	1.06	22979012	25.78	25.51	0	8928	0.04	25.50	26.40	25.20	--  	0.78	4.70	0.27	其他商业	--  	0.000	
002595	豪迈科技	0.69	22786728	19.09	18.96	0	11987	-0.25	18.90	19.16	18.75	--  	1.98	2.16	0.13	专用机械	--  	0.000	
00751	创维数码	2.15	22713762	3.320	3.250	2000	6862000	-0.30	3.270	3.350	3.230	--  	0.00	3.69	0.070	家电及用品	--  	3.320	
002869	金溢科技	0.40	22671998	30.45	30.33	0	7407	-0.15	30.60	30.88	30.33	--  	0.66	1.81	0.12	通信设备	--  	0.000	
601126	四方股份	1.18	22429848	7.74	7.65	0	28842	0.13	7.64	7.86	7.61	--  	2.33	3.27	0.09	电气设备	--  	-0.000	
300235	方直科技	0.71	22389676	11.41	11.33	0	19525	0.18	11.39	11.68	11.25	--  	0.13	3.80	0.08	软件服务	--  	-0.000	
002367	康力电梯	0.59	22318566	8.51	8.46	0	26298	0.12	8.46	8.54	8.42	--  	1.18	1.42	0.05	运输设备	--  	0.000	
002796	世嘉科技	0.88	22294848	28.80	28.55	0	7722	-0.09	28.50	29.70	28.17	--  	1.03	5.36	0.25	专用机械	--  	-0.000	
601368	绿城水务	1.45	22251744	9.08	8.95	0	24476	0.11	8.99	9.18	8.96	--  	1.33	2.46	0.13	水务	--  	-0.000	
00520	呷哺呷哺	1.57	22162674	14.220	14.000	500	1543000	0.14	14.260	14.740	14.060	171830	0.56	4.86	0.220	酒店及消闲	12000	14.220	
002380	科远股份	2.14	22106174	16.71	16.36	0	13430	-0.05	16.35	16.73	16.17	--  	0.61	3.42	0.35	电气设备	--  	-0.000	
600749	西藏旅游	2.40	22062340	19.64	19.18	0	11340	0.00	19.18	19.70	19.03	--  	0.13	3.49	0.46	旅游景点	--  	-0.000	
01966	中骏置业	2.85	21996944	3.250	3.160	1000	6771000	0.00	3.160	3.290	3.160	--  	1.85	4.11	0.090	地产	--  	3.250	
603558	健盛集团	0.49	21836068	12.29	12.23	0	17627	0.16	12.18	12.58	12.18	--  	0.73	3.27	0.06	纺织	--  	-0.000	
002170	芭田股份	0.78	21707240	6.43	6.38	0	33696	-0.15	6.38	6.54	6.34	--  	0.63	3.13	0.05	农药化肥	--  	-0.000	
600618	氯碱化工	0.19	21659536	10.77	10.75	0	20092	0.09	10.79	10.85	10.71	--  	0.05	1.30	0.02	化工原料	--  	0.000	
01053	重庆钢铁股份	5.43	21377214	1.940	1.840	2000	10853600	1.04	1.840	2.110	1.840	--  	0.00	14.67	0.100	一般金属	--  	1.940	
00023	东亚银行	0.15	21348830	33.500	33.450	200	639384	0.30	33.250	33.600	33.100	--  	2.03	1.49	0.050	银行	--  	33.500	
600836	界龙实业	1.20	21347040	5.06	5.00	0	42276	0.40	5.00	5.08	5.00	--  	0.20	1.60	0.06	广告包装	--  	-0.000	
01233	时代地产	1.29	21272858	7.090	7.000	1000	2957060	-1.25	7.080	7.300	7.030	591040	0.00	3.86	0.090	地产	82000	7.090	
002184	海得控制	2.86	21244774	12.24	11.90	0	17474	0.33	11.90	12.32	11.81	--  	0.84	4.29	0.34	软件服务	--  	-0.000	
002817	黄山胶囊	0.07	21094474	30.66	30.64	0	6853	-0.12	30.55	31.18	30.30	--  	0.42	2.87	0.02	化学制药	--  	-0.000	
300573	兴齐眼药	0.49	20947348	24.45	24.33	0	8583	-0.28	24.30	24.81	24.05	--  	0.51	3.12	0.12	化学制药	--  	0.000	
300472	新元科技	0.60	20812136	28.65	28.48	0	7304	0.14	28.05	28.80	28.02	--  	0.12	2.74	0.17	专用机械	--  	-0.000	
300593	新雷能	0.05	20613864	21.30	21.29	0	9742	-0.08	21.19	21.38	20.97	--  	0.33	1.93	0.01	电气设备	--  	-0.000	
603701	德宏股份	1.23	20609344	18.91	18.68	0	10950	-0.15	18.64	19.10	18.51	--  	0.67	3.16	0.23	汽车配件	--  	-0.000	
600805	悦达投资	0.17	20592488	6.06	6.05	0	34056	0.33	6.03	6.09	6.00	--  	1.65	1.49	0.01	综合类	--  	-0.000	
000601	韶能股份	0.14	20525294	7.19	7.18	0	28610	0.42	7.11	7.22	7.10	--  	2.79	1.67	0.01	水力发电	--  	0.000	
002679	福建金森	0.53	20211440	21.00	20.89	0	9627	-0.09	20.90	21.18	20.81	--  	0.37	1.77	0.11	林业	--  	0.000	
603416	信捷电气	0.10	20101316	30.90	30.87	0	6500	0.06	30.87	31.20	30.73	--  	0.42	1.52	0.03	电气设备	--  	-0.000	
00525	广深铁路股份	1.23	19977082	4.920	4.860	2000	4084210	0.82	4.860	4.950	4.830	--  	0.00	2.47	0.060	运输	--  	4.920	
600381	青海春天	0.10	19974828	10.40	10.39	0	19245	0.29	10.37	10.46	10.27	--  	0.00	1.83	0.01	医疗保健	--  	-0.000	
00173	嘉华国际	0.71	19748584	4.250	4.220	1000	4651065	0.24	4.200	4.280	4.200	--  	1.18	1.90	0.030	地产	--  	4.250	
300234	开尔新材	0.67	19651324	9.00	8.94	0	21790	0.22	8.87	9.11	8.87	--  	0.11	2.68	0.06	陶瓷	--  	0.000	
01717	澳优	7.39	19415390	4.650	4.330	1000	4349978	1.09	4.330	4.680	4.330	260450	0.00	8.08	0.320	食物饮品	58000	4.650	
603089	正裕工业	0.26	19153126	23.29	23.23	0	8268	0.26	23.10	23.50	22.85	--  	1.29	2.80	0.06	汽车配件	--  	0.000	
300600	瑞特股份	2.18	19080154	43.56	42.63	0	4444	0.02	42.64	43.65	42.03	--  	1.06	3.80	0.93	电气设备	--  	0.000	
00024	宝威控股	4.76	19047460	0.330	0.315	2000	57038000	-1.49	0.320	0.345	0.315	--  	0.00	9.52	0.015	一般金属	--  	0.330	
603041	美思德	0.27	18988440	21.94	21.88	0	8649	0.27	21.96	22.13	21.80	--  	0.00	1.51	0.06	化工原料	--  	0.000	
002633	申科股份	2.28	18887960	11.64	11.38	0	16386	0.34	11.38	11.73	11.31	--  	1.17	3.69	0.26	机械基件	--  	0.000	
02099	中国黄金国际	1.99	18875354	13.300	13.040	100	1414400	0.15	13.200	13.480	13.200	1336	0.00	2.15	0.260	黄金贵金属	100	13.300	
002805	丰元股份	0.14	18854636	28.80	28.76	0	6501	0.10	28.69	29.28	28.55	--  	0.19	2.54	0.04	化工原料	--  	-0.000	
01982	南旋控股	2.41	18843540	3.400	3.320	2000	5600000	0.29	3.320	3.400	3.300	--  	1.47	3.01	0.080	纺织服饰	--  	3.400	
01666	同仁堂科技	2.03	18835480	11.040	10.820	1000	1719000	0.00	10.800	11.140	10.800	--  	0.00	3.14	0.220	医药医疗	--  	11.040	
00486	俄铝	0.95	18050884	5.330	5.280	1000	3388400	0.38	5.370	5.370	5.270	1843830	2.89	1.89	0.050	一般金属	346000	5.330	
002275	桂林三金	0.25	18028042	16.09	16.05	0	11183	0.12	16.09	16.24	16.02	--  	2.49	1.37	0.04	中成药	--  	0.000	
01293	广汇宝信	3.51	18009526	3.830	3.700	500	4741628	1.32	3.650	3.870	3.650	--  	0.00	5.95	0.130	汽车	--  	3.830	
002406	远东传动	0.42	18001920	7.13	7.10	0	25283	0.00	7.10	7.16	7.06	--  	2.11	1.41	0.03	汽车配件	--  	0.000	
600792	云煤能源	0.72	17670224	4.20	4.17	0	41854	0.00	4.16	4.27	4.14	--  	0.00	3.12	0.03	焦炭加工	--  	-0.000	
002452	长高集团	0.99	17639266	6.14	6.08	0	28656	0.33	6.14	6.20	6.12	--  	0.82	1.32	0.06	电气设备	--  	-0.000	
01439	移动互联（中国）	3.41	17513050	2.120	2.050	5000	8365000	0.00	2.050	2.120	2.040	--  	0.00	3.90	0.070	工用支援	--  	2.120	
002471	中超控股	0.50	17397928	4.05	4.03	0	42887	0.25	4.01	4.10	4.00	--  	0.25	2.48	0.02	电气设备	--  	0.000	
02768	佳源国际控股	0.15	17210060	6.710	6.700	2000	2564000	-0.15	6.740	6.750	6.680	--  	0.00	1.04	0.010	地产	--  	6.710	
603985	恒润股份	0.08	17138940	36.62	36.59	0	4682	-0.04	36.34	36.94	36.28	--  	0.00	1.80	0.03	机械基件	--  	-0.000	
00606	中国粮油控股	0.59	17132520	3.390	3.370	1000	5039381	-0.59	3.370	3.430	3.370	--  	1.18	1.78	0.020	农业产品	--  	3.390	
603768	常青股份	0.17	16949808	18.11	18.08	0	9378	0.06	18.01	18.26	17.90	--  	0.00	1.99	0.03	汽车配件	--  	0.000	
300123	太阳鸟	0.08	16941776	11.87	11.86	0	14204	-0.24	11.89	12.07	11.78	--  	0.09	2.45	0.01	船舶	--  	-0.000	
300119	瑞普生物	1.64	16929932	11.77	11.58	0	14424	0.00	11.60	11.82	11.60	--  	1.30	1.90	0.19	生物制药	--  	0.000	
00345	VITASOY INT'L	0.49	16900600	20.450	20.350	2000	828000	0.00	20.350	20.500	20.350	--  	0.19	0.74	0.100	食物饮品	--  	20.450	
300606	金太阳	0.03	16859914	33.88	33.87	0	4937	-0.11	33.80	34.80	33.46	--  	0.00	3.96	0.01	矿物制品	--  	0.000	
603360	百傲化学	0.14	16747948	21.31	21.28	0	7849	0.05	21.15	21.50	21.11	--  	4.70	1.83	0.03	化工原料	--  	-0.000	
002671	龙泉股份	1.48	16719301	6.84	6.74	0	24526	0.15	6.77	6.87	6.74	--  	0.18	1.93	0.10	其他建材	--  	0.000	
002165	红 宝 丽	1.34	16660524	6.07	5.99	0	27408	0.00	6.03	6.13	6.02	--  	1.34	1.84	0.08	化工原料	--  	0.000	
000068	华控赛格	0.60	16616701	5.02	4.99	0	33303	0.20	5.00	5.04	4.93	--  	0.00	2.20	0.03	元器件	--  	-0.000	
01786	铁建装备	2.21	16496266	1.850	1.810	500	8899000	-0.54	1.820	1.880	1.820	55580	0.00	3.31	0.040	工业工程	30000	1.850	
002779	中坚科技	1.89	16353022	19.99	19.62	0	8223	1.83	19.81	20.26	19.59	--  	0.28	3.41	0.37	农用机械	--  	-0.000	
07205	ＦＬ二　三星恒指	0.32	16282587	9.500	9.470	200	1712000	0.42	9.560	9.570	9.460	7565647	0.00	1.16	0.030		796400	9.500	
00855	中国水务	0.72	16141001	7.020	6.970	2000	2292000	-0.28	6.940	7.140	6.940	--  	1.14	2.87	0.050	公用事业	--  	7.020	
603031	安德利	1.87	16126399	23.99	23.55	0	6779	0.38	23.40	24.08	23.40	--  	0.73	2.89	0.44	百货	--  	-0.000	
603656	泰禾光电	0.03	16100442	31.39	31.38	0	5113	-0.34	31.53	31.70	31.23	--  	0.46	1.50	0.01	专用机械	--  	-0.000	
300179	四方达	0.49	16063888	6.10	6.07	0	26260	0.00	6.06	6.18	6.04	--  	0.83	2.31	0.03	矿物制品	--  	-0.000	
601969	海南矿业	0.92	15994341	8.81	8.73	0	18159	-0.10	8.72	8.87	8.69	--  	0.33	2.06	0.08	普钢	--  	0.000	
300469	信息发展	0.20	15980574	39.79	39.71	0	4011	0.23	39.34	40.10	39.34	--  	0.28	1.91	0.08	软件服务	--  	0.000	
000551	创元科技	0.37	15876076	8.07	8.04	0	19708	0.88	8.05	8.12	7.99	--  	1.24	1.62	0.03	专用机械	--  	-0.000	
01368	特步国际	1.67	15689446	3.040	2.990	500	5200500	0.66	3.050	3.060	2.970	--  	2.80	3.01	0.050	纺织服饰	--  	3.040	
603398	邦宝益智	1.42	15681797	15.73	15.51	0	10098	0.00	15.52	15.76	15.20	--  	0.54	3.61	0.22	文教休闲	--  	-0.000	
01330	绿色动力环保	2.75	15400181	4.480	4.360	1000	3431000	-0.22	4.360	4.530	4.360	13440	0.00	3.90	0.120	公用事业	3000	4.480	
002220	天宝食品	0.69	15337205	7.26	7.21	0	21180	0.14	7.17	7.30	7.11	--  	0.69	2.64	0.05	食品	--  	0.000	
000159	国际实业	0.57	15327497	5.26	5.23	0	29214	0.19	5.24	5.28	5.19	--  	0.57	1.72	0.03	石油贸易	--  	0.000	
300442	普丽盛	3.38	15305689	21.43	20.73	0	7258	-0.22	20.78	21.60	20.50	--  	0.07	5.31	0.70	轻工机械	--  	0.000	
02727	上海电气	0.31	15239683	3.250	3.240	2000	4684072	0.00	3.240	3.270	3.230	--  	0.00	1.23	0.010	工业工程	--  	3.250	
01622	力高地产	0.88	15173901	3.430	3.400	2000	4422000	-0.29	3.410	3.460	3.400	--  	0.67	1.76	0.030	地产	--  	3.430	
300011	鼎汉技术	0.19	15151299	10.35	10.33	0	14665	0.00	10.25	10.39	10.24	--  	0.28	1.45	0.02	运输设备	--  	0.000	
000611	天首发展	1.72	15045119	7.69	7.56	0	19533	0.26	7.59	7.77	7.59	--  	0.00	2.38	0.13	纺织	--  	0.000	
01196	伟禄集团	5.05	15045101	5.620	5.350	2000	2732000	-0.18	5.340	5.640	5.340	--  	0.00	5.61	0.270	汽车	--  	5.620	
002391	长青股份	0.28	15002096	14.23	14.19	0	10524	0.14	14.19	14.35	14.15	--  	2.11	1.41	0.04	农药化肥	--  	-0.000	
002328	新朋股份	0.15	14885233	6.64	6.63	0	22400	0.15	6.64	6.72	6.59	--  	0.68	1.96	0.01	汽车配件	--  	-0.000	
002728	特一药业	1.41	14794533	18.00	17.75	0	8197	0.00	17.79	18.19	17.77	--  	0.42	2.37	0.25	中成药	--  	0.000	
08227	西安海天天一千	3.27	14751581	6.940	6.720	1000	2147000	0.29	6.750	6.980	6.750	--  	0.00	3.42	0.220	信息器材	--  	6.940	
600379	宝光股份	1.82	14750927	10.64	10.45	0	13977	0.38	10.35	10.65	10.35	--  	0.44	2.87	0.19	电气设备	--  	0.000	
600513	联环药业	0.35	14667639	8.64	8.61	0	16878	-0.11	8.60	8.80	8.60	--  	0.77	2.32	0.03	化学制药	--  	0.000	
00818	高阳科技	9.15	14508251	1.550	1.420	3000	9522000	0.00	1.440	1.580	1.440	13590	0.00	9.86	0.130	软件服务	9000	1.550	
01240	青建国际	1.04	14444976	2.910	2.880	2500	4985000	0.00	2.880	2.930	2.850	--  	0.00	2.78	0.030	地产	--  	2.910	
00220	统一企业中国	0.00	14444242	6.540	6.540	1000	2228249	0.15	6.540	6.550	6.360	--  	0.00	2.91	0.000	食物饮品	--  	6.540	
300576	容大感光	0.90	14437846	16.80	16.65	0	8628	0.12	16.64	16.92	16.41	--  	0.40	3.06	0.15	染料涂料	--  	-0.000	
603991	至正股份	0.22	14348606	27.67	27.61	0	5184	0.18	27.62	27.88	27.41	--  	0.00	1.70	0.06	塑料	--  	0.000	
03689	康华医疗	4.66	14181601	12.580	12.020	200	1139000	0.64	12.100	12.760	12.000	--  	0.00	6.32	0.560	医疗服务	--  	12.580	
00177	江苏宁沪高速公路	0.34	14174349	11.700	11.660	2000	1214201	0.52	11.600	11.720	11.600	--  	0.00	1.03	0.040	工用运输	--  	11.700	
002559	亚威股份	1.12	14156120	9.06	8.96	0	15693	0.00	8.96	9.14	8.90	--  	1.95	2.68	0.10	机床制造	--  	0.000	
02588	中银航空租赁	0.61	14155251	41.150	40.900	100	344200	0.00	40.900	41.500	40.850	--  	1.97	1.59	0.250	运输	--  	41.150	
00297	中化化肥	1.67	14022781	1.220	1.200	2000	11455000	0.83	1.190	1.250	1.190	--  	0.00	5.00	0.020	原材料	--  	1.220	
002403	爱仕达	0.50	14013869	12.07	12.01	0	11579	0.33	12.01	12.18	11.98	--  	1.67	1.67	0.06	家用电器	--  	-0.000	
01238	宝龙地产	3.99	13953438	3.650	3.510	1000	3809010	-0.27	3.520	3.730	3.520	--  	1.48	5.98	0.140	地产	--  	3.650	
00787	利标品牌	3.12	13874450	0.660	0.640	2000	21231968	0.00	0.640	0.660	0.640	--  	0.00	3.12	0.020	纺织服饰	--  	0.660	
300473	德尔股份	0.28	13761617	38.90	38.79	0	3529	0.05	38.99	39.50	38.60	--  	0.67	2.32	0.11	汽车配件	--  	0.000	
601798	蓝科高新	0.32	13637917	9.45	9.42	0	14336	-0.20	9.44	9.63	9.42	--  	0.21	2.23	0.03	化工机械	--  	-0.000	
002286	保龄宝	0.73	13504528	9.72	9.65	0	13785	-0.09	9.61	9.90	9.57	--  	0.83	3.42	0.07	食品	--  	0.000	
00014	希慎兴业	1.34	13338076	41.550	41.000	1000	321000	-0.48	41.000	41.800	41.000	--  	0.63	1.95	0.550	地产	--  	41.550	
002683	宏大爆破	0.13	13291601	7.47	7.46	0	17720	0.40	7.48	7.61	7.43	--  	0.67	2.41	0.01	化工原料	--  	-0.000	
02840	ＳＰＤＲ金ＥＴＦ	1.22	13197336	952.500	941.000	10	13880	-0.05	945.000	953.000	945.000	--  	0.00	0.85	11.500		--  	952.500	
002438	江苏神通	1.14	13055359	7.08	7.00	0	18433	0.00	7.01	7.18	7.00	--  	0.36	2.57	0.08	机械基件	--  	-0.000	
00659	新创建集团	0.00	13015683	14.020	14.020	1000	930183	0.00	14.020	14.060	13.940	--  	7.92	0.86	0.000	综合企业	--  	14.020	
300306	远方信息	1.12	12990025	16.23	16.05	0	8018	-0.11	16.09	16.42	16.00	--  	0.42	2.62	0.18	电器仪表	--  	-0.000	
300478	杭州高新	0.53	12776194	43.40	43.17	0	2930	0.00	43.18	44.09	42.82	--  	0.35	2.94	0.23	橡胶	--  	0.000	
600769	祥龙电业	0.34	12769665	5.93	5.91	0	21548	0.17	5.87	5.98	5.86	--  	0.00	2.03	0.02	建筑施工	--  	-0.000	
300640	德艺文创	0.36	12699669	25.17	25.08	0	5050	0.00	25.05	25.45	24.98	--  	0.80	1.87	0.09	文教休闲	--  	0.000	
300552	万集科技	0.24	12641270	25.40	25.34	0	4941	0.04	25.29	25.98	25.29	--  	0.97	2.72	0.06	软件服务	--  	-0.000	
600279	重庆港九	0.17	12611523	5.80	5.79	0	21713	-0.16	5.79	5.84	5.78	--  	0.69	1.04	0.01	港口	--  	0.000	
601965	中国汽研	0.96	12438088	8.38	8.30	0	14872	0.00	8.37	8.40	8.28	--  	1.81	1.45	0.08	汽车服务	--  	0.000	
00576	浙江沪杭甬	1.70	12405096	8.390	8.250	2000	1484008	0.24	8.250	8.390	8.250	--  	0.00	1.70	0.140	工用运输	--  	8.390	
300547	川环科技	0.40	12393656	47.69	47.50	0	2598	-0.05	47.80	48.17	47.33	--  	1.03	1.77	0.19	橡胶	--  	-0.000	
00631	三一国际	5.88	12279021	1.440	1.360	1000	8553000	-0.69	1.400	1.450	1.400	--  	0.00	3.68	0.080	工业工程	--  	1.440	
300610	晨化股份	0.12	12113286	16.67	16.65	0	7271	-0.11	16.64	16.84	16.50	--  	0.40	2.04	0.02	化工原料	--  	0.000	
600560	金自天正	1.48	12068037	10.26	10.11	0	11909	0.59	10.10	10.27	10.00	--  	0.27	2.67	0.15	电气设备	--  	0.000	
002778	高科石化	0.64	11910809	23.45	23.30	0	5015	-0.16	23.50	24.25	23.30	--  	0.34	4.08	0.15	石油加工	--  	0.000	
300509	新美星	0.45	11835281	24.38	24.27	0	4864	0.08	24.05	24.50	24.05	--  	1.85	1.85	0.11	专用机械	--  	-0.000	
00363	上海实业控股	0.46	11806020	21.900	21.800	1000	537270	0.00	21.900	22.100	21.850	--  	2.10	1.15	0.100	综合企业	--  	21.900	
00279	民众金融科技	2.08	11804401	0.490	0.480	20000	24700000	2.08	0.480	0.490	0.465	--  	0.00	5.21	0.010	其他金融	--  	0.490	
02337	众诚能源	3.26	11790331	5.070	4.910	1000	2326000	0.20	4.940	5.200	4.940	--  	0.00	5.30	0.160	公用事业	--  	5.070	
300165	天瑞仪器	0.16	11668742	6.24	6.23	0	18646	0.16	6.22	6.30	6.20	--  	0.40	1.61	0.01	电器仪表	--  	-0.000	
01533	庄园牧场	7.48	11667236	10.200	9.490	500	1116500	0.79	10.200	11.040	9.950	--  	0.00	11.49	0.710	食物饮品	--  	10.200	
603908	牧高笛	0.78	11654269	35.02	34.75	0	3347	0.43	34.71	35.08	34.20	--  	1.15	2.53	0.27	纺织	--  	0.000	
00232	中国航空工业国际	4.40	11565101	0.475	0.455	2000	24724000	0.00	0.455	0.480	0.450	195880	0.00	6.59	0.020	地产	420000	0.475	
00337	绿地香港	2.68	11465691	3.070	2.990	1000	3735050	0.33	3.000	3.130	3.000	--  	0.00	4.35	0.080	地产	--  	3.070	
03606	福耀玻璃	-0.16	11419567	32.050	32.100	400	354080	-0.31	32.200	32.750	31.900	--  	0.00	2.65	-0.050	汽车	--  	32.050	
603901	永创智能	0.35	11387994	8.70	8.67	0	13020	-0.22	8.80	8.84	8.68	--  	0.52	1.85	0.03	专用机械	--  	-0.000	
08469	盛业资本	1.90	11368161	6.980	6.850	2000	1632000	0.00	6.850	7.100	6.850	--  	0.00	3.65	0.130	其他金融	--  	6.980	
002069	獐子岛	0.38	11343767	7.87	7.84	0	14474	0.13	7.83	7.87	7.79	--  	1.91	1.02	0.03	渔业	--  	-0.000	
603990	麦迪科技	1.38	11315940	35.35	34.87	0	3183	-0.22	34.63	35.96	34.62	--  	0.50	3.84	0.48	软件服务	--  	-0.000	
00826	天工国际	1.87	11092081	1.090	1.070	2000	10478000	1.87	1.060	1.090	1.020	--  	0.00	6.54	0.020	一般金属	--  	1.090	
00512	远大医药	8.01	10875243	3.640	3.370	4000	2999166	0.83	3.400	3.730	3.400	72160	0.00	9.79	0.270	医药医疗	20000	3.640	
03115	安硕恒生指数	0.28	10640031	106.300	106.000	10	100260	0.19	106.500	106.500	105.900	--  	0.00	0.57	0.300		--  	106.300	
300283	温州宏丰	0.54	10637262	5.63	5.60	0	18931	-0.17	5.57	5.79	5.55	--  	0.20	4.29	0.03	电气设备	--  	0.000	
600180	瑞茂通	0.10	10627839	10.27	10.26	0	10375	0.29	10.27	10.32	10.19	--  	0.51	1.27	0.01	仓储物流	--  	0.000	
01600	天伦燃气	6.91	10574941	6.190	5.790	1500	1726500	0.32	5.850	6.240	5.850	--  	1.47	6.74	0.400	公用事业	--  	6.190	
603123	翠微股份	0.13	10456162	7.63	7.62	0	13756	0.13	7.64	7.64	7.55	--  	1.57	1.18	0.01	百货	--  	0.000	
600766	园城黄金	0.22	10384795	9.03	9.01	0	11510	0.11	9.04	9.13	8.94	--  	0.00	2.11	0.02	黄金	--  	-0.000	
02001	新高教集团	0.48	10308010	4.220	4.200	1000	2486000	0.72	4.280	4.280	4.090	--  	0.57	4.52	0.020	支援服务	--  	4.220	
300421	力星股份	1.64	10196252	19.25	18.94	0	5308	0.00	19.00	19.38	18.96	--  	2.06	2.22	0.31	机械基件	--  	0.000	
03337	安东油田服务	2.38	10136200	0.860	0.840	2000	11700000	1.18	0.870	0.880	0.840	320840	0.00	4.76	0.020	石油天然气	370000	0.860	
600548	深高速	0.11	10118193	8.89	8.88	0	11386	0.11	8.88	8.91	8.84	--  	2.48	0.79	0.01	路桥	--  	0.000	
300538	同益股份	0.20	10024104	35.57	35.50	0	2813	-0.55	35.65	35.97	35.39	--  	0.56	1.63	0.07	批发业	--  	-0.000	
03329	交银国际	3.14	10008247	2.630	2.550	1000	3873384	0.77	2.550	2.630	2.550	--  	0.00	3.14	0.080	其他金融	--  	2.630	
01579	颐海国际	2.48	9878070	7.020	6.850	1000	1406000	-0.14	7.000	7.070	6.990	175440	0.00	1.17	0.170	食物饮品	25000	7.020	
600385	山东金泰	0.32	9686978	12.49	12.45	0	7750	0.48	12.48	12.59	12.41	--  	0.00	1.45	0.04	黄金	--  	-0.000	
000037	深南电A	1.33	9633145	6.86	6.77	0	14124	-0.14	6.77	6.90	6.72	--  	0.40	2.66	0.09	火力发电	--  	0.000	
02128	中国联塑	2.42	9610878	5.080	4.960	1000	1908000	0.40	4.930	5.080	4.930	--  	0.00	3.02	0.120	建筑	--  	5.080	
02200	浩沙国际	3.50	9551174	2.660	2.570	2000	3639889	0.76	2.560	2.670	2.550	--  	1.47	4.67	0.090	纺织服饰	--  	2.660	
002404	嘉欣丝绸	0.29	9544241	6.84	6.82	0	13976	0.00	6.81	6.87	6.80	--  	2.20	1.03	0.02	纺织	--  	0.000	
300489	中飞股份	0.10	9412942	19.62	19.60	0	4794	-0.04	19.56	19.79	19.48	--  	0.16	1.58	0.02	铝	--  	0.000	
603909	合诚股份	2.32	9230300	32.13	31.40	0	2910	0.09	31.38	32.20	30.90	--  	0.28	4.14	0.73	建筑施工	--  	0.000	
000899	赣能股份	0.51	9220899	5.88	5.85	0	15687	0.00	5.84	5.93	5.84	--  	5.13	1.54	0.03	火力发电	--  	0.000	
002566	益盛药业	0.23	9199314	8.63	8.61	0	10639	0.00	8.60	8.75	8.59	--  	0.58	1.86	0.02	中成药	--  	0.000	
00650	ＩＤＧ能源	0.00	9137520	1.500	1.500	2000	5872000	0.00	1.550	1.650	1.490	--  	0.00	10.67	0.000	石油天然气	--  	1.500	
00856	伟仕佳杰	0.41	9080548	4.910	4.890	2000	1854800	1.45	4.900	4.950	4.810	156640	0.00	2.86	0.020	信息器材	32000	4.910	
000966	长源电力	0.26	8904285	3.83	3.82	0	23168	0.00	3.83	3.87	3.82	--  	2.36	1.31	0.01	火力发电	--  	-0.000	
00251	爪哇控股	0.00	8857773	12.000	12.000	2000	745158	0.84	11.800	12.000	11.740	309320	0.17	2.17	0.000	地产	26000	12.000	
002324	普利特	0.84	8854916	23.93	23.73	0	3718	0.34	23.54	24.13	23.54	--  	0.42	2.49	0.20	塑料	--  	0.000	
02868	首创置业	2.54	8725040	4.030	3.930	2000	2158000	-0.49	3.950	4.080	3.950	146040	0.00	3.31	0.100	地产	36000	4.030	
300305	裕兴股份	0.13	8711184	7.63	7.62	0	11414	-0.12	7.60	7.67	7.57	--  	0.79	1.31	0.01	塑料	--  	0.000	
002420	毅昌股份	0.77	8575807	5.22	5.18	0	16496	-0.18	5.16	5.23	5.16	--  	0.19	1.35	0.04	塑料	--  	-0.000	
02280	慧聪网	1.07	8355321	5.680	5.620	500	1466500	0.18	5.620	5.820	5.580	--  	0.35	4.27	0.060	软件服务	--  	5.680	
06858	本间高尔夫	0.38	8348441	7.880	7.850	500	1062000	0.00	7.870	7.900	7.750	62830	0.00	1.91	0.030	家电及用品	8000	7.880	
300154	瑞凌股份	0.15	8339964	6.62	6.61	0	12675	0.15	6.60	6.66	6.50	--  	2.27	2.42	0.01	元器件	--  	-0.000	
002478	常宝股份	0.58	8326648	5.21	5.18	0	15907	-0.18	5.21	5.28	5.20	--  	7.82	1.54	0.03	钢加工	--  	0.000	
01138	中远海能	0.71	8298523	4.270	4.240	2000	1944250	0.47	4.240	4.290	4.220	--  	0.00	1.65	0.030	工用运输	--  	4.270	
600232	金鹰股份	0.52	8171192	7.67	7.63	0	10637	0.13	7.58	7.75	7.58	--  	1.31	2.23	0.04	纺织	--  	0.000	
603669	灵康药业	0.40	7964534	19.89	19.81	0	4011	0.35	19.75	19.96	19.75	--  	0.61	1.06	0.08	化学制药	--  	-0.000	
002363	隆基机械	0.47	7824795	8.58	8.54	0	9146	0.12	8.50	8.61	8.49	--  	0.22	1.41	0.04	汽车配件	--  	-0.000	
00336	华宝国际	0.20	7795478	4.890	4.880	1000	1588787	0.20	4.890	4.970	4.810	--  	3.27	3.28	0.010	食物饮品	--  	4.890	
02869	绿城服务	1.40	7629801	5.800	5.720	2000	1322000	0.00	5.730	5.820	5.700	--  	0.00	2.10	0.080	支援服务	--  	5.800	
08331	飞尚非金属	2.03	7605801	1.510	1.480	10000	5130000	0.00	1.490	1.700	1.480	--  	0.00	14.86	0.030	一般金属	--  	1.510	
01893	中材股份	0.90	7543010	5.630	5.580	1000	1330920	-0.35	5.580	5.740	5.580	281700	0.00	2.87	0.050	工业工程	50000	5.630	
00468	纷美包装	3.27	7542041	5.680	5.500	1000	1336000	-0.35	5.680	5.700	5.540	--  	2.11	2.91	0.180	工用支援	--  	5.680	
300265	通光线缆	0.56	7336866	8.94	8.89	0	8213	0.00	8.85	9.00	8.84	--  	0.56	1.80	0.05	电气设备	--  	-0.000	
02356	大新银行集团	0.24	7159986	16.940	16.900	400	423422	0.36	16.920	16.960	16.860	--  	0.65	0.59	0.040	银行	--  	16.940	
603887	城地股份	0.29	7128433	24.46	24.39	0	2910	0.25	24.30	24.62	24.27	--  	0.43	1.44	0.07	建筑施工	--  	-0.000	
300445	康斯特	0.20	7113687	15.32	15.29	0	4656	0.13	15.45	15.56	15.13	--  	0.33	2.81	0.03	电器仪表	--  	-0.000	
300132	青松股份	0.13	7106985	7.73	7.72	0	9177	-0.25	7.73	7.80	7.69	--  	0.39	1.42	0.01	化工原料	--  	0.000	
01349	复旦张江	0.94	7069571	4.300	4.260	1000	1644000	0.47	4.250	4.400	4.200	--  	0.00	4.69	0.040	医药医疗	--  	4.300	
01072	东方电气	0.63	6786181	6.370	6.330	200	1060200	-0.16	6.350	6.440	6.290	--  	0.00	2.37	0.040	工业工程	--  	6.370	
002059	云南旅游	0.95	6701024	7.47	7.40	0	8998	0.27	7.43	7.47	7.40	--  	0.27	0.95	0.07	旅游景点	--  	-0.000	
002070	*ST众和	5.05	6611520	5.82	5.54	0	11360	0.00	5.82	5.82	5.82	--  	0.00	0.00	0.28	纺织	--  	0.000	
002862	实丰文化	0.26	6545902	27.35	27.28	0	2390	-0.35	27.32	27.70	27.08	--  	0.00	2.27	0.07	文教休闲	--  	0.000	
300539	横河模具	0.37	6387668	10.88	10.84	0	5907	0.00	10.82	10.89	10.74	--  	0.39	1.38	0.04	塑料	--  	0.000	
603311	金海环境	0.13	6242190	15.72	15.70	0	3977	-0.05	15.72	15.77	15.60	--  	0.70	1.08	0.02	专用机械	--  	0.000	
08157	象兴国际	-5.95	5866001	0.395	0.420	20000	14000000	-1.25	0.425	0.445	0.390	--  	0.00	13.10	-0.025	工用运输	--  	0.395	
600007	中国国贸	0.18	5709901	17.08	17.05	0	3341	0.00	17.10	17.18	17.01	--  	1.76	1.00	0.03	园区开发	--  	-0.000	
08383	东骏控股	4.62	5642481	0.680	0.650	8000	7960000	-1.45	0.700	0.820	0.630	--  	0.00	29.23	0.030	工用支援	--  	0.680	
00891	利邦	1.32	5634001	0.770	0.760	2000	7324000	0.00	0.770	0.780	0.760	--  	0.00	2.63	0.010	纺织服饰	--  	0.770	
01205	中信资源	4.11	5584951	0.760	0.730	2000	7445000	0.00	0.730	0.770	0.730	--  	0.00	5.48	0.030	一般金属	--  	0.760	
300437	清水源	0.06	5415392	15.65	15.64	0	3467	0.19	15.64	15.68	15.54	--  	0.51	0.90	0.01	化工原料	--  	-0.000	
02198	中国三江化工	1.05	5390831	2.900	2.870	1000	1883000	0.35	2.890	2.920	2.810	114600	3.62	3.83	0.030	原材料	40000	2.900	
00142	第一太平	0.75	5307981	5.390	5.350	2000	982760	0.00	5.450	5.450	5.370	--  	1.48	1.50	0.040	食物饮品	--  	5.390	
01848	中国飞机租赁	1.64	5145974	8.050	7.920	500	639000	0.00	7.920	8.180	7.920	--  	2.24	3.28	0.130	运输	--  	8.050	
000430	张家界	0.24	5132247	8.50	8.48	0	6037	0.00	8.52	8.53	8.47	--  	0.79	0.71	0.02	旅游景点	--  	0.000	
数据来源:通达信
