代码	名称	涨幅%%	总金额	现价	昨收	每手	总量	涨速%%	今开	最高	最低	抛空额	股息率%%	振幅%%	涨跌	细分行业	抛空量	按盘价	
600516	方大炭素	0.24	3553648896	28.95	28.88	0	1242188	0.24	28.70	29.13	28.12	--  	0.07	3.50	0.07	矿物制品	--  	0.000	
02318	中国平安	0.48	3463692288	82.900	82.500	500	41815492	0.24	82.950	83.500	82.250	--  	0.00	1.52	0.400	保险	--  	82.900	
600031	三一重工	7.33	2370170880	9.08	8.46	0	2683804	-0.21	8.54	9.20	8.46	--  	0.24	8.75	0.62	工程机械	--  	-0.000	
600036	招商银行	1.43	1817411840	29.71	29.29	0	614000	-0.09	29.22	29.80	29.21	--  	2.07	2.01	0.42	银行	--  	-0.000	
600048	保利地产	2.21	1576582528	13.85	13.55	0	1152057	0.65	13.63	13.87	13.45	--  	2.32	3.10	0.30	全国地产	--  	0.000	
002001	新 和 成	-4.03	1493864832	39.50	41.16	0	377475	0.38	41.16	41.39	38.62	--  	1.26	6.73	-1.66	化学制药	--  	0.000	
601398	工商银行	1.33	1313822208	6.08	6.00	0	2165329	0.00	6.00	6.10	5.98	--  	3.90	2.00	0.08	银行	--  	-0.000	
01548	金斯瑞生物科技	31.64	1183160192	21.300	16.180	2000	58198888	2.65	19.280	21.750	18.500	--  	0.00	20.09	5.120	医药医疗	--  	21.300	
600115	东方航空	4.26	1157652608	8.32	7.98	0	1406877	-0.11	7.92	8.37	7.92	--  	0.61	5.64	0.34	空运	--  	-0.000	
601288	农业银行	2.17	1062487104	3.76	3.68	0	2848256	0.00	3.68	3.76	3.68	--  	4.62	2.17	0.08	银行	--  	-0.000	
600029	南方航空	2.67	1052795200	12.30	11.98	0	859866	0.24	12.01	12.45	11.98	--  	0.81	3.92	0.32	空运	--  	0.000	
600176	中国巨石	-0.48	988195008	16.43	16.51	0	589353	0.00	16.33	17.17	16.24	--  	1.26	5.63	-0.08	玻璃	--  	0.000	
600362	江西铜业	3.85	976724224	18.87	18.17	0	525969	0.05	18.00	19.06	17.92	--  	0.83	6.27	0.70	铜	--  	0.000	
01299	友邦保险	1.35	910869760	63.950	63.100	200	14292740	0.16	63.700	64.000	63.200	--  	0.40	1.27	0.850	保险	--  	63.950	
000807	云铝股份	1.59	893551872	8.96	8.82	0	1018546	0.11	8.69	8.99	8.55	--  	0.20	4.99	0.14	铝	--  	0.000	
600111	北方稀土	1.63	869724864	13.71	13.49	0	642705	0.07	13.43	13.73	13.24	--  	0.07	3.63	0.22	小金属	--  	0.000	
000002	万 科Ａ	0.43	850307968	30.50	30.37	0	278846	0.03	30.49	30.80	30.12	--  	2.60	2.24	0.13	全国地产	--  	0.000	
02800	盈富基金	0.51	802277248	29.700	29.550	500	27021768	0.00	29.650	29.800	29.600	338678528	0.00	0.68	0.150		11416500	29.700	
600392	盛和资源	0.97	780230080	16.69	16.53	0	470964	-0.35	16.53	16.85	16.27	--  	0.12	3.51	0.16	小金属	--  	0.000	
601899	紫金矿业	0.00	760081920	4.18	4.18	0	1819128	-0.23	4.16	4.22	4.13	--  	1.44	2.15	0.00	黄金	--  	-0.000	
01918	融创中国	3.24	753403136	30.250	29.300	1000	25017592	0.33	29.550	30.700	29.350	--  	0.00	4.61	0.950	地产	--  	30.250	
000503	海虹控股	-0.29	722153472	44.86	44.99	0	160077	0.09	45.00	45.67	44.60	--  	0.00	2.38	-0.13	医疗保健	--  	0.000	
00941	中国移动	0.78	720683904	78.000	77.400	500	9269905	0.45	77.750	78.000	77.350	--  	6.18	0.84	0.600	电讯	--  	78.000	
600741	华域汽车	0.18	720389376	28.61	28.56	0	249114	-0.13	28.65	29.38	28.30	--  	3.50	3.78	0.05	汽车配件	--  	0.000	
03988	中国银行	0.26	706080128	3.800	3.790	1000	186186528	0.53	3.800	3.820	3.780	--  	0.00	1.06	0.010	银行	--  	3.800	
601939	建设银行	1.89	688912512	7.54	7.40	0	920589	0.13	7.41	7.54	7.35	--  	3.76	2.57	0.14	银行	--  	-0.000	
603689	皖天然气	5.22	671392320	18.73	17.80	0	370090	0.32	17.57	19.29	17.12	--  	0.17	12.19	0.93	供气供热	--  	-0.000	
300676	华大基因	2.55	665830528	217.00	211.60	0	30788	-0.13	211.15	218.48	211.11	--  	0.00	3.48	5.40	医疗保健	--  	0.000	
600856	中天能源	1.10	655992512	12.00	11.87	0	556903	-0.49	12.00	12.07	11.40	--  	0.00	5.64	0.13	供气供热	--  	0.000	
00175	吉利汽车	0.59	654776448	25.650	25.500	1000	25641106	0.59	25.800	25.800	25.300	--  	0.00	1.96	0.150	汽车	--  	25.650	
600383	金地集团	2.87	653947776	12.55	12.20	0	528326	0.24	12.19	12.62	12.13	--  	5.74	4.02	0.35	全国地产	--  	0.000	
002594	比亚迪	2.21	649400768	63.36	61.99	0	102637	-0.01	62.39	63.95	62.01	--  	0.29	3.13	1.37	汽车整车	--  	0.000	
002505	大康农业	0.96	635036480	3.17	3.14	0	1992300	0.63	3.34	3.34	3.04	--  	0.00	9.55	0.03	农业综合	--  	0.000	
600333	长春燃气	10.06	629901312	8.86	8.05	0	751541	0.00	8.04	8.86	7.82	--  	0.54	12.92	0.81	供气供热	--  	-0.000	
00658	中国高速传动	15.64	609043712	11.980	10.360	1000	52346000	0.34	10.500	12.000	10.500	--  	0.00	14.48	1.620	工业工程	--  	11.980	
600917	重庆燃气	4.33	581894080	12.53	12.01	0	478902	-0.23	11.80	12.80	11.49	--  	1.08	10.91	0.52	供气供热	--  	-0.000	
02828	恒生Ｈ股	0.34	572369472	117.500	117.100	200	4873024	0.09	117.600	117.900	117.100	87796504	0.00	0.68	0.400		747600	117.500	
00992	联想集团	3.62	564582848	4.580	4.420	2000	123845968	0.22	4.460	4.610	4.440	--  	1.31	3.85	0.160	信息器材	--  	4.580	
601988	中国银行	0.77	563804544	3.95	3.92	0	1430029	0.00	3.92	3.97	3.91	--  	4.29	1.53	0.03	银行	--  	0.000	
600104	上汽集团	-0.56	555713344	31.71	31.89	0	174455	-0.02	31.89	32.14	31.59	--  	5.17	1.72	-0.18	汽车整车	--  	-0.000	
600028	中国石化	0.50	551467648	6.06	6.03	0	908443	-0.15	6.03	6.10	6.01	--  	1.66	1.49	0.03	石油加工	--  	-0.000	
000786	北新建材	0.34	550409152	23.41	23.33	0	236269	0.09	23.22	23.60	23.01	--  	0.77	2.53	0.08	其他建材	--  	-0.000	
600549	厦门钨业	1.04	548648512	24.32	24.07	0	228261	0.41	24.00	24.39	23.53	--  	0.83	3.57	0.25	小金属	--  	-0.000	
00981	中芯国际	2.04	527601600	12.020	11.780	500	44212248	-0.33	11.840	12.100	11.640	--  	0.00	3.90	0.240	半导体	--  	12.020	
300355	蒙草生态	0.94	523910080	12.90	12.78	0	405722	0.08	12.79	13.07	12.73	--  	0.29	2.66	0.12	环境保护	--  	-0.000	
300181	佐力药业	0.61	516955008	8.21	8.16	0	629404	0.98	8.40	8.49	7.93	--  	0.25	6.86	0.05	中成药	--  	0.000	
000069	华侨城Ａ	5.04	508218400	8.33	7.93	0	619624	0.12	7.95	8.34	7.93	--  	1.26	5.17	0.40	旅游景点	--  	-0.000	
600606	绿地控股	1.11	497755808	7.27	7.19	0	688920	0.14	7.15	7.30	7.14	--  	3.48	2.23	0.08	全国地产	--  	-0.000	
601139	深圳燃气	3.74	482221600	8.87	8.55	0	560176	0.80	8.57	9.04	8.23	--  	1.23	9.47	0.32	供气供热	--  	-0.000	
00857	中国石油股份	0.92	450800896	5.490	5.440	2000	82421048	0.37	5.470	5.490	5.440	--  	0.00	0.92	0.050	石油天然气	--  	5.490	
600183	生益科技	1.31	449848896	16.96	16.74	0	268438	-0.11	16.83	17.11	16.40	--  	1.96	4.24	0.22	元器件	--  	-0.000	
002081	金 螳 螂	3.12	446225664	15.52	15.05	0	289292	0.00	14.96	15.58	14.91	--  	1.00	4.45	0.47	装修装饰	--  	0.000	
000157	中联重科	5.15	433924032	4.49	4.27	0	985285	-0.21	4.28	4.54	4.25	--  	3.51	6.79	0.22	工程机械	--  	-0.000	
600016	民生银行	0.59	426629600	8.54	8.49	0	500539	0.00	8.49	8.55	8.47	--  	1.14	0.94	0.05	银行	--  	-0.000	
300349	金卡智能	2.41	421009120	38.70	37.79	0	109678	0.44	39.33	39.40	37.70	--  	0.26	4.50	0.91	电器仪表	--  	0.000	
00688	中国海外发展	1.04	417330048	24.400	24.150	2000	17056854	0.00	24.350	24.650	24.200	--  	1.43	1.86	0.250	地产	--  	24.400	
600600	青岛啤酒	0.54	414766240	41.00	40.78	0	102944	0.27	41.09	41.40	39.68	--  	0.86	4.22	0.22	啤酒	--  	0.000	
000513	丽珠集团	0.07	396827584	70.04	69.99	0	56442	0.07	70.02	71.39	69.36	--  	0.55	2.90	0.05	中成药	--  	0.000	
600926	杭州银行	3.84	389423296	11.62	11.19	0	335352	-0.08	11.16	11.88	11.12	--  	1.91	6.79	0.43	银行	--  	-0.000	
601952	苏垦农发	1.28	388865440	15.07	14.88	0	260101	0.00	14.77	15.22	14.70	--  	0.00	3.49	0.19	种植业	--  	-0.000	
00386	中国石油化工股份	0.88	383700928	5.760	5.710	2000	66823492	0.35	5.750	5.760	5.710	--  	0.00	0.88	0.050	石油天然气	--  	5.760	
000928	中钢国际	3.12	376515040	6.62	6.42	0	574696	0.15	6.36	6.76	6.27	--  	0.43	7.63	0.20	建筑施工	--  	-0.000	
02601	中国太保	0.13	369637504	37.950	37.900	200	9739750	0.13	38.300	38.400	37.700	--  	0.00	1.85	0.050	保险	--  	37.950	
300692	中环环保	4.53	367769760	44.35	42.43	0	83833	-0.10	42.06	45.40	41.75	--  	0.00	8.60	1.92	环境保护	--  	-0.000	
000587	金洲慈航	1.84	366845024	7.18	7.05	0	511060	-0.13	7.04	7.30	7.01	--  	1.06	4.11	0.13	批发业	--  	-0.000	
603612	索通发展	2.81	364248352	50.20	48.83	0	73057	-0.19	48.31	51.42	47.94	--  	0.00	7.13	1.37	矿物制品	--  	0.000	
002019	亿帆医药	1.20	362971200	22.80	22.53	0	159863	0.18	22.39	22.96	22.20	--  	0.40	3.37	0.27	化学制药	--  	-0.000	
002142	宁波银行	1.51	360981088	18.15	17.88	0	200417	0.00	17.77	18.16	17.77	--  	1.51	2.18	0.27	银行	--  	-0.000	
02007	碧桂园	2.60	360636096	13.400	13.060	1000	27050818	0.15	13.080	13.400	13.060	--  	1.29	2.60	0.340	地产	--  	13.400	
001979	招商蛇口	1.49	351200512	19.81	19.52	0	177513	0.00	19.54	19.91	19.50	--  	2.56	2.10	0.29	全国地产	--  	-0.000	
000673	当代东方	0.63	340824672	12.71	12.63	0	271825	-0.23	12.95	13.00	12.06	--  	0.00	7.44	0.08	影视音像	--  	0.000	
00763	中兴通讯	2.11	339382368	29.000	28.400	200	11753204	0.17	28.700	29.000	28.400	--  	0.00	2.11	0.600	信息器材	--  	29.000	
600660	福耀玻璃	1.11	336424416	29.15	28.83	0	116337	0.21	28.85	29.15	28.65	--  	2.08	1.73	0.32	汽车配件	--  	-0.000	
03396	联想控股	5.67	334315936	31.700	30.000	100	10645140	-0.16	29.700	31.900	29.400	--  	0.00	8.33	1.700	综合企业	--  	31.700	
000528	柳 工	5.73	330413568	8.49	8.03	0	398310	-0.22	8.03	8.67	8.01	--  	1.25	8.22	0.46	工程机械	--  	-0.000	
601949	中国出版	9.94	326336800	7.74	7.04	0	435275	0.00	7.00	7.74	6.99	--  	0.00	10.65	0.70	出版业	--  	-0.000	
600089	特变电工	1.73	323777536	9.97	9.80	0	327222	0.00	9.76	10.02	9.75	--  	1.87	2.76	0.17	电气设备	--  	0.000	
00607	丰盛控股	0.31	318324192	3.240	3.230	2500	96559040	0.00	3.260	3.450	3.190	--  	0.00	8.05	0.010	地产	--  	3.240	
02238	广汽集团	3.45	317451296	18.000	17.400	2000	17729008	0.22	17.400	18.160	17.400	--  	0.00	4.37	0.600	汽车	--  	18.000	
300017	网宿科技	0.00	316498976	9.49	9.49	0	335090	0.42	9.45	9.55	9.34	--  	0.88	2.21	0.00	电信运营	--  	-0.000	
600988	赤峰黄金	-2.76	315820640	6.33	6.51	0	498766	0.00	6.44	6.45	6.24	--  	0.00	3.23	-0.18	黄金	--  	-0.000	
000963	华东医药	-1.16	313128800	54.66	55.30	0	57325	0.09	55.29	55.39	54.12	--  	1.22	2.30	-0.64	化学制药	--  	-0.000	
600230	沧州大化	1.51	312936384	40.89	40.28	0	76127	0.00	40.30	41.69	40.30	--  	0.32	3.45	0.61	农药化肥	--  	-0.000	
000839	中信国安	0.91	309309024	8.90	8.82	0	349481	0.23	8.84	8.90	8.77	--  	0.57	1.47	0.08	综合类	--  	-0.000	
603619	中曼石油	1.93	308654496	35.91	35.23	0	86368	0.08	35.15	36.88	34.50	--  	0.00	6.76	0.68	石油开采	--  	-0.000	
300022	吉峰农机	6.67	304597728	6.72	6.30	0	468853	-0.29	6.24	6.89	6.08	--  	0.75	12.86	0.42	农用机械	--  	-0.000	
01336	新华保险	0.58	303209152	52.350	52.050	100	5784082	0.10	52.550	52.900	52.100	--  	0.00	1.54	0.300	保险	--  	52.350	
002313	日海通讯	3.25	302616864	29.84	28.90	0	101600	-0.09	29.02	30.45	28.72	--  	0.10	5.99	0.94	通信设备	--  	0.000	
601006	大秦铁路	1.01	300864160	8.98	8.89	0	337246	-0.10	8.89	9.01	8.84	--  	2.81	1.91	0.09	铁路	--  	-0.000	
03800	保利协鑫能源	2.22	297015872	1.380	1.350	1000	215745072	0.00	1.360	1.400	1.320	--  	0.00	5.93	0.030	工业工程	--  	1.380	
300678	中科信息	3.68	291166784	59.20	57.10	0	49311	-0.01	57.07	60.00	57.07	--  	0.00	5.13	2.10	软件服务	--  	0.000	
02202	万科企业	4.54	290284384	29.950	28.650	100	9809909	1.01	28.650	29.950	28.650	--  	0.00	4.54	1.300	地产	--  	29.950	
600875	东方电气	2.37	289838016	11.21	10.95	0	260639	0.09	10.90	11.22	10.90	--  	0.55	2.92	0.26	电气设备	--  	0.000	
600518	康美药业	-0.41	289506112	22.09	22.18	0	130990	-0.08	22.22	22.34	21.98	--  	0.92	1.62	-0.09	中成药	--  	0.000	
000776	广发证券	0.84	288669216	16.74	16.60	0	173105	0.06	16.61	16.75	16.56	--  	1.64	1.14	0.14	证券	--  	-0.000	
000671	阳 光 城	-0.92	282494880	7.54	7.61	0	373021	0.13	7.61	7.78	7.39	--  	0.66	5.12	-0.07	区域地产	--  	-0.000	
01114	BRILLIANCE CHI	5.24	280703808	19.700	18.720	2000	14378108	0.10	18.940	19.800	18.900	--  	0.56	4.81	0.980	汽车	--  	19.700	
03968	招商银行	0.82	280366272	30.900	30.650	500	9087572	0.49	30.750	31.000	30.600	--  	0.00	1.31	0.250	银行	--  	30.900	
000789	万年青	0.95	277819456	10.59	10.49	0	267954	1.05	10.29	10.59	10.20	--  	1.91	3.72	0.10	水泥	--  	0.000	
002340	格林美	-0.29	273151712	6.96	6.98	0	394820	0.00	6.94	6.98	6.86	--  	0.11	1.72	-0.02	小金属	--  	0.000	
601636	旗滨集团	2.38	273064864	6.02	5.88	0	460514	0.17	5.88	6.03	5.83	--  	2.56	3.40	0.14	玻璃	--  	-0.000	
600547	山东黄金	-0.56	271850720	30.29	30.46	0	89865	0.03	30.45	30.45	30.10	--  	0.33	1.15	-0.17	黄金	--  	0.000	
002251	步 步 高	2.27	270750048	18.03	17.63	0	152138	0.22	17.63	18.09	17.48	--  	0.57	3.46	0.40	超市连锁	--  	0.000	
600340	华夏幸福	0.16	261080240	31.03	30.98	0	84174	0.00	31.00	31.09	30.91	--  	2.13	0.58	0.05	区域地产	--  	0.000	
000869	张 裕Ａ	1.03	258608480	38.39	38.00	0	66899	0.39	38.34	39.31	38.09	--  	1.32	3.21	0.39	红黄药酒	--  	-0.000	
000938	紫光股份	0.45	253782560	66.72	66.42	0	38345	0.05	66.42	66.98	65.10	--  	0.15	2.83	0.30	软件服务	--  	0.000	
01109	华润置地	1.84	250760240	22.150	21.750	2000	11310340	0.45	21.800	22.450	21.800	--  	0.45	2.99	0.400	地产	--  	22.150	
601038	一拖股份	10.03	250490896	8.78	7.98	0	294092	0.00	8.00	8.78	7.94	--  	0.71	10.53	0.80	农用机械	--  	-0.000	
600380	健康元	1.54	248982704	11.19	11.02	0	221718	-0.08	11.09	11.37	11.06	--  	1.45	2.81	0.17	化学制药	--  	-0.000	
00762	中国联通	0.38	248104304	10.500	10.460	2000	23639080	0.38	10.520	10.580	10.420	--  	0.00	1.53	0.040	电讯	--  	10.500	
002440	闰土股份	1.62	242357008	19.50	19.19	0	124892	0.00	19.15	19.68	19.09	--  	1.82	3.07	0.31	染料涂料	--  	0.000	
02186	绿叶制药	5.92	240817456	6.260	5.910	500	38997376	0.48	5.960	6.290	5.880	--  	0.53	6.94	0.350	医药医疗	--  	6.260	
603181	皇马科技	6.40	235872752	25.12	23.61	0	96971	-0.31	23.20	25.78	23.01	--  	0.00	11.73	1.51	化工原料	--  	0.000	
03888	金山软件	0.21	235539808	23.850	23.800	1000	9890044	0.21	23.800	24.100	23.650	--  	0.00	1.89	0.050	软件服务	--  	23.850	
01113	长实集团	1.63	233047136	68.650	67.550	500	3412131	0.29	68.400	68.650	67.650	--  	0.61	1.48	1.100	地产	--  	68.650	
000998	隆平高科	0.23	231603680	26.55	26.49	0	87637	0.11	26.40	26.60	26.15	--  	0.57	1.70	0.06	种植业	--  	-0.000	
600970	中材国际	0.87	226867264	9.31	9.23	0	245363	-0.10	9.25	9.33	9.11	--  	0.95	2.38	0.08	建筑施工	--  	0.000	
002893	华通热力	4.22	224263952	28.92	27.75	0	78708	-0.20	27.36	29.42	27.01	--  	0.00	8.68	1.17	供气供热	--  	0.000	
00572	未来世界金融	20.00	219897152	0.360	0.300	4000	634774656	1.41	0.300	0.375	0.300	--  	0.00	25.00	0.060	工用支援	--  	0.360	
002146	荣盛发展	0.23	219152112	8.84	8.82	0	249142	0.00	8.78	8.92	8.72	--  	4.54	2.27	0.02	全国地产	--  	0.000	
603896	寿仙谷	-0.10	214815696	59.55	59.61	0	36357	0.56	59.00	60.68	57.68	--  	0.00	5.03	-0.06	中成药	--  	-0.000	
300146	汤臣倍健	-0.20	211532880	14.77	14.80	0	143376	0.00	14.73	14.93	14.60	--  	1.76	2.23	-0.03	食品	--  	0.000	
600123	兰花科创	1.32	210300496	9.24	9.12	0	230374	0.22	9.08	9.26	9.00	--  	1.10	2.85	0.12	煤炭开采	--  	-0.000	
01988	民生银行	0.77	209277568	7.810	7.750	500	26966596	0.39	7.780	7.810	7.700	--  	0.00	1.42	0.060	银行	--  	7.810	
600745	闻泰科技	1.06	207788592	35.41	35.04	0	59032	0.08	34.89	36.20	34.28	--  	0.00	5.48	0.37	通信设备	--  	-0.000	
000630	铜陵有色	1.44	206557280	2.82	2.78	0	738258	0.36	2.77	2.83	2.76	--  	0.78	2.52	0.04	铜	--  	-0.000	
01099	国药控股	2.15	205515392	33.250	32.550	400	6207636	0.00	32.800	33.350	32.600	--  	0.00	2.30	0.700	医药医疗	--  	33.250	
002775	文科园林	1.79	203791424	22.19	21.80	0	92640	0.18	21.97	22.32	21.40	--  	0.46	4.22	0.39	建筑施工	--  	0.000	
01357	美图公司	2.98	202582176	10.380	10.080	500	19633776	0.19	10.320	10.480	10.200	--  	0.00	2.78	0.300	软件服务	--  	10.380	
02328	中国财险	0.93	201492384	15.220	15.080	2000	13249882	0.26	15.180	15.320	15.060	--  	0.00	1.72	0.140	保险	--  	15.220	
002597	金禾实业	0.43	199766112	25.58	25.47	0	78420	0.04	25.46	25.68	25.18	--  	1.57	1.96	0.11	化工原料	--  	-0.000	
01800	中国交通建设	0.23	198354144	8.750	8.730	1000	22746724	0.23	8.750	8.790	8.650	--  	0.00	1.60	0.020	建筑	--  	8.750	
603789	星光农机	3.79	197874160	15.90	15.32	0	125712	-1.17	15.17	16.23	14.95	--  	0.00	8.36	0.58	农用机械	--  	-0.000	
603766	隆鑫通用	3.21	196541456	7.08	6.86	0	281133	0.00	6.89	7.08	6.77	--  	2.92	4.52	0.22	摩托车	--  	-0.000	
600130	波导股份	3.92	196486784	6.90	6.64	0	289591	0.00	6.67	6.95	6.55	--  	0.00	6.02	0.26	通信设备	--  	0.000	
02899	紫金矿业	2.59	194803056	2.770	2.700	2000	70111560	0.00	2.700	2.830	2.690	--  	0.00	5.19	0.070	黄金贵金属	--  	2.770	
002309	中利集团	1.00	192621280	15.20	15.05	0	126463	-0.12	15.02	15.50	14.85	--  	0.66	4.32	0.15	电气设备	--  	-0.000	
000593	大通燃气	1.49	189966640	10.19	10.04	0	187874	-0.28	10.30	10.47	9.58	--  	0.16	8.86	0.15	供气供热	--  	-0.000	
000672	上峰水泥	-1.10	189097936	9.89	10.00	0	192056	0.20	9.91	9.99	9.72	--  	0.30	2.70	-0.11	水泥	--  	0.000	
000951	中国重汽	5.26	188684880	17.42	16.55	0	111238	-0.10	16.60	17.45	16.45	--  	1.39	6.04	0.87	汽车整车	--  	0.000	
00522	ASM PACIFIC	1.68	187634272	109.200	107.400	100	1717418	0.18	109.700	110.500	108.600	--  	0.00	1.77	1.800	半导体	--  	109.200	
300016	北陆药业	-1.77	187408576	14.40	14.66	0	131188	0.00	14.45	14.58	14.04	--  	0.07	3.68	-0.26	中成药	--  	-0.000	
600635	大众公用	3.31	187298624	5.00	4.84	0	378938	0.00	4.83	5.01	4.83	--  	1.24	3.72	0.16	供气供热	--  	0.000	
000735	罗 牛 山	0.87	185187584	8.11	8.04	0	228983	0.12	8.02	8.22	7.94	--  	0.25	3.48	0.07	农业综合	--  	-0.000	
603978	深圳新星	2.31	183190096	95.85	93.69	0	19333	0.07	92.96	96.96	91.59	--  	0.00	5.73	2.16	铝	--  	-0.000	
000623	吉林敖东	1.05	183070464	22.14	21.91	0	82884	0.00	21.92	22.16	21.92	--  	1.05	1.10	0.23	中成药	--  	-0.000	
03836	和谐汽车	14.92	179739872	5.700	4.960	500	32849000	0.35	4.870	5.770	4.870	--  	0.00	18.15	0.740	汽车	--  	5.700	
002648	卫星石化	0.18	179671632	16.38	16.35	0	110627	0.80	16.27	16.42	15.98	--  	0.54	2.69	0.03	化工原料	--  	-0.000	
000970	中科三环	0.59	178258048	13.67	13.59	0	131835	0.15	13.54	13.67	13.32	--  	0.74	2.58	0.08	元器件	--  	0.000	
002012	凯恩股份	-1.82	177944768	11.34	11.55	0	157786	-0.60	11.30	11.58	10.70	--  	0.17	7.62	-0.21	造纸	--  	0.000	
300691	联合光电	5.14	176922192	82.01	78.00	0	21728	0.02	77.10	84.25	77.10	--  	0.00	9.17	4.01	元器件	--  	0.000	
600633	浙数文化	2.45	174473776	15.03	14.67	0	116818	-0.06	14.61	15.15	14.59	--  	0.65	3.82	0.36	出版业	--  	-0.000	
603813	原尚股份	7.98	173399664	31.14	28.84	0	56994	0.32	28.65	31.70	28.61	--  	0.00	10.71	2.30	仓储物流	--  	-0.000	
600681	百川能源	1.98	172831600	14.94	14.65	0	115422	-0.12	15.05	15.40	14.69	--  	0.00	4.85	0.29	供气供热	--  	-0.000	
002085	万丰奥威	3.61	170428992	18.10	17.47	0	95376	0.11	17.51	18.14	17.51	--  	0.48	3.61	0.63	汽车配件	--  	0.000	
01972	太古地产	0.40	169795648	25.400	25.300	200	6710577	0.20	25.500	25.500	25.250	--  	0.98	0.99	0.100	地产	--  	25.400	
603676	卫信康	9.99	167952032	15.85	14.41	0	108411	0.00	15.20	15.85	15.13	--  	0.00	5.00	1.44	化学制药	--  	0.000	
600079	人福医药	0.39	166028448	18.24	18.17	0	90927	0.16	18.10	18.55	18.04	--  	0.58	2.81	0.07	化学制药	--  	-0.000	
00998	中信银行	0.41	166000368	4.880	4.860	1000	34069536	0.00	4.890	4.900	4.850	--  	0.00	1.03	0.020	银行	--  	4.880	
300073	当升科技	0.43	163462528	25.77	25.66	0	63837	-0.03	25.60	25.98	25.18	--  	0.21	3.12	0.11	矿物制品	--  	0.000	
603133	碳元科技	-0.51	163085056	33.29	33.46	0	49525	-0.08	32.79	33.90	32.00	--  	0.24	5.68	-0.17	元器件	--  	0.000	
000925	众合科技	0.88	162534288	16.10	15.96	0	104025	0.06	16.08	16.15	15.16	--  	0.00	6.20	0.14	专用机械	--  	0.000	
600563	法拉电子	2.38	161931552	50.82	49.64	0	32055	-0.25	49.74	51.14	49.74	--  	2.22	2.82	1.18	元器件	--  	-0.000	
600596	新安股份	2.11	161733264	9.18	8.99	0	175941	-0.32	8.98	9.32	8.98	--  	1.07	3.78	0.19	农药化肥	--  	0.000	
300176	鸿特精密	1.21	157917424	136.67	135.03	0	11602	0.12	135.18	137.46	134.49	--  	0.15	2.20	1.64	汽车配件	--  	-0.000	
600326	西藏天路	0.52	156390704	9.71	9.66	0	161612	0.21	9.66	9.76	9.56	--  	0.64	2.07	0.05	建筑施工	--  	0.000	
603322	超讯通信	4.48	151138336	48.76	46.67	0	31247	0.52	47.49	49.40	47.00	--  	0.26	5.14	2.09	通信设备	--  	-0.000	
002271	东方雨虹	-0.18	150763200	39.78	39.85	0	37980	0.15	40.00	40.00	39.28	--  	0.38	1.81	-0.07	其他建材	--  	-0.000	
000831	五矿稀土	1.04	150640976	11.63	11.51	0	130757	0.00	11.53	11.67	11.32	--  	0.06	3.04	0.12	小金属	--  	0.000	
300376	易事特	0.94	148558128	7.49	7.42	0	197790	0.13	7.40	7.66	7.32	--  	0.30	4.58	0.07	电气设备	--  	-0.000	
601021	春秋航空	1.71	147810768	38.60	37.95	0	38511	0.31	38.00	38.94	37.57	--  	0.42	3.61	0.65	空运	--  	-0.000	
002760	凤形股份	-2.65	146666624	36.80	37.80	0	39725	-0.15	37.50	37.50	36.58	--  	0.11	2.43	-1.00	机械基件	--  	-0.000	
00011	恒生银行	0.52	145600848	191.800	190.800	100	763031	0.42	190.800	191.800	189.900	--  	1.25	1.00	1.000	银行	--  	191.800	
300604	长川科技	-0.47	145166400	61.81	62.10	0	23772	0.16	61.35	62.20	60.10	--  	0.00	3.38	-0.29	专用机械	--  	0.000	
600267	海正药业	-0.20	142311856	15.24	15.27	0	94352	0.59	15.05	15.29	14.92	--  	0.33	2.42	-0.03	化学制药	--  	-0.000	
02020	安踏体育	2.93	142104016	33.350	32.400	1000	4319623	0.60	33.450	33.450	32.300	--  	1.23	3.55	0.950	纺织服饰	--  	33.350	
600221	海航控股	0.96	141682608	3.16	3.13	0	448778	0.00	3.13	3.17	3.13	--  	1.64	1.28	0.03	空运	--  	0.000	
002252	上海莱士	-0.20	136294960	19.87	19.91	0	68352	0.00	19.86	20.04	19.85	--  	0.15	0.95	-0.04	生物制药	--  	0.000	
03323	中国建材	1.07	135575872	6.630	6.560	2000	20467632	0.00	6.600	6.690	6.520	--  	0.00	2.59	0.070	建筑	--  	6.630	
02688	新奥能源	0.70	134275184	57.150	56.750	1000	2362619	0.00	57.050	57.400	56.100	--  	0.00	2.29	0.400	公用事业	--  	57.150	
600143	金发科技	2.83	131760008	6.54	6.36	0	203590	0.93	6.36	6.56	6.36	--  	1.57	3.14	0.18	塑料	--  	-0.000	
600580	卧龙电气	1.77	131724688	8.04	7.90	0	162524	0.00	8.00	8.25	7.93	--  	0.38	4.05	0.14	电气设备	--  	-0.000	
600219	南山铝业	0.56	131287664	3.58	3.56	0	368204	-0.27	3.55	3.59	3.53	--  	1.40	1.69	0.02	铝	--  	-0.000	
603369	今世缘	0.13	130825728	15.20	15.18	0	86261	-0.25	15.25	15.25	15.04	--  	1.25	1.38	0.02	白酒	--  	-0.000	
600663	陆家嘴	2.33	130400560	19.80	19.35	0	65053	0.00	19.65	20.48	19.60	--  	2.04	4.55	0.45	园区开发	--  	-0.000	
600466	蓝光发展	0.33	129480520	9.23	9.20	0	141406	0.11	9.17	9.27	9.03	--  	1.09	2.61	0.03	区域地产	--  	-0.000	
600259	广晟有色	0.26	126659064	37.99	37.89	0	33631	-0.02	38.00	38.09	37.18	--  	0.04	2.40	0.10	小金属	--  	0.000	
000860	顺鑫农业	2.68	126039120	19.13	18.63	0	66326	-0.25	18.61	19.27	18.60	--  	0.54	3.60	0.50	白酒	--  	-0.000	
300428	四通新材	2.97	125962728	20.45	19.86	0	63585	0.15	19.67	20.76	19.35	--  	0.42	7.10	0.59	铝	--  	0.000	
600252	中恒集团	2.01	125212640	4.07	3.99	0	309955	0.00	3.99	4.08	3.98	--  	1.13	2.51	0.08	中成药	--  	0.000	
603826	坤彩科技	2.63	123519992	15.60	15.20	0	79497	-0.12	15.01	15.89	14.91	--  	0.39	6.45	0.40	染料涂料	--  	0.000	
300689	澄天伟业	4.90	122935952	45.00	42.90	0	27841	0.20	42.50	45.00	42.45	--  	0.00	5.94	2.10	元器件	--  	0.000	
00148	建滔化工	0.12	122087368	40.900	40.850	500	2979464	0.12	41.450	41.500	40.650	--  	1.47	2.08	0.050	工业工程	--  	40.900	
300347	泰格医药	-0.41	120953856	34.21	34.35	0	35157	0.03	34.99	35.40	33.50	--  	0.29	5.53	-0.14	医疗保健	--  	-0.000	
600086	东方金钰	1.15	120679720	10.60	10.48	0	114200	0.57	10.41	10.67	10.37	--  	0.21	2.86	0.12	服饰	--  	0.000	
600153	建发股份	1.40	120522016	10.87	10.72	0	111173	0.09	10.73	10.95	10.70	--  	3.73	2.33	0.15	商贸代理	--  	-0.000	
600511	国药股份	0.98	120302712	27.72	27.45	0	43543	-0.03	27.45	27.88	27.22	--  	0.45	2.40	0.27	医药商业	--  	-0.000	
603860	中公高科	10.01	120029064	36.93	33.57	0	32624	0.00	35.74	36.93	35.01	--  	0.00	5.72	3.36	公路	--  	0.000	
002043	兔 宝 宝	-0.58	118313072	12.06	12.13	0	98187	0.00	12.14	12.15	11.94	--  	0.41	1.73	-0.07	其他建材	--  	0.000	
00006	电能实业	0.54	118020464	65.650	65.300	500	1802472	0.08	65.550	65.650	65.250	--  	12.60	0.61	0.350	公用事业	--  	65.650	
600055	万东医疗	2.13	117228840	16.27	15.93	0	72934	-0.17	15.87	16.40	15.75	--  	0.67	4.08	0.34	医疗保健	--  	0.000	
002365	永安药业	2.17	116912088	33.86	33.14	0	34644	0.12	33.35	33.99	33.18	--  	0.30	2.44	0.72	化学制药	--  	0.000	
002016	世荣兆业	-1.92	116788560	10.21	10.41	0	114211	0.00	10.29	10.41	10.13	--  	3.65	2.69	-0.20	区域地产	--  	0.000	
002244	滨江集团	1.09	114467920	7.39	7.31	0	156867	0.00	7.30	7.40	7.21	--  	0.93	2.60	0.08	区域地产	--  	-0.000	
600059	古越龙山	2.82	114402848	9.48	9.22	0	121177	0.00	9.20	9.57	9.18	--  	1.08	4.23	0.26	红黄药酒	--  	-0.000	
002556	辉隆股份	0.49	111812856	8.28	8.24	0	135693	0.00	8.19	8.35	8.13	--  	0.85	2.67	0.04	其他商业	--  	-0.000	
00004	九龙仓集团	1.33	110403648	26.700	26.350	1000	4154585	0.00	26.300	26.700	26.300	--  	2.73	1.52	0.350	地产	--  	26.700	
00823	领展房产基金	1.13	109859752	71.400	70.600	500	1545109	0.42	70.800	71.400	70.600	20351826	0.00	1.13	0.800		286000	71.400	
002025	航天电器	0.82	109244144	22.19	22.01	0	49214	0.05	22.01	22.40	21.86	--  	1.14	2.45	0.18	元器件	--  	0.000	
300696	爱乐达	5.00	108576968	73.30	69.81	0	14979	-0.04	69.70	74.10	69.67	--  	0.00	6.35	3.49	航空	--  	0.000	
300409	道氏技术	-1.17	106620048	44.59	45.12	0	23810	0.02	45.01	45.58	44.16	--  	0.27	3.15	-0.53	陶瓷	--  	0.000	
002449	国星光电	-0.79	106532936	17.61	17.75	0	60605	0.40	17.73	17.84	17.35	--  	1.13	2.76	-0.14	半导体	--  	0.000	
00257	中国光大国际	0.92	105689920	11.020	10.920	1000	9594894	0.00	10.940	11.100	10.940	--  	1.09	1.47	0.100	公用事业	--  	11.020	
002605	姚记扑克	-1.72	104792840	13.73	13.97	0	76053	-0.06	13.80	14.10	13.52	--  	0.67	4.15	-0.24	文教休闲	--  	-0.000	
000980	众泰汽车	-0.09	104774992	11.51	11.52	0	92119	0.17	11.45	11.51	11.24	--  	0.05	2.34	-0.01	汽车配件	--  	0.000	
300068	南都电源	-0.94	103998568	15.85	16.00	0	65655	0.06	15.99	15.99	15.73	--  	1.13	1.63	-0.15	电气设备	--  	0.000	
000625	长安汽车	-0.32	103279352	12.56	12.60	0	82434	0.00	12.62	12.62	12.47	--  	5.10	1.19	-0.04	汽车整车	--  	0.000	
600339	中油工程	0.51	103201208	5.96	5.93	0	175853	0.51	5.82	6.09	5.70	--  	0.08	6.58	0.03	石油加工	--  	0.000	
000656	金科股份	1.05	102631200	4.81	4.76	0	214677	0.21	4.77	4.81	4.73	--  	4.20	1.68	0.05	区域地产	--  	-0.000	
000036	华联控股	1.50	101445760	8.78	8.65	0	116491	0.11	8.65	8.79	8.51	--  	3.47	3.24	0.13	全国地产	--  	-0.000	
603989	艾华集团	2.35	100364184	38.37	37.49	0	26150	0.10	37.71	38.88	37.60	--  	2.13	3.41	0.88	元器件	--  	-0.000	
603823	百合花	4.36	100250736	17.00	16.29	0	59793	0.06	16.68	17.01	16.32	--  	0.77	4.24	0.71	染料涂料	--  	0.000	
02269	药明生物	0.46	99592696	43.250	43.050	500	2277091	0.00	43.700	44.500	42.950	--  	0.00	3.60	0.200	医药医疗	--  	43.250	
300635	达安股份	5.26	98527344	20.20	19.19	0	49924	1.15	18.88	20.32	18.88	--  	0.00	7.50	1.01	建筑施工	--  	0.000	
01055	中国南方航空股份	1.24	98144256	8.180	8.080	2000	12032096	0.49	8.080	8.260	7.980	--  	0.00	3.47	0.100	运输	--  	8.180	
000402	金 融 街	1.02	97531296	10.88	10.77	0	90008	-0.08	10.73	10.93	10.73	--  	3.71	1.86	0.11	全国地产	--  	0.000	
603127	昭衍新药	1.42	96557672	55.65	54.87	0	17359	-0.12	54.42	56.60	53.91	--  	0.00	4.90	0.78	医疗保健	--  	0.000	
000999	华润三九	0.97	96345480	26.08	25.83	0	37092	0.00	25.74	26.12	25.73	--  	0.62	1.51	0.25	中成药	--  	-0.000	
000567	海德股份	-0.38	96290920	23.69	23.78	0	40667	0.00	23.69	24.13	23.24	--  	0.00	3.74	-0.09	区域地产	--  	0.000	
600325	华发股份	0.56	95910528	7.22	7.18	0	133243	-0.13	7.15	7.25	7.13	--  	6.19	1.67	0.04	区域地产	--  	-0.000	
603557	起步股份	4.27	95444288	15.86	15.21	0	60765	-0.43	15.12	16.16	15.05	--  	0.00	7.30	0.65	服饰	--  	-0.000	
02196	复星医药	1.59	94218000	47.850	47.100	500	1972948	-0.10	47.150	48.500	47.100	--  	0.00	2.97	0.750	医药医疗	--  	47.850	
600354	敦煌种业	0.54	93564560	7.46	7.42	0	125950	0.27	7.38	7.51	7.35	--  	0.00	2.16	0.04	种植业	--  	0.000	
002327	富安娜	-0.79	92883432	10.06	10.14	0	90736	-0.19	10.23	10.42	10.04	--  	0.99	3.75	-0.08	纺织	--  	0.000	
01558	东阳光药	10.06	92812328	27.350	24.850	200	3504447	-0.73	24.950	27.900	24.900	1091880	1.69	12.07	2.500	医药医疗	40400	27.350	
002687	乔治白	2.45	92388448	7.11	6.94	0	131068	-0.13	6.83	7.27	6.80	--  	2.16	6.77	0.17	服饰	--  	0.000	
03311	中国建筑国际	0.94	92102872	10.760	10.660	2000	8506574	-0.74	10.760	10.900	10.720	--  	1.39	1.69	0.100	建筑	--  	10.760	
00285	比亚迪电子	1.34	91892480	15.080	14.880	500	6100111	0.13	15.040	15.140	14.900	--  	0.00	1.61	0.200	信息器材	--  	15.080	
300693	盛弘股份	4.63	91180696	35.28	33.72	0	26122	-0.27	33.55	35.80	33.55	--  	0.00	6.67	1.56	电气设备	--  	-0.000	
002191	劲嘉股份	0.22	90882520	9.32	9.30	0	97666	0.00	9.27	9.46	9.17	--  	2.35	3.12	0.02	广告包装	--  	-0.000	
002155	湖南黄金	-0.43	90204240	9.28	9.32	0	97478	0.11	9.32	9.32	9.21	--  	0.54	1.18	-0.04	黄金	--  	-0.000	
600543	莫高股份	5.60	90130784	10.18	9.64	0	88773	0.10	9.84	10.55	9.77	--  	0.21	8.09	0.54	红黄药酒	--  	0.000	
603616	韩建河山	1.69	89202104	15.62	15.36	0	57371	0.26	15.45	15.73	15.33	--  	0.15	2.60	0.26	其他建材	--  	-0.000	
00392	北京控股	0.33	87567232	45.950	45.800	500	1908939	0.11	45.600	46.150	45.500	--  	0.65	1.42	0.150	公用事业	--  	45.950	
300695	兆丰股份	3.94	87379352	89.68	86.28	0	9832	0.03	86.30	90.99	86.13	--  	0.00	5.63	3.40	汽车配件	--  	0.000	
002359	北讯集团	3.32	86831032	22.42	21.70	0	39420	0.54	21.67	22.45	21.60	--  	0.00	3.92	0.72	钢加工	--  	0.000	
00151	中国旺旺	3.48	85977136	6.550	6.330	1000	13304415	0.31	6.380	6.560	6.300	--  	0.58	4.11	0.220	食物饮品	--  	6.550	
603387	基蛋生物	0.92	85532816	60.57	60.02	0	14125	-0.02	60.02	61.47	59.60	--  	0.00	3.12	0.55	生物制药	--  	-0.000	
002401	中远海科	0.91	85369688	12.17	12.06	0	70037	0.75	12.05	12.38	12.05	--  	0.17	2.74	0.11	软件服务	--  	0.000	
300147	香雪制药	-1.10	84871528	8.98	9.08	0	94936	0.22	9.01	9.01	8.89	--  	1.32	1.32	-0.10	中成药	--  	-0.000	
300452	山河药辅	7.92	84598352	29.02	26.89	0	29759	-0.06	27.05	29.58	27.05	--  	0.56	9.41	2.13	化学制药	--  	0.000	
300620	光库科技	1.74	84511400	40.98	40.28	0	20812	-0.04	39.86	41.38	39.48	--  	0.00	4.72	0.70	元器件	--  	-0.000	
002484	江海股份	4.44	84296272	9.64	9.23	0	87063	0.00	9.41	9.94	9.23	--  	0.83	7.69	0.41	元器件	--  	0.000	
01359	中国信达	0.35	83171368	2.830	2.820	1000	29459916	0.35	2.840	2.840	2.810	--  	0.00	1.06	0.010	其他金融	--  	2.830	
300404	博济医药	10.02	83108616	20.53	18.66	0	41169	0.00	19.26	20.53	19.26	--  	0.27	6.81	1.87	医疗保健	--  	0.000	
600141	兴发集团	0.97	82571304	16.67	16.51	0	49775	0.24	16.51	16.75	16.37	--  	0.62	2.30	0.16	化工原料	--  	0.000	
01638	佳兆业集团	4.44	82465472	4.000	3.830	1000	20885000	0.00	3.870	4.020	3.840	--  	0.00	4.70	0.170	地产	--  	4.000	
002032	苏 泊 尔	-0.84	82404304	42.75	43.11	0	19344	0.09	43.10	43.11	42.12	--  	1.37	2.30	-0.36	家用电器	--  	0.000	
601369	陕鼓动力	1.59	82264056	7.69	7.57	0	108154	0.26	7.53	7.74	7.45	--  	1.98	3.83	0.12	机械基件	--  	0.000	
00101	恒隆地产	0.43	82247896	18.700	18.620	1000	4399500	0.00	18.620	18.780	18.620	--  	0.91	0.86	0.080	地产	--  	18.700	
02666	环球医疗	2.71	82058784	7.580	7.380	500	10746000	0.00	7.400	7.770	7.340	--  	0.00	5.83	0.200	其他金融	--  	7.580	
300463	迈克生物	1.93	81614344	24.24	23.78	0	33757	0.37	24.09	24.66	23.88	--  	0.47	3.28	0.46	医疗保健	--  	-0.000	
603316	诚邦股份	7.32	81134408	15.11	14.08	0	55532	-0.06	13.85	15.48	13.72	--  	0.00	12.50	1.03	建筑施工	--  	-0.000	
600763	通策医疗	-0.61	81130312	30.91	31.10	0	26364	0.26	31.05	31.30	30.50	--  	0.42	2.57	-0.19	医疗保健	--  	-0.000	
02313	申洲国际	3.27	80994624	72.550	70.250	1000	1129088	-0.07	70.700	72.700	70.200	--  	0.96	3.56	2.300	纺织服饰	--  	72.550	
002307	北新路桥	0.89	80086312	11.39	11.29	0	70620	0.09	11.25	11.45	11.16	--  	0.70	2.57	0.10	建筑施工	--  	0.000	
600566	济川药业	-0.54	79869976	38.87	39.08	0	20549	0.10	39.16	39.18	38.61	--  	1.87	1.46	-0.21	中成药	--  	-0.000	
00670	中国东方航空股份	0.91	79523400	5.540	5.490	2000	14234000	0.00	5.500	5.670	5.480	--  	0.00	3.46	0.050	运输	--  	5.540	
01816	中广核电力	1.90	79365152	2.140	2.100	1000	37304356	0.47	2.120	2.150	2.100	--  	0.00	2.38	0.040	公用事业	--  	2.140	
600967	内蒙一机	0.97	79362096	11.41	11.30	0	70043	-0.16	11.27	11.47	11.16	--  	0.27	2.74	0.11	运输设备	--  	-0.000	
002860	星帅尔	2.86	79002552	42.39	41.21	0	18778	-0.11	41.00	42.60	40.93	--  	0.00	4.05	1.18	电气设备	--  	-0.000	
600351	亚宝药业	10.04	78781432	7.78	7.07	0	101430	0.00	7.72	7.78	7.72	--  	0.28	0.85	0.71	中成药	--  	0.000	
002582	好想你	2.24	78681848	11.86	11.60	0	66702	0.00	11.55	12.00	11.45	--  	0.30	4.74	0.26	食品	--  	-0.000	
00066	港铁公司	0.66	78111952	45.600	45.300	500	1713142	0.00	45.450	45.700	45.400	--  	0.55	0.66	0.300	运输	--  	45.600	
00390	中国中铁	0.70	77516264	5.740	5.700	1000	13468716	-0.35	5.720	5.800	5.720	--  	0.00	1.40	0.040	建筑	--  	5.740	
600165	新日恒力	5.80	77420624	16.06	15.18	0	49109	-0.24	15.15	16.11	15.07	--  	0.00	6.85	0.88	钢加工	--  	-0.000	
02799	中国华融	0.56	77095056	3.590	3.570	1000	21584536	0.56	3.580	3.590	3.540	--  	0.00	1.40	0.020	其他金融	--  	3.590	
600108	亚盛集团	-0.49	76733112	4.09	4.11	0	188376	0.25	4.07	4.11	4.03	--  	0.10	1.95	-0.02	农业综合	--  	0.000	
603286	日盈电子	0.27	76324136	37.17	37.07	0	20526	0.76	36.91	37.96	36.70	--  	0.00	3.40	0.10	汽车配件	--  	-0.000	
00358	江西铜业股份	0.34	76300016	11.760	11.720	1000	6492402	0.17	11.800	11.800	11.640	--  	0.00	1.37	0.040	一般金属	--  	11.760	
603233	大参林	1.17	76201816	52.60	51.99	0	14546	-0.18	52.00	52.99	51.36	--  	0.00	3.14	0.61	医药商业	--  	-0.000	
01999	敏华控股	1.22	75287512	7.490	7.400	400	10014000	0.13	7.400	7.570	7.350	--  	1.74	2.97	0.090	家电及用品	--  	7.490	
300643	万通智控	0.37	73639864	13.65	13.60	0	54220	-0.43	13.40	13.88	13.26	--  	0.00	4.56	0.05	汽车配件	--  	-0.000	
002233	塔牌集团	1.39	73520456	11.68	11.52	0	63126	0.17	11.53	11.75	11.53	--  	1.37	1.91	0.16	水泥	--  	0.000	
603779	威龙股份	8.67	72758064	17.68	16.27	0	41738	-0.10	16.62	17.90	16.61	--  	0.48	7.93	1.41	红黄药酒	--  	0.000	
300569	天能重工	4.17	72719896	21.72	20.85	0	33805	0.05	20.97	21.92	20.65	--  	0.90	6.09	0.87	专用机械	--  	-0.000	
01208	五矿资源	2.21	72696752	3.700	3.620	4000	19668528	0.00	3.640	3.720	3.580	--  	0.00	3.87	0.080	一般金属	--  	3.700	
000802	北京文化	-0.61	72536704	14.58	14.67	0	50114	0.62	14.62	14.62	14.33	--  	0.53	1.98	-0.09	旅游服务	--  	-0.000	
300381	溢多利	2.01	72160344	13.20	12.94	0	54399	-0.07	12.83	13.55	12.75	--  	0.46	6.18	0.26	饲料	--  	-0.000	
000546	金圆股份	0.87	71503696	17.30	17.15	0	41723	0.00	17.18	17.37	16.80	--  	2.43	3.32	0.15	水泥	--  	-0.000	
06837	海通证券	0.35	70901960	11.340	11.300	400	6262530	0.35	11.340	11.360	11.280	--  	0.00	0.71	0.040	其他金融	--  	11.340	
01169	海尔电器	1.41	70680744	21.600	21.300	1000	3305404	0.23	21.450	21.600	21.100	--  	0.00	2.35	0.300	家电及用品	--  	21.600	
002850	科达利	1.97	70318952	63.66	62.43	0	11097	-0.12	61.90	64.31	61.90	--  	0.80	3.86	1.23	机械基件	--  	-0.000	
300270	中威电子	0.98	69769208	13.38	13.25	0	52380	0.07	13.36	13.53	13.11	--  	0.15	3.17	0.13	通信设备	--  	0.000	
002878	元隆雅图	4.94	69289000	36.74	35.01	0	19095	-0.34	35.00	36.97	34.85	--  	0.00	6.06	1.73	文教休闲	--  	0.000	
000888	峨眉山Ａ	2.44	68721784	10.90	10.64	0	63460	0.18	10.62	10.94	10.61	--  	0.75	3.10	0.26	旅游景点	--  	-0.000	
603767	中马传动	4.50	68688368	15.55	14.88	0	44734	0.26	14.90	15.57	14.70	--  	0.00	5.85	0.67	汽车配件	--  	0.000	
002320	海峡股份	0.09	68376024	21.66	21.64	0	31658	-0.08	21.70	21.78	21.44	--  	0.13	1.57	0.02	水运	--  	-0.000	
01530	三生制药	4.14	68183856	15.100	14.500	500	4598727	-0.40	14.600	15.200	14.340	--  	0.00	5.93	0.600	医药医疗	--  	15.100	
000498	山东路桥	3.58	68130320	6.65	6.42	0	102669	0.15	6.50	6.73	6.50	--  	0.00	3.58	0.23	建筑施工	--  	0.000	
603880	南卫股份	3.80	67868352	25.65	24.71	0	26756	0.55	24.50	25.98	24.31	--  	0.00	6.76	0.94	医疗保健	--  	-0.000	
002840	华统股份	-2.25	67729072	38.60	39.49	0	17377	-0.02	39.00	40.05	38.58	--  	0.27	3.72	-0.89	食品	--  	-0.000	
000533	万 家 乐	0.85	67676920	10.70	10.61	0	63512	0.56	10.54	10.74	10.51	--  	0.47	2.17	0.09	家用电器	--  	-0.000	
01462	金诚控股	0.37	66392284	2.690	2.680	2000	24612000	0.75	2.690	2.730	2.670	--  	0.00	2.24	0.010	建筑	--  	2.690	
300511	雪榕生物	5.34	66225208	24.46	23.22	0	27712	0.45	23.50	24.55	23.49	--  	0.42	4.57	1.24	种植业	--  	-0.000	
601669	中国电建	-0.41	65608324	7.30	7.33	0	90009	0.00	7.31	7.34	7.27	--  	1.17	0.95	-0.03	建筑施工	--  	0.000	
01513	丽珠医药	3.20	65235996	61.300	59.400	100	1067022	0.08	60.350	62.200	60.350	--  	0.00	3.11	1.900	医药医疗	--  	61.300	
002353	杰瑞股份	0.63	65056840	12.86	12.78	0	50695	0.23	12.66	12.94	12.66	--  	0.23	2.19	0.08	化工机械	--  	-0.000	
002733	雄韬股份	-0.34	64309812	17.59	17.65	0	36827	-0.22	17.30	17.69	17.19	--  	0.85	2.83	-0.06	电气设备	--  	0.000	
01193	华润燃气	0.72	63746284	28.100	27.900	2000	2273600	0.36	28.150	28.400	27.950	--  	0.53	1.61	0.200	公用事业	--  	28.100	
300480	光力科技	9.39	63530208	16.78	15.34	0	38780	-0.05	15.50	16.87	15.42	--  	0.31	9.45	1.44	电器仪表	--  	0.000	
002785	万里石	0.44	62465372	13.76	13.70	0	45655	0.07	13.65	13.81	13.49	--  	0.09	2.34	0.06	其他建材	--  	0.000	
03908	中金公司	1.77	62400652	16.080	15.800	400	3893200	0.37	15.720	16.200	15.700	--  	0.00	3.16	0.280	其他金融	--  	16.080	
00059	天誉置业	15.93	62044924	3.930	3.390	2000	17318000	2.08	3.410	4.000	3.380	--  	0.00	18.29	0.540	地产	--  	3.930	
00267	中信股份	1.09	61813272	11.080	10.960	1000	5602035	0.36	10.940	11.080	10.940	--  	0.99	1.28	0.120	综合企业	--  	11.080	
002247	帝龙文化	1.81	61499600	13.52	13.28	0	45934	0.52	13.19	13.56	13.18	--  	0.75	2.86	0.24	装修装饰	--  	0.000	
300554	三超新材	3.73	61253408	62.37	60.13	0	9863	-0.20	60.13	63.38	59.80	--  	0.00	5.95	2.24	矿物制品	--  	-0.000	
02314	理文造纸	0.73	60943944	9.650	9.580	1000	6378480	0.52	9.800	9.800	9.430	--  	1.76	3.86	0.070	原材料	--  	9.650	
00813	世茂房地产	1.10	60930528	16.580	16.400	500	3685050	0.12	16.460	16.660	16.360	--  	2.41	1.83	0.180	地产	--  	16.580	
300110	华仁药业	0.07	60874456	13.90	13.89	0	43820	0.22	13.96	13.96	13.85	--  	0.05	0.79	0.01	化学制药	--  	-0.000	
000961	中南建设	0.00	60756232	6.11	6.11	0	99619	0.00	6.12	6.14	6.06	--  	0.25	1.31	0.00	建筑施工	--  	0.000	
01030	新城发展控股	2.37	60705664	4.320	4.220	2000	14274000	1.17	4.220	4.340	4.200	--  	0.00	3.32	0.100	地产	--  	4.320	
300607	拓斯达	2.40	60619556	68.20	66.60	0	8984	0.29	66.66	68.27	66.05	--  	0.17	3.33	1.60	专用机械	--  	-0.000	
002798	帝王洁具	-0.02	60265508	54.59	54.60	0	10961	-0.01	54.63	55.40	53.80	--  	0.53	2.93	-0.01	家居用品	--  	0.000	
01813	合景泰富	1.15	59416872	8.780	8.680	500	6769432	0.46	8.700	8.880	8.650	--  	1.31	2.65	0.100	地产	--  	8.780	
603377	东方时尚	-0.45	59097184	39.80	39.98	0	14858	0.05	39.86	40.05	39.41	--  	0.75	1.60	-0.18	汽车服务	--  	-0.000	
600636	*ST爱富	1.38	58757776	14.71	14.51	0	40283	0.07	14.51	14.80	14.40	--  	0.06	2.76	0.20	化工原料	--  	0.000	
002237	恒邦股份	-0.39	58305188	10.31	10.35	0	56805	0.00	10.35	10.35	10.20	--  	0.97	1.45	-0.04	黄金	--  	0.000	
002511	中顺洁柔	-0.26	57878316	15.20	15.24	0	38077	-0.12	15.32	15.50	15.00	--  	0.44	3.28	-0.04	造纸	--  	-0.000	
000421	南京公用	2.81	57859996	6.59	6.41	0	89338	0.00	6.40	6.70	6.26	--  	1.56	6.86	0.18	供气供热	--  	0.000	
00189	东岳集团	4.57	57288164	5.260	5.030	1000	10948000	-0.19	5.030	5.330	5.030	2077060	0.00	5.96	0.230	原材料	396000	5.260	
002468	申通快递	0.57	57139220	24.60	24.46	0	23290	0.08	24.40	24.64	24.37	--  	0.41	1.10	0.14	仓储物流	--  	0.000	
002536	西泵股份	3.27	56658172	14.20	13.75	0	40113	0.07	13.92	14.33	13.90	--  	0.73	3.13	0.45	汽车配件	--  	-0.000	
300476	胜宏科技	1.20	56643064	23.66	23.38	0	23944	0.77	23.39	23.84	23.22	--  	1.28	2.65	0.28	元器件	--  	-0.000	
600728	佳都科技	0.62	56439716	8.16	8.11	0	69335	-0.23	8.11	8.19	8.09	--  	0.00	1.23	0.05	软件服务	--  	-0.000	
000633	合金投资	3.17	56270548	9.77	9.47	0	58030	0.21	9.46	9.88	9.40	--  	0.44	5.07	0.30	综合类	--  	0.000	
600280	中央商场	0.60	56252920	8.36	8.31	0	67452	0.12	8.39	8.46	8.28	--  	0.54	2.17	0.05	百货	--  	-0.000	
02386	中石化炼化工程	6.20	56207332	6.850	6.450	500	8337500	0.15	6.460	6.870	6.450	--  	0.95	6.51	0.400	石油天然气	--  	6.850	
00120	COSMOPOL INT'L	2.11	55958884	0.970	0.950	20000	56994000	0.00	0.960	1.010	0.900	--  	0.00	11.58	0.020	地产	--  	0.970	
300647	超频三	1.63	55675428	19.95	19.63	0	28187	0.25	19.30	20.16	19.21	--  	0.62	4.84	0.32	元器件	--  	0.000	
06886	HTSC	0.78	55172496	15.500	15.380	200	3564366	0.39	15.500	15.560	15.400	--  	0.00	1.04	0.120	其他金融	--  	15.500	
600823	世茂股份	0.82	54563196	4.89	4.85	0	111883	0.00	4.86	4.91	4.83	--  	1.18	1.65	0.04	全国地产	--  	-0.000	
603197	保隆科技	2.49	54380496	54.81	53.48	0	9964	0.07	53.50	54.98	53.50	--  	0.93	2.77	1.33	汽车配件	--  	0.000	
000619	海螺型材	-0.46	53949192	8.63	8.67	0	61896	0.35	8.62	8.87	8.60	--  	1.15	3.11	-0.04	其他建材	--  	0.000	
002642	荣之联	1.07	53820096	13.22	13.08	0	40753	0.08	13.15	13.33	13.06	--  	0.15	2.06	0.14	软件服务	--  	0.000	
600170	上海建工	1.09	53659288	3.72	3.68	0	144964	0.27	3.70	3.72	3.68	--  	2.97	1.09	0.04	建筑施工	--  	0.000	
300398	飞凯材料	2.62	53504824	20.73	20.20	0	25993	-0.52	20.08	21.15	20.00	--  	0.12	5.69	0.53	染料涂料	--  	-0.000	
02331	李宁	3.62	53414088	6.580	6.350	500	8321500	0.92	6.380	6.580	6.260	--  	0.00	5.04	0.230	纺织服饰	--  	6.580	
00023	东亚银行	1.98	52941652	33.450	32.800	200	1600428	0.15	33.000	33.450	32.500	--  	2.03	2.90	0.650	银行	--  	33.450	
000752	西藏发展	-1.68	52807668	13.48	13.71	0	39228	0.30	13.71	13.73	13.29	--  	0.15	3.21	-0.23	啤酒	--  	-0.000	
600318	新力金融	9.99	52640872	13.21	12.01	0	40112	0.00	13.21	13.21	12.74	--  	0.42	3.91	1.20	多元金融	--  	0.000	
002821	凯莱英	-0.27	52625236	58.50	58.66	0	8966	-0.09	59.00	59.20	58.19	--  	0.43	1.72	-0.16	生物制药	--  	0.000	
300243	瑞丰高材	0.40	52260040	12.41	12.36	0	41871	-0.07	12.43	12.66	12.30	--  	0.08	2.91	0.05	化工原料	--  	-0.000	
002348	高乐股份	-0.17	52011052	5.98	5.99	0	85790	-0.32	6.19	6.19	5.93	--  	0.33	4.34	-0.01	文教休闲	--  	0.000	
002120	韵达股份	1.88	51976444	46.10	45.25	0	11301	-0.10	45.53	46.29	45.30	--  	0.22	2.19	0.85	仓储物流	--  	-0.000	
01478	丘钛科技	1.10	51891912	10.980	10.860	1000	4759000	0.55	10.900	11.000	10.720	--  	0.00	2.58	0.120	家电及用品	--  	10.980	
002167	东方锆业	-0.10	51467220	10.30	10.31	0	50192	-0.09	10.27	10.33	10.19	--  	0.00	1.36	-0.01	小金属	--  	0.000	
603368	柳州医药	-1.36	51210852	47.93	48.59	0	10640	-0.14	48.33	48.75	47.61	--  	1.11	2.35	-0.66	医药商业	--  	0.000	
00054	合和实业	0.35	51074716	28.500	28.400	500	1787200	-0.35	28.500	28.750	28.500	--  	4.21	0.88	0.100	综合企业	--  	28.500	
00152	深圳国际	2.23	50808296	14.640	14.320	500	3465408	-0.41	14.700	14.780	14.560	--  	0.00	1.54	0.320	工用运输	--  	14.640	
603167	渤海轮渡	0.93	50410624	11.94	11.83	0	42446	0.00	11.82	11.95	11.78	--  	2.11	1.44	0.11	水运	--  	-0.000	
600026	中远海能	0.99	50234440	6.11	6.05	0	82692	0.00	6.07	6.12	6.02	--  	3.14	1.65	0.06	水运	--  	0.000	
002773	康弘药业	-0.47	50106564	63.90	64.20	0	7883	-0.13	63.99	64.47	62.60	--  	0.23	2.91	-0.30	中成药	--  	0.000	
01339	中国人民保险集团	0.52	50091688	3.890	3.870	1000	12873866	0.26	3.890	3.930	3.870	--  	0.00	1.55	0.020	保险	--  	3.890	
000510	金路集团	0.12	50009768	8.26	8.25	0	60672	0.12	8.25	8.35	8.15	--  	0.64	2.42	0.01	化工原料	--  	0.000	
002372	伟星新材	-0.06	49260232	17.83	17.84	0	27659	0.00	17.75	17.98	17.70	--  	2.59	1.57	-0.01	其他建材	--  	-0.000	
002213	特 尔 佳	1.35	49255228	17.23	17.00	0	28597	-0.11	17.00	17.38	16.76	--  	0.06	3.65	0.23	汽车配件	--  	-0.000	
00750	兴业太阳能	3.70	49115764	3.360	3.240	1000	14642857	0.60	3.250	3.430	3.250	335200	0.00	5.56	0.120	建筑	102000	3.360	
002070	*ST众和	4.92	48872896	5.54	5.28	0	88603	0.00	5.53	5.54	5.41	--  	0.00	2.46	0.26	纺织	--  	-0.000	
002293	罗莱生活	-0.74	48682932	13.40	13.50	0	36420	0.00	13.50	13.52	13.17	--  	1.48	2.59	-0.10	纺织	--  	-0.000	
002568	百润股份	3.80	48260008	13.65	13.15	0	35831	0.07	13.15	13.79	13.01	--  	4.86	5.93	0.50	红黄药酒	--  	-0.000	
03669	永达汽车	5.43	48220536	8.540	8.100	500	5778000	0.35	8.110	8.580	8.090	1913845	0.00	6.05	0.440	汽车	226500	8.540	
600863	内蒙华电	0.67	48144692	3.00	2.98	0	161486	0.33	2.97	3.00	2.95	--  	0.77	1.68	0.02	火力发电	--  	0.000	
002451	摩恩电气	0.24	48016928	29.76	29.69	0	16201	0.07	29.60	29.82	29.41	--  	0.59	1.38	0.07	电气设备	--  	0.000	
002461	珠江啤酒	-1.25	47873804	11.83	11.98	0	40536	-0.07	11.88	11.98	11.73	--  	0.50	2.09	-0.15	啤酒	--  	-0.000	
00806	惠理集团	1.71	47126624	8.330	8.190	1000	5664000	0.12	8.240	8.410	8.220	--  	0.00	2.32	0.140	其他金融	--  	8.330	
00327	百富环球	1.42	47073456	3.570	3.520	1000	13394012	-0.28	3.550	3.630	3.520	--  	1.12	3.12	0.050	软件服务	--  	3.570	
01035	ＢＢＩ生命科学	13.22	46860904	3.940	3.480	1500	12096887	2.07	3.650	4.020	3.650	--  	0.00	10.63	0.460	医药医疗	--  	3.940	
00683	嘉里建设	1.62	46830428	34.500	33.950	500	1352000	-0.29	34.300	35.200	34.300	--  	0.00	2.65	0.550	地产	--  	34.500	
00506	中国食品	4.30	46738196	4.370	4.190	2000	10754000	0.00	4.190	4.430	4.180	--  	0.00	5.97	0.180	食物饮品	--  	4.370	
603728	鸣志电器	1.27	46709912	23.91	23.61	0	19637	0.04	23.66	24.10	23.43	--  	0.00	2.84	0.30	电气设备	--  	-0.000	
002706	良信电器	0.48	46702116	12.62	12.56	0	37184	0.08	12.54	12.72	12.32	--  	1.57	3.18	0.06	电气设备	--  	-0.000	
01333	中国忠旺	4.55	46621168	4.140	3.960	400	11393248	0.24	3.950	4.140	3.940	--  	0.00	5.05	0.180	一般金属	--  	4.140	
300230	永利股份	1.11	45866516	13.70	13.55	0	33851	0.00	13.45	13.75	13.32	--  	0.82	3.17	0.15	塑料	--  	-0.000	
002499	科林环保	-0.54	45563524	20.13	20.24	0	22783	-0.04	20.00	20.26	19.77	--  	0.04	2.42	-0.11	环境保护	--  	-0.000	
02888	渣打集团	0.25	45389660	80.350	80.150	50	564096	0.19	80.550	80.700	80.200	--  	0.00	0.62	0.200	银行	--  	80.350	
002873	新天药业	3.07	45076424	41.30	40.07	0	11042	0.12	39.59	41.51	39.59	--  	0.00	4.79	1.23	中成药	--  	-0.000	
600707	彩虹股份	0.27	44863504	7.41	7.39	0	60912	-0.12	7.40	7.46	7.27	--  	0.48	2.57	0.02	元器件	--  	-0.000	
000880	潍柴重机	2.04	44831956	9.49	9.30	0	47003	0.00	9.65	9.65	9.32	--  	0.22	3.55	0.19	机械基件	--  	-0.000	
603078	江化微	2.89	44812528	72.94	70.89	0	6233	0.50	70.89	73.45	69.58	--  	0.00	5.46	2.05	化工原料	--  	0.000	
603139	康惠制药	3.01	44476300	25.35	24.61	0	17674	-0.07	24.39	25.66	24.28	--  	0.00	5.61	0.74	中成药	--  	0.000	
01982	南旋控股	2.47	43895104	3.320	3.240	2000	12902000	-0.30	3.240	3.530	3.220	--  	1.51	9.57	0.080	纺织服饰	--  	3.320	
00839	中教控股	0.93	43014312	6.490	6.430	1000	6654000	0.00	6.450	6.550	6.410	--  	0.00	2.18	0.060	支援服务	--  	6.490	
603229	奥翔药业	2.52	42872360	17.49	17.06	0	24738	-0.22	16.80	17.78	16.71	--  	0.00	6.27	0.43	化学制药	--  	-0.000	
600783	鲁信创投	0.26	42760296	15.14	15.10	0	28380	0.00	14.96	15.20	14.90	--  	0.99	1.99	0.04	矿物制品	--  	0.000	
603226	菲林格尔	2.04	42425468	29.95	29.35	0	14311	0.03	29.25	29.97	29.10	--  	0.59	2.96	0.60	家居用品	--  	0.000	
002030	达安基因	0.71	42349508	18.46	18.33	0	23013	0.11	18.35	18.48	18.27	--  	0.25	1.15	0.13	生物制药	--  	-0.000	
300074	华平股份	0.24	41754108	8.27	8.25	0	50517	-0.23	8.18	8.38	8.16	--  	0.24	2.67	0.02	通信设备	--  	0.000	
600675	中华企业	2.13	41712416	6.22	6.09	0	67133	0.32	6.12	6.36	6.07	--  	1.37	4.76	0.13	区域地产	--  	-0.000	
002855	捷荣技术	4.00	41562712	13.27	12.76	0	31833	0.23	12.66	13.34	12.66	--  	0.00	5.33	0.51	塑料	--  	0.000	
002534	杭锅股份	-0.28	41015308	10.75	10.78	0	38441	0.19	10.70	10.84	10.51	--  	1.16	3.06	-0.03	专用机械	--  	0.000	
600735	新华锦	0.34	40660660	11.86	11.82	0	34296	0.00	11.78	11.96	11.73	--  	0.00	1.95	0.04	商贸代理	--  	-0.000	
300256	星星科技	-1.09	40594332	9.08	9.18	0	44611	0.00	9.07	9.26	9.02	--  	0.33	2.61	-0.10	元器件	--  	-0.000	
002154	报 喜 鸟	0.58	40299744	3.44	3.42	0	117324	0.00	3.40	3.46	3.38	--  	0.27	2.34	0.02	服饰	--  	0.000	
03320	华润医药	2.59	40250268	10.280	10.020	500	3968245	0.78	10.180	10.280	10.020	--  	0.00	2.59	0.260	医药医疗	--  	10.280	
00817	中国金茂	2.22	40136040	3.220	3.150	2000	12538483	0.31	3.180	3.240	3.150	--  	2.55	2.86	0.070	地产	--  	3.220	
600789	鲁抗医药	1.07	40002524	7.54	7.46	0	53394	0.40	7.42	7.54	7.41	--  	0.27	1.74	0.08	化学制药	--  	-0.000	
300656	民德电子	1.00	39602280	56.67	56.11	0	7035	-0.01	55.50	56.85	55.22	--  	0.00	2.91	0.56	电脑设备	--  	-0.000	
00836	华润电力	0.84	39239556	14.360	14.240	2000	2741455	0.00	14.340	14.380	14.200	--  	0.87	1.26	0.120	公用事业	--  	14.360	
00323	马鞍山钢铁股份	0.27	39126200	3.660	3.650	2000	10714000	-0.27	3.660	3.680	3.610	--  	0.00	1.92	0.010	一般金属	--  	3.660	
000990	诚志股份	-0.06	38575668	16.87	16.88	0	22957	0.00	16.85	16.96	16.72	--  	0.59	1.42	-0.01	化工原料	--  	0.000	
02357	中航科工	0.76	38481876	3.970	3.940	1000	9707218	0.25	3.960	3.980	3.920	--  	0.00	1.52	0.030	工业工程	--  	3.970	
08176	超人智能	4.69	37856996	12.500	11.940	5000	3050650	0.00	11.600	12.800	11.520	--  	0.00	10.72	0.560	医疗服务	--  	12.500	
600854	春兰股份	4.13	37686340	5.55	5.33	0	69601	2.21	5.34	5.71	5.28	--  	0.34	8.07	0.22	家用电器	--  	0.000	
300345	红宇新材	1.35	37405744	6.77	6.68	0	55676	0.30	6.69	6.77	6.64	--  	0.45	1.95	0.09	钢加工	--  	-0.000	
601579	会稽山	0.60	37348000	11.81	11.74	0	31661	0.25	11.70	11.90	11.62	--  	0.94	2.39	0.07	红黄药酒	--  	0.000	
01776	广发证券	0.39	37114564	15.600	15.540	200	2388699	0.52	15.580	15.680	15.400	--  	0.00	1.80	0.060	其他金融	--  	15.600	
00581	中国东方集团	5.20	36895920	5.870	5.580	2000	6328226	0.17	5.630	5.920	5.610	--  	2.21	5.56	0.290	一般金属	--  	5.870	
603926	铁流股份	3.41	36874384	26.67	25.79	0	13917	-0.10	25.85	26.91	25.78	--  	0.00	4.38	0.88	汽车配件	--  	0.000	
603088	宁波精达	0.07	36851232	44.07	44.04	0	8512	2.08	44.04	44.17	42.93	--  	0.25	2.82	0.03	专用机械	--  	-0.000	
00968	信义光能	0.35	35737644	2.850	2.840	2000	12553657	0.35	2.860	2.860	2.840	--  	2.81	0.70	0.010	工业工程	--  	2.850	
002491	通鼎互联	0.25	35679800	12.10	12.07	0	29567	0.08	12.07	12.15	11.97	--  	0.41	1.49	0.03	通信设备	--  	0.000	
002690	美亚光电	-0.05	35654148	19.28	19.29	0	18577	0.16	19.40	19.40	19.02	--  	1.56	1.97	-0.01	专用机械	--  	0.000	
600054	黄山旅游	0.70	35628020	14.29	14.19	0	25005	0.07	14.18	14.33	14.15	--  	1.34	1.27	0.10	旅游景点	--  	-0.000	
600657	信达地产	0.73	35225780	5.53	5.49	0	64064	0.18	5.49	5.54	5.47	--  	2.19	1.28	0.04	全国地产	--  	0.000	
603178	圣龙股份	4.45	35085408	14.78	14.15	0	24111	0.54	14.06	14.80	14.02	--  	0.83	5.51	0.63	汽车配件	--  	-0.000	
002498	汉缆股份	1.53	34973016	3.31	3.26	0	106135	0.30	3.25	3.33	3.24	--  	1.10	2.76	0.05	电气设备	--  	-0.000	
00489	东风集团股份	1.20	34889956	9.310	9.200	2000	3758535	0.00	9.230	9.350	9.160	--  	1.24	2.07	0.110	汽车	--  	9.310	
601588	北辰实业	1.08	34816908	5.63	5.57	0	62332	0.18	5.56	5.63	5.55	--  	1.08	1.44	0.06	区域地产	--  	0.000	
603399	新华龙	-0.07	34549508	14.77	14.78	0	23536	-0.13	14.78	14.83	14.51	--  	0.11	2.17	-0.01	小金属	--  	0.000	
00586	海螺创业	0.22	34064816	18.140	18.100	500	1878751	0.00	18.100	18.200	18.020	--  	0.00	0.99	0.040	工业工程	--  	18.140	
002826	易明医药	4.05	33688780	15.15	14.56	0	22553	0.00	14.38	15.44	14.29	--  	0.41	7.90	0.59	中成药	--  	-0.000	
002305	南国置业	1.34	33642168	4.53	4.47	0	74565	0.22	4.47	4.54	4.47	--  	1.12	1.57	0.06	区域地产	--  	0.000	
00570	中国中药	2.27	33455932	4.050	3.960	2000	8354000	0.25	3.960	4.080	3.950	--  	1.19	3.28	0.090	医药医疗	--  	4.050	
002619	艾格拉斯	-0.62	32924060	6.43	6.47	0	51323	0.16	6.42	6.47	6.37	--  	0.00	1.55	-0.04	互联网	--  	-0.000	
00732	信利国际	0.92	32698442	3.290	3.260	2000	9942000	-0.30	3.310	3.340	3.260	--  	0.00	2.45	0.030	信息器材	--  	3.290	
603825	华扬联众	3.13	32413332	29.96	29.05	0	10898	0.13	29.05	30.12	28.89	--  	0.00	4.23	0.91	互联网	--  	-0.000	
03358	荣威国际	3.89	32245256	3.470	3.340	500	9175250	0.29	3.400	3.600	3.360	--  	0.00	7.19	0.130	酒店及消闲	--  	3.470	
03808	中国重汽	0.36	32038226	8.320	8.290	500	3869500	-0.12	8.350	8.380	8.130	--  	0.00	3.02	0.030	工业工程	--  	8.320	
600095	哈高科	-0.79	31858204	6.28	6.33	0	51160	0.32	6.27	6.32	6.15	--  	0.24	2.69	-0.05	区域地产	--  	0.000	
600400	红豆股份	0.70	31458460	7.18	7.13	0	44014	0.42	7.13	7.19	7.08	--  	1.27	1.54	0.05	服饰	--  	-0.000	
00083	信和置业	1.50	31429402	13.540	13.340	2000	2337016	0.59	13.360	13.540	13.320	--  	2.95	1.65	0.200	地产	--  	13.540	
002791	坚朗五金	4.10	31392648	19.05	18.30	0	16701	0.16	18.36	19.07	18.19	--  	0.91	4.81	0.75	其他建材	--  	-0.000	
002820	桂发祥	2.78	31367720	25.47	24.78	0	12408	0.00	24.78	25.60	24.61	--  	1.01	4.00	0.69	食品	--  	-0.000	
600070	浙江富润	0.54	31301172	9.38	9.33	0	33423	-0.10	9.35	9.43	9.28	--  	1.07	1.61	0.05	纺织	--  	0.000	
002701	奥瑞金	-0.48	31088444	6.24	6.27	0	49814	0.00	6.24	6.29	6.20	--  	2.99	1.44	-0.03	广告包装	--  	-0.000	
01882	海天国际	4.35	31040384	24.000	23.000	1000	1308471	0.63	23.100	24.100	23.050	--  	1.04	4.57	1.000	工业工程	--  	24.000	
002653	海思科	3.89	30771946	12.02	11.57	0	26125	-0.16	11.61	12.09	11.50	--  	3.94	5.10	0.45	化学制药	--  	0.000	
603679	华体科技	2.13	30640564	24.47	23.96	0	12552	0.08	23.99	24.69	23.96	--  	0.00	3.05	0.51	电气设备	--  	-0.000	
600587	新华医疗	1.46	30601092	16.68	16.44	0	18532	0.06	16.45	16.70	16.32	--  	0.27	2.31	0.24	医疗保健	--  	0.000	
603839	安正时尚	1.18	30397446	23.91	23.63	0	12774	-0.07	23.45	24.10	23.41	--  	1.67	2.92	0.28	服饰	--  	-0.000	
603637	镇海股份	0.26	30290672	23.52	23.46	0	12796	-0.67	23.49	23.98	23.39	--  	0.66	2.51	0.06	建筑施工	--  	0.000	
002578	闽发铝业	-0.22	30112516	4.50	4.51	0	66899	0.00	4.51	4.54	4.46	--  	0.00	1.77	-0.01	铝	--  	0.000	
00165	中国光大控股	0.94	29732726	17.260	17.100	2000	1723556	0.12	17.260	17.340	17.160	--  	1.45	1.05	0.160	其他金融	--  	17.260	
601700	风范股份	0.88	29674260	8.04	7.97	0	37146	-0.11	7.97	8.05	7.94	--  	1.88	1.38	0.07	电气设备	--  	-0.000	
03606	福耀玻璃	0.16	29596594	32.100	32.050	400	919275	0.31	32.750	32.750	31.850	--  	0.00	2.81	0.050	汽车	--  	32.100	
603331	百达精工	3.53	29504388	19.04	18.39	0	15658	0.21	18.28	19.14	18.28	--  	0.00	4.68	0.65	专用机械	--  	0.000	
00921	海信科龙	2.55	29033002	9.660	9.420	1000	2996000	0.21	9.520	9.900	9.440	--  	0.00	4.88	0.240	家电及用品	--  	9.660	
002803	吉宏股份	0.92	28772300	42.79	42.40	0	6737	0.16	42.80	43.16	42.23	--  	0.28	2.19	0.39	广告包装	--  	0.000	
00241	阿里健康	1.56	28312580	3.910	3.850	2000	7240502	0.00	3.850	3.940	3.850	--  	0.00	2.34	0.060	软件服务	--  	3.910	
000692	惠天热电	0.00	28235762	5.44	5.44	0	52056	0.00	5.44	5.55	5.31	--  	0.66	4.41	0.00	供气供热	--  	0.000	
02009	金隅股份	0.57	28168642	3.530	3.510	1000	7946000	-0.28	3.530	3.560	3.510	--  	0.00	1.42	0.020	建筑	--  	3.530	
600984	建设机械	1.77	28037596	6.34	6.23	0	44393	0.16	6.38	6.38	6.22	--  	0.71	2.57	0.11	工程机械	--  	0.000	
600589	广东榕泰	2.13	27954252	6.22	6.09	0	45066	0.16	6.11	6.32	6.06	--  	0.82	4.27	0.13	塑料	--  	-0.000	
000902	新洋丰	0.10	27916060	9.65	9.64	0	29010	0.00	9.62	9.67	9.55	--  	1.57	1.24	0.01	农药化肥	--  	-0.000	
600377	宁沪高速	0.71	27711256	9.91	9.84	0	28035	0.10	9.84	9.91	9.84	--  	4.27	0.71	0.07	路桥	--  	-0.000	
00659	新创建集团	0.72	27298542	14.020	13.920	1000	1958000	0.43	13.980	14.060	13.880	--  	7.92	1.29	0.100	综合企业	--  	14.020	
01893	中材股份	2.01	27196296	5.580	5.470	1000	4916302	0.18	5.470	5.600	5.440	820390	0.00	2.93	0.110	工业工程	148000	5.580	
603556	海兴电力	2.02	27183602	35.88	35.17	0	7613	0.03	35.15	35.99	35.15	--  	0.73	2.39	0.71	电器仪表	--  	0.000	
300006	莱美药业	-0.93	26753578	6.40	6.46	0	42093	0.00	6.45	6.45	6.27	--  	0.77	2.79	-0.06	化学制药	--  	0.000	
01966	中骏置业	1.28	26608314	3.160	3.120	1000	8458000	0.64	3.130	3.160	3.130	--  	1.90	0.96	0.040	地产	--  	3.160	
603028	赛福天	1.16	26398740	10.50	10.38	0	25434	0.10	10.30	10.55	10.20	--  	0.41	3.37	0.12	钢加工	--  	0.000	
603609	禾丰牧业	0.11	26352200	8.94	8.93	0	29740	0.90	8.97	8.97	8.80	--  	1.12	1.90	0.01	饲料	--  	-0.000	
300161	华中数控	1.02	26048552	15.86	15.70	0	16494	0.06	15.69	15.89	15.68	--  	0.13	1.34	0.16	机床制造	--  	-0.000	
01898	中煤能源	0.87	25917572	3.460	3.430	1000	7507490	0.00	3.430	3.470	3.410	--  	0.00	1.75	0.030	煤炭	--  	3.460	
02611	国泰君安	1.15	25884840	17.600	17.400	200	1474400	0.57	17.340	17.660	17.340	--  	0.00	1.84	0.200	其他金融	--  	17.600	
00680	南海控股	3.24	25879168	0.255	0.247	50000	103070904	2.00	0.247	0.255	0.242	--  	0.00	5.26	0.008	媒体及娱乐	--  	0.255	
02280	慧聪网	6.04	25431116	5.620	5.300	500	4594500	-0.53	5.300	5.700	5.280	--  	0.36	7.92	0.320	软件服务	--  	5.620	
002611	东方精工	0.15	25225460	12.94	12.92	0	19453	0.15	12.92	13.09	12.85	--  	0.16	1.86	0.02	轻工机械	--  	-0.000	
000736	中交地产	-0.19	25158746	15.58	15.61	0	16307	0.39	15.44	15.58	15.30	--  	0.13	1.79	-0.03	全国地产	--  	-0.000	
01250	北控清洁能源集团	1.85	25117548	0.275	0.270	20000	91200576	0.00	0.275	0.280	0.270	--  	0.00	3.70	0.005	工用支援	--  	0.275	
01666	同仁堂科技	1.31	24337112	10.820	10.680	1000	2261000	0.00	10.640	10.820	10.640	--  	0.00	1.69	0.140	医药医疗	--  	10.820	
600851	海欣股份	0.00	24272944	10.83	10.83	0	22508	0.37	10.83	10.86	10.72	--  	0.21	1.29	0.00	纺织	--  	-0.000	
600684	珠江实业	1.35	24079948	6.02	5.94	0	40165	0.17	5.94	6.02	5.94	--  	0.70	1.35	0.08	全国地产	--  	-0.000	
601177	杭齿前进	-0.23	23998160	8.69	8.71	0	27760	-0.22	8.68	8.80	8.48	--  	0.21	3.67	-0.02	机械基件	--  	-0.000	
300673	佩蒂股份	1.72	23969284	43.82	43.08	0	5508	0.00	42.78	44.09	42.75	--  	0.00	3.11	0.74	饲料	--  	-0.000	
03969	中国通号	2.60	23534926	5.920	5.770	1000	4008000	0.00	5.830	5.930	5.800	--  	0.00	2.25	0.150	软件服务	--  	5.920	
603818	曲美家居	0.28	23519764	14.50	14.46	0	16275	0.21	14.38	14.57	14.23	--  	0.53	2.35	0.04	家居用品	--  	0.000	
603806	福斯特	0.18	23501890	34.07	34.01	0	6928	0.06	34.39	34.39	33.68	--  	2.94	2.09	0.06	塑料	--  	-0.000	
600616	金枫酒业	1.60	23348804	9.51	9.36	0	24636	0.11	9.30	9.56	9.29	--  	0.53	2.88	0.15	红黄药酒	--  	0.000	
02768	佳源国际控股	2.13	23086142	6.700	6.560	2000	3478000	0.00	6.640	6.720	6.600	--  	0.00	1.83	0.140	地产	--  	6.700	
603843	正平股份	1.20	22944474	14.28	14.11	0	16197	-0.13	14.15	14.30	14.05	--  	0.25	1.77	0.17	建筑施工	--  	-0.000	
002180	纳思达	0.63	22919444	27.30	27.13	0	8424	0.59	27.25	27.58	26.98	--  	0.11	2.21	0.17	电脑设备	--  	-0.000	
00665	海通国际	0.45	22909692	4.420	4.400	1000	5184000	0.23	4.380	4.450	4.380	--  	2.26	1.59	0.020	其他金融	--  	4.420	
300131	英唐智控	-0.71	22657922	7.04	7.09	0	32036	-0.13	7.05	7.13	7.00	--  	1.69	1.83	-0.05	元器件	--  	-0.000	
300518	盛讯达	2.14	22553642	51.07	50.00	0	4463	0.02	49.95	51.49	49.73	--  	0.33	3.52	1.07	软件服务	--  	-0.000	
600081	东风科技	1.00	22433988	12.07	11.95	0	18576	0.08	11.92	12.19	11.90	--  	0.99	2.43	0.12	汽车配件	--  	-0.000	
600168	武汉控股	0.24	22342844	8.42	8.40	0	26718	0.24	8.36	8.42	8.31	--  	1.52	1.31	0.02	水务	--  	0.000	
000617	中油资本	1.01	22196394	14.00	13.86	0	15852	-0.35	13.86	14.15	13.70	--  	0.01	3.25	0.14	多元金融	--  	0.000	
600393	粤泰股份	0.15	22123248	6.50	6.49	0	34139	0.15	6.49	6.52	6.42	--  	0.31	1.54	0.01	全国地产	--  	0.000	
01031	金利丰金融	1.18	22057952	7.690	7.600	2000	2880000	0.39	7.580	7.700	7.580	--  	0.00	1.58	0.090	其他金融	--  	7.690	
603268	松发股份	1.36	22014100	28.37	27.99	0	7817	0.14	27.96	28.40	27.80	--  	0.49	2.14	0.38	陶瓷	--  	0.000	
603018	中设集团	0.46	21886572	28.60	28.47	0	7670	0.21	28.31	28.68	28.31	--  	1.07	1.30	0.13	建筑施工	--  	0.000	
000099	中信海直	0.90	21689948	8.98	8.90	0	24363	0.22	8.91	8.99	8.83	--  	0.84	1.80	0.08	空运	--  	-0.000	
601058	赛轮金宇	0.28	21528618	3.58	3.57	0	60464	0.28	3.57	3.61	3.54	--  	1.43	1.96	0.01	汽车配件	--  	-0.000	
01458	周黑鸭	1.38	21485596	7.370	7.270	500	2935000	0.55	7.270	7.370	7.220	--  	0.00	2.06	0.100	食物饮品	--  	7.370	
600359	新农开发	0.90	21381438	6.74	6.68	0	31812	0.00	6.66	6.78	6.63	--  	1.26	2.25	0.06	农业综合	--  	-0.000	
000590	启迪古汉	2.42	20928706	14.82	14.47	0	14333	-0.06	14.47	14.92	14.21	--  	1.29	4.91	0.35	中成药	--  	-0.000	
300475	聚隆科技	2.60	20835038	14.62	14.25	0	14389	0.00	14.26	14.75	14.21	--  	0.68	3.79	0.37	专用机械	--  	-0.000	
000691	亚太实业	0.00	20649428	7.85	7.85	0	26162	0.00	7.78	8.02	7.74	--  	0.00	3.57	0.00	区域地产	--  	-0.000	
002166	莱茵生物	1.09	20629542	10.18	10.07	0	20339	0.10	10.13	10.18	10.08	--  	0.50	0.99	0.11	中成药	--  	0.000	
300375	鹏翎股份	9.99	20534268	17.39	15.81	0	11808	0.00	17.39	17.39	17.39	--  	1.40	0.00	1.58	汽车配件	--  	-0.000	
000931	中 关 村	0.15	20501828	6.83	6.82	0	30084	0.00	6.81	6.85	6.78	--  	1.31	1.03	0.01	区域地产	--  	-0.000	
002140	东华科技	0.37	20338818	10.99	10.95	0	18577	0.09	10.88	10.99	10.87	--  	0.46	1.10	0.04	建筑施工	--  	-0.000	
07288	ＦＬ二南方国指	0.84	20275718	9.560	9.480	100	2122000	0.10	9.560	9.600	9.490	1846511	0.00	1.16	0.080		194100	9.560	
600185	格力地产	0.36	20172584	5.61	5.59	0	36019	0.18	5.57	5.63	5.57	--  	0.36	1.07	0.02	区域地产	--  	0.000	
002269	美邦服饰	1.84	20027448	3.32	3.26	0	60751	0.00	3.26	3.32	3.26	--  	1.23	1.84	0.06	服饰	--  	-0.000	
600479	千金药业	-0.22	19765900	13.68	13.71	0	14360	-0.14	13.75	13.89	13.67	--  	1.46	1.60	-0.03	中成药	--  	0.000	
03336	巨腾国际	4.00	19689520	2.600	2.500	2000	7620000	-0.38	2.520	2.620	2.510	4555460	0.00	4.40	0.100	信息器材	1768000	2.600	
002646	青青稞酒	0.00	19443048	15.14	15.14	0	12877	0.07	15.08	15.17	15.04	--  	1.12	0.86	0.00	白酒	--  	0.000	
300039	上海凯宝	0.49	19313072	6.19	6.16	0	31257	0.00	6.13	6.21	6.11	--  	1.62	1.62	0.03	中成药	--  	0.000	
01293	广汇宝信	2.78	19272446	3.700	3.600	500	5217000	0.54	3.680	3.730	3.590	--  	0.00	3.89	0.100	汽车	--  	3.700	
01515	华润凤凰医疗	1.68	19177374	9.710	9.550	500	1982550	0.10	9.590	9.770	9.550	--  	0.00	2.30	0.160	医疗服务	--  	9.710	
603007	花王股份	0.98	19117960	12.31	12.19	0	15556	0.00	12.20	12.45	12.14	--  	0.48	2.54	0.12	建筑施工	--  	0.000	
00956	新天绿色能源	0.50	19056038	2.000	1.990	1000	9528000	0.00	2.000	2.020	1.970	--  	0.00	2.51	0.010	公用事业	--  	2.000	
300069	金利华电	-0.41	19023152	34.22	34.36	0	5582	0.65	34.12	34.36	33.80	--  	0.15	1.63	-0.14	电气设备	--  	0.000	
03933	联邦制药	0.81	19013560	6.190	6.140	2000	3074000	-0.16	6.080	6.300	6.080	--  	0.00	3.58	0.050	医药医疗	--  	6.190	
00881	中升控股	0.49	18880070	16.500	16.420	500	1146500	0.24	16.500	16.500	16.420	--  	0.00	0.49	0.080	汽车	--  	16.500	
01071	华电国际电力股份	0.71	18850470	2.820	2.800	2000	6684000	0.00	2.810	2.830	2.800	--  	0.00	1.07	0.020	公用事业	--  	2.820	
00020	会德丰	0.19	18778596	53.700	53.600	1000	349000	-0.37	53.900	53.950	53.600	--  	0.88	0.65	0.100	地产	--  	53.700	
00551	裕元集团	0.16	18625876	30.450	30.400	500	612000	0.16	30.300	30.600	30.150	--  	0.00	1.48	0.050	纺织服饰	--  	30.450	
07200	ＦＬ二南方恒指	1.24	18611362	11.400	11.260	100	1639400	0.18	11.380	11.420	11.300	--  	0.00	1.07	0.140		--  	11.400	
01060	阿里影业	4.21	18399330	0.990	0.950	10000	18942488	1.02	0.960	0.990	0.950	--  	0.00	4.21	0.040	媒体及娱乐	--  	0.990	
600083	博信股份	0.52	18365380	19.24	19.14	0	9599	0.10	19.08	19.27	18.95	--  	0.00	1.67	0.10	建筑施工	--  	-0.000	
300648	星云股份	1.83	18326754	69.65	68.40	0	2639	0.09	68.03	69.99	68.03	--  	0.00	2.87	1.25	电器仪表	--  	0.000	
000419	通程控股	1.00	18293644	6.08	6.02	0	30225	-0.15	6.04	6.10	6.01	--  	1.99	1.50	0.06	百货	--  	-0.000	
600180	瑞茂通	1.68	18273912	10.26	10.09	0	17806	-0.09	10.02	10.32	10.02	--  	0.52	2.97	0.17	仓储物流	--  	0.000	
002595	豪迈科技	1.17	18145406	18.96	18.74	0	9672	-0.04	18.74	19.00	18.41	--  	2.00	3.15	0.22	专用机械	--  	-0.000	
300662	科锐国际	0.60	18043136	25.05	24.90	0	7210	-0.03	24.72	25.20	24.72	--  	0.00	1.93	0.15	综合类	--  	-0.000	
600261	阳光照明	0.93	17817560	5.44	5.39	0	32891	0.18	5.37	5.45	5.36	--  	2.97	1.67	0.05	家用电器	--  	0.000	
300577	开润股份	0.00	17663466	62.50	62.50	0	2833	-0.15	62.14	62.89	61.60	--  	0.44	2.06	0.00	纺织	--  	0.000	
07221	ＦＬ二华夏恒指	1.12	17601186	12.620	12.480	100	1403200	0.00	12.600	12.620	12.520	8467354	0.00	0.80	0.140		675100	12.620	
300472	新元科技	3.11	17517642	28.48	27.62	0	6229	0.00	27.44	28.79	27.44	--  	0.12	4.89	0.86	专用机械	--  	-0.000	
00220	统一企业中国	2.51	17282030	6.540	6.380	1000	2687236	0.77	6.390	6.540	6.330	--  	0.00	3.29	0.160	食物饮品	--  	6.540	
002777	久远银海	1.24	16974684	34.20	33.78	0	4989	0.29	33.80	34.35	33.70	--  	0.00	1.92	0.42	软件服务	--  	0.000	
300254	仟源医药	0.69	16951226	10.27	10.20	0	16701	0.39	10.13	10.29	10.02	--  	0.49	2.65	0.07	化学制药	--  	0.000	
00604	深圳控股	0.63	16536008	3.210	3.190	2000	5154514	-0.31	3.210	3.240	3.190	--  	2.18	1.57	0.020	地产	--  	3.210	
01166	星凯控股	3.33	16402442	0.620	0.600	20000	26880752	0.00	0.600	0.640	0.600	406200	0.00	6.67	0.020	工业工程	660000	0.620	
00123	越秀地产	0.70	16249784	1.430	1.420	2000	11357125	-0.69	1.430	1.440	1.420	--  	2.80	1.41	0.010	地产	--  	1.430	
00338	上海石油化工股份	0.45	16115644	4.490	4.470	2000	3603419	0.67	4.460	4.490	4.430	--  	0.00	1.34	0.020	原材料	--  	4.490	
00861	神州控股	2.00	15878322	4.590	4.500	1000	3495641	0.22	4.500	4.590	4.430	--  	0.00	3.56	0.090	软件服务	--  	4.590	
00061	绿领控股	5.00	15871529	0.420	0.400	10000	39068100	2.44	0.400	0.420	0.395	--  	0.00	6.25	0.020	煤炭	--  	0.420	
000978	桂林旅游	0.37	15855816	8.18	8.15	0	19457	0.00	8.14	8.19	8.10	--  	0.61	1.10	0.03	旅游景点	--  	0.000	
603098	森特股份	0.56	15685320	17.92	17.82	0	8757	0.00	17.99	17.99	17.80	--  	1.68	1.07	0.10	装修装饰	--  	0.000	
00215	和记电讯香港	0.33	15635021	3.050	3.040	2000	5120000	0.00	3.050	3.080	3.040	--  	1.28	1.32	0.010	电讯	--  	3.050	
01448	福寿园	0.94	15371019	6.440	6.380	1000	2390000	0.00	6.430	6.480	6.360	--  	0.50	1.88	0.060	支援服务	--  	6.440	
600615	丰华股份	0.30	15158053	13.24	13.20	0	11563	0.23	13.13	13.24	13.00	--  	0.00	1.82	0.04	小金属	--  	-0.000	
01618	中国中冶	2.20	15108758	2.320	2.270	1000	6577000	0.87	2.280	2.320	2.270	--  	0.00	2.20	0.050	建筑	--  	2.320	
01499	前进控股集团	3.64	15035551	0.285	0.275	10000	54270000	0.00	0.275	0.290	0.270	--  	0.00	7.27	0.010	建筑	--  	0.285	
600612	老凤祥	0.07	15021605	41.18	41.15	0	3659	0.22	41.26	41.30	40.83	--  	2.43	1.14	0.03	服饰	--  	0.000	
600748	上实发展	1.18	14935148	6.01	5.94	0	24874	0.00	5.99	6.04	5.95	--  	0.64	1.52	0.07	全国地产	--  	0.000	
603566	普莱柯	0.81	14827313	22.51	22.33	0	6610	0.04	22.65	22.65	22.20	--  	0.90	2.02	0.18	生物制药	--  	0.000	
00546	阜丰集团	0.20	14709017	4.910	4.900	1000	3006000	-0.61	4.900	4.950	4.840	--  	1.79	2.24	0.010	食物饮品	--  	4.910	
00590	六福集团	0.30	14500976	33.700	33.600	1000	431000	-0.15	33.650	33.800	33.550	--  	1.63	0.74	0.100	纺织服饰	--  	33.700	
002316	键桥通讯	1.03	14333905	11.72	11.60	0	12338	-0.16	11.55	11.77	11.49	--  	0.09	2.41	0.12	软件服务	--  	0.000	
00451	协鑫新能源	1.79	14043819	0.570	0.560	2000	24714840	0.00	0.560	0.580	0.550	--  	0.00	5.36	0.010	工业工程	--  	0.570	
02669	中海物业	0.96	13979963	2.100	2.080	5000	6703427	0.48	2.100	2.120	2.050	--  	0.71	3.37	0.020	支援服务	--  	2.100	
000004	国农科技	0.09	13895589	22.44	22.42	0	6207	0.18	22.42	22.53	22.13	--  	0.13	1.78	0.02	生物制药	--  	0.000	
600785	新华百货	-1.37	13742591	21.63	21.93	0	6410	0.60	21.93	21.93	21.15	--  	0.00	3.56	-0.30	百货	--  	-0.000	
02343	太平洋航运	1.19	13706887	1.700	1.680	1000	8129789	0.00	1.660	1.700	1.660	--  	0.00	2.38	0.020	工用运输	--  	1.700	
01866	中国心连心化肥	2.51	13532911	3.270	3.190	1000	4161000	-0.30	3.190	3.350	3.150	--  	0.00	6.27	0.080	原材料	--  	3.270	
600379	宝光股份	0.87	13305022	10.45	10.36	0	12684	0.19	10.31	10.59	10.23	--  	0.44	3.47	0.09	电气设备	--  	-0.000	
300325	德威新材	0.16	13014432	6.29	6.28	0	20732	-0.15	6.30	6.31	6.23	--  	0.32	1.27	0.01	塑料	--  	-0.000	
01131	鸿宝资源	6.19	12787451	3.090	2.910	5000	4200000	0.32	2.930	3.100	2.920	277250	0.00	6.19	0.180	煤炭	90000	3.090	
01381	粤丰环保	0.66	12695131	4.600	4.570	1000	2761000	0.22	4.590	4.630	4.580	--  	0.28	1.09	0.030	公用事业	--  	4.600	
02362	金川国际	1.72	12573761	1.180	1.160	1000	10703000	0.00	1.160	1.190	1.160	131890	0.00	2.59	0.020	一般金属	112000	1.180	
600229	城市传媒	0.26	12564597	7.63	7.61	0	16505	0.26	7.61	7.64	7.56	--  	1.58	1.05	0.02	出版业	--  	0.000	
603022	新通联	0.73	12486300	12.45	12.36	0	10128	0.24	12.35	12.46	12.18	--  	0.36	2.27	0.09	广告包装	--  	-0.000	
00951	超威动力	1.32	12412511	3.830	3.780	1000	3237000	0.52	3.780	3.890	3.750	--  	0.00	3.70	0.050	工业工程	--  	3.830	
00512	远大医药	3.69	12305281	3.370	3.250	4000	3692000	0.00	3.250	3.410	3.250	--  	0.00	4.92	0.120	医药医疗	--  	3.370	
300470	日机密封	1.28	12115122	38.89	38.40	0	3141	0.05	38.40	39.00	38.20	--  	0.52	2.08	0.49	机械基件	--  	-0.000	
01720	普天通信集团	5.07	12086601	1.450	1.380	4000	8428000	0.00	1.380	1.480	1.380	--  	0.00	7.25	0.070	信息器材	--  	1.450	
300563	神宇股份	2.19	11980054	30.75	30.09	0	3933	0.07	30.17	30.80	29.81	--  	0.66	3.29	0.66	通信设备	--  	0.000	
01571	信邦控股	0.38	11784981	5.250	5.230	1000	2270000	0.00	5.200	5.310	5.060	--  	1.10	4.78	0.020	汽车	--  	5.250	
000682	东方电子	-0.42	11740896	4.74	4.76	0	24718	0.00	4.73	4.78	4.72	--  	0.42	1.26	-0.02	电气设备	--  	-0.000	
603567	珍宝岛	0.28	11679154	14.28	14.24	0	8210	0.14	14.25	14.32	14.13	--  	1.27	1.33	0.04	中成药	--  	-0.000	
600051	宁波联合	0.42	11630233	9.54	9.50	0	12207	0.00	9.50	9.59	9.44	--  	0.84	1.58	0.04	综合类	--  	-0.000	
06128	泛亚国际	7.54	11569881	4.420	4.110	2000	2712000	0.00	4.250	4.450	4.190	--  	0.00	6.33	0.310	建筑	--  	4.420	
00819	天能动力	0.30	11354941	6.790	6.770	2000	1683000	-0.29	6.690	6.810	6.610	--  	0.00	2.95	0.020	工业工程	--  	6.790	
01818	招金矿业	0.85	11331024	5.960	5.910	500	1917391	0.34	5.870	5.970	5.870	--  	0.00	1.69	0.050	黄金贵金属	--  	5.960	
01439	移动互联（中国）	3.02	11256251	2.050	1.990	5000	5600000	0.00	1.990	2.050	1.970	--  	0.00	4.02	0.060	工用支援	--  	2.050	
00891	利邦	2.70	11192741	0.760	0.740	2000	14710000	1.33	0.770	0.780	0.750	--  	0.00	4.05	0.020	纺织服饰	--  	0.760	
002627	宜昌交运	1.10	10943685	18.30	18.10	0	6036	0.05	18.05	18.32	18.05	--  	0.60	1.49	0.20	公共交通	--  	-0.000	
000502	绿景控股	0.00	10778883	10.71	10.71	0	10044	0.28	10.99	10.99	10.60	--  	0.00	3.64	0.00	医疗保健	--  	0.000	
01569	民生教育	5.23	10480300	1.610	1.530	2000	6640000	0.63	1.520	1.620	1.520	--  	0.00	6.54	0.080	支援服务	--  	1.610	
600774	汉商集团	0.66	10478996	19.78	19.65	0	5312	0.15	19.67	19.83	19.57	--  	0.20	1.32	0.13	百货	--  	0.000	
00895	东江环保	2.79	10283813	11.780	11.460	200	881350	0.51	11.580	11.880	11.360	--  	0.00	4.54	0.320	工业工程	--  	11.780	
300559	佳发安泰	0.21	10240858	38.45	38.37	0	2682	-0.12	38.80	38.80	37.50	--  	0.47	3.39	0.08	软件服务	--  	0.000	
02001	新高教集团	3.19	10183540	4.200	4.070	1000	2403000	0.24	4.080	4.420	4.080	--  	0.57	8.35	0.130	支援服务	--  	4.200	
00729	五龙电动车	1.54	10135675	0.330	0.325	5000	30910000	0.00	0.325	0.330	0.325	--  	0.00	1.54	0.005	工业工程	--  	0.330	
00336	华宝国际	2.31	10049850	4.880	4.770	1000	2086000	1.24	4.770	4.880	4.730	--  	3.28	3.14	0.110	食物饮品	--  	4.880	
01717	澳优	5.87	9972420	4.330	4.090	1000	2360000	0.23	4.180	4.380	4.120	12570	0.00	6.36	0.240	食物饮品	3000	4.330	
02912	御药堂（旧）	-22.37	9958400	1.180	1.520	16000	8976000	3.51	1.400	1.400	1.070	--  	0.00	21.71	-0.340		--  	1.180	
02303	恒兴黄金	0.88	9812400	8.070	8.000	2000	1232000	0.00	8.080	8.080	7.900	--  	0.00	2.25	0.070	黄金贵金属	--  	8.070	
01788	国泰君安国际	0.41	9802830	2.420	2.410	1000	4064000	0.41	2.420	2.420	2.400	--  	1.86	0.83	0.010	其他金融	--  	2.420	
00877	昂纳科技集团	0.21	9586040	4.750	4.740	1000	2022000	-0.21	4.740	4.800	4.620	722100	0.00	3.80	0.010	信息器材	152000	4.750	
00440	大新金融	0.20	9479650	49.800	49.700	400	190400	0.10	49.700	49.950	49.500	--  	13.90	0.91	0.100	银行	--  	49.800	
00341	大家乐集团	3.10	9417700	21.600	20.950	2000	440000	0.23	20.950	21.600	20.900	--  	0.83	3.34	0.650	酒店及消闲	--  	21.600	
01072	东方电气	1.44	9349205	6.330	6.240	200	1483140	0.16	6.350	6.370	6.220	--  	0.00	2.40	0.090	工业工程	--  	6.330	
06169	宇华教育	4.34	9343470	3.610	3.460	2000	2634000	0.00	3.490	3.620	3.460	--  	1.19	4.62	0.150	支援服务	--  	3.610	
00811	新华文轩	0.64	9275780	6.260	6.220	1000	1483000	0.16	6.190	6.280	6.190	--  	0.00	1.45	0.040	媒体及娱乐	--  	6.260	
01196	伟禄集团	1.52	9088360	5.350	5.270	2000	1702000	-0.37	5.270	5.390	5.270	--  	0.00	2.28	0.080	汽车	--  	5.350	
601798	蓝科高新	0.64	8906984	9.42	9.36	0	9478	0.11	9.30	9.46	9.30	--  	0.21	1.71	0.06	化工机械	--  	0.000	
00508	鼎亿集团投资	3.23	8765350	0.640	0.620	5000	13750000	-1.54	0.620	0.650	0.620	--  	0.00	4.84	0.020	其他金融	--  	0.640	
08228	国艺娱乐	7.06	8664240	0.455	0.425	20000	19447000	1.11	0.425	0.460	0.425	--  	0.00	8.24	0.030	媒体及娱乐	--  	0.455	
00198	星美控股	0.50	8614248	4.030	4.010	4000	2150406	0.50	3.980	4.030	3.940	--  	0.00	2.24	0.020	媒体及娱乐	--  	4.030	
002696	百洋股份	0.11	8598451	18.80	18.78	0	4583	-0.10	18.79	18.87	18.52	--  	0.40	1.86	0.02	渔业	--  	-0.000	
002838	道恩股份	0.66	8554877	41.46	41.19	0	2069	0.29	41.60	41.89	41.00	--  	0.40	2.16	0.27	塑料	--  	-0.000	
08157	象兴国际	23.53	8515800	0.420	0.340	20000	23240000	20.00	0.335	0.425	0.335	--  	0.00	26.47	0.080	工用运输	--  	0.420	
06858	本间高尔夫	1.68	8323891	7.850	7.720	500	1079000	0.00	7.660	7.850	7.570	65300	0.00	3.63	0.130	家电及用品	8500	7.850	
002275	桂林三金	0.00	8278999	16.05	16.05	0	5165	0.12	16.10	16.10	15.97	--  	2.49	0.81	0.00	中成药	--  	-0.000	
03329	交银国际	0.79	8177127	2.550	2.530	1000	3227428	0.39	2.530	2.550	2.530	--  	0.00	0.79	0.020	其他金融	--  	2.550	
600965	福成股份	-1.20	8138356	11.53	11.67	0	7051	0.17	11.54	11.64	11.50	--  	0.60	1.20	-0.14	农业综合	--  	-0.000	
600548	深高速	0.45	8108560	8.88	8.84	0	9150	0.00	8.83	8.89	8.80	--  	2.49	1.02	0.04	路桥	--  	0.000	
01330	绿色动力环保	2.35	7933636	4.360	4.260	1000	1835000	0.23	4.290	4.390	4.260	405920	0.00	3.05	0.100	公用事业	93000	4.360	
002719	麦趣尔	-1.23	7922641	28.21	28.56	0	2810	-0.06	28.38	28.39	28.08	--  	0.16	1.09	-0.35	乳制品	--  	-0.000	
000048	康达尔	-0.15	7847760	20.47	20.50	0	3845	0.44	20.58	20.58	20.25	--  	0.11	1.61	-0.03	饲料	--  	-0.000	
00232	中国航空工业国际	4.60	7681281	0.455	0.435	2000	17154000	1.11	0.435	0.455	0.435	324130	0.00	4.60	0.020	地产	726000	0.455	
02006	锦江酒店	0.75	7518956	2.670	2.650	2000	2838000	0.00	2.700	2.700	2.640	21240	0.00	2.26	0.020	酒店及消闲	8000	2.670	
002832	比音勒芬	0.22	6905861	58.06	57.93	0	1188	0.07	59.66	59.66	56.67	--  	0.35	5.16	0.13	服饰	--  	0.000	
02588	中银航空租赁	0.12	6841621	40.900	40.850	100	167400	-0.12	40.750	41.050	40.700	--  	1.98	0.86	0.050	运输	--  	40.900	
02200	浩沙国际	1.98	6808821	2.570	2.520	2000	2678000	0.39	2.520	2.570	2.520	--  	1.52	1.98	0.050	纺织服饰	--  	2.570	
603909	合诚股份	1.75	6517837	31.40	30.86	0	2097	0.16	30.93	31.51	30.53	--  	0.29	3.18	0.54	建筑施工	--  	-0.000	
02128	中国联塑	2.27	6330520	4.960	4.850	1000	1288000	0.20	4.830	4.960	4.800	--  	0.00	3.30	0.110	建筑	--  	4.960	
01065	天津创业环保股份	0.67	6033061	4.500	4.470	2000	1340000	-0.22	4.500	4.530	4.470	--  	0.00	1.34	0.030	公用事业	--  	4.500	
00704	和嘉资源	2.00	6015821	0.255	0.250	10000	24090000	2.00	0.247	0.260	0.246	--  	0.00	5.60	0.005	煤炭	--  	0.255	
00182	协合新能源	1.49	6014951	0.340	0.335	10000	18015000	1.49	0.330	0.340	0.330	--  	0.00	2.99	0.005	公用事业	--  	0.340	
01361	３６１度	0.73	5680991	2.760	2.740	1000	2065000	0.00	2.730	2.780	2.720	--  	2.54	2.19	0.020	纺织服饰	--  	2.760	
00127	华人置业	0.80	5624211	12.600	12.500	500	446500	0.00	12.540	12.640	12.540	466230	1.59	0.80	0.100	地产	37000	12.600	
01003	欢喜传媒	0.60	5443967	1.690	1.680	10000	3220100	0.00	1.690	1.710	1.680	--  	0.00	1.79	0.010	媒体及娱乐	--  	1.690	
01257	中国光大绿色环保	0.29	5436116	6.950	6.930	1000	784742	0.14	6.940	7.000	6.900	--  	0.00	1.44	0.020	公用事业	--  	6.950	
03337	安东油田服务	1.20	5304021	0.840	0.830	2000	6316000	1.20	0.830	0.850	0.830	243060	0.00	2.41	0.010	石油天然气	288000	0.840	
00710	京东方精电	3.64	5255620	5.120	4.940	1000	1027000	0.20	4.940	5.170	4.940	10240	0.00	4.66	0.180	信息器材	2000	5.120	
02277	华融投资股份	1.33	5162150	1.520	1.500	5000	3420000	3.40	1.510	1.550	1.460	--  	0.00	6.00	0.020	建筑	--  	1.520	
07230	ＦＬ二未来国指	0.71	5002685	9.940	9.870	100	504500	0.00	9.980	9.980	9.880	--  	0.00	1.01	0.070		--  	9.940	
数据来源:通达信
