代码	名称	涨幅%%	总金额	现价	昨收	每手	总量	涨速%%	今开	最高	最低	抛空额	股息率%%	振幅%%	涨跌	细分行业	抛空量	按盘价	
000725	京东方Ａ	0.17	4866347520	5.92	5.91	0	8213048	0.00	5.95	5.98	5.88	--  	0.51	1.69	0.01	元器件	--  	0.000	
600516	方大炭素	5.98	3907365632	26.92	25.40	0	1456858	-0.21	25.98	27.58	25.88	--  	0.08	6.69	1.52	矿物制品	--  	0.000	
000063	中兴通讯	0.58	3814448896	38.07	37.85	0	1007141	-0.12	37.86	38.17	37.51	--  	0.65	1.74	0.22	通信设备	--  	-0.000	
02318	中国平安	0.48	3463692288	82.900	82.500	500	41815492	0.30	82.950	83.500	82.250	--  	0.00	1.52	0.400	保险	--  	82.900	
600460	士兰微	0.46	2066027392	15.45	15.38	0	1340324	-0.12	15.38	15.77	15.03	--  	0.16	4.81	0.07	半导体	--  	-0.000	
601012	隆基股份	6.84	1915855104	39.07	36.57	0	495743	-0.40	36.80	39.94	36.80	--  	0.27	8.59	2.50	半导体	--  	-0.000	
000503	海虹控股	5.76	1516756864	44.79	42.35	0	343599	0.22	42.30	46.15	42.27	--  	0.00	9.16	2.44	医疗保健	--  	0.000	
601766	中国中车	0.26	1472444672	11.72	11.69	0	1255510	0.17	11.71	11.84	11.58	--  	1.80	2.22	0.03	运输设备	--  	0.000	
600048	保利地产	0.38	1290868224	13.08	13.03	0	990559	0.15	13.00	13.16	12.94	--  	2.42	1.69	0.05	全国地产	--  	-0.000	
601899	紫金矿业	2.72	1256979456	4.16	4.05	0	3020811	-0.23	4.04	4.24	4.03	--  	1.48	5.19	0.11	黄金	--  	-0.000	
002001	新 和 成	6.59	1231581056	39.31	36.88	0	316687	0.00	36.92	40.00	36.92	--  	1.40	8.35	2.43	化学制药	--  	0.000	
01548	金斯瑞生物科技	31.64	1183160192	21.300	16.180	2000	58198888	2.65	19.280	21.750	18.500	--  	0.00	20.09	5.120	医药医疗	--  	21.300	
600438	通威股份	9.31	1148117376	13.15	12.03	0	887350	-0.37	12.14	13.23	12.14	--  	0.67	9.06	1.12	饲料	--  	-0.000	
600256	广汇能源	0.74	1106972160	5.45	5.41	0	2010599	-0.54	5.44	5.77	5.32	--  	0.55	8.32	0.04	石油开采	--  	-0.000	
000002	万 科Ａ	0.44	1023085440	29.85	29.72	0	342206	0.03	29.60	30.20	29.57	--  	2.66	2.12	0.13	全国地产	--  	0.000	
600111	北方稀土	1.97	1022794944	13.44	13.18	0	757958	-0.06	13.17	13.70	13.15	--  	0.08	4.17	0.26	小金属	--  	-0.000	
600352	浙江龙盛	0.66	994127744	12.16	12.08	0	823131	-0.15	12.00	12.23	11.94	--  	1.66	2.40	0.08	染料涂料	--  	-0.000	
002415	海康威视	0.18	975209408	39.97	39.90	0	244285	0.03	39.99	40.28	39.60	--  	1.00	1.70	0.07	电器仪表	--  	0.000	
601699	潞安环能	0.18	949674624	10.93	10.91	0	862447	-0.45	10.86	11.25	10.76	--  	0.82	4.49	0.02	煤炭开采	--  	0.000	
01299	友邦保险	1.35	910869760	63.950	63.100	200	14292740	0.16	63.700	64.000	63.200	--  	0.40	1.27	0.850	保险	--  	63.950	
000786	北新建材	2.61	893708352	22.77	22.19	0	391436	0.04	22.16	23.26	22.15	--  	0.81	5.00	0.58	其他建材	--  	0.000	
002008	大族激光	0.35	867990720	54.17	53.98	0	160688	-0.01	53.81	54.36	53.60	--  	0.37	1.41	0.19	电器仪表	--  	-0.000	
600856	中天能源	10.00	841342400	11.55	10.50	0	728959	0.00	11.55	11.55	11.26	--  	0.00	2.76	1.05	供气供热	--  	0.000	
000963	华东医药	6.06	803466112	53.36	50.31	0	150159	0.06	53.00	54.70	52.20	--  	1.34	4.97	3.05	化学制药	--  	0.000	
02800	盈富基金	0.51	802277248	29.700	29.550	500	27021768	0.00	29.650	29.800	29.600	338678528	0.00	0.68	0.150		11416500	29.700	
600392	盛和资源	4.05	797237312	15.92	15.30	0	499066	-0.12	15.30	16.40	15.30	--  	0.13	7.19	0.62	小金属	--  	0.000	
000830	鲁西化工	0.06	765241984	16.26	16.25	0	466962	-0.05	16.26	16.70	16.21	--  	1.85	3.02	0.01	农药化肥	--  	0.000	
600276	恒瑞医药	0.61	760343360	71.23	70.80	0	106673	0.10	70.80	71.93	70.49	--  	0.16	2.03	0.43	化学制药	--  	0.000	
01918	融创中国	3.24	753403136	30.250	29.300	1000	25017592	0.33	29.550	30.700	29.350	--  	0.00	4.61	0.950	地产	--  	30.250	
603019	中科曙光	1.35	725344384	41.41	40.86	0	176136	-0.18	40.87	41.82	40.50	--  	0.20	3.23	0.55	电脑设备	--  	-0.000	
00941	中国移动	0.78	720683904	78.000	77.400	500	9269905	0.39	77.750	78.000	77.350	--  	6.18	0.84	0.600	电讯	--  	78.000	
03988	中国银行	0.26	706080128	3.800	3.790	1000	186186528	0.53	3.800	3.820	3.780	--  	0.00	1.06	0.010	银行	--  	3.800	
601877	正泰电器	9.00	700075904	27.00	24.77	0	263104	0.67	24.85	27.24	24.85	--  	1.20	9.65	2.23	电气设备	--  	0.000	
000839	中信国安	3.02	694647936	8.86	8.60	0	786437	0.11	8.64	8.95	8.61	--  	0.58	3.95	0.26	综合类	--  	-0.000	
600176	中国巨石	1.13	690101312	16.16	15.98	0	429030	0.37	16.05	16.34	15.80	--  	1.30	3.38	0.18	玻璃	--  	-0.000	
300009	安科生物	1.08	688467008	27.10	26.81	0	254576	0.56	27.36	27.76	26.39	--  	0.43	5.11	0.29	生物制药	--  	0.000	
300666	江丰电子	2.57	681856192	71.80	70.00	0	95664	0.00	70.05	72.50	70.00	--  	0.00	3.57	1.80	元器件	--  	0.000	
603501	韦尔股份	6.44	667866368	43.63	40.99	0	156384	-0.90	40.80	45.00	40.50	--  	0.00	10.98	2.64	半导体	--  	0.000	
300102	乾照光电	0.76	660091008	10.66	10.58	0	620670	-0.18	10.61	10.79	10.47	--  	0.09	3.02	0.08	半导体	--  	-0.000	
00175	吉利汽车	0.59	654776448	25.650	25.500	1000	25641106	0.39	25.800	25.800	25.300	--  	0.00	1.96	0.150	汽车	--  	25.650	
300274	阳光电源	4.02	653334592	19.41	18.66	0	334639	-0.25	18.60	20.00	18.53	--  	0.26	7.88	0.75	电气设备	--  	-0.000	
002050	三花智控	0.83	647415680	19.35	19.19	0	338082	-0.04	19.20	19.39	18.88	--  	1.33	2.66	0.16	机械基件	--  	0.000	
300618	寒锐钴业	0.22	644755328	246.20	245.67	0	26301	-0.02	244.00	247.00	242.03	--  	0.00	2.02	0.53	小金属	--  	-0.000	
000703	恒逸石化	5.79	614462592	20.65	19.52	0	301127	-0.23	19.40	20.94	19.22	--  	0.50	8.81	1.13	化纤	--  	-0.000	
00658	中国高速传动	15.64	609043712	11.980	10.360	1000	52346000	0.34	10.500	12.000	10.500	--  	0.00	14.48	1.620	工业工程	--  	11.980	
600782	新钢股份	3.22	600937152	6.42	6.22	0	935259	0.47	6.28	6.57	6.27	--  	0.28	4.82	0.20	普钢	--  	0.000	
600803	新奥股份	1.67	594727424	17.07	16.79	0	347794	-0.40	16.56	17.63	16.50	--  	0.60	6.73	0.28	农药化肥	--  	-0.000	
601139	深圳燃气	7.06	580788736	8.79	8.21	0	678386	0.11	8.11	8.98	8.02	--  	1.28	11.69	0.58	供气供热	--  	-0.000	
02828	恒生Ｈ股	0.34	572369472	117.500	117.100	200	4873024	0.09	117.600	117.900	117.100	87796504	0.00	0.68	0.400		747600	117.500	
600028	中国石化	1.01	572251200	6.03	5.97	0	949675	0.00	5.96	6.08	5.95	--  	1.67	2.18	0.06	石油加工	--  	0.000	
00992	联想集团	3.62	564582848	4.580	4.420	2000	123845968	0.44	4.460	4.610	4.440	--  	1.31	3.85	0.160	信息器材	--  	4.580	
600740	山西焦化	0.72	561071424	9.83	9.76	0	570287	-0.29	9.68	9.99	9.62	--  	0.00	3.79	0.07	焦炭加工	--  	-0.000	
600183	生益科技	2.52	548304832	16.68	16.27	0	329437	-0.17	16.20	16.85	16.10	--  	2.02	4.61	0.41	元器件	--  	0.000	
601088	中国神华	1.89	535654080	23.13	22.70	0	232104	0.09	22.65	23.23	22.64	--  	11.06	2.60	0.43	煤炭开采	--  	-0.000	
000513	丽珠集团	0.82	534689152	69.16	68.60	0	76130	0.01	69.90	71.50	69.08	--  	0.56	3.53	0.56	中成药	--  	0.000	
00981	中芯国际	2.04	527601600	12.020	11.780	500	44212248	-0.33	11.840	12.100	11.640	--  	0.00	3.90	0.240	半导体	--  	12.020	
000717	韶钢松山	0.84	520501824	8.41	8.34	0	616949	-0.11	8.41	8.56	8.30	--  	0.41	3.12	0.07	普钢	--  	-0.000	
002371	北方华创	3.03	503110848	40.15	38.97	0	126085	0.25	38.90	40.88	38.70	--  	0.06	5.59	1.18	专用机械	--  	0.000	
002497	雅化集团	0.91	495802208	13.31	13.19	0	370221	0.00	13.15	13.59	13.07	--  	0.38	3.94	0.12	化工原料	--  	0.000	
600362	江西铜业	0.33	493976512	18.01	17.95	0	274635	0.17	17.99	18.18	17.78	--  	0.84	2.23	0.06	铜	--  	0.000	
300496	中科创达	1.15	486212896	33.33	32.95	0	143223	0.03	33.80	34.72	33.20	--  	0.21	4.61	0.38	软件服务	--  	0.000	
002156	通富微电	0.22	485487360	13.79	13.76	0	350947	-0.06	13.66	14.09	13.63	--  	0.17	3.34	0.03	半导体	--  	-0.000	
600874	创业环保	2.83	482138400	13.10	12.74	0	369427	0.08	12.99	13.26	12.74	--  	0.75	4.08	0.36	环境保护	--  	0.000	
000807	云铝股份	0.47	474663520	8.60	8.56	0	548388	-0.11	8.60	8.78	8.53	--  	0.21	2.92	0.04	铝	--  	0.000	
601222	林洋能源	9.97	474226080	10.15	9.23	0	477293	0.00	9.18	10.15	9.18	--  	0.87	10.51	0.92	电器仪表	--  	-0.000	
300055	万邦达	0.53	470709536	22.60	22.48	0	209192	0.04	22.39	22.66	22.27	--  	0.07	1.73	0.12	环境保护	--  	0.000	
600089	特变电工	1.44	466713696	9.89	9.75	0	470884	-0.09	9.75	10.01	9.72	--  	1.88	2.97	0.14	电气设备	--  	0.000	
300355	蒙草生态	0.63	462869952	12.78	12.70	0	360992	0.31	12.68	12.95	12.66	--  	0.30	2.28	0.08	环境保护	--  	-0.000	
603689	皖天然气	10.01	454531232	17.26	15.69	0	270196	0.00	15.60	17.26	15.41	--  	0.19	11.79	1.57	供气供热	--  	0.000	
600917	重庆燃气	10.04	454401984	11.18	10.16	0	423158	0.00	10.20	11.18	9.85	--  	1.28	13.09	1.02	供气供热	--  	0.000	
00857	中国石油股份	0.92	450800896	5.490	5.440	2000	82421048	0.37	5.470	5.490	5.440	--  	0.00	0.92	0.050	石油天然气	--  	5.490	
000338	潍柴动力	0.37	439447296	8.14	8.11	0	540736	0.12	8.12	8.20	8.07	--  	1.85	1.60	0.03	汽车配件	--  	0.000	
002056	横店东磁	2.61	437343968	11.02	10.74	0	397564	0.00	10.68	11.19	10.65	--  	0.28	5.03	0.28	元器件	--  	0.000	
002267	陕天然气	5.60	432501312	9.24	8.75	0	472126	0.00	8.66	9.50	8.63	--  	1.71	9.94	0.49	供气供热	--  	-0.000	
002019	亿帆医药	1.32	418264448	22.29	22.00	0	185965	0.09	21.89	22.83	21.89	--  	0.41	4.27	0.29	化学制药	--  	0.000	
00688	中国海外发展	1.04	417330048	24.400	24.150	2000	17056854	0.00	24.350	24.650	24.200	--  	1.43	1.86	0.250	地产	--  	24.400	
601636	旗滨集团	2.11	416809536	5.82	5.70	0	715214	-0.50	5.70	5.93	5.67	--  	2.64	4.56	0.12	玻璃	--  	0.000	
300340	科恒股份	7.26	412606656	57.59	53.69	0	71508	0.14	53.80	59.06	53.80	--  	0.03	9.80	3.90	元器件	--  	0.000	
600068	葛洲坝	2.08	410282816	8.33	8.16	0	491602	0.00	8.16	8.45	8.13	--  	2.52	3.92	0.17	建筑施工	--  	-0.000	
600745	闻泰科技	5.48	407613248	35.23	33.40	0	116249	0.17	33.22	36.26	33.22	--  	0.00	9.10	1.83	通信设备	--  	-0.000	
601155	新城控股	1.78	406342400	28.53	28.03	0	143686	0.11	28.03	28.70	27.70	--  	1.18	3.57	0.50	区域地产	--  	0.000	
601015	陕西黑猫	3.40	398347744	10.64	10.29	0	380395	-0.18	10.30	10.70	10.22	--  	0.00	4.66	0.35	焦炭加工	--  	0.000	
603619	中曼石油	6.56	391253984	35.58	33.39	0	111331	0.11	33.00	36.55	32.81	--  	0.00	11.20	2.19	石油开采	--  	0.000	
600019	宝钢股份	0.24	389276256	8.43	8.41	0	461115	0.00	8.45	8.50	8.37	--  	2.50	1.55	0.02	普钢	--  	0.000	
00386	中国石油化工股份	0.88	383700928	5.760	5.710	2000	66823492	0.35	5.750	5.760	5.710	--  	0.00	0.88	0.050	石油天然气	--  	5.760	
600507	方大特钢	0.30	378879520	13.38	13.34	0	281425	0.22	13.42	13.65	13.20	--  	1.89	3.37	0.04	特种钢	--  	0.000	
002313	日海通讯	4.09	376001760	28.00	26.90	0	133936	-0.20	28.50	28.99	27.29	--  	0.11	6.32	1.10	通信设备	--  	0.000	
02601	中国太保	0.13	369637504	37.950	37.900	200	9739750	0.13	38.300	38.400	37.700	--  	0.00	1.85	0.050	保险	--  	37.950	
300458	全志科技	0.93	369433248	30.48	30.20	0	120246	0.00	30.20	31.50	29.95	--  	0.50	5.13	0.28	元器件	--  	-0.000	
02007	碧桂园	2.60	360636096	13.400	13.060	1000	27050818	0.15	13.080	13.400	13.060	--  	1.29	2.60	0.340	地产	--  	13.400	
601857	中国石油	1.38	342894016	8.09	7.98	0	424930	0.12	7.99	8.12	7.95	--  	0.87	2.13	0.11	石油开采	--  	0.000	
00763	中兴通讯	2.11	339382368	29.000	28.400	200	11753204	0.17	28.700	29.000	28.400	--  	0.00	2.11	0.600	信息器材	--  	29.000	
600123	兰花科创	3.27	335010048	9.17	8.88	0	368205	0.11	8.85	9.25	8.83	--  	1.13	4.73	0.29	煤炭开采	--  	0.000	
03396	联想控股	5.67	334315936	31.700	30.000	100	10645140	-0.16	29.700	31.900	29.400	--  	0.00	8.33	1.700	综合企业	--  	31.700	
002775	文科园林	4.08	326399392	21.96	21.10	0	151542	0.00	20.82	22.80	20.68	--  	0.47	10.05	0.86	建筑施工	--  	-0.000	
600499	科达洁能	1.88	322298848	10.86	10.66	0	296651	-0.27	10.70	11.00	10.70	--  	0.67	2.81	0.20	专用机械	--  	-0.000	
300373	扬杰科技	0.14	322298016	29.40	29.36	0	110527	-0.02	29.29	29.65	28.81	--  	0.41	2.86	0.04	半导体	--  	-0.000	
00607	丰盛控股	0.31	318324192	3.240	3.230	2500	96559040	0.00	3.260	3.450	3.190	--  	0.00	8.05	0.010	地产	--  	3.240	
02238	广汽集团	3.45	317451296	18.000	17.400	2000	17729008	0.22	17.400	18.160	17.400	--  	0.00	4.37	0.600	汽车	--  	18.000	
600333	长春燃气	9.99	314033792	7.82	7.11	0	420002	0.00	7.00	7.82	6.98	--  	0.61	11.81	0.71	供气供热	--  	0.000	
601006	大秦铁路	0.91	310078080	8.90	8.82	0	348193	0.23	8.82	8.96	8.81	--  	2.83	1.70	0.08	铁路	--  	-0.000	
601607	上海医药	1.14	303916224	24.82	24.54	0	122045	0.08	24.47	25.07	24.41	--  	1.47	2.69	0.28	医药商业	--  	-0.000	
01336	新华保险	0.58	303209152	52.350	52.050	100	5784082	0.10	52.550	52.900	52.100	--  	0.00	1.54	0.300	保险	--  	52.350	
03800	保利协鑫能源	2.22	297015872	1.380	1.350	1000	215745072	0.00	1.360	1.400	1.320	--  	0.00	5.93	0.030	工业工程	--  	1.380	
002310	东方园林	0.49	293402720	20.57	20.47	0	141442	-0.09	20.59	20.98	20.47	--  	0.15	2.49	0.10	建筑施工	--  	-0.000	
002080	中材科技	1.66	291839808	25.72	25.30	0	114498	-0.03	25.01	26.42	24.77	--  	0.45	6.52	0.42	化纤	--  	-0.000	
02202	万科企业	4.54	290284384	29.950	28.650	100	9809909	1.01	28.650	29.950	28.650	--  	0.00	4.54	1.300	地产	--  	29.950	
600660	福耀玻璃	0.56	283055904	28.59	28.43	0	98706	0.11	28.43	28.98	28.32	--  	2.11	2.32	0.16	汽车配件	--  	0.000	
000591	太阳能	8.09	282147680	6.01	5.56	0	479864	0.00	5.60	6.04	5.55	--  	0.43	8.81	0.45	新型电力	--  	0.000	
600699	均胜电子	0.36	281978880	33.92	33.80	0	82528	-0.20	33.72	34.48	33.70	--  	0.59	2.31	0.12	汽车配件	--  	-0.000	
002597	金禾实业	0.32	281853728	25.00	24.92	0	112025	-0.03	24.91	25.49	24.81	--  	1.61	2.73	0.08	化工原料	--  	0.000	
01114	BRILLIANCE CHI	5.24	280703808	19.700	18.720	2000	14378108	0.10	18.940	19.800	18.900	--  	0.56	4.81	0.980	汽车	--  	19.700	
03968	招商银行	0.82	280366272	30.900	30.650	500	9087572	0.49	30.750	31.000	30.600	--  	0.00	1.31	0.250	银行	--  	30.900	
000581	威孚高科	1.25	279265664	24.27	23.97	0	115328	-0.07	23.87	24.36	23.85	--  	2.50	2.13	0.30	汽车配件	--  	0.000	
300597	吉大通信	0.77	278896160	21.00	20.84	0	134271	0.00	20.55	21.19	20.36	--  	0.12	3.98	0.16	通信设备	--  	0.000	
600635	大众公用	3.34	278610816	4.95	4.79	0	564206	0.00	4.77	5.08	4.75	--  	1.25	6.89	0.16	供气供热	--  	-0.000	
300450	先导智能	4.57	276985632	61.80	59.10	0	44946	0.13	59.70	62.90	59.50	--  	0.20	5.75	2.70	专用机械	--  	-0.000	
600569	安阳钢铁	1.50	276497088	4.74	4.67	0	581578	-0.20	4.70	4.82	4.68	--  	0.43	3.00	0.07	普钢	--  	-0.000	
000938	紫光股份	1.22	274552000	66.30	65.50	0	41613	0.08	65.29	66.66	65.05	--  	0.15	2.46	0.80	软件服务	--  	0.000	
002218	拓日新能	3.78	271846816	5.22	5.03	0	523116	0.38	5.02	5.26	5.01	--  	0.50	4.97	0.19	半导体	--  	-0.000	
002648	卫星石化	5.44	261336688	15.88	15.06	0	165641	-0.05	15.29	16.18	15.22	--  	0.58	6.37	0.82	化工原料	--  	0.000	
600567	山鹰纸业	1.39	261173024	4.39	4.33	0	595550	0.23	4.32	4.43	4.31	--  	0.58	2.77	0.06	造纸	--  	-0.000	
002081	金 螳 螂	1.89	256045840	15.06	14.78	0	169917	0.20	14.86	15.25	14.79	--  	1.01	3.11	0.28	装修装饰	--  	0.000	
600380	健康元	2.04	254418960	11.03	10.81	0	229581	-0.08	10.88	11.19	10.86	--  	1.48	3.05	0.22	化学制药	--  	-0.000	
01109	华润置地	1.84	250760240	22.150	21.750	2000	11310340	0.45	21.800	22.450	21.800	--  	0.45	2.99	0.400	地产	--  	22.150	
000669	金鸿控股	3.70	250446160	14.57	14.05	0	172934	0.00	14.00	14.98	13.96	--  	0.71	7.26	0.52	供气供热	--  	-0.000	
600282	南钢股份	0.21	250051968	4.83	4.82	0	516046	0.00	4.84	4.89	4.79	--  	1.28	2.07	0.01	普钢	--  	-0.000	
00762	中国联通	0.38	248104304	10.500	10.460	2000	23639080	0.38	10.520	10.580	10.420	--  	0.00	1.53	0.040	电讯	--  	10.500	
600970	中材国际	0.89	246806544	9.05	8.97	0	271642	0.22	8.90	9.18	8.89	--  	0.98	3.23	0.08	建筑施工	--  	0.000	
300388	国祯环保	3.69	246451520	23.90	23.05	0	104620	0.13	22.88	23.96	22.81	--  	0.43	4.99	0.85	环境保护	--  	-0.000	
002271	东方雨虹	2.17	244389888	38.54	37.72	0	63129	0.00	37.60	39.08	37.47	--  	0.40	4.27	0.82	其他建材	--  	0.000	
603766	隆鑫通用	4.62	242819328	6.79	6.49	0	355983	-0.28	6.53	7.04	6.51	--  	3.08	8.17	0.30	摩托车	--  	-0.000	
601238	广汽集团	1.74	242301872	24.58	24.16	0	99140	0.00	24.17	24.69	24.15	--  	0.37	2.24	0.42	汽车整车	--  	-0.000	
002142	宁波银行	0.11	241642112	17.81	17.79	0	134980	0.06	17.74	18.07	17.67	--  	1.51	2.25	0.02	银行	--  	-0.000	
02186	绿叶制药	5.92	240817456	6.260	5.910	500	38997376	0.64	5.960	6.290	5.880	--  	0.53	6.94	0.350	医药医疗	--  	6.260	
300073	当升科技	1.99	236532672	25.58	25.08	0	91685	0.00	25.05	26.36	24.95	--  	0.22	5.62	0.50	矿物制品	--  	-0.000	
03888	金山软件	0.21	235539808	23.850	23.800	1000	9890044	0.21	23.800	24.100	23.650	--  	0.00	1.89	0.050	软件服务	--  	23.850	
000932	*ST华菱	0.51	233383232	7.94	7.90	0	293075	-0.12	7.91	8.05	7.86	--  	0.57	2.41	0.04	普钢	--  	0.000	
01113	长实集团	1.63	233047136	68.650	67.550	500	3412131	0.29	68.400	68.650	67.650	--  	0.61	1.48	1.100	地产	--  	68.650	
603938	三孚股份	5.03	229734400	41.97	39.96	0	54543	-0.30	40.16	43.62	40.16	--  	0.00	8.66	2.01	化工原料	--  	0.000	
300638	广和通	2.11	228494672	44.98	44.05	0	51568	-0.23	43.60	45.85	42.80	--  	0.00	6.92	0.93	通信设备	--  	-0.000	
300296	利亚德	2.06	227373664	20.80	20.38	0	108935	0.10	20.39	21.20	20.39	--  	0.32	3.97	0.42	半导体	--  	-0.000	
600409	三友化工	1.06	225540320	9.49	9.39	0	237851	0.00	9.35	9.58	9.28	--  	1.19	3.19	0.10	化工原料	--  	-0.000	
002430	杭氧股份	7.11	222754736	14.46	13.50	0	157669	0.84	13.50	14.55	13.45	--  	0.19	8.15	0.96	化工机械	--  	0.000	
603612	索通发展	4.32	221307808	47.33	45.37	0	47027	0.47	45.60	47.99	45.39	--  	0.00	5.73	1.96	矿物制品	--  	0.000	
002893	华通热力	5.00	220555568	27.95	26.62	0	79875	0.14	26.20	28.50	26.05	--  	0.00	9.20	1.33	供气供热	--  	0.000	
002038	双鹭药业	1.85	220511024	33.04	32.44	0	66657	-0.05	32.20	33.44	32.20	--  	0.62	3.82	0.60	生物制药	--  	0.000	
00572	未来世界金融	20.00	219897152	0.360	0.300	4000	634774656	1.41	0.300	0.375	0.300	--  	0.00	25.00	0.060	工用支援	--  	0.360	
002409	雅克科技	0.18	217858496	28.31	28.26	0	76616	-0.10	27.99	28.80	27.95	--  	0.07	3.01	0.05	化工原料	--  	-0.000	
300327	中颖电子	1.04	217078640	32.04	31.71	0	68651	0.22	31.18	32.15	31.13	--  	1.00	3.22	0.33	半导体	--  	0.000	
01988	民生银行	0.77	209277568	7.810	7.750	500	26966596	0.39	7.780	7.810	7.700	--  	0.00	1.42	0.060	银行	--  	7.810	
600216	浙江医药	3.26	208881104	13.29	12.87	0	158852	0.45	12.87	13.42	12.80	--  	1.12	4.82	0.42	化学制药	--  	-0.000	
300124	汇川技术	1.82	207706960	28.53	28.02	0	73136	-0.06	28.00	28.75	27.82	--  	0.98	3.32	0.51	电器仪表	--  	0.000	
000593	大通燃气	7.51	207011776	10.16	9.45	0	209836	0.10	9.41	10.28	9.31	--  	0.17	10.26	0.71	供气供热	--  	-0.000	
601666	平煤股份	1.49	206882592	6.13	6.04	0	338358	-0.48	6.01	6.18	6.01	--  	0.43	2.81	0.09	煤炭开采	--  	0.000	
01099	国药控股	2.15	205515392	33.250	32.550	400	6207636	-0.15	32.800	33.350	32.600	--  	0.00	2.30	0.700	医药医疗	--  	33.250	
600132	重庆啤酒	0.05	204651904	20.87	20.86	0	97473	-0.66	20.67	21.46	20.41	--  	3.84	5.03	0.01	啤酒	--  	0.000	
300565	科信技术	1.06	204308720	22.82	22.58	0	89220	0.44	23.06	23.38	22.51	--  	0.89	3.85	0.24	通信设备	--  	-0.000	
600466	蓝光发展	1.11	203208640	9.09	8.99	0	223812	-0.21	9.01	9.16	8.93	--  	1.11	2.56	0.10	区域地产	--  	0.000	
01357	美图公司	2.98	202582176	10.380	10.080	500	19633776	0.19	10.320	10.480	10.200	--  	0.00	2.78	0.300	软件服务	--  	10.380	
02328	中国财险	0.93	201492384	15.220	15.080	2000	13249882	0.26	15.180	15.320	15.060	--  	0.00	1.72	0.140	保险	--  	15.220	
600681	百川能源	4.01	199860496	14.53	13.97	0	138106	0.07	13.97	15.00	13.81	--  	0.00	8.52	0.56	供气供热	--  	-0.000	
01800	中国交通建设	0.23	198354144	8.750	8.730	1000	22746724	0.23	8.750	8.790	8.650	--  	0.00	1.60	0.020	建筑	--  	8.750	
600388	龙净环保	0.18	197308848	16.88	16.85	0	116696	0.00	16.77	17.08	16.72	--  	1.13	2.14	0.03	环境保护	--  	-0.000	
02899	紫金矿业	2.59	194803056	2.770	2.700	2000	70111560	0.00	2.700	2.830	2.690	--  	0.00	5.19	0.070	黄金贵金属	--  	2.770	
002176	江特电机	0.27	194515856	11.18	11.15	0	173060	0.09	11.13	11.37	11.11	--  	0.13	2.33	0.03	电气设备	--  	0.000	
600804	鹏博士	0.29	193885056	17.05	17.00	0	113947	-0.11	16.85	17.19	16.70	--  	0.97	2.88	0.05	电信运营	--  	-0.000	
600642	申能股份	2.23	192798448	5.97	5.84	0	324518	0.00	5.84	6.00	5.82	--  	3.77	3.08	0.13	火力发电	--  	-0.000	
600759	洲际油气	6.54	190810864	4.40	4.13	0	443625	-0.44	4.11	4.46	4.10	--  	0.17	8.72	0.27	石油开采	--  	0.000	
600267	海正药业	3.35	189660976	14.51	14.04	0	131092	-0.40	14.12	14.78	14.11	--  	0.36	4.77	0.47	化学制药	--  	0.000	
00522	ASM PACIFIC	1.68	187634272	109.200	107.400	100	1717418	0.18	109.700	110.500	108.600	--  	0.00	1.77	1.800	半导体	--  	109.200	
300053	欧比特	0.34	185933248	14.89	14.84	0	125149	-0.26	14.85	15.07	14.70	--  	0.10	2.49	0.05	半导体	--  	0.000	
000407	胜利股份	3.98	183913536	8.10	7.79	0	228690	-0.11	7.79	8.29	7.74	--  	0.26	7.06	0.31	供气供热	--  	0.000	
600511	国药股份	2.17	183151440	27.33	26.75	0	66897	0.00	26.73	27.69	26.61	--  	0.47	4.04	0.58	医药商业	--  	-0.000	
002258	利尔化学	0.49	182946176	16.54	16.46	0	109927	-0.05	16.46	16.99	16.22	--  	0.61	4.68	0.08	农药化肥	--  	0.000	
002007	华兰生物	2.13	181548912	27.29	26.72	0	66564	-0.03	27.08	27.45	27.00	--  	1.50	1.68	0.57	生物制药	--  	0.000	
600062	华润双鹤	0.08	179802240	24.25	24.23	0	74484	0.41	24.18	24.37	23.92	--  	0.34	1.86	0.02	化学制药	--  	0.000	
03836	和谐汽车	14.92	179739872	5.700	4.960	500	32849000	0.35	4.870	5.770	4.870	--  	0.00	18.15	0.740	汽车	--  	5.700	
000968	蓝焰控股	1.22	179599344	17.49	17.28	0	102832	0.00	17.30	17.95	16.97	--  	0.03	5.67	0.21	煤炭开采	--  	-0.000	
000731	四川美丰	2.24	178866896	8.22	8.04	0	218381	0.12	7.97	8.35	7.97	--  	0.75	4.73	0.18	农药化肥	--  	0.000	
300678	中科信息	0.66	175225376	56.60	56.23	0	30853	0.07	56.34	57.68	55.94	--  	0.00	3.09	0.37	软件服务	--  	-0.000	
002605	姚记扑克	5.23	174232688	13.67	12.99	0	129062	0.29	13.25	13.97	12.89	--  	0.72	8.31	0.68	文教休闲	--  	0.000	
000697	炼石有色	0.56	173777312	23.29	23.16	0	73653	-0.12	23.80	24.14	23.25	--  	0.06	3.84	0.13	小金属	--  	0.000	
600867	通化东宝	0.25	170548992	23.99	23.93	0	71022	0.08	23.90	24.27	23.82	--  	0.69	1.88	0.06	生物制药	--  	-0.000	
01972	太古地产	0.40	169795648	25.400	25.300	200	6710577	0.20	25.500	25.500	25.250	--  	0.98	0.99	0.100	地产	--  	25.400	
000630	铜陵有色	0.36	169567760	2.78	2.77	0	609817	0.00	2.76	2.80	2.75	--  	0.79	1.81	0.01	铜	--  	-0.000	
300585	奥联电子	5.46	168817104	18.53	17.57	0	89979	-0.58	17.73	19.33	17.60	--  	1.14	9.85	0.96	汽车配件	--  	0.000	
601168	西部矿业	0.65	168353680	7.79	7.74	0	215566	0.13	7.73	7.90	7.70	--  	0.65	2.58	0.05	铜	--  	-0.000	
00998	中信银行	0.41	166000368	4.880	4.860	1000	34069536	0.21	4.890	4.900	4.850	--  	0.00	1.03	0.020	银行	--  	4.880	
601908	京运通	4.26	164277360	5.63	5.40	0	294034	0.00	5.41	5.71	5.38	--  	0.74	6.11	0.23	电气设备	--  	0.000	
600808	马钢股份	0.25	162667184	4.07	4.06	0	398454	0.00	4.08	4.11	4.06	--  	1.23	1.23	0.01	普钢	--  	0.000	
002407	多氟多	0.15	162110816	20.67	20.64	0	78013	-0.04	20.63	20.98	20.55	--  	0.71	2.08	0.03	化工原料	--  	0.000	
300317	珈伟股份	0.54	161660032	16.86	16.77	0	94973	-0.34	16.69	17.30	16.59	--  	0.33	4.23	0.09	半导体	--  	0.000	
002061	浙江交科	2.21	160025392	15.29	14.96	0	105006	0.00	15.08	15.47	14.95	--  	0.09	3.48	0.33	化工原料	--  	-0.000	
002700	新疆浩源	5.27	159299808	11.58	11.00	0	138793	0.17	10.90	11.95	10.84	--  	0.29	10.09	0.58	供气供热	--  	-0.000	
000060	中金岭南	0.29	159065536	10.54	10.51	0	150381	0.09	10.52	10.69	10.50	--  	0.29	1.81	0.03	铅锌	--  	-0.000	
000672	上峰水泥	0.52	157710960	9.71	9.66	0	161840	-0.09	9.67	9.82	9.62	--  	0.31	2.07	0.05	水泥	--  	0.000	
600348	阳泉煤业	0.56	157056448	7.12	7.08	0	220343	0.14	7.08	7.20	7.04	--  	1.65	2.26	0.04	煤炭开采	--  	-0.000	
600018	上港集团	0.59	154925616	6.82	6.78	0	227580	0.00	6.77	6.85	6.74	--  	2.30	1.62	0.04	港口	--  	0.000	
002192	融捷股份	1.57	151619456	33.71	33.19	0	44747	-0.11	33.03	34.69	33.01	--  	0.14	5.06	0.52	专用机械	--  	-0.000	
002128	露天煤业	0.58	150691200	10.45	10.39	0	144153	0.00	10.35	10.58	10.31	--  	2.89	2.60	0.06	煤炭开采	--  	-0.000	
601992	金隅股份	0.18	150053120	5.45	5.44	0	274500	0.00	5.45	5.52	5.41	--  	0.85	2.02	0.01	水泥	--  	-0.000	
600259	广晟有色	1.15	147634864	37.75	37.32	0	38881	0.00	37.25	38.45	37.16	--  	0.04	3.46	0.43	小金属	--  	0.000	
000893	东凌国际	5.08	146908000	9.73	9.26	0	154987	-0.20	9.29	9.89	9.07	--  	0.58	8.86	0.47	食品	--  	-0.000	
000426	兴业矿业	1.82	146323472	9.52	9.35	0	153967	-0.30	9.28	9.68	9.20	--  	0.21	5.13	0.17	铅锌	--  	0.000	
000012	南 玻Ａ	0.85	145932672	8.26	8.19	0	176061	0.24	8.19	8.36	8.19	--  	1.06	2.08	0.07	玻璃	--  	0.000	
00011	恒生银行	0.52	145600848	191.800	190.800	100	763031	0.42	190.800	191.800	189.900	--  	1.25	1.00	1.000	银行	--  	191.800	
002508	老板电器	0.10	145216160	49.85	49.80	0	29235	0.00	49.79	50.13	49.31	--  	0.77	1.65	0.05	家用电器	--  	-0.000	
603826	坤彩科技	0.20	145134000	15.08	15.05	0	95851	0.33	14.89	15.59	14.81	--  	0.40	5.18	0.03	染料涂料	--  	-0.000	
600305	恒顺醋业	1.11	145032336	11.89	11.76	0	122156	0.08	11.84	12.10	11.71	--  	0.72	3.32	0.13	食品	--  	0.000	
000915	山大华特	3.07	143616848	31.52	30.58	0	45962	-0.02	30.50	31.66	30.43	--  	0.38	4.02	0.94	化学制药	--  	0.000	
600436	片仔癀	0.14	143480048	64.45	64.36	0	22280	0.03	64.30	64.80	64.07	--  	0.42	1.13	0.09	中成药	--  	-0.000	
300098	高新兴	1.12	142359152	13.57	13.42	0	105240	0.15	13.51	13.68	13.35	--  	0.21	2.46	0.15	通信设备	--  	-0.000	
002217	合力泰	0.09	142277008	10.75	10.74	0	132789	-0.36	10.74	10.86	10.64	--  	0.39	2.05	0.01	元器件	--  	0.000	
02020	安踏体育	2.93	142104016	33.350	32.400	1000	4319623	0.60	33.450	33.450	32.300	--  	1.23	3.55	0.950	纺织服饰	--  	33.350	
601599	鹿港文化	0.29	141573376	6.96	6.94	0	202713	-0.13	6.94	7.08	6.86	--  	1.01	3.17	0.02	影视音像	--  	0.000	
600583	海油工程	1.31	139240304	6.18	6.10	0	225670	-0.15	6.10	6.27	6.06	--  	1.64	3.44	0.08	石油开采	--  	-0.000	
000028	国药一致	3.96	139044096	59.39	57.13	0	23659	-0.04	57.14	59.50	57.14	--  	0.58	4.13	2.26	医药商业	--  	-0.000	
000877	天山股份	0.79	136821584	10.27	10.19	0	132204	-0.09	10.22	10.47	10.21	--  	0.30	2.55	0.08	水泥	--  	0.000	
03323	中国建材	1.07	135575872	6.630	6.560	2000	20467632	-0.15	6.600	6.690	6.520	--  	0.00	2.59	0.070	建筑	--  	6.630	
600720	祁连山	0.10	134344128	10.14	10.13	0	131609	0.00	10.17	10.30	10.11	--  	0.64	1.88	0.01	水泥	--  	0.000	
02688	新奥能源	0.70	134275184	57.150	56.750	1000	2362619	0.00	57.050	57.400	56.100	--  	0.00	2.29	0.400	公用事业	--  	57.150	
000898	鞍钢股份	0.16	133854064	6.32	6.31	0	211816	-0.15	6.33	6.35	6.28	--  	1.06	1.11	0.01	普钢	--  	0.000	
300520	科大国创	0.18	133377472	28.32	28.27	0	46821	0.11	28.10	28.98	27.85	--  	0.20	4.00	0.05	软件服务	--  	-0.000	
002025	航天电器	2.38	132998272	21.90	21.39	0	61325	0.05	21.30	22.10	21.28	--  	1.17	3.83	0.51	元器件	--  	-0.000	
000059	华锦股份	1.18	132146920	9.46	9.35	0	139934	0.11	9.36	9.59	9.30	--  	2.40	3.10	0.11	石油加工	--  	0.000	
600137	浪莎股份	2.68	130694040	25.64	24.97	0	51387	0.27	25.10	25.86	25.10	--  	0.00	3.04	0.67	服饰	--  	-0.000	
600179	安通控股	0.60	128529480	25.15	25.00	0	51331	0.12	24.95	25.30	24.90	--  	0.00	1.60	0.15	仓储物流	--  	-0.000	
600979	广安爱众	3.15	127161776	5.57	5.40	0	229666	0.00	5.40	5.68	5.35	--  	0.93	6.11	0.17	水力发电	--  	0.000	
002326	永太科技	6.42	126055816	11.60	10.90	0	109618	0.09	10.98	11.99	10.91	--  	0.53	9.91	0.70	化工原料	--  	0.000	
000009	中国宝安	1.83	125623104	7.23	7.10	0	173563	0.14	7.14	7.31	7.12	--  	0.28	2.68	0.13	综合类	--  	0.000	
600535	天士力	0.86	125512408	36.38	36.07	0	34306	-0.02	36.12	37.05	36.01	--  	1.55	2.88	0.31	中成药	--  	0.000	
300344	太空板业	0.36	124796376	11.26	11.22	0	111036	1.62	11.36	11.49	11.07	--  	0.13	3.74	0.04	其他建材	--  	0.000	
300474	景嘉微	0.06	124343120	54.22	54.19	0	22850	0.07	53.88	55.19	53.41	--  	0.16	3.28	0.03	元器件	--  	0.000	
000038	深大通	1.77	122742104	21.80	21.42	0	55532	0.23	21.58	22.97	21.45	--  	0.29	7.10	0.38	广告包装	--  	-0.000	
00148	建滔化工	0.12	122087368	40.900	40.850	500	2979464	0.12	41.450	41.500	40.650	--  	1.47	2.08	0.050	工业工程	--  	40.900	
300068	南都电源	2.72	121584248	15.47	15.06	0	79135	-0.12	15.04	15.52	14.96	--  	1.20	3.72	0.41	电气设备	--  	0.000	
300672	国科微	0.70	121385416	59.38	58.97	0	20407	-0.46	59.41	60.50	58.72	--  	0.00	3.02	0.41	半导体	--  	0.000	
002570	贝因美	1.68	121371144	7.26	7.14	0	165166	0.28	7.26	7.54	7.19	--  	5.69	4.90	0.12	乳制品	--  	0.000	
002201	九鼎新材	0.55	119912920	10.97	10.91	0	109139	0.18	10.83	11.21	10.71	--  	0.00	4.58	0.06	玻璃	--  	0.000	
002182	云海金属	0.11	119235472	9.10	9.09	0	130227	0.22	9.09	9.26	9.06	--  	0.55	2.20	0.01	小金属	--  	0.000	
600315	上海家化	0.97	119023368	35.23	34.89	0	33838	-0.27	34.89	35.49	34.72	--  	0.29	2.21	0.34	日用化工	--  	-0.000	
600122	宏图高科	0.92	118175488	9.84	9.75	0	120126	0.10	9.74	9.95	9.67	--  	0.41	2.87	0.09	其他商业	--  	0.000	
00006	电能实业	0.54	118020464	65.650	65.300	500	1802472	0.23	65.550	65.650	65.250	--  	12.60	0.61	0.350	公用事业	--  	65.650	
603885	吉祥航空	1.08	117075912	14.92	14.76	0	78404	-0.19	14.80	15.07	14.61	--  	1.21	3.12	0.16	空运	--  	0.000	
600172	黄河旋风	1.65	115558016	8.60	8.46	0	135662	0.12	8.35	8.63	8.35	--  	0.33	3.31	0.14	矿物制品	--  	0.000	
600280	中央商场	1.97	115556640	8.28	8.12	0	139539	-0.35	8.15	8.38	8.15	--  	0.55	2.83	0.16	百货	--  	-0.000	
300604	长川科技	5.06	115528152	59.80	56.92	0	19586	0.54	56.99	59.90	56.83	--  	0.00	5.39	2.88	专用机械	--  	-0.000	
601678	滨化股份	2.20	114976656	7.91	7.74	0	146882	0.38	7.75	7.94	7.67	--  	1.29	3.49	0.17	化工原料	--  	-0.000	
300244	迪安诊断	2.12	112931192	24.13	23.63	0	46967	0.17	23.66	24.39	23.66	--  	0.10	3.09	0.50	医疗保健	--  	-0.000	
603889	新澳股份	1.59	112415736	14.73	14.50	0	76671	-0.06	14.55	14.86	14.49	--  	1.14	2.55	0.23	纺织	--  	-0.000	
300084	海默科技	2.70	111166032	7.24	7.05	0	155180	-0.13	7.00	7.28	6.96	--  	0.14	4.54	0.19	石油开采	--  	-0.000	
600141	兴发集团	2.36	110596448	16.49	16.11	0	67016	0.00	16.11	16.68	16.10	--  	0.63	3.60	0.38	化工原料	--  	-0.000	
00004	九龙仓集团	1.33	110403648	26.700	26.350	1000	4154585	0.19	26.300	26.700	26.300	--  	2.73	1.52	0.350	地产	--  	26.700	
600079	人福医药	0.89	110054680	18.16	18.00	0	60571	0.11	18.08	18.25	18.01	--  	0.58	1.33	0.16	化学制药	--  	-0.000	
00823	领展房产基金	1.13	109859752	71.400	70.600	500	1545109	0.42	70.800	71.400	70.600	20351826	0.00	1.13	0.800		286000	71.400	
002464	众应互联	0.86	109656352	29.26	29.01	0	37737	-0.02	28.85	29.34	28.72	--  	0.00	2.14	0.25	互联网	--  	0.000	
600597	光明乳业	1.01	109624160	15.04	14.89	0	73019	0.07	14.88	15.18	14.80	--  	1.01	2.55	0.15	乳制品	--  	-0.000	
600143	金发科技	0.94	109543552	6.42	6.36	0	170229	-0.30	6.31	6.55	6.27	--  	1.57	4.40	0.06	塑料	--  	0.000	
600886	国投电力	0.27	109534456	7.47	7.45	0	147069	0.13	7.42	7.48	7.41	--  	2.71	0.94	0.02	水力发电	--  	-0.000	
600593	大连圣亚	2.44	108786640	27.29	26.64	0	39428	-0.36	26.64	28.05	26.60	--  	0.75	5.44	0.65	旅游服务	--  	0.000	
002365	永安药业	0.58	108394984	32.69	32.50	0	33292	-0.08	32.22	32.79	32.20	--  	0.31	1.82	0.19	化学制药	--  	-0.000	
000951	中国重汽	0.98	107699568	16.55	16.39	0	64595	0.00	16.42	16.90	16.42	--  	1.40	2.93	0.16	汽车整车	--  	-0.000	
601808	中海油服	2.15	106903128	10.44	10.22	0	102760	0.00	10.20	10.55	10.19	--  	0.49	3.52	0.22	石油开采	--  	-0.000	
600153	建发股份	0.10	105987488	10.51	10.50	0	100241	-0.46	10.47	10.67	10.41	--  	3.81	2.48	0.01	商贸代理	--  	0.000	
00257	中国光大国际	0.92	105689920	11.020	10.920	1000	9594894	0.00	10.940	11.100	10.940	--  	1.09	1.47	0.100	公用事业	--  	11.020	
600098	广州发展	1.72	105171712	7.11	6.99	0	148369	0.28	6.98	7.15	6.96	--  	1.43	2.72	0.12	火力发电	--  	0.000	
601100	恒立液压	1.90	104568616	27.85	27.33	0	37573	0.25	27.35	28.20	27.20	--  	0.24	3.66	0.52	工程机械	--  	0.000	
002311	海大集团	0.44	104165960	23.05	22.95	0	45318	-0.08	22.77	23.13	22.77	--  	1.31	1.57	0.10	饲料	--  	-0.000	
000402	金 融 街	0.09	102790960	10.75	10.74	0	95357	-0.08	10.69	10.86	10.65	--  	3.72	1.96	0.01	全国地产	--  	0.000	
600509	天富能源	3.39	101871528	7.02	6.79	0	146262	0.29	6.78	7.10	6.73	--  	1.24	5.45	0.23	火力发电	--  	-0.000	
601998	中信银行	0.16	100803032	6.19	6.18	0	162664	-0.15	6.18	6.23	6.16	--  	3.48	1.13	0.01	银行	--  	0.000	
300603	立昂技术	5.42	100103368	36.79	34.90	0	27764	-0.15	34.95	37.22	34.68	--  	0.11	7.28	1.89	通信设备	--  	0.000	
600525	长园集团	1.15	99843072	15.79	15.61	0	63700	0.06	15.39	15.85	15.39	--  	0.51	2.95	0.18	电气设备	--  	-0.000	
02269	药明生物	0.46	99592696	43.250	43.050	500	2277091	0.00	43.700	44.500	42.950	--  	0.00	3.60	0.200	医药医疗	--  	43.250	
300251	光线传媒	0.77	99227168	10.48	10.40	0	95107	0.00	10.36	10.56	10.25	--  	0.38	2.98	0.08	影视音像	--  	-0.000	
603318	派思股份	0.86	99070376	15.28	15.15	0	65029	-0.12	15.10	15.45	14.90	--  	0.08	3.63	0.13	专用机械	--  	-0.000	
300221	银禧科技	1.38	98779672	16.12	15.90	0	61459	0.06	15.90	16.25	15.71	--  	0.62	3.40	0.22	塑料	--  	0.000	
002543	万和电气	3.03	98388152	23.11	22.43	0	42832	-0.08	22.43	23.20	22.43	--  	3.25	3.43	0.68	家用电器	--  	0.000	
01055	中国南方航空股份	1.24	98144256	8.180	8.080	2000	12032096	0.49	8.080	8.260	7.980	--  	0.00	3.47	0.100	运输	--  	8.180	
002327	富安娜	0.91	97864232	10.00	9.91	0	98681	0.30	9.89	10.02	9.73	--  	1.01	2.93	0.09	纺织	--  	0.000	
300291	华录百纳	2.26	97521128	11.30	11.05	0	86671	0.80	11.12	11.38	11.09	--  	0.90	2.62	0.25	影视音像	--  	0.000	
300409	道氏技术	1.63	96960616	43.70	43.00	0	22213	0.16	42.62	44.04	42.62	--  	0.28	3.30	0.70	陶瓷	--  	0.000	
603060	国检集团	4.52	96357008	21.99	21.04	0	43640	0.00	21.74	22.49	21.72	--  	0.76	3.66	0.95	建筑施工	--  	-0.000	
300691	联合光电	2.30	96125640	77.04	75.31	0	12520	-0.03	75.00	77.77	74.62	--  	0.00	4.18	1.73	元器件	--  	0.000	
002043	兔 宝 宝	0.25	95570984	11.97	11.94	0	80269	0.08	11.93	11.98	11.82	--  	0.42	1.34	0.03	其他建材	--  	0.000	
000852	石化机械	0.87	95017728	10.45	10.36	0	90738	-0.09	10.31	10.70	10.26	--  	0.00	4.25	0.09	化工机械	--  	-0.000	
000925	众合科技	2.80	94709520	15.07	14.66	0	64121	-0.12	14.60	15.12	14.50	--  	0.00	4.23	0.41	专用机械	--  	-0.000	
000598	兴蓉环境	1.32	94688584	5.36	5.29	0	177184	-0.18	5.30	5.37	5.29	--  	1.11	1.51	0.07	水务	--  	0.000	
600993	马应龙	0.53	94270664	20.91	20.80	0	45220	0.53	20.77	21.03	20.67	--  	0.96	1.73	0.11	中成药	--  	-0.000	
02196	复星医药	1.59	94218000	47.850	47.100	500	1972948	-0.10	47.150	48.500	47.100	--  	0.00	2.97	0.750	医药医疗	--  	47.850	
603133	碳元科技	3.20	93268888	30.68	29.73	0	30344	0.13	29.80	31.45	29.70	--  	0.27	5.89	0.95	元器件	--  	0.000	
603858	步长制药	1.24	93193224	51.48	50.85	0	18139	0.02	50.70	51.97	50.50	--  	3.17	2.89	0.63	中成药	--  	-0.000	
601021	春秋航空	1.97	93029160	37.73	37.00	0	24677	0.03	37.09	37.96	37.09	--  	0.43	2.35	0.73	空运	--  	-0.000	
01558	东阳光药	10.06	92812328	27.350	24.850	200	3504447	-0.73	24.950	27.900	24.900	1091880	1.69	12.07	2.500	医药医疗	40400	27.350	
03311	中国建筑国际	0.94	92102872	10.760	10.660	2000	8506574	-0.74	10.760	10.900	10.720	--  	1.39	1.69	0.100	建筑	--  	10.760	
00285	比亚迪电子	1.34	91892480	15.080	14.880	500	6100111	0.00	15.040	15.140	14.900	--  	0.00	1.61	0.200	信息器材	--  	15.080	
300476	胜宏科技	0.35	91155312	23.10	23.02	0	39532	0.00	23.00	23.26	22.80	--  	1.30	2.00	0.08	元器件	--  	0.000	
600175	美都能源	1.17	90565384	5.17	5.11	0	175251	-0.38	5.10	5.22	5.08	--  	0.20	2.74	0.06	综合类	--  	0.000	
600872	中炬高新	1.19	90107672	24.60	24.31	0	36701	0.16	24.66	24.66	24.38	--  	0.58	1.15	0.29	食品	--  	0.000	
603660	苏州科达	1.09	89826648	35.31	34.93	0	25353	0.03	34.85	35.80	34.72	--  	0.21	3.09	0.38	通信设备	--  	0.000	
601113	华鼎股份	5.60	89728368	14.70	13.92	0	62401	0.20	13.90	14.70	13.80	--  	0.36	6.47	0.78	化纤	--  	-0.000	
002085	万丰奥威	1.76	89354264	17.32	17.02	0	51624	-0.05	17.00	17.44	16.96	--  	0.49	2.82	0.30	汽车配件	--  	-0.000	
600997	开滦股份	1.49	88983480	6.14	6.05	0	145490	0.49	6.04	6.18	6.02	--  	1.65	2.64	0.09	煤炭开采	--  	-0.000	
000546	金圆股份	2.48	88232672	16.96	16.55	0	52335	0.00	16.55	17.05	16.46	--  	2.52	3.56	0.41	水泥	--  	-0.000	
601949	中国出版	0.58	88131048	6.98	6.94	0	125321	0.00	6.89	7.13	6.89	--  	0.00	3.46	0.04	出版业	--  	0.000	
002468	申通快递	1.20	87896056	24.39	24.10	0	36053	-0.03	24.01	24.61	24.01	--  	0.41	2.49	0.29	仓储物流	--  	-0.000	
00392	北京控股	0.33	87567232	45.950	45.800	500	1908939	0.11	45.600	46.150	45.500	--  	0.65	1.42	0.150	公用事业	--  	45.950	
000625	长安汽车	0.32	87090848	12.50	12.46	0	69687	0.08	12.48	12.54	12.44	--  	5.15	0.80	0.04	汽车整车	--  	0.000	
603368	柳州医药	3.57	86208368	47.57	45.93	0	18289	0.15	46.13	47.60	46.00	--  	1.17	3.48	1.64	医药商业	--  	-0.000	
00151	中国旺旺	3.48	85977136	6.550	6.330	1000	13304415	0.31	6.380	6.560	6.300	--  	0.58	4.11	0.220	食物饮品	--  	6.550	
300083	劲胜智能	0.13	85825096	7.86	7.85	0	109285	0.13	7.87	7.96	7.77	--  	0.25	2.42	0.01	元器件	--  	0.000	
002768	国恩股份	0.76	85246192	27.71	27.50	0	30804	0.07	27.30	27.90	27.30	--  	0.36	2.18	0.21	塑料	--  	-0.000	
002223	鱼跃医疗	0.45	84145024	20.27	20.18	0	41549	0.05	20.02	20.34	20.02	--  	1.32	1.59	0.09	医疗保健	--  	0.000	
01359	中国信达	0.35	83171368	2.830	2.820	1000	29459916	0.35	2.840	2.840	2.810	--  	0.00	1.06	0.010	其他金融	--  	2.830	
01638	佳兆业集团	4.44	82465472	4.000	3.830	1000	20885000	0.00	3.870	4.020	3.840	--  	0.00	4.70	0.170	地产	--  	4.000	
00101	恒隆地产	0.43	82247896	18.700	18.620	1000	4399500	0.00	18.620	18.780	18.620	--  	0.91	0.86	0.080	地产	--  	18.700	
02666	环球医疗	2.71	82058784	7.580	7.380	500	10746000	0.00	7.400	7.770	7.340	--  	0.00	5.83	0.200	其他金融	--  	7.580	
002831	裕同科技	1.17	81457288	58.15	57.48	0	14107	-0.25	57.25	58.60	57.25	--  	0.87	2.35	0.67	广告包装	--  	0.000	
603676	卫信康	9.99	81439280	13.10	11.91	0	63251	0.00	12.05	13.10	11.95	--  	0.00	9.66	1.19	化学制药	--  	0.000	
300628	亿联网络	0.46	81250192	135.50	134.88	0	6000	0.02	134.49	136.64	133.80	--  	0.00	2.11	0.62	通信设备	--  	0.000	
02313	申洲国际	3.27	80994624	72.550	70.250	1000	1129088	-0.07	70.700	72.700	70.200	--  	0.96	3.56	2.300	纺织服饰	--  	72.550	
600688	上海石化	0.95	80841328	6.38	6.32	0	126793	0.00	6.30	6.43	6.30	--  	3.95	2.06	0.06	石油加工	--  	0.000	
603225	新凤鸣	1.26	80401336	34.44	34.01	0	23344	0.00	34.08	34.65	33.90	--  	0.00	2.21	0.43	化纤	--  	-0.000	
002821	凯莱英	1.02	80345904	58.37	57.78	0	13636	0.03	57.78	59.80	57.68	--  	0.43	3.67	0.59	生物制药	--  	-0.000	
600138	中青旅	1.24	80177096	19.64	19.40	0	40941	0.36	19.40	19.72	19.33	--  	0.52	2.01	0.24	旅游服务	--  	-0.000	
000917	电广传媒	1.02	79756560	8.89	8.80	0	89668	0.11	8.81	8.97	8.80	--  	0.34	1.93	0.09	影视音像	--  	0.000	
00670	中国东方航空股份	0.91	79523400	5.540	5.490	2000	14234000	0.00	5.500	5.670	5.480	--  	0.00	3.46	0.050	运输	--  	5.540	
01816	中广核电力	1.90	79365152	2.140	2.100	1000	37304356	0.47	2.120	2.150	2.100	--  	0.00	2.38	0.040	公用事业	--  	2.140	
600596	新安股份	1.49	78381336	8.83	8.70	0	88939	0.11	8.65	8.88	8.65	--  	1.11	2.64	0.13	农药化肥	--  	-0.000	
300471	厚普股份	2.97	78338088	12.83	12.46	0	61372	-0.15	12.40	13.08	12.30	--  	1.06	6.26	0.37	专用机械	--  	-0.000	
00066	港铁公司	0.66	78111952	45.600	45.300	500	1713142	0.00	45.450	45.700	45.400	--  	0.55	0.66	0.300	运输	--  	45.600	
00390	中国中铁	0.70	77516264	5.740	5.700	1000	13468716	-0.17	5.720	5.800	5.720	--  	0.00	1.40	0.040	建筑	--  	5.740	
002812	创新股份	0.95	77416896	106.87	105.86	0	7284	-0.05	103.50	107.48	103.50	--  	0.70	3.76	1.01	广告包装	--  	0.000	
300689	澄天伟业	1.85	77277776	42.93	42.15	0	17961	0.07	41.87	44.37	41.87	--  	0.00	5.93	0.78	元器件	--  	0.000	
02799	中国华融	0.56	77095056	3.590	3.570	1000	21584536	0.56	3.580	3.590	3.540	--  	0.00	1.40	0.020	其他金融	--  	3.590	
00358	江西铜业股份	0.34	76300016	11.760	11.720	1000	6492402	0.17	11.800	11.800	11.640	--  	0.00	1.37	0.040	一般金属	--  	11.760	
002602	世纪华通	1.54	76087792	34.20	33.68	0	22152	-0.08	33.88	34.88	33.69	--  	0.30	3.53	0.52	汽车配件	--  	0.000	
000637	茂化实华	3.73	76086584	6.12	5.90	0	126293	0.16	5.87	6.15	5.85	--  	1.69	5.08	0.22	石油加工	--  	-0.000	
603127	昭衍新药	5.07	75558560	52.61	50.07	0	14430	-0.12	50.53	53.20	50.15	--  	0.00	6.09	2.54	医疗保健	--  	0.000	
01999	敏华控股	1.22	75287512	7.490	7.400	400	10014000	0.13	7.400	7.570	7.350	--  	1.74	2.97	0.090	家电及用品	--  	7.490	
000711	京蓝科技	0.64	75267144	12.62	12.54	0	60193	0.00	12.50	12.69	12.33	--  	0.36	2.87	0.08	软件服务	--  	-0.000	
300643	万通智控	1.45	75251792	13.28	13.09	0	56416	-0.51	13.13	13.69	12.96	--  	0.00	5.58	0.19	汽车配件	--  	-0.000	
300619	金银河	1.42	75082160	44.32	43.70	0	16814	-0.28	43.69	45.44	43.35	--  	0.27	4.78	0.62	专用机械	--  	-0.000	
603286	日盈电子	3.77	74657032	36.60	35.27	0	20754	0.94	35.31	36.68	35.13	--  	0.00	4.39	1.33	汽车配件	--  	-0.000	
600777	新潮能源	1.38	74008184	3.68	3.63	0	201490	0.27	3.61	3.70	3.61	--  	0.00	2.48	0.05	综合类	--  	0.000	
300199	翰宇药业	0.18	73585832	16.54	16.51	0	44461	-0.05	16.40	16.65	16.39	--  	0.61	1.57	0.03	化学制药	--  	0.000	
000421	南京公用	4.47	73038856	6.55	6.27	0	112615	0.15	6.24	6.65	6.19	--  	1.59	7.34	0.28	供气供热	--  	0.000	
01208	五矿资源	2.21	72696752	3.700	3.620	4000	19668528	0.00	3.640	3.720	3.580	--  	0.00	3.87	0.080	一般金属	--  	3.700	
300164	通源石油	2.51	72378024	6.53	6.37	0	111589	-0.14	6.30	6.57	6.30	--  	0.15	4.24	0.16	石油开采	--  	0.000	
600707	彩虹股份	1.24	72126080	7.37	7.28	0	99157	0.82	7.28	7.40	7.15	--  	0.48	3.43	0.09	元器件	--  	-0.000	
002233	塔牌集团	1.05	72083160	11.59	11.47	0	62100	0.09	11.50	11.69	11.47	--  	1.37	1.92	0.12	水泥	--  	0.000	
002887	绿茵生态	0.27	71482000	75.62	75.42	0	9379	-0.16	76.00	77.17	75.40	--  	0.00	2.35	0.20	建筑施工	--  	0.000	
06837	海通证券	0.35	70901960	11.340	11.300	400	6262530	0.35	11.340	11.360	11.280	--  	0.00	0.71	0.040	其他金融	--  	11.340	
01169	海尔电器	1.41	70680744	21.600	21.300	1000	3305404	0.23	21.450	21.600	21.100	--  	0.00	2.35	0.300	家电及用品	--  	21.600	
600750	江中药业	0.11	70066024	26.62	26.59	0	26271	0.00	26.60	26.83	26.52	--  	1.50	1.17	0.03	中成药	--  	0.000	
000800	一汽轿车	0.49	70004832	10.30	10.25	0	67970	-0.09	10.25	10.37	10.25	--  	0.42	1.17	0.05	汽车整车	--  	0.000	
300191	潜能恒信	2.64	69825720	23.30	22.70	0	30084	-0.16	22.77	23.48	22.62	--  	0.04	3.79	0.60	石油开采	--  	-0.000	
000525	红 太 阳	0.15	69737664	20.56	20.53	0	34074	0.00	20.39	20.68	20.26	--  	1.46	2.05	0.03	农药化肥	--  	-0.000	
002636	金安国纪	1.38	68717224	15.47	15.26	0	44597	0.19	15.18	15.50	15.16	--  	0.43	2.23	0.21	元器件	--  	0.000	
000150	宜华健康	0.51	68558544	29.40	29.25	0	23367	0.00	29.25	29.51	29.11	--  	0.68	1.37	0.15	医疗保健	--  	-0.000	
603636	南威软件	1.49	68415832	11.56	11.39	0	59615	0.09	11.31	11.58	11.30	--  	0.35	2.46	0.17	软件服务	--  	0.000	
01530	三生制药	4.14	68183856	15.100	14.500	500	4598727	-0.40	14.600	15.200	14.340	--  	0.00	5.93	0.600	医药医疗	--  	15.100	
002554	惠博普	2.55	67718112	4.82	4.70	0	140925	-0.20	4.73	4.88	4.68	--  	0.53	4.26	0.12	石油开采	--  	0.000	
601966	玲珑轮胎	0.70	67556496	17.19	17.07	0	39151	0.00	17.00	17.38	16.97	--  	0.97	2.40	0.12	汽车配件	--  	0.000	
002352	顺丰控股	0.41	67262400	51.59	51.38	0	13022	0.06	51.99	51.99	51.37	--  	0.18	1.21	0.21	仓储物流	--  	0.000	
603305	旭升股份	0.91	66683836	37.79	37.45	0	17657	0.00	37.82	38.45	37.20	--  	0.00	3.34	0.34	汽车配件	--  	0.000	
603778	乾景园林	1.21	66476432	7.50	7.41	0	86422	0.00	7.38	7.97	7.36	--  	0.42	8.23	0.09	建筑施工	--  	0.000	
01462	金诚控股	0.37	66392284	2.690	2.680	2000	24612000	0.75	2.690	2.730	2.670	--  	0.00	2.24	0.010	建筑	--  	2.690	
01513	丽珠医药	3.20	65235996	61.300	59.400	100	1067022	0.08	60.350	62.200	60.350	--  	0.00	3.11	1.900	医药医疗	--  	61.300	
002139	拓邦股份	0.59	64832100	11.96	11.89	0	54268	0.08	11.84	12.02	11.84	--  	0.84	1.51	0.07	元器件	--  	0.000	
603388	元成股份	2.86	64724444	18.72	18.20	0	35375	-0.31	18.01	18.85	17.66	--  	0.00	6.54	0.52	建筑施工	--  	-0.000	
002713	东易日盛	3.07	64070432	24.53	23.80	0	26519	0.16	23.64	24.58	23.45	--  	3.37	4.75	0.73	装修装饰	--  	0.000	
300227	光韵达	0.57	63864084	22.74	22.61	0	27817	0.00	23.00	23.29	22.60	--  	0.04	3.05	0.13	元器件	--  	-0.000	
01193	华润燃气	0.72	63746284	28.100	27.900	2000	2273600	0.18	28.150	28.400	27.950	--  	0.53	1.61	0.200	公用事业	--  	28.100	
600449	宁夏建材	0.81	62878688	11.15	11.06	0	56429	0.27	11.08	11.24	11.07	--  	0.36	1.54	0.09	水泥	--  	-0.000	
000626	远大控股	0.59	62581368	13.74	13.66	0	45360	0.29	13.66	13.98	13.58	--  	1.17	2.93	0.08	商贸代理	--  	-0.000	
03908	中金公司	1.77	62400652	16.080	15.800	400	3893200	0.37	15.720	16.200	15.700	--  	0.00	3.16	0.280	其他金融	--  	16.080	
000883	湖北能源	1.72	62245104	4.72	4.64	0	132399	0.00	4.63	4.75	4.63	--  	1.96	2.59	0.08	火力发电	--  	-0.000	
00059	天誉置业	15.93	62044924	3.930	3.390	2000	17318000	2.08	3.410	4.000	3.380	--  	0.00	18.29	0.540	地产	--  	3.930	
00267	中信股份	1.09	61813272	11.080	10.960	1000	5602035	0.36	10.940	11.080	10.940	--  	0.99	1.28	0.120	综合企业	--  	11.080	
600982	宁波热电	2.99	61280936	4.48	4.35	0	137214	0.00	4.32	4.55	4.31	--  	0.80	5.52	0.13	供气供热	--  	0.000	
002086	东方海洋	0.66	61014636	12.14	12.06	0	50344	0.08	12.09	12.17	12.02	--  	0.23	1.24	0.08	渔业	--  	0.000	
02314	理文造纸	0.73	60943944	9.650	9.580	1000	6378480	0.52	9.800	9.800	9.430	--  	1.76	3.86	0.070	原材料	--  	9.650	
00813	世茂房地产	1.10	60930528	16.580	16.400	500	3685050	0.12	16.460	16.660	16.360	--  	2.41	1.83	0.180	地产	--  	16.580	
600054	黄山旅游	2.00	60905720	14.27	13.99	0	42828	0.21	13.94	14.42	13.94	--  	1.36	3.43	0.28	旅游景点	--  	0.000	
01030	新城发展控股	2.37	60705664	4.320	4.220	2000	14274000	1.17	4.220	4.340	4.200	--  	0.00	3.32	0.100		--  	4.320	
000758	中色股份	0.63	60653692	6.34	6.30	0	95519	0.16	6.29	6.44	6.28	--  	0.32	2.54	0.04	铅锌	--  	0.000	
000561	烽火电子	1.82	60463936	8.96	8.80	0	66777	-0.21	9.08	9.33	8.85	--  	0.00	5.45	0.16	通信设备	--  	0.000	
300241	瑞丰光电	1.05	60363600	18.31	18.12	0	33342	0.05	18.14	18.42	17.85	--  	0.11	3.15	0.19	半导体	--  	-0.000	
600633	浙数文化	1.26	59554580	14.44	14.26	0	41382	0.00	14.27	14.46	14.26	--  	0.67	1.40	0.18	出版业	--  	-0.000	
603859	能科股份	0.35	59510712	23.14	23.06	0	25914	0.00	22.80	23.29	22.68	--  	0.87	2.65	0.08	软件服务	--  	-0.000	
01813	合景泰富	1.15	59416872	8.780	8.680	500	6769432	0.46	8.700	8.880	8.650	--  	1.31	2.65	0.100	地产	--  	8.780	
300320	海达股份	0.80	57529676	12.60	12.50	0	45439	0.24	12.50	12.77	12.50	--  	0.71	2.16	0.10	橡胶	--  	0.000	
600739	辽宁成大	0.17	57414120	17.40	17.37	0	32987	0.00	17.37	17.46	17.30	--  	1.15	0.92	0.03	商贸代理	--  	-0.000	
000999	华润三九	0.16	57364528	25.84	25.80	0	22244	0.39	25.75	25.89	25.67	--  	0.62	0.85	0.04	中成药	--  	0.000	
00189	东岳集团	4.57	57288164	5.260	5.030	1000	10948000	-0.19	5.030	5.330	5.030	2077060	0.00	5.96	0.230	原材料	396000	5.260	
300270	中威电子	2.26	56841844	13.12	12.83	0	43677	0.15	12.76	13.12	12.72	--  	0.16	3.12	0.29	通信设备	--  	-0.000	
600037	歌华有线	0.16	56698272	12.85	12.83	0	44153	0.00	12.83	12.89	12.76	--  	1.40	1.01	0.02	影视音像	--  	0.000	
603929	亚翔集成	1.66	56393892	27.60	27.15	0	20462	0.00	26.91	27.86	26.91	--  	0.59	3.50	0.45	装修装饰	--  	0.000	
300350	华鹏飞	2.90	56245004	9.92	9.64	0	57182	0.20	9.60	9.96	9.55	--  	0.20	4.25	0.28	软件服务	--  	0.000	
02386	中石化炼化工程	6.20	56207332	6.850	6.450	500	8337500	0.15	6.460	6.870	6.450	--  	0.95	6.51	0.400	石油天然气	--  	6.850	
00120	COSMOPOL INT'L	2.11	55958884	0.970	0.950	20000	56994000	0.00	0.960	1.010	0.900	--  	0.00	11.58	0.020	地产	--  	0.970	
000036	华联控股	0.47	55937756	8.58	8.54	0	65306	-0.11	8.51	8.63	8.47	--  	3.51	1.87	0.04	全国地产	--  	-0.000	
000400	许继电气	0.08	55804736	13.16	13.15	0	42196	-0.07	13.23	13.30	13.15	--  	0.76	1.14	0.01	电气设备	--  	-0.000	
300269	联建光电	0.08	55446364	12.59	12.58	0	44027	-0.07	12.55	12.72	12.47	--  	1.59	1.99	0.01	半导体	--  	0.000	
002491	通鼎互联	0.85	55306300	11.91	11.81	0	46633	0.00	11.71	11.96	11.63	--  	0.42	2.79	0.10	通信设备	--  	-0.000	
601388	怡球资源	0.26	55210288	3.89	3.88	0	141289	0.00	3.88	3.94	3.86	--  	0.00	2.06	0.01	铝	--  	0.000	
06886	HTSC	0.78	55172496	15.500	15.380	200	3564366	0.26	15.500	15.560	15.400	--  	0.00	1.04	0.120	其他金融	--  	15.500	
300118	东方日升	1.80	54927796	12.47	12.25	0	44035	-0.15	12.25	12.58	12.22	--  	1.22	2.94	0.22	半导体	--  	0.000	
000902	新洋丰	2.71	54487332	9.46	9.21	0	57640	0.00	9.23	9.54	9.22	--  	1.64	3.47	0.25	农药化肥	--  	0.000	
600508	上海能源	1.50	54206276	12.15	11.97	0	44839	0.08	11.96	12.17	11.92	--  	0.84	2.09	0.18	煤炭开采	--  	-0.000	
600592	龙溪股份	0.83	53991704	9.74	9.66	0	55292	0.00	9.61	9.89	9.61	--  	1.04	2.90	0.08	机械基件	--  	-0.000	
601001	大同煤业	0.34	53957624	5.90	5.88	0	91486	0.00	5.85	5.96	5.82	--  	0.46	2.38	0.02	煤炭开采	--  	0.000	
600461	洪城水业	1.42	53813352	6.42	6.33	0	83692	0.00	6.34	6.53	6.32	--  	2.84	3.32	0.09	水务	--  	0.000	
002699	美盛文化	1.18	53441588	18.03	17.82	0	29999	0.50	17.70	18.05	17.56	--  	0.78	2.75	0.21	服饰	--  	0.000	
000795	英洛华	0.84	53429688	6.00	5.95	0	88751	0.00	5.92	6.08	5.92	--  	0.00	2.69	0.05	矿物制品	--  	0.000	
02331	李宁	3.62	53414088	6.580	6.350	500	8321500	0.77	6.380	6.580	6.260	--  	0.00	5.04	0.230	纺织服饰	--  	6.580	
002058	威 尔 泰	6.00	53141780	21.19	19.99	0	25248	0.05	19.95	21.60	19.73	--  	0.10	9.35	1.20	电器仪表	--  	0.000	
00023	东亚银行	1.98	52941652	33.450	32.800	200	1600428	0.15	33.000	33.450	32.500	--  	2.03	2.90	0.650	银行	--  	33.450	
002798	帝王洁具	4.73	52093248	53.80	51.37	0	9881	0.24	51.30	53.83	51.30	--  	0.56	4.93	2.43	家居用品	--  	-0.000	
000655	金岭矿业	0.77	52035012	7.82	7.76	0	66731	0.00	7.74	7.86	7.71	--  	1.29	1.93	0.06	普钢	--  	0.000	
300685	艾德生物	0.40	52032692	87.12	86.77	0	5939	0.14	86.97	88.66	86.19	--  	0.00	2.85	0.35	生物制药	--  	0.000	
01478	丘钛科技	1.10	51891912	10.980	10.860	1000	4759000	0.55	10.900	11.000	10.720	--  	0.00	2.58	0.120	家电及用品	--  	10.980	
603181	皇马科技	0.68	51760604	22.35	22.20	0	23359	0.49	22.18	22.40	21.88	--  	0.00	2.34	0.15	化工原料	--  	0.000	
300696	爱乐达	0.62	51604200	69.68	69.25	0	7365	-0.16	69.25	70.98	69.18	--  	0.00	2.60	0.43	航空	--  	0.000	
002055	得润电子	0.30	51240232	20.14	20.08	0	25341	-0.04	20.09	20.34	20.09	--  	0.10	1.25	0.06	元器件	--  	-0.000	
00054	合和实业	0.35	51074716	28.500	28.400	500	1787200	-0.52	28.500	28.750	28.500	--  	4.21	0.88	0.100	综合企业	--  	28.500	
00152	深圳国际	2.23	50808296	14.640	14.320	500	3465408	-0.41	14.700	14.780	14.560	--  	0.00	1.54	0.320	工用运输	--  	14.640	
000089	深圳机场	0.46	50580264	8.66	8.62	0	58325	-0.11	8.62	8.73	8.60	--  	0.97	1.51	0.04	机场	--  	-0.000	
002045	国光电器	0.23	50143896	17.07	17.03	0	29458	0.12	16.96	17.12	16.91	--  	0.47	1.23	0.04	元器件	--  	-0.000	
01339	中国人民保险集团	0.52	50091688	3.890	3.870	1000	12873866	0.26	3.890	3.930	3.870	--  	0.00	1.55	0.020	保险	--  	3.890	
300642	透景生命	0.20	49586592	89.83	89.65	0	5498	-0.06	88.50	91.25	88.30	--  	0.33	3.29	0.18	医疗保健	--  	0.000	
000633	合金投资	1.07	49528452	9.45	9.35	0	52149	0.32	9.32	9.70	9.23	--  	0.45	5.03	0.10	综合类	--  	-0.000	
002692	睿康股份	0.56	49296460	8.90	8.85	0	55403	0.00	8.90	8.94	8.86	--  	0.34	0.90	0.05	电气设备	--  	-0.000	
300555	路通视信	4.09	49128564	12.99	12.48	0	38371	0.08	12.40	13.30	12.36	--  	0.48	7.53	0.51	通信设备	--  	-0.000	
00750	兴业太阳能	3.70	49115764	3.360	3.240	1000	14642857	0.60	3.250	3.430	3.250	335200	0.00	5.56	0.120	建筑	102000	3.360	
300262	巴安水务	0.68	49015620	8.89	8.83	0	55227	0.23	8.86	8.95	8.80	--  	0.08	1.70	0.06	环境保护	--  	0.000	
300190	维尔利	2.35	48959048	12.18	11.90	0	40593	0.25	11.88	12.30	11.81	--  	0.38	4.12	0.28	环境保护	--  	0.000	
002120	韵达股份	0.73	48727300	44.41	44.09	0	10963	0.02	44.31	44.87	43.50	--  	0.22	3.11	0.32	仓储物流	--  	-0.000	
03669	永达汽车	5.43	48220536	8.540	8.100	500	5778000	0.35	8.110	8.580	8.090	1913845	0.00	6.05	0.440	汽车	226500	8.540	
603233	大参林	0.66	48025944	50.37	50.04	0	9589	0.08	50.00	50.44	49.60	--  	0.00	1.68	0.33	医药商业	--  	-0.000	
000533	万 家 乐	0.29	47890552	10.54	10.51	0	45378	0.67	10.42	10.65	10.41	--  	0.48	2.28	0.03	家用电器	--  	-0.000	
600978	宜华生活	0.23	47249280	8.73	8.71	0	54281	0.23	8.66	8.75	8.64	--  	0.63	1.26	0.02	家居用品	--  	-0.000	
00806	惠理集团	1.71	47126624	8.330	8.190	1000	5664000	0.12	8.240	8.410	8.220	--  	0.00	2.32	0.140	其他金融	--  	8.330	
00327	百富环球	1.42	47073456	3.570	3.520	1000	13394012	-0.28	3.550	3.630	3.520	--  	1.12	3.12	0.050	软件服务	--  	3.570	
01035	ＢＢＩ生命科学	13.22	46860904	3.940	3.480	1500	12096887	2.07	3.650	4.020	3.650	--  	0.00	10.63	0.460	医药医疗	--  	3.940	
00683	嘉里建设	1.62	46830428	34.500	33.950	500	1352000	-0.43	34.300	35.200	34.300	--  	0.00	2.65	0.550	地产	--  	34.500	
600851	海欣股份	1.63	46772344	10.59	10.42	0	44047	0.00	10.45	10.76	10.45	--  	0.22	2.98	0.17	纺织	--  	0.000	
00506	中国食品	4.30	46738196	4.370	4.190	2000	10754000	0.23	4.190	4.430	4.180	--  	0.00	5.97	0.180	食物饮品	--  	4.370	
000990	诚志股份	2.07	46662564	16.74	16.40	0	28133	0.18	16.54	16.75	16.37	--  	0.61	2.32	0.34	化工原料	--  	-0.000	
01333	中国忠旺	4.55	46621168	4.140	3.960	400	11393248	0.24	3.950	4.140	3.940	--  	0.00	5.05	0.180	一般金属	--  	4.140	
600459	贵研铂业	0.19	46519224	21.56	21.52	0	21497	0.05	21.54	21.83	21.46	--  	0.46	1.72	0.04	小金属	--  	-0.000	
300312	邦讯技术	0.92	46354820	13.15	13.03	0	35357	-0.22	12.99	13.22	12.90	--  	0.12	2.46	0.12	通信设备	--  	-0.000	
002030	达安基因	0.27	46313152	18.33	18.28	0	25221	-0.04	18.35	18.46	18.21	--  	0.25	1.37	0.05	生物制药	--  	-0.000	
300393	中来股份	2.17	46137864	35.80	35.04	0	12900	-0.02	35.55	36.08	34.97	--  	0.43	3.17	0.76	塑料	--  	-0.000	
300582	英飞特	1.91	45914548	17.60	17.27	0	25847	0.06	17.23	18.90	17.15	--  	0.41	10.13	0.33	半导体	--  	0.000	
600070	浙江富润	2.44	45760616	9.22	9.00	0	50241	-0.21	9.01	9.25	8.93	--  	1.11	3.56	0.22	纺织	--  	0.000	
600611	大众交通	0.80	45701772	5.06	5.02	0	90485	0.00	5.02	5.11	4.99	--  	1.49	2.39	0.04	公共交通	--  	-0.000	
002180	纳思达	0.04	45690384	27.26	27.25	0	16915	0.85	27.50	27.60	26.90	--  	0.10	2.57	0.01	电脑设备	--  	0.000	
000420	吉林化纤	1.62	45682356	3.14	3.09	0	145424	0.00	3.10	3.17	3.09	--  	0.00	2.59	0.05	化纤	--  	0.000	
02888	渣打集团	0.25	45389660	80.350	80.150	50	564096	0.19	80.550	80.700	80.200	--  	0.00	0.62	0.200	银行	--  	80.350	
002690	美亚光电	0.95	45184396	19.05	18.87	0	23799	0.26	18.71	19.16	18.69	--  	1.59	2.49	0.18	专用机械	--  	-0.000	
603505	金石资源	0.11	45155576	18.45	18.43	0	24358	-0.04	18.40	18.79	18.25	--  	0.00	2.93	0.02	矿物制品	--  	0.000	
300554	三超新材	1.92	44962560	60.53	59.39	0	7409	0.00	59.05	61.38	59.05	--  	0.00	3.92	1.14	矿物制品	--  	-0.000	
300035	中科电气	0.69	44944672	7.34	7.29	0	61028	0.00	7.26	7.45	7.25	--  	0.69	2.74	0.05	电气设备	--  	0.000	
601718	际华集团	0.45	44934072	6.73	6.70	0	66885	0.00	6.71	6.78	6.66	--  	0.72	1.79	0.03	服饰	--  	0.000	
300382	斯莱克	0.27	44792056	15.09	15.05	0	29802	0.40	14.87	15.50	14.77	--  	2.66	4.85	0.04	专用机械	--  	0.000	
002346	柘中股份	0.10	44773984	20.76	20.74	0	21530	0.00	20.71	20.98	20.60	--  	0.48	1.83	0.02	电气设备	--  	0.000	
002329	皇氏集团	1.06	44652228	6.68	6.61	0	66491	-0.29	6.68	6.77	6.65	--  	0.91	1.82	0.07	乳制品	--  	-0.000	
002611	东方精工	1.34	44591288	12.85	12.68	0	34762	-0.07	12.56	12.98	12.56	--  	0.16	3.31	0.17	轻工机械	--  	0.000	
002733	雄韬股份	1.78	44453656	17.19	16.89	0	25937	0.17	17.00	17.31	16.97	--  	0.89	2.01	0.30	电气设备	--  	0.000	
000590	启迪古汉	3.58	44397868	14.46	13.96	0	30775	0.28	13.86	14.70	13.86	--  	1.34	6.02	0.50	中成药	--  	0.000	
300607	拓斯达	0.17	44254436	65.55	65.44	0	6737	-0.07	65.00	66.39	65.00	--  	0.17	2.12	0.11	专用机械	--  	0.000	
000726	鲁 泰Ａ	0.46	44189008	10.84	10.79	0	40740	-0.08	10.78	10.89	10.77	--  	4.63	1.11	0.05	纺织	--  	0.000	
000955	欣龙控股	1.03	43989952	6.84	6.77	0	64245	0.59	6.75	6.94	6.73	--  	0.00	3.10	0.07	纺织	--  	0.000	
01982	南旋控股	2.47	43895104	3.320	3.240	2000	12902000	-0.30	3.240	3.530	3.220	--  	1.51	9.57	0.080	纺织服饰	--  	3.320	
300202	聚龙股份	0.89	43771808	18.16	18.00	0	24160	0.33	17.99	18.22	17.85	--  	1.67	2.06	0.16	专用机械	--  	-0.000	
300230	永利股份	2.38	43420028	13.34	13.03	0	33068	-0.06	12.90	13.37	12.86	--  	0.85	3.91	0.31	塑料	--  	0.000	
002660	茂硕电源	2.05	43261184	10.45	10.24	0	41800	0.19	10.20	10.45	10.14	--  	0.16	3.03	0.21	电气设备	--  	-0.000	
00839	中教控股	0.93	43014312	6.490	6.430	1000	6654000	0.00	6.450	6.550	6.410	--  	0.00	2.18	0.060	支援服务	--  	6.490	
601158	重庆水务	1.40	42988000	6.53	6.44	0	66084	0.00	6.44	6.59	6.40	--  	4.35	2.95	0.09	水务	--  	0.000	
002309	中利集团	0.56	42887496	14.44	14.36	0	29623	-0.06	14.39	14.59	14.30	--  	0.70	2.02	0.08	电气设备	--  	-0.000	
603688	石英股份	1.86	42850952	15.91	15.62	0	26965	-0.05	15.80	16.15	15.58	--  	0.43	3.65	0.29	矿物制品	--  	-0.000	
002859	洁美科技	0.89	42850604	34.18	33.88	0	12526	0.35	33.96	34.47	33.61	--  	0.47	2.54	0.30	元器件	--  	0.000	
603817	海峡环保	0.89	42482796	12.49	12.38	0	34268	0.16	12.28	12.57	12.21	--  	0.57	2.91	0.11	环境保护	--  	-0.000	
002785	万里石	1.67	42177244	13.40	13.18	0	31537	-0.06	13.05	13.60	13.05	--  	0.09	4.17	0.22	其他建材	--  	-0.000	
603030	全筑股份	1.43	42064600	8.52	8.40	0	49803	0.35	8.34	8.60	8.31	--  	0.24	3.45	0.12	装修装饰	--  	0.000	
002639	雪人股份	1.35	41374600	8.23	8.12	0	50582	-0.11	8.09	8.26	8.05	--  	0.18	2.59	0.11	专用机械	--  	-0.000	
000656	金科股份	0.43	40747536	4.66	4.64	0	87873	0.22	4.62	4.66	4.61	--  	4.31	1.08	0.02	区域地产	--  	-0.000	
000429	粤高速Ａ	1.88	40437196	8.14	7.99	0	49834	0.12	7.99	8.16	7.99	--  	4.21	2.13	0.15	路桥	--  	0.000	
03320	华润医药	2.59	40250268	10.280	10.020	500	3968245	0.78	10.180	10.280	10.020	--  	0.00	2.59	0.260	医药医疗	--  	10.280	
002621	三垒股份	1.09	40236856	15.76	15.59	0	25270	-0.12	15.75	16.09	15.61	--  	0.00	3.08	0.17	专用机械	--  	0.000	
000685	中山公用	0.69	40227752	10.26	10.19	0	39226	0.00	10.22	10.32	10.17	--  	1.96	1.47	0.07	水务	--  	0.000	
600754	锦江股份	1.03	40215396	31.41	31.09	0	12890	0.03	31.00	31.68	30.81	--  	1.54	2.80	0.32	酒店餐饮	--  	-0.000	
00817	中国金茂	2.22	40136040	3.220	3.150	2000	12538483	0.31	3.180	3.240	3.150	--  	2.55	2.86	0.070	地产	--  	3.220	
300127	银河磁体	0.85	40132636	16.63	16.49	0	24050	0.06	16.37	16.87	16.37	--  	1.52	3.03	0.14	元器件	--  	-0.000	
600420	现代制药	0.92	39858560	12.01	11.90	0	33298	0.33	11.84	12.05	11.84	--  	1.09	1.76	0.11	化学制药	--  	0.000	
002014	永新股份	1.48	39644332	12.99	12.80	0	30480	0.08	12.70	13.14	12.69	--  	3.91	3.52	0.19	塑料	--  	-0.000	
300601	康泰生物	0.32	39534536	49.97	49.81	0	7892	-0.25	49.98	50.60	49.69	--  	0.12	1.83	0.16	生物制药	--  	0.000	
000008	神州高铁	0.47	39275824	8.51	8.47	0	46081	0.00	8.47	8.59	8.46	--  	0.12	1.53	0.04	运输设备	--  	0.000	
00836	华润电力	0.84	39239556	14.360	14.240	2000	2741455	0.00	14.340	14.380	14.200	--  	0.87	1.26	0.120	公用事业	--  	14.360	
00323	马鞍山钢铁股份	0.27	39126200	3.660	3.650	2000	10714000	-0.27	3.660	3.680	3.610	--  	0.00	1.92	0.010	一般金属	--  	3.660	
603699	纽威股份	0.11	39103160	18.94	18.92	0	20631	-0.04	18.86	19.18	18.81	--  	0.85	1.96	0.02	专用机械	--  	0.000	
603801	志邦股份	0.41	38967332	54.30	54.08	0	7183	0.22	54.08	54.79	53.75	--  	0.00	1.92	0.22	家居用品	--  	-0.000	
603839	安正时尚	0.85	38676808	23.60	23.40	0	16354	-0.20	23.31	23.83	23.30	--  	1.69	2.26	0.20	服饰	--  	0.000	
02357	中航科工	0.76	38481876	3.970	3.940	1000	9707218	0.25	3.960	3.980	3.920	--  	0.00	1.52	0.030	工业工程	--  	3.970	
600252	中恒集团	0.26	38243728	3.90	3.89	0	97905	0.00	3.89	3.92	3.88	--  	1.16	1.03	0.01	中成药	--  	0.000	
08176	超人智能	4.69	37856996	12.500	11.940	5000	3050650	0.00	11.600	12.800	11.520	--  	0.00	10.72	0.560	医疗服务	--  	12.500	
600812	华北制药	1.17	37737616	5.19	5.13	0	72635	0.00	5.12	5.32	5.12	--  	0.39	3.90	0.06	化学制药	--  	0.000	
300237	美晨生态	0.82	37452584	15.95	15.82	0	23449	-0.05	15.80	16.12	15.76	--  	0.38	2.28	0.13	建筑施工	--  	-0.000	
01776	广发证券	0.39	37114564	15.600	15.540	200	2388699	0.52	15.580	15.680	15.400	--  	0.00	1.80	0.060	其他金融	--  	15.600	
00581	中国东方集团	5.20	36895920	5.870	5.580	2000	6328226	0.17	5.630	5.920	5.610	--  	2.21	5.56	0.290	一般金属	--  	5.870	
300459	金科文化	0.09	36497756	11.44	11.43	0	31952	-0.16	11.50	11.54	11.35	--  	0.26	1.66	0.01	化工原料	--  	-0.000	
002089	新 海 宜	1.97	36393180	5.70	5.59	0	64138	1.24	5.67	5.75	5.60	--  	0.54	2.68	0.11	通信设备	--  	-0.000	
00968	信义光能	0.35	35737644	2.850	2.840	2000	12553657	0.35	2.860	2.860	2.840	--  	2.81	0.70	0.010	工业工程	--  	2.850	
600582	天地科技	0.21	35662440	4.67	4.66	0	76321	0.21	4.65	4.72	4.64	--  	0.64	1.72	0.01	工程机械	--  	0.000	
000612	焦作万方	1.68	35386960	9.08	8.93	0	39059	0.00	9.05	9.11	9.00	--  	2.82	1.23	0.15	铝	--  	-0.000	
600771	广誉远	0.33	35044688	39.34	39.21	0	8945	0.54	39.11	39.45	38.97	--  	0.00	1.22	0.13	中成药	--  	0.000	
00489	东风集团股份	1.20	34889956	9.310	9.200	2000	3758535	0.00	9.230	9.350	9.160	--  	1.24	2.07	0.110	汽车	--  	9.310	
000952	广济药业	0.27	34467560	14.63	14.59	0	23645	0.21	14.51	14.70	14.40	--  	0.69	2.06	0.04	化学制药	--  	0.000	
600285	羚锐制药	0.92	34382292	9.82	9.73	0	35258	0.31	9.76	9.83	9.70	--  	1.54	1.34	0.09	中成药	--  	-0.000	
603806	福斯特	2.63	34380848	33.95	33.08	0	10204	-0.02	33.08	33.99	32.99	--  	3.02	3.02	0.87	塑料	--  	0.000	
00586	海螺创业	0.22	34064816	18.140	18.100	500	1878751	0.00	18.100	18.200	18.020	--  	0.00	0.99	0.040	工业工程	--  	18.140	
000541	佛山照明	0.44	33806016	9.08	9.04	0	37264	0.11	9.01	9.10	9.01	--  	4.65	1.00	0.04	家用电器	--  	-0.000	
000058	深 赛 格	1.19	33537118	7.68	7.59	0	43908	-0.38	7.53	7.77	7.49	--  	0.40	3.69	0.09	元器件	--  	-0.000	
00570	中国中药	2.27	33455932	4.050	3.960	2000	8354000	0.25	3.960	4.080	3.950	--  	1.19	3.28	0.090	医药医疗	--  	4.050	
00732	信利国际	0.92	32698442	3.290	3.260	2000	9942000	-0.30	3.310	3.340	3.260	--  	0.00	2.45	0.030	信息器材	--  	3.290	
600277	亿利洁能	0.16	32597860	6.37	6.36	0	51119	0.00	6.32	6.42	6.32	--  	0.63	1.57	0.01	新型电力	--  	-0.000	
600240	华业资本	0.92	32352084	8.77	8.69	0	37274	0.11	8.62	8.77	8.59	--  	1.15	2.07	0.08	全国地产	--  	0.000	
002800	天顺股份	3.73	32346800	31.13	30.01	0	10505	0.10	29.99	31.75	29.71	--  	0.33	6.80	1.12	仓储物流	--  	-0.000	
03358	荣威国际	3.89	32245256	3.470	3.340	500	9175250	0.29	3.400	3.600	3.360	--  	0.00	7.19	0.130	酒店及消闲	--  	3.470	
03808	中国重汽	0.36	32038226	8.320	8.290	500	3869500	-0.24	8.350	8.380	8.130	--  	0.00	3.02	0.030	工业工程	--  	8.320	
600719	大连热电	1.98	31945324	6.71	6.58	0	47764	0.15	6.58	6.78	6.51	--  	0.17	4.10	0.13	供气供热	--  	0.000	
00083	信和置业	1.50	31429402	13.540	13.340	2000	2337016	0.59	13.360	13.540	13.320	--  	2.95	1.65	0.200	地产	--  	13.540	
01882	海天国际	4.35	31040384	24.000	23.000	1000	1308471	0.63	23.100	24.100	23.050	--  	1.04	4.57	1.000	工业工程	--  	24.000	
000530	大冷股份	1.30	30966444	5.45	5.38	0	57317	-0.17	5.37	5.47	5.34	--  	1.33	2.42	0.07	机械基件	--  	-0.000	
300249	依米康	9.99	30825346	8.48	7.71	0	36693	0.00	8.30	8.48	8.19	--  	0.15	3.76	0.77	专用机械	--  	-0.000	
603226	菲林格尔	0.65	30665724	29.34	29.15	0	10347	0.03	29.12	30.50	29.05	--  	0.60	4.97	0.19	家居用品	--  	0.000	
000156	华数传媒	0.34	30597278	11.89	11.85	0	25756	-0.07	11.84	11.93	11.80	--  	1.18	1.10	0.04	影视音像	--  	0.000	
000096	广聚能源	3.21	30576670	14.14	13.70	0	21732	-0.06	13.76	14.20	13.70	--  	0.73	3.65	0.44	石油贸易	--  	0.000	
00165	中国光大控股	0.94	29732726	17.260	17.100	2000	1723556	0.12	17.260	17.340	17.160	--  	1.45	1.05	0.160	其他金融	--  	17.260	
000018	神州长城	0.32	29691750	6.32	6.30	0	46966	0.32	6.31	6.36	6.30	--  	0.95	0.95	0.02	装修装饰	--  	0.000	
03606	福耀玻璃	0.16	29596594	32.100	32.050	400	919275	0.31	32.750	32.750	31.850	--  	0.00	2.81	0.050	汽车	--  	32.100	
600343	航天动力	0.92	29580320	13.20	13.08	0	22415	0.46	13.08	13.32	13.08	--  	0.76	1.83	0.12	航空	--  	-0.000	
600165	新日恒力	0.07	29575080	14.98	14.97	0	19772	-0.06	15.04	15.09	14.92	--  	0.00	1.14	0.01	钢加工	--  	-0.000	
002360	同德化工	0.30	29453966	6.75	6.73	0	43675	0.00	6.74	6.80	6.67	--  	1.49	1.93	0.02	化工原料	--  	0.000	
300668	杰恩设计	0.30	29120356	69.45	69.24	0	4180	-0.06	68.92	70.75	68.92	--  	0.00	2.64	0.21	装修装饰	--  	-0.000	
603988	中电电机	1.70	29064848	49.16	48.34	0	5942	1.44	50.70	50.70	48.06	--  	0.00	5.46	0.82	电气设备	--  	-0.000	
00921	海信科龙	2.55	29033002	9.660	9.420	1000	2996000	0.21	9.520	9.900	9.440	--  	0.00	4.88	0.240	家电及用品	--  	9.660	
603578	三星新材	0.09	28886416	31.73	31.70	0	9086	-0.49	31.31	32.09	31.31	--  	0.00	2.46	0.03	玻璃	--  	-0.000	
000692	惠天热电	3.15	28540120	5.24	5.08	0	54797	0.19	5.03	5.29	5.01	--  	0.71	5.51	0.16	供气供热	--  	-0.000	
603197	保隆科技	0.26	28407008	53.22	53.08	0	5307	0.13	53.09	54.20	53.05	--  	0.94	2.17	0.14	汽车配件	--  	0.000	
300682	朗新科技	1.20	28399338	17.65	17.44	0	16105	0.28	17.28	17.80	17.28	--  	0.00	2.98	0.21	软件服务	--  	-0.000	
00241	阿里健康	1.56	28312580	3.910	3.850	2000	7240502	0.00	3.850	3.940	3.850	--  	0.00	2.34	0.060	软件服务	--  	3.910	
600515	海航基础	0.98	28266720	13.43	13.30	0	21121	0.15	13.24	13.49	13.24	--  	0.00	1.88	0.13	百货	--  	0.000	
02009	金隅股份	0.57	28168642	3.530	3.510	1000	7946000	-0.28	3.530	3.560	3.510	--  	0.00	1.42	0.020	建筑	--  	3.530	
603737	三棵树	0.65	28095812	68.59	68.15	0	4072	0.57	68.16	70.49	68.00	--  	0.57	3.65	0.44	染料涂料	--  	-0.000	
300256	星星科技	0.23	27997644	8.84	8.82	0	31622	-0.10	8.87	8.94	8.78	--  	0.34	1.81	0.02	元器件	--  	0.000	
002765	蓝黛传动	1.78	27973988	9.15	8.99	0	31031	-0.32	8.96	9.33	8.80	--  	0.55	5.90	0.16	汽车配件	--  	-0.000	
000570	苏常柴Ａ	1.95	27794194	5.75	5.64	0	48704	1.23	5.63	5.86	5.59	--  	0.53	4.79	0.11	机械基件	--  	0.000	
002505	大康农业	10.04	27469686	2.85	2.59	0	96385	0.00	2.85	2.85	2.85	--  	0.00	0.00	0.26	农业综合	--  	-0.000	
00659	新创建集团	0.72	27298542	14.020	13.920	1000	1958000	0.43	13.980	14.060	13.880	--  	7.92	1.29	0.100	综合企业	--  	14.020	
002199	东晶电子	7.68	27286638	15.01	13.94	0	18659	-0.06	13.99	15.30	13.89	--  	0.37	10.11	1.07	元器件	--  	0.000	
01893	中材股份	2.01	27196296	5.580	5.470	1000	4916302	0.18	5.470	5.600	5.440	820390	0.00	2.93	0.110	工业工程	148000	5.580	
601677	明泰铝业	0.78	27072064	12.98	12.88	0	20889	0.08	12.88	13.01	12.83	--  	0.67	1.40	0.10	铝	--  	-0.000	
01966	中骏置业	1.28	26608314	3.160	3.120	1000	8458000	0.64	3.130	3.160	3.130	--  	1.90	0.96	0.040	地产	--  	3.160	
300360	炬华科技	0.38	26340308	10.62	10.58	0	24665	-0.18	10.56	10.84	10.49	--  	1.26	3.31	0.04	电器仪表	--  	-0.000	
002372	伟星新材	0.17	26316218	17.32	17.29	0	15205	0.06	17.32	17.37	17.21	--  	2.67	0.93	0.03	其他建材	--  	-0.000	
000552	靖远煤电	0.58	26208056	3.46	3.44	0	76110	0.29	3.44	3.47	3.41	--  	0.58	1.74	0.02	煤炭开采	--  	0.000	
600671	天目药业	2.02	26126958	24.19	23.71	0	10886	0.00	23.72	24.24	23.55	--  	0.64	2.91	0.48	中成药	--  	0.000	
01898	中煤能源	0.87	25917572	3.460	3.430	1000	7507490	0.00	3.430	3.470	3.410	--  	0.00	1.75	0.030	煤炭	--  	3.460	
02611	国泰君安	1.15	25884840	17.600	17.400	200	1474400	0.57	17.340	17.660	17.340	--  	0.00	1.84	0.200	其他金融	--  	17.600	
00680	南海控股	3.24	25879168	0.255	0.247	50000	103070904	2.00	0.247	0.255	0.242	--  	0.00	5.26	0.008	媒体及娱乐	--  	0.255	
300343	联创互联	0.16	25680434	12.40	12.38	0	20776	0.32	12.37	12.43	12.27	--  	0.81	1.29	0.02	互联网	--  	-0.000	
600679	上海凤凰	1.22	25574764	19.86	19.62	0	12769	0.15	19.90	20.40	19.76	--  	0.00	3.26	0.24	文教休闲	--  	0.000	
000732	泰禾集团	0.72	25561300	16.78	16.66	0	15294	0.12	16.71	16.82	16.60	--  	0.60	1.32	0.12	区域地产	--  	0.000	
02280	慧聪网	6.04	25431116	5.620	5.300	500	4594500	-0.53	5.300	5.700	5.280	--  	0.36	7.92	0.320	软件服务	--  	5.620	
600168	武汉控股	0.60	25211490	8.35	8.30	0	30277	0.00	8.29	8.38	8.24	--  	1.54	1.69	0.05	水务	--  	0.000	
603557	起步股份	1.17	25161916	14.69	14.52	0	17065	-0.06	14.48	14.88	14.46	--  	0.00	2.89	0.17	服饰	--  	-0.000	
01250	北控清洁能源集团	1.85	25117548	0.275	0.270	20000	91200576	0.00	0.275	0.280	0.270	--  	0.00	3.70	0.005	工用支援	--  	0.275	
300169	天晟新材	0.17	24829784	6.03	6.02	0	41111	0.17	6.03	6.15	6.00	--  	0.35	2.49	0.01	塑料	--  	0.000	
603025	大豪科技	0.62	24653984	29.32	29.14	0	8353	0.00	29.14	29.70	29.14	--  	1.53	1.92	0.18	电脑设备	--  	-0.000	
002681	奋达科技	0.63	24527766	11.25	11.18	0	21803	-0.08	11.23	11.31	11.12	--  	0.38	1.70	0.07	家用电器	--  	0.000	
300673	佩蒂股份	0.92	24387710	42.89	42.50	0	5619	-0.25	42.88	43.85	42.60	--  	0.00	2.94	0.39	饲料	--  	-0.000	
01666	同仁堂科技	1.31	24337112	10.820	10.680	1000	2261000	0.00	10.640	10.820	10.640	--  	0.00	1.69	0.140	医药医疗	--  	10.820	
002003	伟星股份	0.36	23879362	11.28	11.24	0	21223	0.09	11.20	11.28	11.18	--  	3.42	0.89	0.04	服饰	--  	-0.000	
603843	正平股份	0.21	23859082	14.08	14.05	0	16987	0.28	14.02	14.11	14.01	--  	0.25	0.71	0.03	建筑施工	--  	-0.000	
600743	华远地产	0.28	23605674	3.57	3.56	0	66068	0.28	3.56	3.59	3.54	--  	2.81	1.40	0.01	区域地产	--  	-0.000	
03969	中国通号	2.60	23534926	5.920	5.770	1000	4008000	0.17	5.830	5.930	5.800	--  	0.00	2.25	0.150	软件服务	--  	5.920	
603496	恒为科技	0.23	23187956	34.43	34.35	0	6716	0.06	34.40	34.83	34.24	--  	0.00	1.72	0.08	电脑设备	--  	0.000	
02768	佳源国际控股	2.13	23086142	6.700	6.560	2000	3478000	0.00	6.640	6.720	6.600	--  	0.00	1.83	0.140	地产	--  	6.700	
300481	濮阳惠成	0.09	23081886	21.64	21.62	0	10672	0.19	21.93	21.97	21.48	--  	0.57	2.27	0.02	化工原料	--  	-0.000	
603556	海兴电力	0.65	23056410	35.54	35.31	0	6511	0.06	35.11	35.60	35.11	--  	0.72	1.39	0.23	电器仪表	--  	0.000	
600850	华东电脑	0.05	22995872	20.22	20.21	0	11383	0.15	20.30	20.30	20.12	--  	0.99	0.89	0.01	软件服务	--  	-0.000	
00665	海通国际	0.45	22909692	4.420	4.400	1000	5184000	0.23	4.380	4.450	4.380	--  	2.26	1.59	0.020	其他金融	--  	4.420	
000498	山东路桥	0.16	22792256	6.38	6.37	0	35528	0.00	6.38	6.45	6.37	--  	0.00	1.26	0.01	建筑施工	--  	0.000	
002749	国光股份	1.12	22741428	63.32	62.62	0	3622	0.56	62.70	63.33	61.88	--  	4.79	2.32	0.70	农药化肥	--  	-0.000	
600377	宁沪高速	0.20	22505896	9.86	9.84	0	22866	0.00	9.85	9.89	9.82	--  	4.27	0.71	0.02	路桥	--  	-0.000	
000949	新乡化纤	1.15	22278624	4.39	4.34	0	50869	-0.22	4.35	4.45	4.31	--  	0.69	3.23	0.05	化纤	--  	-0.000	
000550	江铃汽车	0.12	22205254	16.24	16.22	0	13630	-0.11	16.23	16.34	16.22	--  	3.76	0.74	0.02	汽车整车	--  	-0.000	
01031	金利丰金融	1.18	22057952	7.690	7.600	2000	2880000	0.39	7.580	7.700	7.580	--  	0.00	1.58	0.090	其他金融	--  	7.690	
600051	宁波联合	1.39	21801732	9.51	9.38	0	22790	-0.10	9.36	9.65	9.36	--  	0.85	3.09	0.13	综合类	--  	0.000	
000070	特发信息	0.31	21547956	9.72	9.69	0	22156	-0.09	9.78	9.83	9.67	--  	0.39	1.65	0.03	通信设备	--  	0.000	
300255	常山药业	0.96	21547772	6.29	6.23	0	34329	0.00	6.27	6.32	6.20	--  	0.24	1.93	0.06	生物制药	--  	-0.000	
600612	老凤祥	0.67	21500282	40.59	40.32	0	5302	-0.01	40.53	40.69	40.37	--  	2.48	0.79	0.27	服饰	--  	0.000	
01458	周黑鸭	1.38	21485596	7.370	7.270	500	2935000	0.41	7.270	7.370	7.220	--  	0.00	2.06	0.100	食物饮品	--  	7.370	
002872	天圣制药	0.13	21466942	29.92	29.88	0	7160	0.13	29.80	30.19	29.80	--  	0.00	1.31	0.04	化学制药	--  	0.000	
603169	兰石重装	0.48	21450596	8.29	8.25	0	25946	0.00	8.26	8.35	8.19	--  	0.12	1.94	0.04	专用机械	--  	-0.000	
300656	民德电子	0.04	21196528	54.60	54.58	0	3862	0.04	54.58	55.50	54.27	--  	0.00	2.25	0.02	电脑设备	--  	-0.000	
002883	中设股份	0.12	21165006	42.45	42.40	0	4967	0.07	42.11	43.28	42.11	--  	0.00	2.76	0.05	建筑施工	--  	0.000	
002841	视源股份	0.57	20831646	72.79	72.38	0	2860	-0.26	72.38	73.12	71.83	--  	0.58	1.78	0.41	元器件	--  	0.000	
002077	大港股份	0.07	20802562	14.89	14.88	0	14004	0.07	14.94	14.99	14.75	--  	0.24	1.61	0.01	区域地产	--  	0.000	
603078	江化微	0.06	20545746	68.83	68.79	0	2962	-0.06	68.57	70.06	68.47	--  	0.00	2.31	0.04	化工原料	--  	0.000	
300345	红宇新材	0.30	20486116	6.66	6.64	0	30811	0.15	6.67	6.69	6.62	--  	0.45	1.05	0.02	钢加工	--  	-0.000	
603729	龙韵股份	0.51	20391544	60.55	60.24	0	3381	0.50	60.00	60.83	59.81	--  	0.09	1.69	0.31	广告包装	--  	-0.000	
07288	ＦＬ二南方国指	0.84	20275718	9.560	9.480	100	2122000	0.10	9.560	9.600	9.490	1846511	0.00	1.16	0.080		194100	9.560	
603269	海鸥股份	0.44	20260330	22.87	22.77	0	8814	-0.08	22.88	23.23	22.70	--  	0.00	2.33	0.10	机械基件	--  	0.000	
000608	阳光股份	0.47	19880002	6.44	6.41	0	30938	0.16	6.33	6.47	6.33	--  	0.47	2.18	0.03	区域地产	--  	0.000	
300319	麦捷科技	0.76	19830952	6.59	6.54	0	30237	0.00	6.48	6.63	6.46	--  	0.71	2.60	0.05	元器件	--  	0.000	
600189	吉林森工	1.38	19756954	7.35	7.25	0	26789	-0.13	7.21	7.53	7.20	--  	0.44	4.55	0.10	林业	--  	-0.000	
03336	巨腾国际	4.00	19689520	2.600	2.500	2000	7620000	-0.38	2.520	2.620	2.510	4555460	0.00	4.40	0.100	信息器材	1768000	2.600	
300338	开元股份	0.14	19412262	21.76	21.73	0	9024	0.74	21.89	21.89	21.23	--  	0.05	3.04	0.03	电器仪表	--  	0.000	
01293	广汇宝信	2.78	19272446	3.700	3.600	500	5217000	0.54	3.680	3.730	3.590	--  	0.00	3.89	0.100	汽车	--  	3.700	
603088	宁波精达	0.14	19241640	42.26	42.20	0	4562	-0.08	41.60	42.33	41.60	--  	0.26	1.73	0.06	专用机械	--  	-0.000	
01515	华润凤凰医疗	1.68	19177374	9.710	9.550	500	1982550	0.10	9.590	9.770	9.550	--  	0.00	2.30	0.160	医疗服务	--  	9.710	
601858	中国科传	0.78	19102420	10.39	10.31	0	18441	0.10	10.31	10.44	10.24	--  	0.32	1.94	0.08	出版业	--  	0.000	
00956	新天绿色能源	0.50	19056038	2.000	1.990	1000	9528000	0.00	2.000	2.020	1.970	--  	0.00	2.51	0.010	公用事业	--  	2.000	
03933	联邦制药	0.81	19013560	6.190	6.140	2000	3074000	-0.16	6.080	6.300	6.080	--  	0.00	3.58	0.050	医药医疗	--  	6.190	
603063	禾望电气	1.15	18960216	17.56	17.36	0	10748	0.11	17.50	17.84	17.40	--  	0.00	2.53	0.20	电气设备	--  	-0.000	
00881	中升控股	0.49	18880070	16.500	16.420	500	1146500	0.24	16.500	16.500	16.420	--  	0.00	0.49	0.080	汽车	--  	16.500	
002347	泰尔股份	0.64	18867342	6.27	6.23	0	30111	0.00	6.21	6.32	6.19	--  	0.00	2.09	0.04	机械基件	--  	-0.000	
01071	华电国际电力股份	0.71	18850470	2.820	2.800	2000	6684000	0.00	2.810	2.830	2.800	--  	0.00	1.07	0.020	公用事业	--  	2.820	
00020	会德丰	0.19	18778596	53.700	53.600	1000	349000	-0.37	53.900	53.950	53.600	--  	0.88	0.65	0.100	地产	--  	53.700	
00551	裕元集团	0.16	18625876	30.450	30.400	500	612000	0.16	30.300	30.600	30.150	--  	0.00	1.48	0.050	纺织服饰	--  	30.450	
07200	ＦＬ二南方恒指	1.24	18611362	11.400	11.260	100	1639400	0.18	11.380	11.420	11.300	--  	0.00	1.07	0.140		--  	11.400	
601107	四川成渝	0.98	18520778	4.12	4.08	0	45043	0.24	4.08	4.14	4.06	--  	2.70	1.96	0.04	路桥	--  	-0.000	
002603	以岭药业	0.32	18438824	15.66	15.61	0	11804	0.13	15.60	15.68	15.53	--  	0.64	0.96	0.05	中成药	--  	-0.000	
01060	阿里影业	4.21	18399330	0.990	0.950	10000	18942488	1.02	0.960	0.990	0.950	--  	0.00	4.21	0.040	媒体及娱乐	--  	0.990	
603989	艾华集团	0.11	18189118	36.96	36.92	0	4927	0.03	36.95	37.09	36.60	--  	2.17	1.33	0.04	元器件	--  	-0.000	
002629	仁智股份	0.28	18074092	7.25	7.23	0	24833	0.00	7.23	7.38	7.15	--  	0.18	3.18	0.02	石油开采	--  	0.000	
000502	绿景控股	2.05	18058918	10.47	10.26	0	17422	0.38	10.26	10.47	10.17	--  	0.00	2.92	0.21	医疗保健	--  	0.000	
002416	爱施德	0.42	17906980	9.59	9.55	0	18635	0.10	9.57	9.69	9.54	--  	1.57	1.57	0.04	电器连锁	--  	0.000	
07221	ＦＬ二华夏恒指	1.12	17601186	12.620	12.480	100	1403200	0.00	12.600	12.620	12.520	8467354	0.00	0.80	0.140		675100	12.620	
002403	爱仕达	1.10	17393946	11.98	11.85	0	14526	0.00	11.89	12.06	11.81	--  	1.69	2.11	0.13	家用电器	--  	-0.000	
00220	统一企业中国	2.51	17282030	6.540	6.380	1000	2687236	0.46	6.390	6.540	6.330	--  	0.00	3.29	0.160	食物饮品	--  	6.540	
603223	恒通股份	1.27	17233420	24.80	24.49	0	6986	-0.03	24.42	24.86	24.35	--  	0.41	2.08	0.31	公路	--  	-0.000	
002891	中宠股份	0.17	16958406	35.35	35.29	0	4799	0.51	35.40	35.58	35.01	--  	0.00	1.62	0.06	饲料	--  	-0.000	
600975	新五丰	0.70	16730453	5.77	5.73	0	28871	0.00	5.75	5.86	5.74	--  	1.75	2.09	0.04	农业综合	--  	-0.000	
603335	迪生力	0.66	16699193	10.70	10.63	0	15615	0.09	10.62	10.77	10.62	--  	0.00	1.41	0.07	汽车配件	--  	-0.000	
002568	百润股份	1.78	16695627	13.15	12.92	0	12737	0.46	13.05	13.19	13.00	--  	4.95	1.47	0.23	红黄药酒	--  	-0.000	
00604	深圳控股	0.63	16536008	3.210	3.190	2000	5154514	-0.31	3.210	3.240	3.190	--  	2.18	1.57	0.020	地产	--  	3.210	
01166	星凯控股	3.33	16402442	0.620	0.600	20000	26880752	0.00	0.600	0.640	0.600	406200	0.00	6.67	0.020	工业工程	660000	0.620	
600278	东方创业	0.25	16298824	11.80	11.77	0	13792	0.00	11.80	11.91	11.73	--  	0.76	1.53	0.03	商贸代理	--  	0.000	
600400	红豆股份	0.28	16287377	7.12	7.10	0	22857	-0.13	7.10	7.16	7.07	--  	1.28	1.27	0.02	服饰	--  	-0.000	
00123	越秀地产	0.70	16249784	1.430	1.420	2000	11357125	-0.69	1.430	1.440	1.420	--  	2.80	1.41	0.010	地产	--  	1.430	
000030	富奥股份	0.63	16161477	7.94	7.89	0	20486	0.00	7.86	7.95	7.86	--  	2.53	1.14	0.05	汽车配件	--  	0.000	
600353	旭光股份	0.48	16130985	6.23	6.20	0	25970	0.48	6.21	6.25	6.15	--  	0.40	1.61	0.03	元器件	--  	0.000	
00338	上海石油化工股份	0.45	16115644	4.490	4.470	2000	3603419	0.67	4.460	4.490	4.430	--  	0.00	1.34	0.020	原材料	--  	4.490	
002370	亚太药业	0.34	16022518	14.73	14.68	0	10831	0.00	14.76	14.93	14.60	--  	0.00	2.25	0.05	化学制药	--  	-0.000	
600475	华光股份	0.79	15883298	14.07	13.96	0	11297	0.00	13.95	14.12	13.94	--  	0.72	1.29	0.11	专用机械	--  	-0.000	
00861	神州控股	2.00	15878322	4.590	4.500	1000	3495641	0.22	4.500	4.590	4.430	--  	0.00	3.56	0.090	软件服务	--  	4.590	
00061	绿领控股	5.00	15871529	0.420	0.400	10000	39068100	2.44	0.400	0.420	0.395	--  	0.00	6.25	0.020	煤炭	--  	0.420	
300518	盛讯达	0.12	15732271	50.07	50.01	0	3150	0.10	49.99	50.25	49.66	--  	0.33	1.18	0.06	软件服务	--  	-0.000	
600382	广东明珠	0.08	15651981	12.74	12.73	0	12291	0.00	12.75	12.77	12.68	--  	0.27	0.71	0.01	商贸代理	--  	-0.000	
00215	和记电讯香港	0.33	15635021	3.050	3.040	2000	5120000	0.00	3.050	3.080	3.040	--  	1.28	1.32	0.010	电讯	--  	3.050	
603330	上海天洋	0.17	15416612	34.69	34.63	0	4442	-0.02	34.52	34.93	34.52	--  	0.78	1.18	0.06	塑料	--  	-0.000	
01448	福寿园	0.94	15371019	6.440	6.380	1000	2390000	0.00	6.430	6.480	6.360	--  	0.50	1.88	0.060	支援服务	--  	6.440	
603926	铁流股份	1.01	15365049	26.08	25.82	0	5913	0.08	25.91	26.13	25.76	--  	0.00	1.43	0.26	汽车配件	--  	-0.000	
300282	汇冠股份	0.06	15123355	17.07	17.06	0	8880	-0.05	16.99	17.09	16.93	--  	0.02	0.94	0.01	电脑设备	--  	-0.000	
01618	中国中冶	2.20	15108758	2.320	2.270	1000	6577000	0.43	2.280	2.320	2.270	--  	0.00	2.20	0.050	建筑	--  	2.320	
01499	前进控股集团	3.64	15035551	0.285	0.275	10000	54270000	0.00	0.275	0.290	0.270	--  	0.00	7.27	0.010	建筑	--  	0.285	
002381	双箭股份	0.26	14949447	7.67	7.65	0	19428	0.13	7.64	7.74	7.61	--  	1.31	1.70	0.02	橡胶	--  	0.000	
300606	金太阳	2.18	14745414	33.76	33.04	0	4338	-0.05	32.80	36.25	32.80	--  	0.00	10.44	0.72	矿物制品	--  	-0.000	
00546	阜丰集团	0.20	14709017	4.910	4.900	1000	3006000	-0.61	4.900	4.950	4.840	--  	1.79	2.24	0.010	食物饮品	--  	4.910	
00590	六福集团	0.30	14500976	33.700	33.600	1000	431000	-0.15	33.650	33.800	33.550	--  	1.63	0.74	0.100	纺织服饰	--  	33.700	
601965	中国汽研	0.48	14181047	8.43	8.39	0	16867	0.24	8.38	8.47	8.33	--  	1.79	1.67	0.04	汽车服务	--  	0.000	
300470	日机密封	0.55	14146750	38.60	38.39	0	3694	0.13	38.26	38.64	38.05	--  	0.52	1.54	0.21	机械基件	--  	-0.000	
603567	珍宝岛	0.28	14082784	14.19	14.15	0	9903	0.21	14.20	14.29	14.12	--  	1.28	1.20	0.04	中成药	--  	-0.000	
00451	协鑫新能源	1.79	14043819	0.570	0.560	2000	24714840	0.00	0.560	0.580	0.550	--  	0.00	5.36	0.010	工业工程	--  	0.570	
02669	中海物业	0.96	13979963	2.100	2.080	5000	6703427	0.48	2.100	2.120	2.050	--  	0.71	3.37	0.020	支援服务	--  	2.100	
000534	万泽股份	0.14	13946190	14.25	14.23	0	9824	-0.06	14.31	14.38	14.00	--  	0.35	2.67	0.02	区域地产	--  	0.000	
002137	麦达数字	0.42	13935747	7.18	7.15	0	19459	0.00	7.15	7.19	7.12	--  	0.15	0.98	0.03	互联网	--  	-0.000	
600833	第一医药	0.70	13847605	14.36	14.26	0	9732	0.42	14.30	14.39	14.10	--  	0.49	2.03	0.10	医药商业	--  	-0.000	
02343	太平洋航运	1.19	13706887	1.700	1.680	1000	8129789	0.00	1.660	1.700	1.660	--  	0.00	2.38	0.020	工用运输	--  	1.700	
603606	东方电缆	1.65	13700954	11.73	11.54	0	11773	0.34	11.59	11.73	11.51	--  	0.33	1.91	0.19	电气设备	--  	-0.000	
000506	中润资源	0.41	13640511	7.41	7.38	0	18529	0.27	7.31	7.41	7.31	--  	0.34	1.36	0.03	区域地产	--  	-0.000	
01866	中国心连心化肥	2.51	13532911	3.270	3.190	1000	4161000	-0.30	3.190	3.350	3.150	--  	0.00	6.27	0.080	原材料	--  	3.270	
300662	科锐国际	0.12	13428471	24.75	24.72	0	5360	0.08	24.64	25.44	24.58	--  	0.00	3.48	0.03	综合类	--  	0.000	
300151	昌红科技	0.27	13348382	7.52	7.50	0	17567	0.00	7.45	7.73	7.45	--  	0.40	3.73	0.02	机械基件	--  	-0.000	
600375	华菱星马	0.18	13128183	5.55	5.54	0	23675	0.00	5.55	5.57	5.52	--  	5.42	0.90	0.01	汽车整车	--  	0.000	
603609	禾丰牧业	1.04	13094870	8.78	8.69	0	15075	0.34	8.69	8.80	8.61	--  	1.15	2.19	0.09	饲料	--  	-0.000	
002838	道恩股份	1.54	12946654	41.00	40.38	0	3183	0.24	40.45	41.00	40.08	--  	0.41	2.28	0.62	塑料	--  	0.000	
01131	鸿宝资源	6.19	12787451	3.090	2.910	5000	4200000	0.32	2.930	3.100	2.920	277250	0.00	6.19	0.180	煤炭	90000	3.090	
300475	聚隆科技	0.50	12784186	14.17	14.10	0	8990	0.00	14.15	14.38	14.01	--  	0.69	2.62	0.07	专用机械	--  	0.000	
300396	迪瑞医疗	0.03	12741912	39.11	39.10	0	3262	0.13	39.09	39.20	38.81	--  	0.51	1.00	0.01	医疗保健	--  	0.000	
01381	粤丰环保	0.66	12695131	4.600	4.570	1000	2761000	0.22	4.590	4.630	4.580	--  	0.28	1.09	0.030	公用事业	--  	4.600	
02362	金川国际	1.72	12573761	1.180	1.160	1000	10703000	0.00	1.160	1.190	1.160	131890	0.00	2.59	0.020	一般金属	112000	1.180	
300670	大烨智能	0.23	12521018	21.61	21.56	0	5776	0.14	21.51	22.10	21.39	--  	0.00	3.29	0.05	电气设备	--  	0.000	
300547	川环科技	0.46	12497139	48.22	48.00	0	2602	0.00	48.18	48.38	47.51	--  	1.01	1.81	0.22	橡胶	--  	0.000	
00951	超威动力	1.32	12412511	3.830	3.780	1000	3237000	0.52	3.780	3.890	3.750	--  	0.00	3.70	0.050	工业工程	--  	3.830	
002328	新朋股份	0.60	12307783	6.66	6.62	0	18528	0.15	6.65	6.67	6.61	--  	0.68	0.91	0.04	汽车配件	--  	-0.000	
00512	远大医药	3.69	12305281	3.370	3.250	4000	3692000	0.00	3.250	3.410	3.250	--  	0.00	4.92	0.120	医药医疗	--  	3.370	
01720	普天通信集团	5.07	12086601	1.450	1.380	4000	8428000	0.00	1.380	1.480	1.380	--  	0.00	7.25	0.070	信息器材	--  	1.450	
603268	松发股份	1.21	12042913	27.69	27.36	0	4360	0.11	27.36	27.85	27.10	--  	0.50	2.74	0.33	陶瓷	--  	0.000	
603316	诚邦股份	1.50	11791418	13.52	13.32	0	8735	0.00	13.40	13.64	13.25	--  	0.00	2.93	0.20	建筑施工	--  	0.000	
01571	信邦控股	0.38	11784981	5.250	5.230	1000	2270000	0.00	5.200	5.310	5.060	--  	1.10	4.78	0.020	汽车	--  	5.250	
300158	振东制药	0.07	11687911	13.98	13.97	0	8358	-0.13	13.95	14.05	13.88	--  	0.36	1.22	0.01	中成药	--  	-0.000	
06128	泛亚国际	7.54	11569881	4.420	4.110	2000	2712000	0.00	4.250	4.450	4.190	--  	0.00	6.33	0.310	建筑	--  	4.420	
300281	金明精机	0.81	11464302	12.43	12.33	0	9287	0.40	12.31	12.50	12.16	--  	0.35	2.76	0.10	专用机械	--  	0.000	
600238	海南椰岛	1.34	11403959	8.32	8.21	0	13840	0.24	8.18	8.35	8.18	--  	1.22	2.07	0.11	红黄药酒	--  	-0.000	
00819	天能动力	0.30	11354941	6.790	6.770	2000	1683000	-0.29	6.690	6.810	6.610	--  	0.00	2.95	0.020	工业工程	--  	6.790	
01818	招金矿业	0.85	11331024	5.960	5.910	500	1917391	0.34	5.870	5.970	5.870	--  	0.00	1.69	0.050	黄金贵金属	--  	5.960	
01439	移动互联（中国）	3.02	11256251	2.050	1.990	5000	5600000	0.00	1.990	2.050	1.970	--  	0.00	4.02	0.060	工用支援	--  	2.050	
00891	利邦	2.70	11192741	0.760	0.740	2000	14710000	1.33	0.770	0.780	0.750	--  	0.00	4.05	0.020	纺织服饰	--  	0.760	
603998	方盛制药	0.45	10974277	11.24	11.19	0	9756	0.18	11.25	11.36	11.15	--  	0.09	1.88	0.05	中成药	--  	-0.000	
01569	民生教育	5.23	10480300	1.610	1.530	2000	6640000	0.00	1.520	1.620	1.520	--  	0.00	6.54	0.080	支援服务	--  	1.610	
002521	齐峰新材	0.34	10402401	8.98	8.95	0	11616	0.11	8.95	9.01	8.93	--  	3.35	0.89	0.03	造纸	--  	-0.000	
000628	高新发展	1.18	10300858	8.58	8.48	0	12075	0.35	8.48	8.62	8.43	--  	0.00	2.24	0.10	园区开发	--  	-0.000	
00895	东江环保	2.79	10283813	11.780	11.460	200	881350	0.51	11.580	11.880	11.360	--  	0.00	4.54	0.320	工业工程	--  	11.780	
02001	新高教集团	3.19	10183540	4.200	4.070	1000	2403000	0.24	4.080	4.420	4.080	--  	0.57	8.35	0.130	支援服务	--  	4.200	
00729	五龙电动车	1.54	10135675	0.330	0.325	5000	30910000	0.00	0.325	0.330	0.325	--  	0.00	1.54	0.005	工业工程	--  	0.330	
00336	华宝国际	2.31	10049850	4.880	4.770	1000	2086000	1.24	4.770	4.880	4.730	--  	3.28	3.14	0.110	食物饮品	--  	4.880	
01717	澳优	5.87	9972420	4.330	4.090	1000	2360000	0.23	4.180	4.380	4.120	12570	0.00	6.36	0.240	食物饮品	3000	4.330	
02912	御药堂（旧）	-22.37	9958400	1.180	1.520	16000	8976000	3.51	1.400	1.400	1.070	--  	0.00	21.71	-0.340		--  	1.180	
603679	华体科技	0.13	9876449	23.92	23.89	0	4137	-0.03	23.89	24.01	23.74	--  	0.00	1.13	0.03	电气设备	--  	0.000	
02303	恒兴黄金	0.88	9812400	8.070	8.000	2000	1232000	0.00	8.080	8.080	7.900	--  	0.00	2.25	0.070	黄金贵金属	--  	8.070	
01788	国泰君安国际	0.41	9802830	2.420	2.410	1000	4064000	0.41	2.420	2.420	2.400	--  	1.86	0.83	0.010	其他金融	--  	2.420	
600615	丰华股份	0.93	9750523	13.09	12.97	0	7452	-0.07	13.00	13.16	12.98	--  	0.00	1.39	0.12	小金属	--  	0.000	
00877	昂纳科技集团	0.21	9586040	4.750	4.740	1000	2022000	-0.21	4.740	4.800	4.620	722100	0.00	3.80	0.010	信息器材	152000	4.750	
300283	温州宏丰	1.61	9517810	5.68	5.59	0	16877	0.00	5.55	5.70	5.55	--  	0.20	2.68	0.09	电气设备	--  	-0.000	
600081	东风科技	0.26	9513232	11.78	11.75	0	8078	0.17	11.80	11.84	11.72	--  	1.00	1.02	0.03	汽车配件	--  	-0.000	
00440	大新金融	0.20	9479650	49.800	49.700	400	190400	0.10	49.700	49.950	49.500	--  	13.90	0.91	0.100	银行	--  	49.800	
603866	桃李面包	0.08	9461327	39.22	39.19	0	2414	0.26	39.44	39.50	38.94	--  	0.73	1.43	0.03	食品	--  	0.000	
00341	大家乐集团	3.10	9417700	21.600	20.950	2000	440000	0.23	20.950	21.600	20.900	--  	0.83	3.34	0.650	酒店及消闲	--  	21.600	
300154	瑞凌股份	0.91	9391820	6.68	6.62	0	14068	0.15	6.61	6.79	6.58	--  	2.27	3.17	0.06	元器件	--  	-0.000	
01072	东方电气	1.44	9349205	6.330	6.240	200	1483140	0.16	6.350	6.370	6.220	--  	0.00	2.40	0.090	工业工程	--  	6.330	
06169	宇华教育	4.34	9343470	3.610	3.460	2000	2634000	0.28	3.490	3.620	3.460	--  	1.19	4.62	0.150	支援服务	--  	3.610	
00811	新华文轩	0.64	9275780	6.260	6.220	1000	1483000	0.16	6.190	6.280	6.190	--  	0.00	1.45	0.040	媒体及娱乐	--  	6.260	
01196	伟禄集团	1.52	9088360	5.350	5.270	2000	1702000	-0.37	5.270	5.390	5.270	--  	0.00	2.28	0.080	汽车	--  	5.350	
603618	杭电股份	0.24	8813779	8.36	8.34	0	10522	0.12	8.32	8.43	8.31	--  	0.60	1.44	0.02	电气设备	--  	-0.000	
00508	鼎亿集团投资	3.23	8765350	0.640	0.620	5000	13750000	-1.54	0.620	0.650	0.620	--  	0.00	4.84	0.020	其他金融	--  	0.640	
08228	国艺娱乐	7.06	8664240	0.455	0.425	20000	19447000	1.11	0.425	0.460	0.425	--  	0.00	8.24	0.030	媒体及娱乐	--  	0.455	
00198	星美控股	0.50	8614248	4.030	4.010	4000	2150406	0.50	3.980	4.030	3.940	--  	0.00	2.24	0.020	媒体及娱乐	--  	4.030	
08157	象兴国际	23.53	8515800	0.420	0.340	20000	23240000	20.00	0.335	0.425	0.335	--  	0.00	26.47	0.080	工用运输	--  	0.420	
06858	本间高尔夫	1.68	8323891	7.850	7.720	500	1079000	0.00	7.660	7.850	7.570	65300	0.00	3.63	0.130	家电及用品	8500	7.850	
03329	交银国际	0.79	8177127	2.550	2.530	1000	3227428	0.39	2.530	2.550	2.530	--  	0.00	0.79	0.020	其他金融	--  	2.550	
600106	重庆路桥	0.46	8054331	4.36	4.34	0	18544	0.23	4.34	4.37	4.33	--  	2.05	0.92	0.02	路桥	--  	0.000	
01330	绿色动力环保	2.35	7933636	4.360	4.260	1000	1835000	0.23	4.290	4.390	4.260	405920	0.00	3.05	0.100	公用事业	93000	4.360	
600792	云煤能源	0.24	7754445	4.19	4.18	0	18507	0.48	4.17	4.22	4.16	--  	0.00	1.44	0.01	焦炭加工	--  	0.000	
00232	中国航空工业国际	4.60	7681281	0.455	0.435	2000	17154000	1.11	0.435	0.455	0.435	324130	0.00	4.60	0.020	地产	726000	0.455	
300421	力星股份	0.85	7608688	19.08	18.92	0	4008	0.16	18.88	19.10	18.84	--  	2.07	1.37	0.16	机械基件	--  	-0.000	
02006	锦江酒店	0.75	7518956	2.670	2.650	2000	2838000	0.00	2.700	2.700	2.640	21240	0.00	2.26	0.020	酒店及消闲	8000	2.670	
300179	四方达	0.83	7393039	6.06	6.01	0	12260	0.17	6.00	6.06	6.00	--  	0.83	1.00	0.05	矿物制品	--  	-0.000	
300637	扬帆新材	0.15	7290036	20.43	20.40	0	3571	0.05	20.45	20.62	20.27	--  	1.43	1.72	0.03	化工原料	--  	0.000	
600638	新黄浦	0.20	7265264	15.38	15.35	0	4728	0.39	15.35	15.45	15.26	--  	0.65	1.24	0.03	区域地产	--  	0.000	
600896	览海投资	0.55	7224912	7.25	7.21	0	9962	0.14	7.21	7.35	7.17	--  	0.08	2.50	0.04	水运	--  	0.000	
601515	东风股份	0.10	7161925	9.82	9.81	0	7279	0.00	9.85	9.90	9.79	--  	2.55	1.12	0.01	广告包装	--  	-0.000	
000682	东方电子	0.43	7092807	4.66	4.64	0	15197	-0.20	4.64	4.69	4.63	--  	0.43	1.29	0.02	电气设备	--  	-0.000	
603566	普莱柯	0.55	7042569	21.80	21.68	0	3234	0.28	21.68	21.93	21.51	--  	0.92	1.94	0.12	生物制药	--  	-0.000	
603985	恒润股份	0.30	6967559	36.38	36.27	0	1911	-0.04	36.20	36.61	36.20	--  	0.00	1.13	0.11	机械基件	--  	0.000	
601339	百隆东方	0.38	6846323	5.25	5.23	0	13049	0.19	5.23	5.26	5.23	--  	2.45	0.57	0.02	纺织	--  	0.000	
02588	中银航空租赁	0.12	6841621	40.900	40.850	100	167400	-0.12	40.750	41.050	40.700	--  	1.98	0.86	0.050	运输	--  	40.900	
02200	浩沙国际	1.98	6808821	2.570	2.520	2000	2678000	0.39	2.520	2.570	2.520	--  	1.52	1.98	0.050	纺织服饰	--  	2.570	
000411	英特集团	0.10	6583998	20.88	20.86	0	3152	0.10	20.98	21.02	20.68	--  	0.00	1.63	0.02	医药商业	--  	-0.000	
300563	神宇股份	0.30	6462706	30.03	29.94	0	2158	0.17	29.90	30.20	29.76	--  	0.67	1.47	0.09	通信设备	--  	0.000	
02128	中国联塑	2.27	6330520	4.960	4.850	1000	1288000	0.20	4.830	4.960	4.800	--  	0.00	3.30	0.110	建筑	--  	4.960	
300138	晨光生物	0.08	6255956	12.86	12.85	0	4856	0.23	12.86	12.94	12.81	--  	0.44	1.01	0.01	食品	--  	-0.000	
000707	双环科技	0.54	6192022	5.63	5.60	0	11026	0.18	5.57	5.66	5.56	--  	0.18	1.79	0.03	化工原料	--  	0.000	
600605	汇通能源	0.15	6034677	13.62	13.60	0	4435	0.00	13.53	13.65	13.53	--  	0.38	0.88	0.02	商贸代理	--  	-0.000	
01065	天津创业环保股份	0.67	6033061	4.500	4.470	2000	1340000	-0.22	4.500	4.530	4.470	--  	0.00	1.34	0.030	公用事业	--  	4.500	
00704	和嘉资源	2.00	6015821	0.255	0.250	10000	24090000	2.00	0.247	0.260	0.246	--  	0.00	5.60	0.005	煤炭	--  	0.255	
00182	协合新能源	1.49	6014951	0.340	0.335	10000	18015000	1.49	0.330	0.340	0.330	--  	0.00	2.99	0.005	公用事业	--  	0.340	
600983	惠而浦	0.28	5900349	7.28	7.26	0	8085	0.00	7.30	7.35	7.24	--  	1.45	1.52	0.02	家用电器	--  	0.000	
600455	博通股份	0.29	5826105	37.87	37.76	0	1540	0.03	37.77	38.10	37.75	--  	0.00	0.93	0.11	软件服务	--  	-0.000	
01361	３６１度	0.73	5680991	2.760	2.740	1000	2065000	0.00	2.730	2.780	2.720	--  	2.54	2.19	0.020	纺织服饰	--  	2.760	
300640	德艺文创	0.08	5625229	25.05	25.03	0	2244	-0.11	25.08	25.25	24.91	--  	0.80	1.36	0.02	文教休闲	--  	-0.000	
00127	华人置业	0.80	5624211	12.600	12.500	500	446500	0.00	12.540	12.640	12.540	466230	1.59	0.80	0.100	地产	37000	12.600	
000586	汇源通信	1.14	5561074	18.58	18.37	0	3012	0.60	18.30	18.58	18.30	--  	0.16	1.52	0.21	通信设备	--  	-0.000	
000037	深南电A	0.14	5520336	7.10	7.09	0	7777	0.14	7.06	7.15	7.05	--  	0.38	1.41	0.01	火力发电	--  	-0.000	
01003	欢喜传媒	0.60	5443967	1.690	1.680	10000	3220100	0.00	1.690	1.710	1.680	--  	0.00	1.79	0.010	媒体及娱乐	--  	1.690	
01257	中国光大绿色环保	0.29	5436116	6.950	6.930	1000	784742	0.14	6.940	7.000	6.900	--  	0.00	1.44	0.020	公用事业	--  	6.950	
03337	安东油田服务	1.20	5304021	0.840	0.830	2000	6316000	1.20	0.830	0.850	0.830	243060	0.00	2.41	0.010	石油天然气	288000	0.840	
00710	京东方精电	3.64	5255620	5.120	4.940	1000	1027000	0.20	4.940	5.170	4.940	10240	0.00	4.66	0.180	信息器材	2000	5.120	
02277	华融投资股份	1.33	5162150	1.520	1.500	5000	3420000	3.40	1.510	1.550	1.460	--  	0.00	6.00	0.020	建筑	--  	1.520	
000880	潍柴重机	0.55	5063460	9.11	9.06	0	5558	0.11	9.09	9.14	9.07	--  	0.22	0.77	0.05	机械基件	--  	-0.000	
07230	ＦＬ二未来国指	0.71	5002685	9.940	9.870	100	504500	0.00	9.980	9.980	9.880	--  	0.00	1.01	0.070		--  	9.940	
数据来源:通达信
