代码	名称	涨幅%%	总金额	现价	昨收	每手	总量	涨速%%	今开	最高	最低	抛空额	股息率%%	振幅%%	涨跌	细分行业	抛空量	按盘价	
000063	中兴通讯	2.69	5111714816	36.69	35.73	0	1391321	0.03	35.63	37.50	35.52	--  	0.69	5.54	0.96	通信设备	--  	-0.000	
000651	格力电器	1.11	3645804288	45.65	45.15	0	794305	0.33	45.30	46.46	45.20	--  	3.99	2.79	0.50	家用电器	--  	0.000	
002460	赣锋锂业	3.90	2920802304	73.87	71.10	0	396444	-0.10	71.42	75.29	71.08	--  	0.14	5.92	2.77	小金属	--  	0.000	
600030	中信证券	0.92	2831079936	18.61	18.44	0	1519669	0.05	18.36	18.85	18.35	--  	1.90	2.71	0.17	证券	--  	0.000	
600606	绿地控股	3.44	2683871744	8.13	7.86	0	3283366	-0.11	7.99	8.35	7.92	--  	3.18	5.47	0.27	全国地产	--  	0.000	
603799	华友钴业	7.66	2663048960	87.17	80.97	0	307551	-0.14	81.60	89.00	81.40	--  	0.11	9.39	6.20	小金属	--  	-0.000	
600340	华夏幸福	5.98	2450927360	34.19	32.26	0	724104	0.00	32.50	34.74	32.36	--  	2.05	7.38	1.93	区域地产	--  	-0.000	
600050	中国联通	4.04	2286842112	6.70	6.44	0	3443761	0.30	6.44	6.75	6.41	--  	0.62	5.28	0.26	电信运营	--  	-0.000	
600029	南方航空	4.74	2283882240	11.94	11.40	0	1963722	-0.24	11.40	12.10	11.07	--  	0.85	9.04	0.54	空运	--  	-0.000	
600036	招商银行	1.18	2161448704	29.97	29.62	0	718503	0.07	29.74	30.48	29.64	--  	2.04	2.84	0.35	银行	--  	-0.000	
03988	中国银行	1.02	2109323392	3.960	3.920	1000	531519136	-0.25	3.950	3.980	3.940	--  	0.00	1.02	0.040	银行	--  	3.960	
600487	亨通光电	4.96	1895807488	42.34	40.34	0	452658	0.21	40.35	42.88	40.35	--  	0.25	6.27	2.00	通信设备	--  	0.000	
002466	天齐锂业	6.82	1842306176	56.86	53.23	0	328588	-0.06	53.52	57.51	53.25	--  	0.29	8.00	3.63	小金属	--  	0.000	
00175	吉利汽车	3.66	1840325888	28.350	27.350	1000	65418200	0.18	27.550	28.400	27.500	--  	0.00	3.29	1.000	汽车	--  	28.350	
600115	东方航空	5.60	1741850880	8.49	8.04	0	2084122	-0.34	8.05	8.69	7.96	--  	0.61	9.08	0.45	空运	--  	-0.000	
000786	北新建材	2.57	1595533824	25.13	24.50	0	630060	-0.07	25.00	25.96	24.81	--  	0.73	4.69	0.63	其他建材	--  	-0.000	
601111	中国国航	8.82	1521291904	12.83	11.79	0	1241841	0.16	11.70	12.92	11.58	--  	0.91	11.37	1.04	空运	--  	-0.000	
02828	恒生Ｈ股	0.33	1506113024	122.300	121.900	200	12326901	0.00	121.900	122.800	121.700	533439616	0.00	0.90	0.400		4366200	122.300	
601688	华泰证券	2.55	1401160064	18.48	18.02	0	763886	0.00	18.05	18.62	17.88	--  	2.77	4.11	0.46	证券	--  	-0.000	
01548	金斯瑞生物科技	26.71	1371575808	26.800	21.150	2000	55911740	1.71	22.000	26.800	21.600	--  	0.00	24.59	5.650	医药医疗	--  	26.800	
00688	中国海外发展	1.52	1304078720	26.700	26.300	2000	48393776	-0.37	26.650	27.300	26.500	--  	1.31	3.04	0.400	地产	--  	26.700	
300137	先河环保	9.42	1270279296	23.12	21.13	0	563707	0.00	21.73	23.24	21.32	--  	0.47	9.09	1.99	环境保护	--  	0.000	
000789	万年青	10.03	1210195456	12.72	11.56	0	954418	0.00	12.72	12.72	12.41	--  	1.73	2.68	1.16	水泥	--  	0.000	
001979	招商蛇口	2.17	1190361728	20.67	20.23	0	572079	0.05	20.20	21.06	20.20	--  	2.47	4.25	0.44	全国地产	--  	0.000	
601636	旗滨集团	4.27	1135955328	7.08	6.79	0	1619591	-0.69	6.79	7.32	6.71	--  	2.21	8.98	0.29	玻璃	--  	-0.000	
000672	上峰水泥	6.27	1105468032	11.36	10.69	0	977305	0.26	11.19	11.73	10.92	--  	0.28	7.58	0.67	水泥	--  	-0.000	
000868	安凯客车	5.03	1092904960	9.19	8.75	0	1207589	-0.21	8.64	9.50	8.54	--  	0.23	10.97	0.44	汽车整车	--  	-0.000	
601992	金隅股份	10.02	1036391616	6.15	5.59	0	1728583	0.00	5.70	6.15	5.70	--  	0.82	8.05	0.56	水泥	--  	0.000	
600507	方大特钢	1.36	1022572928	14.15	13.96	0	722750	0.28	14.08	14.54	13.90	--  	1.81	4.58	0.19	特种钢	--  	-0.000	
000709	河钢股份	5.06	1001534976	4.15	3.95	0	2430651	0.24	3.97	4.20	3.95	--  	2.03	6.33	0.20	普钢	--  	0.000	
002797	第一创业	1.11	997850048	9.98	9.87	0	996817	0.10	9.88	10.23	9.81	--  	0.25	4.26	0.11	证券	--  	-0.000	
600547	山东黄金	0.22	992210752	31.63	31.56	0	309203	-0.15	32.10	32.62	31.60	--  	0.32	3.23	0.07	黄金	--  	-0.000	
300070	碧水源	4.48	918340480	18.19	17.41	0	510088	0.22	17.48	18.26	17.33	--  	0.32	5.34	0.78	环境保护	--  	0.000	
03968	招商银行	1.85	912950592	32.950	32.350	500	27852448	0.00	32.450	33.100	32.200	--  	0.00	2.78	0.600	银行	--  	32.950	
600874	创业环保	10.02	892489216	14.49	13.17	0	632277	0.00	13.32	14.49	13.26	--  	0.72	9.34	1.32	环境保护	--  	-0.000	
300136	信维通信	5.64	882475584	52.30	49.51	0	171415	0.00	50.02	53.30	49.69	--  	0.10	7.29	2.79	通信设备	--  	-0.000	
601006	大秦铁路	1.75	880738560	9.29	9.13	0	951686	0.11	9.18	9.33	9.14	--  	2.74	2.08	0.16	铁路	--  	-0.000	
603559	中通国脉	1.46	872164288	39.04	38.48	0	225792	0.00	38.65	39.74	37.00	--  	0.17	7.12	0.56	通信设备	--  	0.000	
600846	同济科技	10.03	833839168	10.64	9.67	0	803518	0.00	9.77	10.64	9.77	--  	1.03	9.00	0.97	综合类	--  	0.000	
002241	歌尔股份	2.19	820535232	17.70	17.32	0	463297	-0.10	17.42	17.95	17.24	--  	0.41	4.10	0.38	元器件	--  	0.000	
002475	立讯精密	4.03	806547200	23.98	23.05	0	338341	0.21	23.10	24.22	22.85	--  	0.23	5.94	0.93	元器件	--  	-0.000	
601888	中国国旅	6.11	803835008	45.68	43.05	0	182388	0.53	43.53	45.73	42.62	--  	1.16	7.22	2.63	旅游服务	--  	0.000	
600008	首创股份	10.00	794406720	5.72	5.20	0	1425841	0.00	5.30	5.72	5.29	--  	1.54	8.27	0.52	环境保护	--  	-0.000	
000776	广发证券	1.11	756738624	17.30	17.11	0	438158	-0.05	17.04	17.39	17.02	--  	1.59	2.16	0.19	证券	--  	-0.000	
002497	雅化集团	2.37	748211904	13.83	13.51	0	539897	0.36	13.50	14.09	13.43	--  	0.37	4.89	0.32	化工原料	--  	-0.000	
601211	国泰君安	2.40	720488256	19.18	18.73	0	379334	-0.15	18.73	19.24	18.67	--  	1.82	3.04	0.45	证券	--  	0.000	
00763	中兴通讯	3.29	685571968	29.850	28.900	200	22819708	-0.33	29.300	30.500	29.200	--  	0.00	4.50	0.950	信息器材	--  	29.850	
600345	长江通信	8.74	684203200	30.24	27.81	0	228938	-0.52	27.70	30.59	27.62	--  	0.36	10.68	2.43	通信设备	--  	-0.000	
000423	东阿阿胶	2.13	682491072	62.40	61.10	0	109627	0.00	61.30	62.97	61.13	--  	1.47	3.01	1.30	中成药	--  	0.000	
000069	华侨城Ａ	0.56	680074752	8.95	8.90	0	751271	0.00	8.91	9.18	8.90	--  	1.12	3.15	0.05	旅游景点	--  	-0.000	
600900	长江电力	2.24	670341888	15.99	15.64	0	420820	0.06	15.72	16.12	15.70	--  	4.56	2.69	0.35	水力发电	--  	-0.000	
000932	*ST华菱	0.12	667447552	8.53	8.52	0	766521	-0.46	8.59	8.95	8.52	--  	0.53	5.05	0.01	普钢	--  	-0.000	
002310	东方园林	3.74	666777728	21.07	20.31	0	320554	0.24	20.35	21.25	20.21	--  	0.15	5.12	0.76	建筑施工	--  	-0.000	
002856	美芝股份	0.04	664242688	46.34	46.32	0	141884	-0.33	46.49	50.95	45.67	--  	0.00	11.40	0.02	装修装饰	--  	0.000	
03323	中国建材	3.64	657894400	7.680	7.410	2000	85732352	-0.39	7.480	7.770	7.380	--  	0.00	5.26	0.270	建筑	--  	7.680	
601919	中远海控	1.88	652782848	7.03	6.90	0	920338	0.14	7.00	7.22	6.96	--  	1.30	3.77	0.13	水运	--  	0.000	
000778	新兴铸管	6.38	649321344	5.67	5.33	0	1156739	0.18	5.35	5.73	5.34	--  	0.56	7.32	0.34	钢加工	--  	0.000	
601666	平煤股份	2.26	648307648	6.80	6.65	0	947485	0.30	6.72	7.00	6.66	--  	0.39	5.11	0.15	煤炭开采	--  	0.000	
600498	烽火通信	4.05	635029696	30.30	29.12	0	211544	0.26	29.00	30.57	28.96	--  	1.10	5.53	1.18	通信设备	--  	-0.000	
01088	中国神华	1.66	614599168	21.450	21.100	500	29015916	0.00	21.050	21.500	20.850	--  	0.00	3.08	0.350	煤炭	--  	21.450	
000581	威孚高科	1.95	609042496	24.61	24.14	0	248678	0.00	24.18	24.74	24.14	--  	2.49	2.49	0.47	汽车配件	--  	0.000	
002601	龙蟒佰利	2.24	608273344	16.89	16.52	0	361689	0.12	16.76	16.97	16.56	--  	2.98	2.48	0.37	化工原料	--  	-0.000	
000413	东旭光电	0.52	605846400	9.58	9.53	0	632984	0.10	9.53	9.62	9.49	--  	0.63	1.36	0.05	元器件	--  	-0.000	
000012	南 玻Ａ	3.13	602454464	8.89	8.62	0	678591	-0.33	8.58	9.18	8.55	--  	0.97	7.31	0.27	玻璃	--  	0.000	
000100	TCL 集团	2.05	578296768	3.99	3.91	0	1460967	0.00	3.90	4.01	3.89	--  	1.85	3.07	0.08	家用电器	--  	0.000	
000059	华锦股份	2.37	574792384	10.38	10.14	0	554248	0.00	10.11	10.53	10.08	--  	2.21	4.44	0.24	石油加工	--  	0.000	
002176	江特电机	3.35	573051456	11.74	11.36	0	491164	0.00	11.40	11.85	11.34	--  	0.12	4.49	0.38	电气设备	--  	-0.000	
600884	杉杉股份	2.62	571689088	19.98	19.47	0	286169	0.00	19.46	20.20	19.45	--  	0.41	3.85	0.51	电气设备	--  	-0.000	
600066	宇通客车	4.88	554183680	25.36	24.18	0	221028	0.32	24.10	25.50	24.00	--  	4.14	6.20	1.18	汽车整车	--  	0.000	
000513	丽珠集团	2.74	536261664	69.25	67.40	0	78375	0.00	67.70	69.44	67.38	--  	0.57	3.06	1.85	中成药	--  	0.000	
002409	雅克科技	4.37	530451808	30.35	29.08	0	178937	0.36	29.01	30.61	28.72	--  	0.07	6.50	1.27	化工原料	--  	0.000	
02009	金隅股份	8.49	523740256	4.090	3.770	1000	130864912	0.49	3.800	4.100	3.800	--  	0.00	7.96	0.320	建筑	--  	4.090	
603676	卫信康	3.52	522656032	17.07	16.49	0	310625	-0.17	15.95	17.90	15.51	--  	0.00	14.49	0.58	化学制药	--  	-0.000	
00813	世茂房地产	6.62	518210624	19.640	18.420	500	26545732	-0.41	18.560	19.860	18.500	--  	2.04	7.38	1.220	地产	--  	19.640	
600089	特变电工	1.09	516941536	10.16	10.05	0	509351	0.20	10.03	10.23	10.01	--  	1.82	2.19	0.11	电气设备	--  	-0.000	
601818	光大银行	0.74	502284160	4.11	4.08	0	1224320	0.00	4.08	4.12	4.07	--  	2.14	1.23	0.03	银行	--  	0.000	
002386	天原集团	2.10	495139904	9.22	9.03	0	542351	0.00	9.03	9.28	8.96	--  	0.33	3.54	0.19	化工原料	--  	0.000	
002457	青龙管业	10.04	491953152	13.04	11.85	0	384596	0.00	12.11	13.04	12.11	--  	0.13	7.85	1.19	塑料	--  	-0.000	
000507	珠海港	2.96	486889312	10.45	10.15	0	467861	0.10	10.10	10.55	10.06	--  	0.20	4.83	0.30	港口	--  	-0.000	
600999	招商证券	1.60	479594592	17.82	17.54	0	269747	0.06	17.50	17.96	17.43	--  	0.92	3.02	0.28	证券	--  	-0.000	
002108	沧州明珠	5.32	479091040	12.28	11.66	0	395332	0.08	11.75	12.45	11.63	--  	0.81	7.03	0.62	塑料	--  	-0.000	
002158	汉钟精机	10.03	478876224	12.94	11.76	0	379968	0.00	11.95	12.94	11.84	--  	1.87	9.35	1.18	工程机械	--  	-0.000	
600909	华安证券	4.36	466999072	7.66	7.34	0	610455	0.26	7.37	8.00	7.34	--  	0.82	8.99	0.32	证券	--  	-0.000	
600958	东方证券	2.22	463539936	14.30	13.99	0	325342	-0.06	13.96	14.42	13.90	--  	0.80	3.72	0.31	证券	--  	0.000	
002007	华兰生物	2.85	463337920	28.90	28.10	0	160765	0.03	28.10	29.04	28.10	--  	1.42	3.35	0.80	生物制药	--  	-0.000	
000895	双汇发展	0.44	461816672	27.55	27.43	0	167306	0.07	27.57	27.93	27.30	--  	4.37	2.30	0.12	食品	--  	-0.000	
300536	农尚环境	6.80	456757536	20.88	19.55	0	218373	0.19	21.00	21.51	20.00	--  	0.31	7.72	1.33	建筑施工	--  	-0.000	
00669	创科实业	0.29	455299008	52.500	52.350	500	8676658	0.19	52.350	53.000	51.600	--  	0.53	2.67	0.150	家电及用品	--  	52.500	
000877	天山股份	0.46	454335968	10.88	10.83	0	416969	0.18	10.85	11.09	10.71	--  	0.28	3.51	0.05	水泥	--  	0.000	
600298	安琪酵母	3.58	445378592	33.87	32.70	0	134088	0.15	32.53	34.03	32.32	--  	0.92	5.23	1.17	食品	--  	-0.000	
601000	唐山港	4.58	441272000	5.02	4.80	0	881542	0.20	4.81	5.09	4.80	--  	2.08	6.04	0.22	港口	--  	-0.000	
600837	海通证券	1.68	427000160	13.30	13.08	0	321903	-0.14	13.08	13.35	13.06	--  	1.68	2.22	0.22	证券	--  	0.000	
600068	葛洲坝	0.71	425692032	8.53	8.47	0	499227	0.00	8.50	8.63	8.41	--  	2.43	2.60	0.06	建筑施工	--  	-0.000	
00753	中国国航	6.75	421507744	9.960	9.330	2000	43794580	0.40	9.330	9.960	9.160	--  	0.00	8.57	0.630	运输	--  	9.960	
600477	杭萧钢构	3.42	418025632	11.20	10.83	0	372923	0.09	10.88	11.45	10.77	--  	0.57	6.28	0.37	钢加工	--  	-0.000	
300251	光线传媒	2.17	407764064	11.28	11.04	0	366333	-0.26	11.01	11.36	10.86	--  	0.36	4.53	0.24	影视音像	--  	-0.000	
002407	多氟多	1.69	406212768	21.12	20.77	0	192832	0.05	20.77	21.30	20.65	--  	0.70	3.13	0.35	化工原料	--  	0.000	
601009	南京银行	0.51	403738432	7.84	7.80	0	515627	0.00	7.78	7.87	7.77	--  	2.38	1.28	0.04	银行	--  	0.000	
002673	西部证券	1.85	402844448	12.67	12.44	0	319339	0.08	12.42	12.77	12.38	--  	0.88	3.14	0.23	证券	--  	0.000	
002271	东方雨虹	1.19	400685696	42.40	41.90	0	93351	0.00	41.66	44.40	41.45	--  	0.36	7.04	0.50	其他建材	--  	0.000	
601377	兴业证券	1.64	392916128	7.43	7.31	0	531390	0.13	7.30	7.47	7.29	--  	2.03	2.46	0.12	证券	--  	-0.000	
000826	启迪桑德	2.30	391756128	33.80	33.04	0	116083	0.12	33.06	34.17	33.05	--  	0.51	3.39	0.76	环境保护	--  	-0.000	
600380	健康元	3.25	388509120	11.76	11.39	0	331917	0.17	11.42	11.84	11.42	--  	1.40	3.69	0.37	化学制药	--  	0.000	
002431	棕榈股份	5.42	387529568	8.94	8.48	0	435857	0.11	8.55	9.25	8.51	--  	0.22	8.73	0.46	建筑施工	--  	-0.000	
601881	中国银河	2.55	386969920	10.87	10.60	0	357073	0.18	10.66	11.04	10.57	--  	1.46	4.43	0.27	证券	--  	-0.000	
02600	中国铝业	2.91	384763840	6.010	5.840	2000	63983100	-0.17	5.900	6.100	5.860	--  	0.00	4.11	0.170	一般金属	--  	6.010	
01800	中国交通建设	1.65	384121376	9.250	9.100	1000	41536856	-0.22	9.200	9.300	9.100	--  	0.00	2.20	0.150	建筑	--  	9.250	
000923	河北宣工	10.00	384062944	25.53	23.21	0	154152	0.00	23.81	25.53	23.55	--  	0.01	8.53	2.32	工程机械	--  	0.000	
600988	赤峰黄金	0.62	381374144	6.46	6.42	0	579199	0.31	6.54	6.77	6.40	--  	0.00	5.76	0.04	黄金	--  	0.000	
300344	太空板业	4.93	378700800	11.91	11.35	0	317329	-0.32	11.56	12.28	11.46	--  	0.13	7.22	0.56	其他建材	--  	-0.000	
002809	红墙股份	6.76	373982112	36.66	34.34	0	102960	0.03	35.50	37.66	34.95	--  	0.56	7.89	2.32	化工原料	--  	-0.000	
600688	上海石化	2.58	372395872	6.76	6.59	0	549453	0.00	6.54	6.98	6.54	--  	3.79	6.68	0.17	石油加工	--  	0.000	
600486	扬农化工	1.29	370093920	54.24	53.55	0	67491	-0.01	53.53	55.88	53.01	--  	0.80	5.36	0.69	农药化肥	--  	0.000	
002342	巨力索具	9.97	369529056	6.73	6.12	0	562496	0.00	6.15	6.73	6.15	--  	0.07	9.48	0.61	机械基件	--  	0.000	
300157	恒泰艾普	5.85	369400928	9.95	9.40	0	376900	-0.09	9.48	10.04	9.41	--  	1.06	6.70	0.55	石油开采	--  	-0.000	
300450	先导智能	4.86	367595968	62.80	59.89	0	59215	-0.01	60.30	63.35	59.92	--  	0.20	5.73	2.91	专用机械	--  	-0.000	
002648	卫星石化	2.26	359624160	17.67	17.28	0	202873	0.11	17.35	18.14	17.33	--  	0.51	4.69	0.39	化工原料	--  	0.000	
600490	鹏欣资源	2.57	356922496	8.79	8.57	0	403646	-0.22	8.58	9.00	8.52	--  	0.00	5.60	0.22	铜	--  	-0.000	
002074	国轩高科	2.04	355604384	22.54	22.09	0	158142	0.04	22.10	22.72	21.98	--  	0.52	3.35	0.45	电气设备	--  	0.000	
002542	中化岩土	10.04	353865504	8.55	7.77	0	424098	0.00	7.90	8.55	7.83	--  	0.26	9.27	0.78	建筑施工	--  	0.000	
002465	海格通信	2.03	352756032	10.05	9.85	0	357175	0.20	9.85	10.05	9.66	--  	0.94	3.96	0.20	通信设备	--  	0.000	
002384	东山精密	7.58	351866528	29.80	27.70	0	119196	0.03	28.08	30.47	27.91	--  	0.04	9.24	2.10	通信设备	--  	-0.000	
002709	天赐材料	3.15	351608672	49.50	47.99	0	71000	0.00	48.35	50.31	48.05	--  	0.40	4.71	1.51	化工原料	--  	0.000	
601229	上海银行	1.18	348801824	14.56	14.39	0	240199	0.07	14.40	14.63	14.37	--  	2.67	1.81	0.17	银行	--  	0.000	
000937	冀中能源	2.85	348593504	6.14	5.97	0	566588	0.16	6.00	6.24	6.00	--  	1.67	4.02	0.17	煤炭开采	--  	-0.000	
002372	伟星新材	2.93	347899200	20.36	19.78	0	169758	0.10	20.13	21.19	19.88	--  	2.33	6.62	0.58	其他建材	--  	0.000	
002350	北京科锐	10.00	344321088	11.00	10.00	0	323238	0.00	10.00	11.00	10.00	--  	0.88	10.00	1.00	电气设备	--  	0.000	
000600	建投能源	10.05	340711808	8.65	7.86	0	407043	0.00	7.91	8.65	7.87	--  	5.09	9.92	0.79	火力发电	--  	-0.000	
601186	中国铁建	0.35	337864064	11.45	11.41	0	294214	-0.16	11.43	11.54	11.38	--  	1.40	1.40	0.04	建筑施工	--  	-0.000	
600596	新安股份	3.88	330604704	10.17	9.79	0	326787	-0.09	9.79	10.28	9.75	--  	0.98	5.41	0.38	农药化肥	--  	0.000	
600480	凌云股份	6.03	328360928	16.71	15.76	0	198170	-0.05	15.80	16.93	15.80	--  	0.89	7.17	0.95	汽车配件	--  	-0.000	
601258	庞大集团	3.56	324939392	2.62	2.53	0	1247427	0.00	2.53	2.64	2.52	--  	0.00	4.74	0.09	汽车服务	--  	-0.000	
300334	津膜科技	10.00	320046848	15.84	14.40	0	208921	0.00	14.60	15.84	14.41	--  	0.14	9.93	1.44	专用机械	--  	0.000	
300296	利亚德	4.38	319336992	20.99	20.11	0	153189	0.29	20.10	21.20	20.03	--  	0.32	5.82	0.88	半导体	--  	-0.000	
02196	复星医药	0.61	318632928	49.200	48.900	500	6365234	-0.61	49.150	51.300	46.900	--  	0.00	9.00	0.300	医药医疗	--  	49.200	
01055	中国南方航空股份	6.33	315776256	8.400	7.900	2000	38374312	0.48	8.000	8.450	7.800	--  	0.00	8.23	0.500	运输	--  	8.400	
600566	济川药业	4.28	315746112	39.94	38.30	0	79702	-0.07	38.57	40.41	38.50	--  	1.91	4.99	1.64	中成药	--  	-0.000	
000426	兴业矿业	3.08	314742016	10.36	10.05	0	299653	0.19	10.06	10.86	10.06	--  	0.20	7.96	0.31	铅锌	--  	-0.000	
002258	利尔化学	4.16	313946432	18.02	17.30	0	175416	0.17	17.24	18.18	17.10	--  	0.58	6.24	0.72	农药化肥	--  	0.000	
02186	绿叶制药	3.93	313692544	6.340	6.100	500	49088028	0.00	6.130	6.550	6.100	--  	0.52	7.38	0.240	医药医疗	--  	6.340	
000690	宝新能源	3.50	311228608	8.58	8.29	0	366199	0.47	8.31	8.63	8.31	--  	0.40	3.86	0.29	火力发电	--  	-0.000	
600754	锦江股份	6.30	307941600	33.94	31.93	0	90569	-0.05	32.50	35.10	32.50	--  	1.50	8.14	2.01	酒店餐饮	--  	-0.000	
601607	上海医药	1.52	306475840	24.68	24.31	0	124907	0.08	24.29	24.75	24.12	--  	1.48	2.59	0.37	医药商业	--  	0.000	
600886	国投电力	1.62	306220544	7.55	7.43	0	408432	0.40	7.43	7.57	7.42	--  	2.72	2.02	0.12	水力发电	--  	0.000	
300408	三环集团	1.11	304091232	20.00	19.78	0	154891	-0.04	19.80	20.11	19.25	--  	1.01	4.35	0.22	元器件	--  	0.000	
002065	东华软件	1.43	302551776	8.53	8.41	0	356090	0.24	8.38	8.59	8.33	--  	0.89	3.09	0.12	软件服务	--  	-0.000	
600260	凯乐科技	3.84	302494784	30.29	29.17	0	100687	0.10	29.40	30.82	29.20	--  	0.16	5.55	1.12	通信设备	--  	0.000	
000525	红 太 阳	2.89	301165344	22.46	21.83	0	134711	-0.03	21.79	23.18	21.65	--  	1.37	7.01	0.63	农药化肥	--  	-0.000	
000998	隆平高科	0.81	300687072	26.04	25.83	0	115134	0.39	25.65	26.45	25.65	--  	0.58	3.10	0.21	种植业	--  	0.000	
000728	国元证券	0.81	300002656	11.19	11.10	0	268130	0.09	11.10	11.30	11.07	--  	1.58	2.07	0.09	证券	--  	-0.000	
600155	宝硕股份	10.04	298407072	11.40	10.36	0	269004	0.00	10.42	11.40	10.37	--  	0.07	9.94	1.04	证券	--  	-0.000	
600466	蓝光发展	1.35	296140096	9.75	9.62	0	301007	0.00	9.56	9.99	9.52	--  	1.04	4.89	0.13	区域地产	--  	0.000	
000910	大亚圣象	0.08	295062688	23.70	23.68	0	122444	0.59	23.72	24.55	23.53	--  	0.48	4.31	0.02	家居用品	--  	0.000	
000625	长安汽车	1.41	291939680	12.91	12.73	0	227692	0.08	12.69	12.94	12.69	--  	5.04	1.96	0.18	汽车整车	--  	-0.000	
002555	三七互娱	0.84	290304192	20.36	20.19	0	144635	-0.09	20.15	20.45	19.89	--  	0.48	2.77	0.17	互联网	--  	0.000	
300170	汉得信息	0.89	289185632	12.45	12.34	0	233631	0.08	12.29	12.54	12.23	--  	0.41	2.51	0.11	软件服务	--  	-0.000	
002016	世荣兆业	2.84	286894176	11.23	10.92	0	256317	-0.08	10.99	11.39	10.86	--  	3.48	4.85	0.31	区域地产	--  	-0.000	
02858	易鑫集团	8.65	285900448	6.910	6.360	500	42333248	-0.29	6.420	6.960	6.410	--  	0.00	8.65	0.550	其他金融	--  	6.910	
300075	数字政通	5.77	283694432	17.23	16.29	0	165871	0.00	16.37	17.49	16.36	--  	0.17	6.94	0.94	软件服务	--  	-0.000	
01478	丘钛科技	2.59	282981184	12.660	12.340	1000	21905020	0.16	12.520	13.460	12.440	--  	0.00	8.27	0.320	家电及用品	--  	12.660	
601901	方正证券	2.86	276223808	7.19	6.99	0	385483	0.28	6.99	7.24	6.97	--  	1.29	3.86	0.20	证券	--  	0.000	
002421	达实智能	3.13	274852320	6.26	6.07	0	443432	0.16	6.07	6.29	6.06	--  	0.50	3.79	0.19	软件服务	--  	0.000	
002635	安洁科技	3.82	274555680	26.63	25.65	0	104629	0.19	25.96	26.75	25.72	--  	0.60	4.02	0.98	电脑设备	--  	-0.000	
600062	华润双鹤	3.04	274326208	25.12	24.38	0	110678	0.72	24.30	25.17	24.16	--  	0.34	4.14	0.74	化学制药	--  	0.000	
300409	道氏技术	8.22	273000160	50.15	46.34	0	55524	0.08	47.30	50.88	46.60	--  	0.26	9.24	3.81	陶瓷	--  	0.000	
600110	诺德股份	2.53	269901568	9.71	9.47	0	280017	0.00	9.48	9.79	9.44	--  	0.37	3.70	0.24	电气设备	--  	0.000	
600266	北京城建	2.52	265319696	13.85	13.51	0	192186	-0.06	13.49	13.97	13.43	--  	2.07	4.00	0.34	区域地产	--  	0.000	
603603	博天环境	6.01	264968880	37.24	35.13	0	71633	0.03	35.62	37.86	35.62	--  	0.26	6.38	2.11	环境保护	--  	0.000	
00960	龙湖地产	2.78	264307824	22.200	21.600	500	12022773	-0.45	21.800	22.350	21.550	--  	1.04	3.70	0.600	地产	--  	22.200	
002195	二三四五	1.69	258928864	6.01	5.91	0	433688	0.33	5.90	6.02	5.88	--  	0.48	2.37	0.10	软件服务	--  	0.000	
600727	鲁北化工	4.50	257795616	8.60	8.23	0	297047	0.12	8.49	9.01	8.49	--  	1.31	6.32	0.37	农药化肥	--  	0.000	
01339	中国人民保险集团	1.51	256799232	4.040	3.980	1000	63398312	0.00	4.020	4.120	4.000	--  	0.00	3.02	0.060	保险	--  	4.040	
600717	天津港	2.46	256562848	10.85	10.59	0	235750	-0.08	10.59	11.09	10.58	--  	2.14	4.82	0.26	港口	--  	0.000	
601390	中国中铁	0.59	255532672	8.56	8.51	0	298722	0.00	8.52	8.58	8.51	--  	1.03	0.82	0.05	建筑施工	--  	0.000	
03898	中车时代电气	2.65	255423744	52.350	51.000	100	4901369	-0.19	51.100	52.650	51.100	--  	0.00	3.04	1.350	工业工程	--  	52.350	
600822	上海物贸	2.34	254563408	13.53	13.22	0	189487	0.45	13.15	13.73	13.11	--  	0.76	4.69	0.31	商贸代理	--  	-0.000	
300649	杭州园林	5.30	254476400	39.52	37.53	0	64779	-0.17	37.81	40.86	37.53	--  	0.00	8.87	1.99	建筑施工	--  	0.000	
603126	中材节能	7.51	251871536	10.59	9.85	0	241450	0.47	9.88	10.76	9.85	--  	0.71	9.24	0.74	环境保护	--  	0.000	
600598	北大荒	0.93	241387984	10.87	10.77	0	223296	0.09	10.76	10.88	10.73	--  	3.16	1.39	0.10	种植业	--  	-0.000	
300197	铁汉生态	1.82	238618304	12.33	12.11	0	193561	0.16	12.15	12.53	12.05	--  	0.41	3.96	0.22	环境保护	--  	-0.000	
000400	许继电气	1.96	237824320	13.51	13.25	0	178069	-0.06	13.26	13.56	13.21	--  	0.75	2.64	0.26	电气设备	--  	0.000	
600496	精工钢构	3.52	236262208	4.41	4.26	0	535731	0.23	4.28	4.51	4.27	--  	0.23	5.63	0.15	钢加工	--  	-0.000	
603616	韩建河山	9.98	234721376	17.19	15.63	0	141791	0.00	15.90	17.19	15.90	--  	0.14	8.25	1.56	其他建材	--  	0.000	
600109	国金证券	1.35	231038416	9.75	9.62	0	237392	0.00	9.61	9.83	9.60	--  	0.52	2.39	0.13	证券	--  	0.000	
603903	中持股份	7.04	229067728	41.35	38.63	0	55854	-0.11	39.34	42.25	39.01	--  	0.13	8.39	2.72	环境保护	--  	-0.000	
600705	中航资本	1.08	229057248	5.59	5.53	0	412004	0.18	5.52	5.61	5.51	--  	0.27	1.81	0.06	多元金融	--  	0.000	
002893	华通热力	1.83	224449616	28.40	27.89	0	78753	0.25	27.96	29.50	27.77	--  	0.00	6.20	0.51	供气供热	--  	-0.000	
600893	航发动力	1.64	223616480	27.23	26.79	0	82575	0.18	26.77	27.35	26.76	--  	0.45	2.20	0.44	航空	--  	-0.000	
600158	中体产业	4.52	221989312	10.87	10.40	0	207455	0.09	10.39	10.98	10.36	--  	0.21	5.96	0.47	文教休闲	--  	-0.000	
002494	华斯股份	9.98	218916272	9.81	8.92	0	227562	0.00	8.95	9.81	8.95	--  	0.11	9.64	0.89	服饰	--  	0.000	
002743	富煌钢构	7.03	218627920	11.42	10.67	0	193848	0.18	10.79	11.67	10.72	--  	0.28	8.90	0.75	钢加工	--  	0.000	
002305	南国置业	4.55	217938672	4.83	4.62	0	457903	1.47	4.64	4.86	4.60	--  	1.08	5.63	0.21	区域地产	--  	-0.000	
002385	大北农	1.80	216789760	6.23	6.12	0	348786	0.16	6.13	6.25	6.13	--  	0.95	1.96	0.11	饲料	--  	0.000	
600879	航天电子	0.63	215378400	7.94	7.89	0	271457	0.00	7.89	8.02	7.88	--  	0.00	1.77	0.05	航空	--  	0.000	
06886	HTSC	1.24	212981648	16.380	16.180	200	13002678	-0.24	16.300	16.480	16.100	--  	0.00	2.35	0.200	其他金融	--  	16.380	
002479	富春环保	2.04	211689296	9.99	9.79	0	212020	0.00	9.76	10.07	9.76	--  	1.02	3.17	0.20	火力发电	--  	-0.000	
300502	新易盛	4.08	209631088	29.58	28.42	0	72213	0.10	28.56	29.66	28.44	--  	0.40	4.29	1.16	通信设备	--  	-0.000	
600565	迪马股份	4.21	207310704	4.21	4.04	0	501528	0.00	4.04	4.25	4.02	--  	2.47	5.69	0.17	全国地产	--  	0.000	
03360	远东宏信	1.71	205191920	7.150	7.030	1000	29135948	-0.14	7.150	7.250	6.980	--  	0.00	3.84	0.120	其他金融	--  	7.150	
600722	金牛化工	2.90	204244304	7.80	7.58	0	263556	0.26	7.59	7.90	7.46	--  	0.61	5.80	0.22	化工原料	--  	0.000	
002511	中顺洁柔	1.43	203751856	16.37	16.14	0	125095	0.55	16.14	16.87	16.00	--  	0.41	5.39	0.23	造纸	--  	0.000	
600056	中国医药	1.61	202843808	25.23	24.83	0	80707	-0.19	24.94	25.32	24.79	--  	1.07	2.13	0.40	医药商业	--  	-0.000	
01313	华润水泥控股	4.48	199381088	5.600	5.360	2000	35871960	0.18	5.390	5.630	5.380	--  	0.00	4.66	0.240	建筑	--  	5.600	
603328	依顿电子	3.10	198057648	14.97	14.52	0	132898	-0.12	14.49	15.14	14.40	--  	1.72	5.10	0.45	元器件	--  	0.000	
600100	同方股份	1.22	196722208	9.95	9.83	0	198383	0.10	9.83	9.98	9.80	--  	2.54	1.83	0.12	电脑设备	--  	-0.000	
603717	天域生态	6.18	196158768	29.73	28.00	0	65999	-0.16	29.00	30.79	29.00	--  	0.00	6.39	1.73	环境保护	--  	-0.000	
00390	中国中铁	0.51	195395360	5.930	5.900	1000	32749826	-0.34	5.940	6.030	5.830	--  	0.00	3.39	0.030	建筑	--  	5.930	
00066	港铁公司	1.09	194930592	46.300	45.800	500	4219248	-0.22	45.700	46.400	45.650	--  	0.54	1.64	0.500	运输	--  	46.300	
603323	吴江银行	2.41	191722544	8.49	8.29	0	228732	0.59	8.29	8.50	8.22	--  	0.56	3.38	0.20	银行	--  	-0.000	
601021	春秋航空	2.72	191209072	39.23	38.19	0	48976	-0.40	38.19	39.79	38.16	--  	0.42	4.27	1.04	空运	--  	-0.000	
601717	郑煤机	5.37	189437200	7.06	6.70	0	273260	0.00	6.75	7.14	6.66	--  	0.16	7.16	0.36	工程机械	--  	-0.000	
000605	渤海股份	10.00	189206976	19.80	18.00	0	98206	0.00	18.19	19.80	18.16	--  	0.00	9.11	1.80	水务	--  	-0.000	
000410	*ST沈机	3.19	188513968	10.34	10.02	0	183005	0.29	10.25	10.45	10.13	--  	0.20	3.19	0.32	机床制造	--  	0.000	
600872	中炬高新	2.49	188376144	25.50	24.88	0	74791	0.12	24.75	25.54	24.66	--  	0.56	3.54	0.62	食品	--  	0.000	
603357	设计总院	2.33	187900096	22.44	21.93	0	82996	-0.08	21.87	23.47	21.81	--  	0.00	7.57	0.51	建筑施工	--  	0.000	
000687	华讯方舟	8.80	187600704	11.50	10.57	0	167883	-0.51	10.58	11.60	10.58	--  	0.00	9.65	0.93	通信设备	--  	0.000	
600258	首旅酒店	8.98	187593008	29.12	26.72	0	65579	0.14	26.99	29.39	26.99	--  	0.03	8.98	2.40	酒店餐饮	--  	0.000	
300428	四通新材	6.78	187245632	20.94	19.61	0	90186	0.24	19.73	21.50	19.73	--  	0.42	9.03	1.33	铝	--  	0.000	
600376	首开股份	4.40	186410032	9.96	9.54	0	187123	0.30	9.54	10.25	9.50	--  	3.67	7.86	0.42	区域地产	--  	0.000	
601800	中国交建	1.22	183241216	13.32	13.16	0	137877	-0.06	13.14	13.39	13.10	--  	1.48	2.20	0.16	建筑施工	--  	-0.000	
002048	宁波华翔	1.62	180368640	23.90	23.52	0	76467	0.25	23.45	23.90	23.42	--  	0.54	2.04	0.38	汽车配件	--  	-0.000	
600563	法拉电子	2.72	180348064	50.52	49.18	0	36142	-0.17	49.18	50.67	49.03	--  	2.24	3.33	1.34	元器件	--  	0.000	
601099	太平洋	0.55	180097712	3.68	3.66	0	488993	0.00	3.66	3.71	3.65	--  	0.82	1.64	0.02	证券	--  	0.000	
002011	盾安环境	4.93	178770688	8.52	8.12	0	210966	0.12	8.14	8.71	8.11	--  	1.23	7.39	0.40	工程机械	--  	0.000	
603980	吉华集团	1.81	178579968	21.33	20.95	0	83346	-0.04	20.97	21.70	20.83	--  	0.00	4.15	0.38	染料涂料	--  	-0.000	
600908	无锡银行	1.89	177892432	8.07	7.92	0	222725	0.88	7.92	8.08	7.86	--  	1.89	2.78	0.15	银行	--  	-0.000	
603858	步长制药	2.11	176659744	52.35	51.27	0	34052	0.00	51.00	52.50	50.89	--  	3.15	3.14	1.08	中成药	--  	-0.000	
000852	石化机械	4.45	176240928	10.33	9.89	0	171741	0.19	9.90	10.49	9.90	--  	0.00	5.97	0.44	化工机械	--  	-0.000	
00019	太古股份公司Ａ	0.83	173382320	73.300	72.700	500	2369119	0.07	73.000	73.500	72.700	--  	1.36	1.10	0.600	综合企业	--  	73.300	
000009	中国宝安	1.37	170636544	7.42	7.32	0	230921	0.13	7.32	7.44	7.30	--  	0.27	1.91	0.10	综合类	--  	0.000	
000415	渤海金控	1.69	170518336	6.02	5.92	0	283081	-0.16	5.94	6.08	5.91	--  	0.84	2.87	0.10	多元金融	--  	-0.000	
002424	贵州百灵	3.18	170284672	15.90	15.41	0	108123	0.19	15.43	16.10	15.33	--  	0.52	5.00	0.49	中成药	--  	-0.000	
002003	伟星股份	8.26	169695792	12.45	11.50	0	138964	-0.07	11.49	12.60	11.48	--  	3.34	9.74	0.95	服饰	--  	-0.000	
01337	雷蛇	6.22	169497056	4.100	3.860	1000	42514000	0.24	3.870	4.100	3.860	--  	0.00	6.22	0.240	信息器材	--  	4.100	
000598	兴蓉环境	1.29	167567536	5.50	5.43	0	305374	-0.17	5.43	5.52	5.42	--  	1.08	1.84	0.07	水务	--  	0.000	
600963	岳阳林纸	4.85	167274352	6.92	6.60	0	244838	0.00	6.62	6.93	6.59	--  	0.05	5.15	0.32	造纸	--  	0.000	
601128	常熟银行	1.95	165864736	7.33	7.19	0	228149	0.41	7.20	7.35	7.16	--  	2.50	2.64	0.14	银行	--  	-0.000	
600085	同仁堂	0.40	164992784	32.60	32.47	0	50571	0.00	32.47	32.79	32.35	--  	0.74	1.36	0.13	中成药	--  	-0.000	
300451	创业软件	0.67	164416752	23.94	23.78	0	67690	-0.03	23.80	24.88	23.79	--  	0.42	4.58	0.16	软件服务	--  	0.000	
002018	华信国际	4.78	162520224	7.46	7.12	0	222172	0.13	7.08	7.49	7.07	--  	0.24	5.90	0.34	农药化肥	--  	0.000	
603042	华脉科技	1.26	161970736	29.73	29.36	0	54068	-0.16	30.23	30.59	29.51	--  	0.00	3.68	0.37	通信设备	--  	-0.000	
000876	新 希 望	0.93	159690560	7.61	7.54	0	210509	0.00	7.54	7.61	7.52	--  	6.63	1.19	0.07	饲料	--  	0.000	
000049	德赛电池	1.96	157416240	40.56	39.78	0	39133	0.27	39.90	40.59	39.71	--  	0.63	2.21	0.78	电气设备	--  	0.000	
00139	中国软实力	9.32	156625152	0.176	0.161	14000	936643072	-1.68	0.162	0.180	0.153	--  	0.00	16.77	0.015	半导体	--  	0.176	
002354	天神娱乐	1.75	156537040	17.46	17.16	0	90288	0.00	17.15	17.49	17.12	--  	0.82	2.16	0.30	互联网	--  	-0.000	
300117	嘉寓股份	6.25	156434656	6.97	6.56	0	224305	0.14	6.63	7.17	6.63	--  	0.15	8.23	0.41	装修装饰	--  	-0.000	
002346	柘中股份	5.09	156162976	20.01	19.04	0	77525	0.05	19.00	20.91	18.90	--  	0.53	10.56	0.97	电气设备	--  	0.000	
300247	乐金健康	4.43	155404896	5.89	5.64	0	265617	0.34	5.65	5.99	5.62	--  	0.53	6.56	0.25	医疗保健	--  	-0.000	
002426	胜利精密	3.05	155373168	6.08	5.90	0	258994	0.16	5.87	6.12	5.86	--  	0.51	4.41	0.18	元器件	--  	-0.000	
601555	东吴证券	0.92	155308656	9.89	9.80	0	157357	0.10	9.81	9.94	9.77	--  	1.53	1.73	0.09	证券	--  	0.000	
300107	建新股份	9.94	154913136	5.86	5.33	0	271587	0.00	5.32	5.86	5.30	--  	0.56	10.51	0.53	化工原料	--  	0.000	
601966	玲珑轮胎	0.28	153681728	18.03	17.98	0	84874	-0.21	17.90	18.23	17.83	--  	0.92	2.22	0.05	汽车配件	--  	0.000	
600718	东软集团	1.83	151530080	15.00	14.73	0	102044	0.27	14.75	15.02	14.68	--  	0.68	2.31	0.27	软件服务	--  	0.000	
300562	乐心医疗	1.66	151382624	23.28	22.90	0	65702	0.04	22.91	23.48	22.32	--  	0.27	5.07	0.38	医疗保健	--  	0.000	
000965	天保基建	3.98	150540640	6.01	5.78	0	250576	0.33	5.79	6.18	5.78	--  	0.21	6.92	0.23	区域地产	--  	0.000	
01919	中远海控	1.93	149966640	4.220	4.140	500	35564472	0.00	4.140	4.250	4.140	--  	0.00	2.66	0.080	工用运输	--  	4.220	
600135	乐凯胶片	4.72	148687840	11.54	11.02	0	129482	-0.08	11.08	11.73	11.00	--  	0.31	6.62	0.52	化工原料	--  	-0.000	
00354	中国软件国际	4.20	148018720	5.460	5.240	2000	27170064	0.00	5.290	5.550	5.250	--  	0.00	5.73	0.220	软件服务	--  	5.460	
300131	英唐智控	5.56	147225952	7.03	6.66	0	214712	0.00	6.61	7.06	6.61	--  	1.80	6.76	0.37	元器件	--  	0.000	
000530	大冷股份	3.54	146806352	5.56	5.37	0	265728	0.36	5.35	5.68	5.33	--  	1.33	6.52	0.19	机械基件	--  	-0.000	
002793	东音股份	3.55	145702048	17.50	16.90	0	82153	0.00	17.37	18.30	17.10	--  	1.78	7.10	0.60	专用机械	--  	0.000	
601727	上海电气	0.87	145088640	6.93	6.87	0	210138	0.14	6.91	6.97	6.80	--  	0.74	2.47	0.06	电气设备	--  	-0.000	
002812	创新股份	0.13	144912480	100.82	100.69	0	14521	0.00	98.00	101.49	97.10	--  	0.73	4.36	0.13	广告包装	--  	-0.000	
600149	*ST坊展	4.63	141216480	11.07	10.58	0	128583	-0.17	10.56	11.11	10.56	--  	0.00	5.20	0.49	综合类	--  	-0.000	
600390	五矿资本	1.35	140941808	12.05	11.89	0	117549	0.58	11.90	12.12	11.83	--  	0.00	2.44	0.16	多元金融	--  	0.000	
600580	卧龙电气	2.32	139498208	8.38	8.19	0	167069	0.12	8.17	8.45	8.14	--  	0.37	3.79	0.19	电气设备	--  	0.000	
00144	招商局港口	0.96	138762208	20.950	20.750	2000	6634541	-0.48	21.000	21.100	20.700	--  	7.49	1.93	0.200	工用运输	--  	20.950	
03908	中金公司	1.92	138708176	16.980	16.660	400	8202084	-0.12	16.740	17.220	16.460	--  	0.00	4.56	0.320	其他金融	--  	16.980	
300332	天壕环境	4.50	138352624	6.97	6.67	0	200736	0.14	6.67	7.02	6.62	--  	0.23	6.00	0.30	环境保护	--  	-0.000	
002282	博深工具	10.00	138273008	15.73	14.30	0	89930	0.00	14.50	15.73	14.50	--  	0.17	8.60	1.43	轻工机械	--  	-0.000	
600550	保变电气	10.02	137960944	7.03	6.39	0	203738	0.00	6.40	7.03	6.39	--  	2.80	10.02	0.64	电气设备	--  	0.000	
000686	东北证券	0.68	137918944	8.92	8.86	0	154615	-0.10	8.87	8.97	8.84	--  	1.13	1.47	0.06	证券	--  	0.000	
00570	中国中药	9.35	137478880	4.560	4.170	2000	31177096	0.88	4.230	4.560	4.180	--  	1.05	9.11	0.390	医药医疗	--  	4.560	
600118	中国卫星	0.63	135159424	25.59	25.43	0	53001	0.12	25.44	25.70	25.32	--  	0.43	1.49	0.16	航空	--  	0.000	
600459	贵研铂业	1.47	135107776	22.82	22.49	0	59705	0.18	22.49	22.84	22.40	--  	0.44	1.96	0.33	小金属	--  	-0.000	
600841	上柴股份	1.53	134945776	12.60	12.41	0	105593	0.00	12.37	13.00	12.33	--  	0.28	5.40	0.19	机械基件	--  	0.000	
600191	华资实业	3.79	134916656	7.66	7.38	0	176318	0.13	7.41	7.82	7.36	--  	0.14	6.23	0.28	食品	--  	-0.000	
603385	惠达卫浴	4.31	134085584	23.01	22.06	0	58371	0.04	22.49	23.36	22.48	--  	0.00	3.99	0.95	家居用品	--  	0.000	
002368	太极股份	1.03	132030272	25.62	25.36	0	52093	-0.03	25.40	25.72	25.11	--  	0.86	2.41	0.26	软件服务	--  	0.000	
002094	青岛金王	2.09	131807880	18.06	17.69	0	73555	0.17	17.73	18.16	17.65	--  	0.28	2.88	0.37	日用化工	--  	-0.000	
002616	长青集团	3.16	131452128	9.47	9.18	0	138875	0.21	9.14	9.58	9.14	--  	0.00	4.79	0.29	环境保护	--  	0.000	
601669	中国电建	0.68	131363784	7.40	7.35	0	177172	-0.12	7.37	7.44	7.34	--  	1.16	1.36	0.05	建筑施工	--  	0.000	
600122	宏图高科	1.03	131086248	9.83	9.73	0	133331	-0.19	9.73	9.92	9.69	--  	0.41	2.36	0.10	其他商业	--  	-0.000	
600637	东方明珠	0.65	130848704	16.92	16.81	0	77343	0.06	16.84	17.04	16.78	--  	2.02	1.55	0.11	影视音像	--  	0.000	
000088	盐 田 港	3.26	130269432	7.93	7.68	0	164925	0.13	7.70	8.02	7.67	--  	0.21	4.56	0.25	港口	--  	-0.000	
002467	二六三	1.70	129609000	7.76	7.63	0	167744	0.13	7.62	7.80	7.57	--  	0.53	3.01	0.13	电信运营	--  	0.000	
600582	天地科技	2.95	128753360	4.89	4.75	0	265554	0.00	4.76	4.90	4.73	--  	0.63	3.58	0.14	工程机械	--  	-0.000	
002660	茂硕电源	7.59	128359760	10.35	9.62	0	128510	0.39	9.68	10.44	9.66	--  	0.17	8.11	0.73	电气设备	--  	0.000	
600373	中文传媒	0.88	128317288	17.24	17.09	0	74490	0.29	17.07	17.35	17.03	--  	0.70	1.87	0.15	出版业	--  	-0.000	
600133	东湖高新	1.18	127379800	9.43	9.32	0	134918	0.00	9.32	9.54	9.31	--  	0.41	2.47	0.11	园区开发	--  	0.000	
600369	西南证券	0.86	124908760	4.71	4.67	0	265534	0.21	4.67	4.75	4.65	--  	2.14	2.14	0.04	证券	--  	0.000	
002013	中航机电	2.31	124226968	11.05	10.80	0	113355	0.09	10.74	11.05	10.74	--  	0.22	2.87	0.25	航空	--  	0.000	
300287	飞利信	2.01	123787664	7.60	7.45	0	164573	0.00	7.45	7.65	7.39	--  	0.64	3.49	0.15	软件服务	--  	-0.000	
00867	康哲药业	1.43	122533352	18.480	18.220	1000	6566948	0.00	18.340	19.440	18.260	--  	0.82	6.48	0.260	医药医疗	--  	18.480	
600756	浪潮软件	1.44	122292696	18.26	18.00	0	67142	-0.15	18.01	18.38	17.90	--  	0.61	2.67	0.26	软件服务	--  	0.000	
600026	中远海能	0.48	121717016	6.23	6.20	0	194080	0.00	6.20	6.33	6.20	--  	3.06	2.10	0.03	水运	--  	0.000	
002401	中远海科	2.31	121278944	12.42	12.14	0	98175	0.00	12.11	12.56	12.08	--  	0.16	3.95	0.28	软件服务	--  	0.000	
300422	博世科	1.52	120653552	17.38	17.12	0	69486	0.17	17.15	17.52	17.04	--  	0.14	2.80	0.26	环境保护	--  	-0.000	
000062	深圳华强	3.05	120272024	24.31	23.59	0	49605	0.21	23.72	24.65	23.64	--  	0.85	4.28	0.72	批发业	--  	-0.000	
300438	鹏辉能源	3.51	120163688	31.00	29.95	0	39195	-0.05	29.86	31.22	29.86	--  	0.33	4.54	1.05	电气设备	--  	0.000	
600993	马应龙	0.05	119683296	20.88	20.87	0	57241	-0.09	20.80	21.05	20.80	--  	0.96	1.20	0.01	中成药	--  	-0.000	
01515	华润凤凰医疗	2.15	118719656	9.960	9.750	500	11785317	0.40	9.750	10.380	9.750	--  	0.00	6.46	0.210	医疗服务	--  	9.960	
002392	北京利尔	4.11	118274160	5.32	5.11	0	223820	0.00	5.12	5.38	5.10	--  	0.39	5.48	0.21	其他建材	--  	0.000	
00268	金蝶国际	0.23	117209272	4.370	4.360	2000	26336400	-0.23	4.400	4.560	4.350	--  	0.00	4.82	0.010	软件服务	--  	4.370	
603628	清源股份	4.58	116845584	14.84	14.19	0	79508	0.00	14.19	15.50	14.02	--  	0.28	10.43	0.65	电气设备	--  	0.000	
600502	安徽水利	0.85	116248672	7.09	7.03	0	164809	0.28	7.04	7.11	7.00	--  	0.71	1.56	0.06	建筑施工	--  	0.000	
300041	回天新材	3.75	114576384	10.52	10.14	0	109490	0.19	10.22	10.67	10.13	--  	1.39	5.33	0.38	化工原料	--  	0.000	
603778	乾景园林	10.04	113691072	7.67	6.97	0	152770	0.00	7.00	7.67	7.00	--  	0.45	9.61	0.70	建筑施工	--  	0.000	
000959	首钢股份	3.43	112886744	6.33	6.12	0	178000	0.00	6.13	6.57	6.06	--  	0.16	8.33	0.21	普钢	--  	-0.000	
300568	星源材质	3.71	112622792	27.97	26.97	0	40664	-0.03	26.98	28.28	26.77	--  	1.39	5.60	1.00	化工原料	--  	-0.000	
601991	大唐发电	1.67	112512872	4.26	4.19	0	266796	0.24	4.20	4.27	4.17	--  	4.06	2.39	0.07	火力发电	--  	0.000	
601198	东兴证券	1.24	111990400	14.70	14.52	0	76403	0.00	14.52	14.77	14.46	--  	1.03	2.13	0.18	证券	--  	-0.000	
300021	大禹节水	3.18	110962576	6.81	6.60	0	163240	0.15	6.62	6.93	6.60	--  	0.61	5.00	0.21	农业综合	--  	-0.000	
300374	恒通科技	10.01	110949552	16.59	15.08	0	69216	0.00	15.25	16.59	15.25	--  	0.16	8.89	1.51	其他建材	--  	0.000	
600618	氯碱化工	3.24	109642704	11.48	11.12	0	96105	-0.16	11.06	11.56	11.05	--  	0.05	4.59	0.36	化工原料	--  	-0.000	
002002	鸿达兴业	2.30	109173040	7.13	6.97	0	152824	0.42	7.04	7.25	7.02	--  	1.34	3.30	0.16	化工原料	--  	0.000	
002611	东方精工	4.37	108710040	13.84	13.26	0	79861	0.07	13.28	13.88	13.26	--  	0.15	4.68	0.58	轻工机械	--  	0.000	
600750	江中药业	1.47	108589920	26.25	25.87	0	41639	-0.03	25.85	26.38	25.70	--  	1.55	2.63	0.38	中成药	--  	0.000	
600742	一汽富维	1.44	108567192	16.88	16.64	0	64662	-0.11	16.67	16.93	16.66	--  	3.00	1.62	0.24	汽车配件	--  	-0.000	
000018	神州长城	4.04	107084736	6.44	6.19	0	168416	0.16	6.19	6.45	6.16	--  	0.97	4.68	0.25	装修装饰	--  	0.000	
000958	东方能源	9.94	107054224	5.53	5.03	0	200072	0.00	5.08	5.53	5.08	--  	0.99	8.95	0.50	火力发电	--  	0.000	
600791	京能置业	3.82	106725224	7.33	7.06	0	146667	0.00	7.04	7.40	7.01	--  	0.21	5.52	0.27	全国地产	--  	-0.000	
300036	超图软件	2.59	106354680	15.85	15.45	0	68143	0.00	15.46	15.86	15.38	--  	0.39	3.11	0.40	软件服务	--  	0.000	
300065	海兰信	1.40	105232312	18.10	17.85	0	58975	0.39	17.89	18.18	17.62	--  	0.30	3.14	0.25	软件服务	--  	0.000	
000902	新洋丰	1.86	104032760	10.40	10.21	0	100005	0.19	10.20	10.56	10.12	--  	1.48	4.31	0.19	农药化肥	--  	-0.000	
600061	国投资本	1.05	103693472	13.43	13.29	0	77424	0.00	13.28	13.48	13.23	--  	0.46	1.88	0.14	证券	--  	0.000	
600701	工大高新	1.78	103479632	10.30	10.12	0	101458	0.10	10.14	10.35	10.08	--  	0.23	2.67	0.18	综合类	--  	0.000	
002677	浙江美大	1.72	102198944	17.70	17.40	0	57968	0.34	17.35	17.81	17.29	--  	1.78	2.99	0.30	家用电器	--  	0.000	
000750	国海证券	1.01	102003016	4.99	4.94	0	204421	-0.19	4.94	5.03	4.92	--  	2.02	2.23	0.05	证券	--  	-0.000	
00598	中国外运	3.04	101851952	4.070	3.950	1000	24999528	-0.25	4.000	4.150	3.990	--  	1.15	4.05	0.120	工用运输	--  	4.070	
000065	北方国际	0.55	101120600	18.32	18.22	0	55430	0.11	18.22	18.33	18.08	--  	0.49	1.37	0.10	建筑施工	--  	-0.000	
002262	恩华药业	1.48	101090584	14.42	14.21	0	70983	0.14	14.21	14.42	14.08	--  	0.26	2.39	0.21	化学制药	--  	0.000	
600072	中船科技	1.68	100634504	13.30	13.08	0	76551	0.30	13.03	13.30	12.97	--  	0.07	2.52	0.22	船舶	--  	0.000	
300232	洲明科技	4.20	100493640	15.12	14.51	0	66831	0.47	14.73	15.19	14.57	--  	0.34	4.27	0.61	半导体	--  	-0.000	
002030	达安基因	1.28	100274688	18.93	18.69	0	53419	0.32	18.70	18.95	18.63	--  	0.24	1.71	0.24	生物制药	--  	0.000	
300371	汇中股份	1.11	99855936	21.01	20.78	0	47833	0.05	19.80	22.69	19.56	--  	0.43	15.06	0.23	电器仪表	--  	0.000	
603969	银龙股份	10.03	99491200	13.06	11.87	0	78865	0.00	12.07	13.06	12.06	--  	1.90	8.42	1.19	其他建材	--  	0.000	
600067	冠城大通	0.15	98328712	6.58	6.57	0	148224	-0.14	6.64	6.72	6.57	--  	1.52	2.28	0.01	全国地产	--  	-0.000	
601886	江河集团	7.06	98191008	9.40	8.78	0	107863	1.18	8.78	9.43	8.78	--  	1.14	7.40	0.62	装修装饰	--  	-0.000	
601016	节能风电	2.74	98032800	3.38	3.29	0	293429	0.00	3.29	3.39	3.28	--  	0.62	3.34	0.09	新型电力	--  	0.000	
300196	长海股份	3.23	97746376	14.07	13.63	0	69789	0.21	13.58	14.26	13.50	--  	0.00	5.58	0.44	玻璃	--  	-0.000	
600037	歌华有线	0.38	97706752	13.12	13.07	0	74524	0.08	13.07	13.19	13.01	--  	1.38	1.38	0.05	影视音像	--  	-0.000	
002619	艾格拉斯	1.56	97329192	6.50	6.40	0	150798	0.15	6.39	6.52	6.36	--  	0.00	2.50	0.10	互联网	--  	0.000	
002785	万里石	3.68	97083032	14.07	13.57	0	69481	-0.13	13.57	14.36	13.46	--  	0.09	6.63	0.50	其他建材	--  	-0.000	
000756	新华制药	0.58	96079456	13.98	13.90	0	69639	0.07	13.94	13.99	13.68	--  	0.14	2.23	0.08	化学制药	--  	-0.000	
603050	科林电气	10.01	94537392	22.09	20.08	0	44109	0.00	20.49	22.09	20.31	--  	1.04	8.86	2.01	电气设备	--  	0.000	
600212	江泉实业	5.62	94115496	9.78	9.26	0	98662	0.62	9.23	9.80	9.18	--  	0.00	6.70	0.52	综合类	--  	-0.000	
300255	常山药业	4.87	93620088	6.67	6.36	0	141635	0.45	6.35	6.71	6.34	--  	0.24	5.82	0.31	生物制药	--  	0.000	
600281	太化股份	6.62	92567928	5.96	5.59	0	155745	0.17	5.90	6.05	5.80	--  	0.10	4.47	0.37	化工原料	--  	0.000	
002022	科华生物	1.68	91870160	13.96	13.73	0	66244	-0.06	13.73	14.06	13.67	--  	0.98	2.84	0.23	医疗保健	--  	0.000	
601689	拓普集团	1.68	91815408	25.48	25.06	0	36403	0.00	25.10	25.52	24.88	--  	2.19	2.55	0.42	汽车配件	--  	-0.000	
300158	振东制药	2.01	91472816	14.18	13.90	0	65152	0.14	13.88	14.23	13.88	--  	0.36	2.52	0.28	中成药	--  	0.000	
00460	四环医药	3.91	90686544	2.920	2.810	1000	31101584	-0.34	2.830	2.970	2.810	--  	0.72	5.69	0.110	医药医疗	--  	2.920	
600355	精伦电子	1.51	90092984	8.75	8.62	0	103908	0.23	8.60	8.85	8.60	--  	0.00	2.90	0.13	元器件	--  	0.000	
600476	湘邮科技	9.99	89389152	17.73	16.12	0	52557	0.00	16.12	17.73	16.08	--  	0.00	10.24	1.61	软件服务	--  	-0.000	
002064	华峰氨纶	1.79	89332632	5.13	5.04	0	174648	0.00	5.04	5.16	5.01	--  	0.40	2.98	0.09	化纤	--  	0.000	
300279	和晶科技	2.78	87581680	13.33	12.97	0	65286	0.00	13.00	13.62	13.00	--  	0.28	4.78	0.36	元器件	--  	-0.000	
603239	浙江仙通	4.20	87428472	20.10	19.29	0	43989	0.15	19.20	20.40	19.19	--  	1.04	6.27	0.81	汽车配件	--  	0.000	
600119	长江投资	1.24	87213832	13.87	13.70	0	63175	0.29	13.71	13.96	13.63	--  	1.00	2.41	0.17	仓储物流	--  	-0.000	
002658	雪迪龙	2.84	86215096	13.40	13.03	0	64659	0.45	13.07	13.65	12.91	--  	0.51	5.68	0.37	环境保护	--  	-0.000	
000897	津滨发展	5.56	85369096	3.61	3.42	0	238531	0.28	3.42	3.67	3.41	--  	0.58	7.60	0.19	区域地产	--  	-0.000	
600170	上海建工	0.27	85047520	3.77	3.76	0	225857	0.27	3.76	3.78	3.75	--  	2.91	0.80	0.01	建筑施工	--  	-0.000	
01929	周大福	5.36	84834000	8.650	8.210	200	10074000	0.00	8.230	8.680	8.190	--  	1.39	5.97	0.440	纺织服饰	--  	8.650	
601163	三角轮胎	0.49	84804112	20.61	20.51	0	41141	0.00	20.47	20.85	20.39	--  	1.95	2.24	0.10	汽车配件	--  	0.000	
300081	恒信东方	3.07	84544888	10.42	10.11	0	81677	0.19	10.08	10.49	10.08	--  	0.10	4.06	0.31	通信设备	--  	0.000	
600240	华业资本	3.09	83891600	9.00	8.73	0	94261	-0.10	8.72	9.03	8.72	--  	1.15	3.55	0.27	全国地产	--  	0.000	
300299	富春股份	2.88	83732688	8.94	8.69	0	94657	0.00	8.66	9.01	8.59	--  	0.61	4.83	0.25	通信设备	--  	-0.000	
002459	天业通联	2.53	82797928	12.18	11.88	0	67986	-0.07	11.93	12.28	11.88	--  	1.48	3.37	0.30	工程机械	--  	0.000	
600385	山东金泰	6.87	82293632	13.54	12.67	0	61280	0.67	12.65	13.94	12.65	--  	0.00	10.18	0.87	黄金	--  	-0.000	
000558	莱茵体育	2.99	81997232	5.17	5.02	0	159403	0.00	5.03	5.25	4.99	--  	0.00	5.18	0.15	文教休闲	--  	0.000	
00127	华人置业	4.34	81768120	13.460	12.900	500	6043722	0.00	13.300	13.700	13.300	235060	1.49	3.10	0.560	地产	17500	13.460	
002432	九安医疗	2.27	81318864	9.47	9.26	0	86584	0.32	9.25	9.58	9.19	--  	0.19	4.21	0.21	医疗保健	--  	0.000	
002229	鸿博股份	3.75	80564768	9.69	9.34	0	84137	0.00	9.37	9.78	9.32	--  	0.11	4.93	0.35	广告包装	--  	-0.000	
002147	新光圆成	0.08	80300408	12.96	12.95	0	62117	0.15	13.01	13.08	12.80	--  	2.97	2.16	0.01	区域地产	--  	0.000	
000738	航发控制	2.21	80271544	15.71	15.37	0	51562	0.00	15.40	15.75	15.38	--  	0.13	2.41	0.34	航空	--  	0.000	
300007	汉威科技	3.76	79814256	13.81	13.31	0	58023	0.00	13.30	13.98	13.22	--  	0.26	5.71	0.50	电器仪表	--  	0.000	
300326	凯利泰	1.21	79737312	8.36	8.26	0	96449	0.36	8.29	8.36	8.19	--  	0.30	2.06	0.10	医疗保健	--  	-0.000	
300534	陇神戎发	3.37	79639848	10.44	10.10	0	76263	0.00	10.15	10.80	10.05	--  	0.28	7.43	0.34	中成药	--  	-0.000	
000816	智慧农业	1.55	78830464	3.28	3.23	0	242144	0.00	3.23	3.29	3.21	--  	0.31	2.48	0.05	农用机械	--  	-0.000	
600959	江苏有线	1.33	78748512	8.38	8.27	0	94620	0.00	8.24	8.44	8.24	--  	1.21	2.42	0.11	影视音像	--  	0.000	
600335	国机汽车	1.75	78694240	11.64	11.44	0	67968	0.17	11.44	11.76	11.37	--  	1.31	3.41	0.20	汽车配件	--  	0.000	
300079	数码科技	1.87	78532888	4.35	4.27	0	181490	0.00	4.27	4.38	4.25	--  	0.70	3.04	0.08	通信设备	--  	-0.000	
002375	亚厦股份	1.18	78449800	7.70	7.61	0	102231	0.13	7.63	7.76	7.59	--  	0.53	2.23	0.09	装修装饰	--  	-0.000	
601608	中信重工	0.96	78395680	4.19	4.15	0	188257	0.24	4.14	4.21	4.12	--  	0.55	2.17	0.04	专用机械	--  	0.000	
600463	空港股份	7.60	78374568	12.17	11.31	0	65774	-0.07	11.35	12.40	11.23	--  	0.35	10.34	0.86	园区开发	--  	0.000	
600039	四川路桥	0.49	77600232	4.12	4.10	0	187455	-0.23	4.12	4.16	4.12	--  	1.02	0.98	0.02	建筑施工	--  	-0.000	
300262	巴安水务	0.43	77358008	9.32	9.28	0	83101	-0.10	9.34	9.39	9.24	--  	0.07	1.62	0.04	环境保护	--  	-0.000	
002639	雪人股份	0.97	77261576	8.33	8.25	0	92223	0.24	8.30	8.50	8.21	--  	0.18	3.52	0.08	专用机械	--  	-0.000	
600428	中远海特	0.52	77240016	5.79	5.76	0	132993	0.00	5.75	5.87	5.72	--  	0.17	2.60	0.03	水运	--  	-0.000	
600391	航发科技	2.97	76930544	20.47	19.88	0	37914	0.10	19.89	20.53	19.88	--  	0.15	3.27	0.59	航空	--  	-0.000	
000811	冰轮环境	1.38	76770088	8.09	7.98	0	95143	0.12	7.99	8.15	7.99	--  	0.42	2.01	0.11	工程机械	--  	0.000	
600612	老凤祥	1.64	76392576	42.23	41.55	0	17975	-0.01	41.91	42.85	41.90	--  	2.41	2.29	0.68	服饰	--  	-0.000	
000973	佛塑科技	2.14	76238656	6.21	6.08	0	123096	0.32	6.08	6.29	6.06	--  	0.82	3.78	0.13	塑料	--  	0.000	
600765	中航重机	1.57	76189728	12.33	12.14	0	62037	0.00	12.12	12.41	12.11	--  	0.33	2.47	0.19	机械基件	--  	-0.000	
002682	龙洲股份	2.93	75556080	11.58	11.25	0	65344	-0.16	11.39	11.78	11.38	--  	0.67	3.56	0.33	公路	--  	-0.000	
601801	皖新传媒	2.61	75372240	10.99	10.71	0	69301	0.37	10.66	11.00	10.66	--  	1.49	3.17	0.28	出版业	--  	-0.000	
600696	*ST匹凸	4.72	75354272	6.44	6.15	0	116952	0.00	6.46	6.46	6.35	--  	0.00	1.79	0.29	区域地产	--  	0.000	
603026	石大胜华	1.12	74873520	25.27	24.99	0	29623	-0.11	24.96	25.43	24.81	--  	2.40	2.48	0.28	化工原料	--  	0.000	
01476	恒投证券	29.18	74542960	3.630	2.810	1000	18535000	-0.55	2.900	4.800	2.900	--  	0.00	67.62	0.820	其他金融	--  	3.630	
600619	海立股份	2.68	74392368	11.89	11.58	0	63132	0.25	11.58	11.95	11.53	--  	0.86	3.63	0.31	机械基件	--  	0.000	
600868	梅雁吉祥	0.74	74378840	4.08	4.05	0	182779	0.00	4.05	4.09	4.04	--  	0.37	1.23	0.03	水力发电	--  	-0.000	
600292	远达环保	2.10	73846056	9.24	9.05	0	80509	0.00	9.02	9.25	9.01	--  	0.66	2.65	0.19	环境保护	--  	-0.000	
600343	航天动力	2.60	72740792	13.41	13.07	0	54648	0.07	13.11	13.44	13.11	--  	0.77	2.52	0.34	航空	--  	-0.000	
600017	日照港	1.02	72646936	3.95	3.91	0	184453	0.00	3.91	3.97	3.90	--  	0.26	1.79	0.04	港口	--  	0.000	
002135	东南网架	1.37	72568520	7.38	7.28	0	97786	-0.13	7.27	7.52	7.26	--  	0.07	3.57	0.10	建筑施工	--  	0.000	
002040	南 京 港	5.30	72502896	13.32	12.65	0	55586	0.38	12.67	13.32	12.61	--  	0.16	5.61	0.67	港口	--  	-0.000	
002454	松芝股份	1.22	71572032	11.62	11.48	0	61852	-0.08	11.47	11.65	11.46	--  	0.87	1.66	0.14	汽车配件	--  	-0.000	
300213	佳讯飞鸿	2.45	71117736	7.95	7.76	0	89885	0.00	7.79	8.07	7.72	--  	0.62	4.51	0.19	通信设备	--  	-0.000	
300625	三雄极光	1.50	71004656	25.67	25.29	0	27967	-0.26	25.21	25.76	25.10	--  	0.00	2.61	0.38	半导体	--  	0.000	
603703	盛洋科技	2.40	70981936	17.48	17.07	0	40943	-0.05	17.07	17.52	17.00	--  	0.14	3.05	0.41	通信设备	--  	-0.000	
000931	中 关 村	2.32	70353808	7.06	6.90	0	100495	0.14	6.90	7.08	6.83	--  	1.30	3.62	0.16	区域地产	--  	-0.000	
603579	荣泰健康	1.56	70272120	66.28	65.26	0	10648	0.33	64.93	67.34	64.71	--  	0.00	4.03	1.02	医疗保健	--  	-0.000	
300446	乐凯新材	4.85	70223664	23.12	22.05	0	30442	-0.08	22.04	23.77	22.04	--  	1.36	7.85	1.07	化工原料	--  	0.000	
601880	大连港	0.36	69461616	2.82	2.81	0	246673	0.00	2.81	2.83	2.80	--  	0.53	1.07	0.01	港口	--  	-0.000	
000599	青岛双星	2.82	69243664	6.56	6.38	0	105794	0.00	6.36	6.62	6.34	--  	0.31	4.39	0.18	汽车配件	--  	-0.000	
603000	人民网	2.29	68621200	11.15	10.90	0	62005	0.09	10.95	11.25	10.90	--  	0.41	3.21	0.25	互联网	--  	-0.000	
000498	山东路桥	0.88	68243688	6.91	6.85	0	99602	0.14	6.90	6.92	6.78	--  	0.00	2.04	0.06	建筑施工	--  	-0.000	
002211	宏达新材	2.95	67996472	7.34	7.13	0	93783	0.14	7.13	7.35	7.09	--  	0.00	3.65	0.21	橡胶	--  	0.000	
600269	赣粤高速	0.39	67919176	5.19	5.17	0	130915	0.19	5.16	5.21	5.16	--  	2.90	0.97	0.02	路桥	--  	0.000	
002668	奥马电器	1.36	67860072	19.44	19.18	0	34894	-0.04	19.20	19.63	19.02	--  	0.47	3.18	0.26	家用电器	--  	0.000	
000883	湖北能源	0.21	67825816	4.74	4.73	0	143232	0.21	4.73	4.76	4.71	--  	1.92	1.06	0.01	火力发电	--  	-0.000	
300579	数字认证	2.46	67763976	46.23	45.12	0	14784	-0.03	45.10	46.28	44.80	--  	0.66	3.28	1.11	软件服务	--  	-0.000	
000685	中山公用	0.48	67476000	10.40	10.35	0	65008	0.00	10.34	10.41	10.31	--  	1.93	0.97	0.05	水务	--  	-0.000	
002329	皇氏集团	2.74	67327624	6.74	6.56	0	100677	0.15	6.59	6.79	6.56	--  	0.91	3.51	0.18	乳制品	--  	-0.000	
300050	世纪鼎利	2.03	67007504	8.04	7.88	0	84004	0.37	7.88	8.06	7.84	--  	0.56	2.79	0.16	软件服务	--  	-0.000	
002534	杭锅股份	1.92	66802720	11.16	10.95	0	60416	0.09	10.99	11.19	10.88	--  	1.14	2.83	0.21	专用机械	--  	-0.000	
00400	科通芯城	7.73	65909352	4.460	4.140	1000	14923000	-0.45	4.130	4.590	4.130	--  	1.12	11.11	0.320	软件服务	--  	4.460	
600811	东方集团	0.43	65599176	4.66	4.64	0	141157	0.22	4.63	4.66	4.62	--  	0.00	0.86	0.02	综合类	--  	-0.000	
002681	奋达科技	1.34	65281732	11.35	11.20	0	57889	0.00	11.20	11.35	11.16	--  	0.38	1.70	0.15	家用电器	--  	0.000	
600185	格力地产	0.35	64885788	5.79	5.77	0	112470	0.00	5.74	5.83	5.70	--  	0.35	2.25	0.02	区域地产	--  	-0.000	
601008	连云港	2.32	64584496	4.85	4.74	0	134197	0.00	4.74	4.86	4.71	--  	0.21	3.16	0.11	港口	--  	-0.000	
600586	金晶科技	1.09	64460960	4.65	4.60	0	139836	0.43	4.58	4.65	4.57	--  	0.53	1.74	0.05	玻璃	--  	0.000	
600233	圆通速递	1.71	64425280	17.24	16.95	0	37470	0.06	16.99	17.40	16.86	--  	0.88	3.19	0.29	仓储物流	--  	-0.000	
300681	英搏尔	0.74	63803864	53.29	52.90	0	12098	0.41	52.55	54.06	51.71	--  	0.00	4.44	0.39	元器件	--  	0.000	
601700	风范股份	2.47	62649880	8.29	8.09	0	76090	-0.11	8.12	8.38	8.08	--  	1.85	3.71	0.20	电气设备	--  	-0.000	
601929	吉视传媒	1.68	62528404	3.03	2.98	0	207480	0.00	2.98	3.04	2.97	--  	0.84	2.35	0.05	影视音像	--  	-0.000	
002541	鸿路钢构	3.47	62027276	14.30	13.82	0	43602	0.00	13.97	14.48	13.92	--  	0.36	4.05	0.48	钢加工	--  	0.000	
600358	国旅联合	1.38	61439352	6.60	6.51	0	92837	0.76	6.52	6.95	6.50	--  	0.30	6.91	0.09	旅游服务	--  	-0.000	
601866	中远海发	1.16	61360832	3.50	3.46	0	175757	0.29	3.47	3.51	3.44	--  	1.16	2.02	0.04	水运	--  	0.000	
300491	通合科技	4.49	61238024	18.84	18.03	0	32582	0.21	18.10	19.38	17.90	--  	0.62	8.21	0.81	电气设备	--  	0.000	
000726	鲁 泰Ａ	0.27	61202724	11.00	10.97	0	55778	-0.08	10.97	11.03	10.90	--  	4.56	1.19	0.03	纺织	--  	0.000	
002447	壹桥股份	0.73	61166344	5.50	5.46	0	110906	0.18	5.47	5.60	5.45	--  	0.37	2.75	0.04	渔业	--  	0.000	
000905	厦门港务	2.07	61140540	10.86	10.64	0	56588	0.09	10.64	10.93	10.59	--  	0.49	3.20	0.22	港口	--  	-0.000	
002503	搜于特	0.18	60990288	5.45	5.44	0	112372	0.00	5.43	5.48	5.40	--  	0.23	1.47	0.01	服饰	--  	-0.000	
300470	日机密封	2.08	60615992	40.83	40.00	0	14976	0.22	40.00	41.19	39.74	--  	0.50	3.63	0.83	机械基件	--  	0.000	
002651	利君股份	2.97	60301740	7.27	7.06	0	84066	0.14	7.08	7.31	7.02	--  	0.71	4.11	0.21	专用机械	--  	-0.000	
300369	绿盟科技	2.43	59289432	9.27	9.05	0	64861	0.43	9.06	9.27	9.00	--  	0.66	2.98	0.22	软件服务	--  	0.000	
600557	康缘药业	1.11	58928872	13.67	13.52	0	43274	0.00	13.53	13.71	13.50	--  	0.44	1.55	0.15	中成药	--  	0.000	
601137	博威合金	2.75	58644616	11.97	11.65	0	49151	-0.16	11.66	12.10	11.54	--  	0.77	4.81	0.32	铜	--  	0.000	
300353	东土科技	3.40	58543200	13.70	13.25	0	43123	0.74	13.31	13.78	13.22	--  	0.36	4.23	0.45	通信设备	--  	-0.000	
000976	华铁股份	1.80	58512652	8.50	8.35	0	68809	0.00	8.37	8.65	8.36	--  	0.00	3.47	0.15	运输设备	--  	0.000	
002164	宁波东力	3.24	58311356	8.92	8.64	0	65524	-0.10	8.72	8.95	8.71	--  	0.74	2.78	0.28	电气设备	--  	0.000	
002017	东信和平	0.44	58218696	9.09	9.05	0	63502	0.11	9.14	9.27	9.05	--  	0.33	2.43	0.04	通信设备	--  	0.000	
300284	苏交科	1.58	58081700	16.73	16.47	0	34637	0.00	16.65	16.96	16.47	--  	0.82	2.98	0.26	建筑施工	--  	-0.000	
603988	中电电机	2.37	57512076	51.30	50.11	0	11371	1.38	51.00	51.60	49.59	--  	0.00	4.01	1.19	电气设备	--  	-0.000	
002190	成飞集成	2.26	57094020	22.18	21.69	0	26110	0.09	21.64	22.20	21.57	--  	0.55	2.90	0.49	汽车配件	--  	0.000	
002536	西泵股份	0.21	56594208	14.56	14.53	0	38937	0.00	14.53	14.67	14.38	--  	0.69	2.00	0.03	汽车配件	--  	0.000	
002026	山东威达	1.97	55781528	8.28	8.12	0	67960	0.12	8.13	8.29	8.10	--  	0.74	2.34	0.16	机械基件	--  	-0.000	
00451	协鑫新能源	3.45	55244604	0.600	0.580	2000	90848000	0.00	0.590	0.630	0.590	--  	0.00	6.90	0.020	工业工程	--  	0.600	
000544	中原环保	2.80	55239980	15.06	14.65	0	36663	-0.06	14.72	15.21	14.72	--  	0.34	3.34	0.41	环境保护	--  	0.000	
300185	通裕重工	0.43	54719396	2.31	2.30	0	237474	0.43	2.29	2.32	2.28	--  	1.74	1.74	0.01	工程机械	--  	-0.000	
06828	北京燃气蓝天	7.55	54427352	0.570	0.530	8000	96888632	0.00	0.530	0.580	0.530	--  	0.00	9.43	0.040	石油天然气	--  	0.570	
002652	扬子新材	4.49	54155532	7.45	7.13	0	74106	-0.12	7.13	7.48	7.13	--  	0.88	4.91	0.32	其他建材	--  	-0.000	
600629	华建集团	4.50	54130888	16.04	15.35	0	34169	0.00	15.34	16.44	15.30	--  	0.00	7.43	0.69	建筑施工	--  	0.000	
002256	兆新股份	2.35	54116724	4.35	4.25	0	125710	0.00	4.25	4.36	4.23	--  	1.18	3.06	0.10	染料涂料	--  	-0.000	
603566	普莱柯	3.05	53884120	24.31	23.59	0	22265	0.04	23.60	24.60	23.14	--  	0.85	6.19	0.72	生物制药	--  	-0.000	
300258	精锻科技	1.12	53736908	15.31	15.14	0	35387	-0.12	15.17	15.43	15.00	--  	0.66	2.84	0.17	汽车配件	--  	0.000	
600300	维维股份	2.04	53545256	4.51	4.42	0	119662	0.22	4.43	4.52	4.40	--  	0.45	2.71	0.09	软饮料	--  	0.000	
300048	合康新能	2.07	53140296	3.95	3.87	0	134766	0.25	3.86	3.98	3.85	--  	0.92	3.36	0.08	电气设备	--  	0.000	
600452	涪陵电力	1.43	53028880	34.69	34.20	0	15366	0.26	34.30	34.87	34.20	--  	0.47	1.96	0.49	水力发电	--  	-0.000	
300039	上海凯宝	2.05	52922756	6.48	6.35	0	81976	0.00	6.33	6.61	6.31	--  	1.57	4.72	0.13	中成药	--  	0.000	
002529	海源机械	2.37	52815324	15.56	15.20	0	34322	0.19	15.22	15.62	15.21	--  	0.00	2.70	0.36	专用机械	--  	0.000	
000652	泰达股份	2.02	52411768	4.55	4.46	0	114818	0.00	4.46	4.64	4.44	--  	0.34	4.48	0.09	批发业	--  	0.000	
002590	万安科技	1.07	52023784	13.28	13.14	0	39450	0.15	13.12	13.32	13.02	--  	0.19	2.28	0.14	汽车配件	--  	-0.000	
300043	星辉娱乐	1.64	51812128	6.18	6.08	0	84385	0.16	6.06	6.21	6.05	--  	0.99	2.63	0.10	文教休闲	--  	-0.000	
300311	任子行	1.07	51765764	14.17	14.02	0	36742	0.07	14.04	14.28	13.92	--  	0.36	2.57	0.15	软件服务	--  	0.000	
300432	富临精工	2.64	51299788	18.27	17.80	0	28212	0.00	17.80	18.47	17.80	--  	1.69	3.76	0.47	汽车配件	--  	0.000	
300150	世纪瑞尔	6.07	51248140	5.77	5.44	0	91123	0.00	5.44	5.82	5.40	--  	1.02	7.72	0.33	软件服务	--  	-0.000	
000650	仁和药业	1.89	51023656	5.38	5.28	0	95593	0.00	5.28	5.41	5.27	--  	1.89	2.65	0.10	中成药	--  	0.000	
300001	特锐德	0.87	50956748	13.90	13.78	0	36737	-0.06	13.69	13.97	13.68	--  	0.15	2.10	0.12	电气设备	--  	-0.000	
600481	双良节能	3.22	50475592	4.17	4.04	0	122908	0.00	4.03	4.19	4.01	--  	1.98	4.46	0.13	环境保护	--  	0.000	
600536	中国软件	1.08	50447484	16.91	16.73	0	29953	0.12	16.66	16.99	16.66	--  	0.38	1.97	0.18	软件服务	--  	-0.000	
603517	绝味食品	2.38	50253180	41.23	40.27	0	12216	0.02	40.27	41.40	40.27	--  	0.82	2.81	0.96	食品	--  	-0.000	
000055	方大集团	1.30	49927964	6.23	6.15	0	80699	0.16	6.16	6.24	6.12	--  	3.79	1.95	0.08	其他建材	--  	0.000	
300011	鼎汉技术	4.01	49744492	10.90	10.48	0	45804	0.00	10.47	11.00	10.47	--  	0.27	5.06	0.42	运输设备	--  	-0.000	
002416	爱施德	0.63	49691240	9.55	9.49	0	51933	-0.09	9.49	9.65	9.46	--  	1.58	2.00	0.06	电器连锁	--  	0.000	
000506	中润资源	3.92	49573892	7.68	7.39	0	63220	0.00	7.38	8.13	7.38	--  	0.34	10.15	0.29	区域地产	--  	-0.000	
03958	东方证券	3.87	49401760	8.050	7.750	400	6251200	1.00	7.800	8.050	7.630	--  	0.00	5.42	0.300	其他金融	--  	8.050	
000020	深华发Ａ	5.65	49317264	15.14	14.33	0	32449	-0.06	14.48	15.76	14.32	--  	0.00	10.05	0.81	元器件	--  	0.000	
00547	数字王国	12.00	49073212	0.196	0.175	10000	258470000	0.51	0.179	0.198	0.177	--  	0.00	12.00	0.021	媒体及娱乐	--  	0.196	
603299	井神股份	0.41	48706084	9.80	9.76	0	49680	0.20	9.88	9.88	9.74	--  	0.20	1.43	0.04	化工原料	--  	0.000	
002395	双象股份	2.10	47528432	13.10	12.83	0	36418	0.38	12.60	13.48	12.60	--  	0.62	6.86	0.27	塑料	--  	0.000	
00546	阜丰集团	3.88	47120692	5.350	5.150	1000	8886055	0.19	5.150	5.350	5.140	--  	1.64	4.08	0.200	食物饮品	--  	5.350	
00606	中国粮油控股	2.33	47044612	3.510	3.430	1000	13447713	-0.28	3.440	3.550	3.430	--  	1.14	3.50	0.080	农业产品	--  	3.510	
01065	天津创业环保股份	7.49	46963884	4.880	4.540	2000	9745938	0.21	4.550	4.900	4.550	--  	0.00	7.71	0.340	公用事业	--  	4.880	
03969	中国通号	1.13	46344880	6.270	6.200	1000	7392680	0.48	6.140	6.340	6.140	--  	0.00	3.23	0.070	软件服务	--  	6.270	
002162	悦心健康	1.93	45993524	5.28	5.18	0	87293	0.00	5.28	5.33	5.22	--  	0.00	2.12	0.10	医疗保健	--  	0.000	
000920	南方汇通	2.46	45455864	10.00	9.76	0	45541	0.10	9.75	10.14	9.72	--  	0.31	4.30	0.24	环境保护	--  	0.000	
300420	五洋科技	3.54	44957216	7.32	7.07	0	60916	0.27	7.30	7.67	7.28	--  	0.00	5.52	0.25	机械基件	--  	0.000	
000543	皖能电力	0.79	44938416	5.11	5.07	0	88280	0.00	5.07	5.12	5.05	--  	0.99	1.38	0.04	火力发电	--  	0.000	
002526	山东矿机	4.57	44925292	6.63	6.34	0	69257	0.45	6.39	6.67	6.28	--  	0.55	6.15	0.29	工程机械	--  	0.000	
600548	深高速	0.22	44582824	8.99	8.97	0	49737	0.11	9.01	9.04	8.89	--  	2.45	1.67	0.02	路桥	--  	-0.000	
600064	南京高科	0.07	44398248	14.35	14.34	0	30973	-0.06	14.33	14.38	14.28	--  	2.79	0.70	0.01	园区开发	--  	0.000	
600894	广日股份	0.95	43877628	9.55	9.46	0	46035	0.21	9.48	9.57	9.42	--  	4.02	1.59	0.09	运输设备	--  	0.000	
603818	曲美家居	1.52	43795824	14.71	14.49	0	30055	-0.06	14.49	14.76	14.40	--  	0.53	2.48	0.22	家居用品	--  	0.000	
600433	冠豪高新	2.36	43782520	4.77	4.66	0	92860	-0.20	4.67	4.81	4.60	--  	0.82	4.51	0.11	造纸	--  	-0.000	
002515	金字火腿	2.65	43639756	8.52	8.30	0	51220	0.24	8.36	8.68	8.28	--  	0.00	4.82	0.22	食品	--  	0.000	
000821	京山轻机	1.12	43599396	12.59	12.45	0	34838	0.08	12.45	12.67	12.33	--  	0.16	2.73	0.14	轻工机械	--  	0.000	
300280	南通锻压	0.42	43571004	35.80	35.65	0	12262	0.56	35.66	36.10	35.28	--  	0.03	2.30	0.15	专用机械	--  	-0.000	
00943	意科控股	41.32	43532820	0.171	0.121	8000	296146016	0.59	0.122	0.173	0.121	--  	0.00	42.98	0.050	家电及用品	--  	0.171	
000070	特发信息	1.71	43523224	9.52	9.36	0	45992	0.11	9.33	9.57	9.32	--  	0.40	2.67	0.16	通信设备	--  	0.000	
000099	中信海直	1.64	43513896	9.29	9.14	0	47143	0.11	9.14	9.35	9.11	--  	0.82	2.63	0.15	空运	--  	-0.000	
600610	中毅达	2.70	43421128	5.70	5.55	0	77447	0.18	5.50	5.73	5.50	--  	0.00	4.14	0.15	建筑施工	--  	-0.000	
00575	励晶太平洋	13.51	43126708	0.420	0.370	10000	105389000	-1.18	0.375	0.430	0.370	--  	0.00	16.22	0.050	医药医疗	--  	0.420	
600590	泰豪科技	1.01	42835204	11.01	10.90	0	39061	0.18	10.85	11.02	10.85	--  	1.10	1.56	0.11	电气设备	--  	0.000	
000851	高鸿股份	1.50	42828996	8.80	8.67	0	48836	-0.10	8.65	8.86	8.62	--  	0.22	2.77	0.13	软件服务	--  	0.000	
601515	东风股份	1.22	42724960	9.96	9.84	0	43170	0.61	9.85	10.01	9.81	--  	2.54	2.03	0.12	广告包装	--  	0.000	
02343	太平洋航运	1.72	42619544	1.770	1.740	1000	24327058	0.00	1.720	1.770	1.720	--  	0.00	2.87	0.030	工用运输	--  	1.770	
002778	高科石化	0.20	42505996	25.15	25.10	0	17120	0.08	24.85	25.15	24.33	--  	0.32	3.27	0.05	石油加工	--  	-0.000	
600063	皖维高新	1.31	42490336	3.86	3.81	0	109983	0.00	3.81	3.90	3.81	--  	0.45	2.36	0.05	化纤	--  	-0.000	
600228	*ST昌九	5.04	41925992	12.50	11.90	0	33707	0.00	12.38	12.50	12.00	--  	0.30	4.20	0.60	化工原料	--  	0.000	
300407	凯发电气	10.01	41728636	11.76	10.69	0	36109	0.00	10.72	11.76	10.72	--  	0.19	9.73	1.07	电气设备	--  	0.000	
02099	中国黄金国际	2.17	41650020	15.080	14.760	100	2739600	0.40	14.800	15.600	14.760	--  	0.00	5.69	0.320	黄金贵金属	--  	15.080	
603569	长久物流	2.05	41263676	24.89	24.39	0	16481	-0.15	24.39	25.60	24.32	--  	0.66	5.25	0.50	仓储物流	--  	-0.000	
002441	众业达	1.69	41246260	10.20	10.03	0	40715	0.00	10.04	10.23	9.99	--  	0.79	2.39	0.17	批发业	--  	-0.000	
002205	国统股份	3.60	40867420	18.44	17.80	0	22133	-0.10	17.90	18.90	17.76	--  	1.01	6.40	0.64	其他建材	--  	0.000	
01812	晨鸣纸业	0.83	40655336	14.620	14.500	500	2779500	0.14	14.520	14.780	14.500	--  	0.00	1.93	0.120	原材料	--  	14.620	
002566	益盛药业	3.17	40209856	9.12	8.84	0	44469	0.00	8.85	9.20	8.81	--  	0.57	4.41	0.28	中成药	--  	-0.000	
300617	安靠智电	2.16	40206540	52.00	50.90	0	7743	-0.33	51.00	53.66	50.55	--  	0.39	6.11	1.10	电气设备	--  	0.000	
300546	雄帝科技	3.60	40179196	21.86	21.10	0	18697	-0.17	21.01	22.28	20.80	--  	0.93	7.01	0.76	元器件	--  	0.000	
002712	思美传媒	3.81	40050804	23.99	23.11	0	17148	0.29	22.91	24.00	22.90	--  	0.30	4.76	0.88	广告包装	--  	-0.000	
02669	中海物业	2.31	39736080	2.210	2.160	5000	18045858	0.00	2.180	2.240	2.130	--  	0.68	5.09	0.050	支援服务	--  	2.210	
000862	银星能源	3.47	39714964	5.07	4.90	0	77284	-0.19	4.90	5.39	4.87	--  	0.00	10.61	0.17	新型电力	--  	0.000	
002758	华通医药	3.56	39695728	10.76	10.39	0	37111	0.09	10.35	11.18	10.30	--  	0.71	8.47	0.37	医药商业	--  	0.000	
603118	共进股份	1.36	39542220	8.93	8.81	0	44599	0.00	8.79	8.96	8.75	--  	1.55	2.38	0.12	通信设备	--  	0.000	
600640	号百控股	2.47	39308296	14.94	14.58	0	26598	0.07	14.51	14.99	14.45	--  	0.05	3.70	0.36	酒店餐饮	--  	-0.000	
002059	云南旅游	3.98	39255400	7.83	7.53	0	50384	-0.12	7.53	8.15	7.50	--  	0.27	8.63	0.30	旅游景点	--  	-0.000	
600513	联环药业	1.37	39103412	8.91	8.79	0	44291	0.00	8.80	8.95	8.72	--  	0.75	2.62	0.12	化学制药	--  	-0.000	
603031	安德利	4.15	38336524	25.35	24.34	0	15325	0.20	24.38	25.42	24.19	--  	0.70	5.05	1.01	百货	--  	0.000	
300080	易成新能	0.46	37988356	6.57	6.54	0	58056	0.00	6.52	6.60	6.48	--  	0.15	1.83	0.03	半导体	--  	0.000	
603609	禾丰牧业	1.90	37892312	9.11	8.94	0	41619	0.22	8.97	9.20	8.95	--  	1.12	2.80	0.17	饲料	--  	-0.000	
002841	视源股份	1.08	37846836	73.64	72.85	0	5144	0.08	72.88	74.01	72.88	--  	0.57	1.55	0.79	元器件	--  	-0.000	
300217	东方电热	0.67	37841680	3.02	3.00	0	125683	0.00	2.99	3.03	2.98	--  	0.33	1.67	0.02	电器仪表	--  	-0.000	
300005	探路者	1.62	37675964	5.63	5.54	0	67367	0.18	5.55	5.63	5.51	--  	2.41	2.17	0.09	服饰	--  	0.000	
603166	福达股份	3.23	37652172	8.31	8.05	0	45846	0.12	8.06	8.48	8.02	--  	2.48	5.71	0.26	汽车配件	--  	0.000	
000700	模塑科技	1.57	37635020	5.82	5.73	0	65247	0.52	5.73	5.83	5.69	--  	1.92	2.44	0.09	汽车配件	--  	0.000	
300478	杭州高新	1.50	37576636	43.30	42.66	0	8701	0.05	42.80	43.40	42.12	--  	0.35	3.00	0.64	橡胶	--  	-0.000	
000909	数源科技	4.42	37568796	11.10	10.63	0	34537	0.18	10.63	11.17	10.55	--  	0.37	5.83	0.47	综合类	--  	0.000	
600983	惠而浦	4.28	37457776	7.79	7.47	0	48865	0.13	7.41	7.84	7.39	--  	1.41	6.02	0.32	家用电器	--  	-0.000	
300430	诚益通	1.89	37152000	21.01	20.62	0	17613	0.19	20.99	21.37	20.69	--  	0.00	3.30	0.39	电器仪表	--  	0.000	
600173	卧龙地产	0.34	37030548	5.97	5.95	0	61959	0.34	5.90	6.04	5.88	--  	0.84	2.69	0.02	全国地产	--  	-0.000	
600419	天润乳业	3.39	36978144	47.91	46.34	0	7819	0.15	46.34	48.00	46.15	--  	0.08	3.99	1.57	乳制品	--  	-0.000	
002200	云投生态	4.00	36964860	13.00	12.50	0	29347	2.36	12.54	13.00	12.42	--  	1.09	4.64	0.50	环境保护	--  	0.000	
002620	瑞和股份	1.96	36491120	9.87	9.68	0	37413	-0.09	9.61	9.91	9.61	--  	1.03	3.10	0.19	装修装饰	--  	-0.000	
300461	田中精机	7.37	36416564	62.37	58.09	0	6000	0.11	58.08	63.33	57.64	--  	0.09	9.80	4.28	专用机械	--  	-0.000	
002801	微光股份	3.35	36394044	36.07	34.90	0	10182	-0.02	34.68	36.98	34.68	--  	0.43	6.59	1.17	电气设备	--  	-0.000	
300526	中潜股份	0.76	36322476	18.61	18.47	0	19608	0.00	18.26	18.80	18.10	--  	0.40	3.79	0.14	专用机械	--  	0.000	
000702	正虹科技	3.30	36297992	7.20	6.97	0	51013	-0.27	6.96	7.25	6.93	--  	1.07	4.59	0.23	饲料	--  	-0.000	
02006	锦江酒店	2.41	36067924	2.970	2.900	2000	12121000	-0.67	2.900	3.030	2.880	4249160	0.00	5.17	0.070	酒店及消闲	1426000	2.970	
600576	祥源文化	1.32	35920396	7.69	7.59	0	46798	0.00	7.58	7.78	7.57	--  	0.00	2.77	0.10	影视音像	--  	0.000	
600105	永鼎股份	1.52	35848032	6.68	6.58	0	53992	0.00	6.58	6.73	6.54	--  	1.49	2.89	0.10	通信设备	--  	-0.000	
002298	中电鑫龙	0.77	35757044	9.12	9.05	0	39360	0.11	9.03	9.12	9.01	--  	0.44	1.22	0.07	软件服务	--  	-0.000	
002255	海陆重工	1.92	35698056	6.90	6.77	0	51933	0.00	6.77	7.01	6.72	--  	0.38	4.28	0.13	专用机械	--  	0.000	
000919	金陵药业	1.35	35486156	9.01	8.89	0	39693	0.00	8.89	9.09	8.83	--  	1.91	2.92	0.12	化学制药	--  	0.000	
603029	天鹅股份	1.83	35485776	21.16	20.78	0	17033	0.19	20.82	21.20	20.43	--  	0.44	3.71	0.38	农用机械	--  	-0.000	
000416	民生控股	3.62	35454652	7.45	7.19	0	47406	-0.12	7.20	7.83	7.20	--  	0.70	8.76	0.26	多元金融	--  	-0.000	
600812	华北制药	2.79	35427672	5.15	5.01	0	69500	-0.18	5.02	5.17	5.00	--  	0.40	3.39	0.14	化学制药	--  	0.000	
603179	新泉股份	1.46	35366804	37.48	36.94	0	9522	-0.02	36.91	37.62	36.65	--  	0.00	2.63	0.54	汽车配件	--  	-0.000	
600676	交运股份	0.90	34973268	6.70	6.64	0	52261	0.15	6.63	6.74	6.61	--  	1.51	1.96	0.06	公共交通	--  	-0.000	
600897	厦门空港	0.67	34941748	22.69	22.54	0	15478	0.22	22.55	22.78	22.40	--  	4.48	1.69	0.15	机场	--  	0.000	
000046	泛海控股	1.19	34924664	7.67	7.58	0	45548	0.13	7.56	7.76	7.52	--  	1.98	3.17	0.09	全国地产	--  	0.000	
002802	洪汇新材	0.78	34911952	29.57	29.34	0	11711	0.00	29.34	30.40	29.05	--  	0.51	4.60	0.23	化工原料	--  	-0.000	
600261	阳光照明	0.18	34826364	5.58	5.57	0	62273	0.18	5.56	5.62	5.53	--  	2.87	1.62	0.01	家用电器	--  	-0.000	
03933	联邦制药	0.63	34775172	6.420	6.380	2000	5405000	0.16	6.400	6.580	6.300	--  	0.00	4.39	0.040	医药医疗	--  	6.420	
002734	利民股份	1.72	34529272	25.47	25.04	0	13748	0.16	25.05	25.48	24.70	--  	1.40	3.12	0.43	农药化肥	--  	-0.000	
02128	中国联塑	3.26	34523812	5.390	5.220	1000	6463000	0.56	5.240	5.390	5.230	--  	0.00	3.07	0.170	建筑	--  	5.390	
600730	中国高科	0.59	34452156	6.86	6.82	0	50496	0.00	6.81	6.87	6.76	--  	0.82	1.61	0.04	综合类	--  	0.000	
002388	新亚制程	2.02	34387980	8.10	7.94	0	42941	0.00	7.95	8.15	7.88	--  	0.00	3.40	0.16	元器件	--  	0.000	
600615	丰华股份	0.68	34385576	13.39	13.30	0	25678	0.22	13.32	13.45	13.31	--  	0.00	1.05	0.09	小金属	--  	0.000	
300531	优博讯	1.07	34212416	16.05	15.88	0	21337	0.06	15.89	16.17	15.85	--  	0.27	2.02	0.17	软件服务	--  	-0.000	
600775	南京熊猫	2.68	34207348	8.06	7.85	0	42890	0.00	7.84	8.10	7.84	--  	0.89	3.31	0.21	通信设备	--  	0.000	
01021	麦达斯控股－Ｓ	435.9	34200280	4.180	0.780	1000	9155000	-1.65	0.800	8.100	0.740	--  	0.00	943.59	3.400	一般金属	--  	4.180	
600689	上海三毛	1.39	33809136	11.69	11.53	0	29148	0.17	11.50	11.72	11.43	--  	0.43	2.52	0.16	纺织	--  	-0.000	
603416	信捷电气	1.55	33463936	32.14	31.65	0	10429	-0.08	31.73	32.45	31.48	--  	0.41	3.06	0.49	电气设备	--  	-0.000	
01970	IMAX CHINA	5.88	33011066	25.200	23.800	100	1301000	-0.20	24.200	26.100	23.550	--  	0.00	10.71	1.400	媒体及娱乐	--  	25.200	
02778	冠君产业信托	1.38	32875896	5.860	5.780	1000	5666000	1.03	5.780	5.860	5.760	1502840	0.00	1.73	0.080		258000	5.860	
000707	双环科技	2.81	32812748	5.86	5.70	0	56307	0.00	5.69	5.90	5.64	--  	0.18	4.56	0.16	化工原料	--  	0.000	
600692	亚通股份	1.38	32650012	10.26	10.12	0	32098	0.20	10.12	10.29	10.03	--  	0.00	2.57	0.14	水运	--  	0.000	
01293	广汇宝信	4.62	32448570	4.080	3.900	500	7984657	0.00	3.960	4.140	3.960	--  	0.00	4.62	0.180	汽车	--  	4.080	
603186	华正新材	1.79	32290820	24.41	23.98	0	13197	0.16	24.25	24.80	24.07	--  	0.63	3.04	0.43	元器件	--  	-0.000	
300082	奥克股份	1.75	32268460	6.96	6.84	0	46609	0.14	6.82	6.99	6.82	--  	0.94	2.49	0.12	化工原料	--  	0.000	
300495	美尚生态	1.54	32016754	15.13	14.90	0	21295	0.07	14.82	15.18	14.81	--  	0.40	2.48	0.23	环境保护	--  	0.000	
600969	郴电国际	0.88	32006344	12.57	12.46	0	25603	0.00	12.47	12.59	12.44	--  	0.53	1.20	0.11	水力发电	--  	-0.000	
002414	高德红外	1.06	31847424	17.16	16.98	0	18704	0.06	16.99	17.19	16.84	--  	0.09	2.06	0.18	电器仪表	--  	-0.000	
002574	明牌珠宝	0.93	31633434	7.59	7.52	0	41842	0.26	7.52	7.59	7.50	--  	0.66	1.20	0.07	服饰	--  	0.000	
601789	宁波建工	0.88	31115908	4.60	4.56	0	67764	0.00	4.55	4.62	4.54	--  	1.54	1.75	0.04	建筑施工	--  	-0.000	
601107	四川成渝	0.72	30815576	4.20	4.17	0	73561	0.00	4.15	4.21	4.15	--  	2.64	1.44	0.03	路桥	--  	-0.000	
600462	九有股份	2.63	30656388	4.69	4.57	0	65972	0.00	4.55	4.76	4.54	--  	0.00	4.81	0.12	元器件	--  	0.000	
00336	华宝国际	1.36	30166922	5.220	5.150	1000	5806668	0.38	5.150	5.230	5.130	--  	3.07	1.94	0.070	食物饮品	--  	5.220	
300165	天瑞仪器	1.72	29867842	6.50	6.39	0	46048	0.15	6.40	6.55	6.35	--  	0.39	3.13	0.11	电器仪表	--  	0.000	
601969	海南矿业	0.45	29867828	9.02	8.98	0	33298	0.22	8.96	9.04	8.88	--  	0.32	1.78	0.04	普钢	--  	0.000	
300321	同大股份	0.25	29784106	23.59	23.53	0	12651	0.13	23.49	24.00	23.20	--  	0.43	3.40	0.06	塑料	--  	0.000	
603828	柯利达	0.10	29688166	9.83	9.82	0	30196	-0.09	9.81	10.00	9.73	--  	0.57	2.75	0.01	装修装饰	--  	-0.000	
300018	中元股份	1.40	29405578	6.51	6.42	0	45451	0.00	6.42	6.51	6.39	--  	0.77	1.87	0.09	电气设备	--  	0.000	
300503	昊志机电	1.38	29350904	13.18	13.00	0	22584	0.23	13.10	13.22	12.85	--  	0.71	2.85	0.18	机械基件	--  	0.000	
300490	华自科技	3.09	29284800	14.66	14.22	0	20139	0.21	14.40	14.71	14.15	--  	0.31	3.94	0.44	电气设备	--  	-0.000	
002186	全 聚 德	2.04	29253192	18.05	17.69	0	16295	0.06	17.69	18.13	17.63	--  	1.36	2.83	0.36	酒店餐饮	--  	-0.000	
002705	新宝股份	2.15	29187350	12.83	12.56	0	22936	0.08	12.50	12.85	12.50	--  	2.14	2.79	0.27	家用电器	--  	-0.000	
600624	复旦复华	1.04	29109756	6.83	6.76	0	42830	0.00	6.76	6.86	6.72	--  	0.37	2.07	0.07	综合类	--  	-0.000	
603528	多伦科技	1.69	29091372	9.03	8.88	0	32390	0.00	8.89	9.08	8.81	--  	1.88	3.04	0.15	软件服务	--  	-0.000	
300030	阳普医疗	1.63	29081060	8.73	8.59	0	33605	0.00	8.57	8.80	8.54	--  	0.29	3.03	0.14	医疗保健	--  	-0.000	
300066	三川智慧	2.39	29049924	4.71	4.60	0	62129	0.00	4.61	4.77	4.58	--  	0.43	4.13	0.11	电器仪表	--  	0.000	
01138	中远海能	0.23	28747522	4.350	4.340	2000	6582052	-0.46	4.340	4.390	4.330	--  	0.00	1.38	0.010	工用运输	--  	4.350	
002105	信隆健康	0.91	28706808	6.66	6.60	0	43360	-0.14	6.60	6.68	6.56	--  	0.69	1.82	0.06	文教休闲	--  	-0.000	
603028	赛福天	2.12	28697264	10.62	10.40	0	27179	-0.08	10.40	10.77	10.32	--  	0.41	4.33	0.22	钢加工	--  	-0.000	
002671	龙泉股份	2.46	28632578	7.08	6.91	0	40764	0.14	6.95	7.15	6.87	--  	0.17	4.05	0.17	其他建材	--  	-0.000	
600106	重庆路桥	1.16	28513684	4.35	4.30	0	65861	0.00	4.30	4.35	4.29	--  	2.07	1.40	0.05	路桥	--  	-0.000	
601007	金陵饭店	2.80	28336834	11.00	10.70	0	25945	0.00	10.70	11.09	10.67	--  	1.12	3.93	0.30	酒店餐饮	--  	0.000	
002269	美邦服饰	0.61	28127524	3.30	3.28	0	85476	0.00	3.26	3.32	3.25	--  	1.23	2.13	0.02	服饰	--  	-0.000	
000061	农 产 品	0.13	28077704	7.71	7.70	0	36457	-0.12	7.74	7.74	7.66	--  	0.65	1.04	0.01	农业综合	--  	0.000	
600467	好当家	0.32	27619456	3.16	3.15	0	87760	0.00	3.14	3.16	3.13	--  	0.32	0.95	0.01	渔业	--  	0.000	
300370	安控科技	0.78	27563484	3.88	3.85	0	71297	0.26	3.85	3.89	3.83	--  	0.49	1.56	0.03	电器仪表	--  	0.000	
002225	濮耐股份	1.15	27422030	5.27	5.21	0	52042	-0.18	5.23	5.30	5.21	--  	0.38	1.73	0.06	其他建材	--  	-0.000	
600523	贵航股份	0.73	27251064	16.57	16.45	0	16494	0.18	16.50	16.64	16.39	--  	1.09	1.52	0.12	汽车配件	--  	-0.000	
002765	蓝黛传动	3.39	27221514	9.15	8.85	0	30104	0.22	8.87	9.17	8.80	--  	0.56	4.18	0.30	汽车配件	--  	-0.000	
300062	中能电气	2.59	27115706	7.12	6.94	0	38256	0.14	6.97	7.19	6.94	--  	0.72	3.60	0.18	电气设备	--  	-0.000	
000948	南天信息	1.54	27096748	10.52	10.36	0	25726	0.19	10.65	10.67	10.42	--  	0.48	2.41	0.16	软件服务	--  	0.000	
300385	雪浪环境	1.33	26971452	25.21	24.88	0	10734	-0.07	24.96	25.34	24.78	--  	0.46	2.25	0.33	环境保护	--  	-0.000	
000517	荣安地产	0.87	26928032	3.47	3.44	0	77713	0.00	3.43	3.49	3.42	--  	0.87	2.03	0.03	区域地产	--  	0.000	
00588	北京北辰实业股份	0.35	26891722	2.900	2.890	2000	9326000	0.35	2.890	2.910	2.850	--  	0.00	2.08	0.010	地产	--  	2.900	
600279	重庆港九	1.02	26563536	5.95	5.89	0	44791	0.34	5.89	5.95	5.89	--  	0.68	1.02	0.06	港口	--  	-0.000	
603698	航天工程	0.80	26506132	20.15	19.99	0	13223	0.15	19.97	20.26	19.77	--  	0.60	2.45	0.16	专用机械	--  	-0.000	
002084	海鸥卫浴	2.14	26383998	6.68	6.54	0	39386	0.15	6.60	6.83	6.60	--  	1.38	3.52	0.14	家居用品	--  	-0.000	
300384	三联虹普	1.97	26377496	29.57	29.00	0	9005	-0.06	29.09	30.00	28.56	--  	0.92	4.97	0.57	纺织机械	--  	-0.000	
00512	远大医药	3.18	26124964	3.890	3.770	4000	6842300	-0.26	3.750	3.970	3.700	--  	0.00	7.16	0.120	医药医疗	--  	3.890	
02342	京信通信	5.33	26061740	1.580	1.500	2000	16663048	0.64	1.510	1.600	1.500	137940	0.00	6.67	0.080	信息器材	88000	1.580	
600603	广汇物流	2.04	25944676	7.00	6.86	0	37407	0.14	6.89	7.02	6.82	--  	0.00	2.92	0.14	仓储物流	--  	0.000	
600317	营口港	0.59	25785888	3.41	3.39	0	75903	0.00	3.39	3.42	3.37	--  	0.68	1.47	0.02	港口	--  	0.000	
300162	雷曼股份	1.29	25722432	7.84	7.74	0	32885	-0.24	7.74	7.94	7.70	--  	1.29	3.10	0.10	元器件	--  	0.000	
300515	三德科技	10.03	25500078	12.73	11.57	0	20054	0.00	12.50	12.73	12.50	--  	0.86	1.99	1.16	电器仪表	--  	-0.000	
600975	新五丰	1.39	25331696	5.85	5.77	0	43669	0.69	5.78	5.85	5.74	--  	1.73	1.91	0.08	农业综合	--  	-0.000	
01777	花样年控股	5.36	25215346	1.180	1.120	1500	21813000	0.85	1.130	1.180	1.120	--  	0.00	5.36	0.060	地产	--  	1.180	
300318	博晖创新	2.20	25198690	5.58	5.46	0	44698	0.00	5.48	5.77	5.48	--  	0.05	5.31	0.12	医疗保健	--  	-0.000	
600220	江苏阳光	0.65	25143214	3.10	3.08	0	81355	0.00	3.08	3.11	3.07	--  	0.00	1.30	0.02	纺织	--  	-0.000	
300095	华伍股份	0.62	24901118	8.08	8.03	0	31058	0.12	7.98	8.09	7.97	--  	0.37	1.49	0.05	机械基件	--  	-0.000	
600359	新农开发	0.88	24850140	6.85	6.79	0	36492	-0.14	6.74	6.86	6.72	--  	1.24	2.06	0.06	农业综合	--  	-0.000	
000875	吉电股份	1.54	24683198	3.96	3.90	0	62648	0.51	3.92	3.96	3.90	--  	0.00	1.54	0.06	火力发电	--  	0.000	
002571	*ST德力	3.97	24227820	8.38	8.06	0	29293	-0.23	7.99	8.46	7.99	--  	0.32	5.83	0.32	玻璃	--  	0.000	
000521	美菱电器	0.39	24194412	5.18	5.16	0	46894	0.19	5.17	5.19	5.11	--  	1.16	1.55	0.02	家用电器	--  	-0.000	
002471	中超控股	0.98	23954576	4.11	4.07	0	58485	0.00	4.07	4.12	4.06	--  	0.25	1.47	0.04	电气设备	--  	0.000	
002623	亚玛顿	1.15	23905280	22.81	22.55	0	10519	0.00	22.11	22.96	22.11	--  	0.06	3.77	0.26	玻璃	--  	-0.000	
603232	格尔软件	0.22	23814416	49.01	48.90	0	4873	-0.01	48.80	49.18	48.50	--  	0.00	1.39	0.11	软件服务	--  	-0.000	
300210	森远股份	1.65	23368528	6.16	6.06	0	37686	-0.15	6.06	6.28	6.06	--  	0.28	3.63	0.10	专用机械	--  	-0.000	
000532	华金资本	0.86	23141792	10.61	10.52	0	21966	-0.08	10.55	10.62	10.44	--  	0.57	1.71	0.09	元器件	--  	-0.000	
603100	川仪股份	0.59	23131852	10.15	10.09	0	22884	0.30	10.05	10.17	10.04	--  	0.99	1.29	0.06	电器仪表	--  	-0.000	
600836	界龙实业	0.97	22907076	5.18	5.13	0	44222	0.00	5.15	5.21	5.14	--  	0.19	1.36	0.05	广告包装	--  	-0.000	
001896	豫能控股	1.28	22492122	5.56	5.49	0	40670	0.00	5.49	5.56	5.47	--  	0.34	1.64	0.07	火力发电	--  	-0.000	
300507	苏奥传感	0.66	22401088	27.47	27.29	0	8198	-0.06	27.21	27.79	26.73	--  	0.61	3.88	0.18	汽车配件	--  	-0.000	
000665	湖北广电	0.39	22248866	10.18	10.14	0	21904	0.00	10.17	10.19	10.11	--  	0.79	0.79	0.04	影视音像	--  	0.000	
00171	银建国际	10.24	22199022	1.400	1.270	2000	16368000	0.72	1.270	1.410	1.230	--  	0.00	14.17	0.130	地产	--  	1.400	
300092	科新机电	1.19	22014620	8.49	8.39	0	26077	0.12	8.38	8.56	8.32	--  	0.00	2.86	0.10	专用机械	--  	-0.000	
000978	桂林旅游	0.96	21863394	8.42	8.34	0	26055	0.00	8.36	8.48	8.33	--  	0.60	1.80	0.08	旅游景点	--  	0.000	
600706	曲江文旅	0.57	21803524	19.30	19.19	0	11330	-0.20	19.19	19.37	19.10	--  	0.20	1.41	0.11	旅游服务	--  	-0.000	
600578	京能电力	1.34	21789516	3.79	3.74	0	57675	0.26	3.75	3.80	3.74	--  	4.55	1.60	0.05	火力发电	--  	-0.000	
002406	远东传动	0.69	21486450	7.29	7.24	0	29501	0.14	7.26	7.32	7.22	--  	2.07	1.38	0.05	汽车配件	--  	-0.000	
002755	东方新星	2.98	21441392	28.66	27.83	0	7504	-0.06	28.15	28.99	27.76	--  	0.04	4.42	0.83	建筑施工	--  	-0.000	
300105	龙源技术	1.08	21411982	5.60	5.54	0	38443	0.00	5.53	5.62	5.51	--  	0.72	1.99	0.06	电器仪表	--  	-0.000	
300306	远方信息	1.15	21352384	16.67	16.48	0	12893	0.24	16.41	16.68	16.39	--  	0.41	1.76	0.19	电器仪表	--  	0.000	
000966	长源电力	1.29	21110938	3.93	3.88	0	54038	0.00	3.89	3.93	3.87	--  	2.32	1.55	0.05	火力发电	--  	0.000	
600483	福能股份	0.66	20670720	7.62	7.57	0	27265	0.26	7.55	7.62	7.55	--  	2.64	0.92	0.05	火力发电	--  	-0.000	
000705	浙江震元	1.21	20655662	8.34	8.24	0	24945	0.12	8.22	8.36	8.19	--  	0.24	2.06	0.10	医药商业	--  	0.000	
002069	獐子岛	0.12	20357550	8.03	8.02	0	25322	0.12	8.03	8.09	7.99	--  	1.87	1.25	0.01	渔业	--  	-0.000	
600192	长城电工	1.52	20346160	6.69	6.59	0	30620	0.15	6.56	6.70	6.56	--  	0.12	2.12	0.10	电气设备	--  	0.000	
82822	南方Ａ５０－Ｒ	0.15	20122752	13.200	13.180	200	1523747	0.15	13.280	13.300	13.140	2326552	0.00	1.21	0.020		176000	13.200	
002731	萃华珠宝	1.75	20077976	18.63	18.31	0	10850	0.11	18.35	18.63	18.27	--  	0.44	1.97	0.32	服饰	--  	-0.000	
002688	金河生物	2.22	20048870	6.44	6.30	0	31295	0.00	6.30	6.45	6.27	--  	2.38	2.86	0.14	化学制药	--  	0.000	
300286	安科瑞	1.92	20016604	18.09	17.75	0	11113	0.06	17.75	18.24	17.67	--  	1.11	3.21	0.34	电器仪表	--  	0.000	
300314	戴维医疗	1.49	19969442	13.59	13.39	0	14784	0.15	13.39	13.59	13.29	--  	0.45	2.24	0.20	医疗保健	--  	0.000	
000767	漳泽电力	0.67	19953732	2.99	2.97	0	66906	0.00	2.97	3.00	2.95	--  	3.30	1.68	0.02	火力发电	--  	0.000	
002476	宝莫股份	1.23	19876784	5.78	5.71	0	34421	0.00	5.72	5.81	5.69	--  	0.53	2.10	0.07	化工原料	--  	0.000	
600127	金健米业	1.31	19505296	4.64	4.58	0	42287	0.22	4.58	4.64	4.55	--  	0.00	1.97	0.06	农业综合	--  	-0.000	
000628	高新发展	0.83	19157064	8.47	8.40	0	22746	0.12	8.42	8.48	8.33	--  	0.00	1.79	0.07	园区开发	--  	0.000	
02345	上海集优	6.45	18959680	1.650	1.550	2000	11685000	2.48	1.570	1.660	1.570	19200	0.00	5.81	0.100	工业工程	12000	1.650	
300405	科隆股份	1.82	18910132	16.75	16.45	0	11378	0.24	16.46	16.81	16.33	--  	0.00	2.92	0.30	化工原料	--  	0.000	
300421	力星股份	1.37	18888530	19.94	19.67	0	9559	-0.04	19.60	20.10	19.36	--  	1.99	3.76	0.27	机械基件	--  	0.000	
601616	广电电气	0.77	18655352	3.95	3.92	0	47679	0.25	3.92	3.95	3.88	--  	1.27	1.79	0.03	电气设备	--  	0.000	
00754	合生创展集团	3.02	18628390	8.180	7.940	2000	2272000	0.49	7.890	8.380	7.890	--  	0.00	6.17	0.240	地产	--  	8.180	
300126	锐奇股份	0.73	18559942	6.94	6.89	0	26898	-0.28	6.87	6.96	6.84	--  	0.22	1.74	0.05	轻工机械	--  	0.000	
603567	珍宝岛	0.98	18493728	14.41	14.27	0	12914	0.07	14.28	14.46	14.22	--  	1.27	1.68	0.14	中成药	--  	-0.000	
002763	汇洁股份	0.94	18451956	13.92	13.79	0	13287	0.07	13.79	13.97	13.70	--  	0.00	1.96	0.13	服饰	--  	0.000	
000607	华媒控股	1.14	18435510	6.20	6.13	0	29866	0.32	6.13	6.25	6.10	--  	0.36	2.45	0.07	广告包装	--  	-0.000	
603099	长白山	3.17	18369570	12.37	11.99	0	15067	0.41	12.00	12.38	11.98	--  	0.67	3.34	0.38	旅游景点	--  	-0.000	
002644	佛慈制药	0.73	18117482	9.67	9.60	0	18757	-0.20	9.63	9.77	9.55	--  	0.13	2.29	0.07	中成药	--  	0.000	
002851	麦格米特	0.58	17871266	34.55	34.35	0	5189	0.14	34.35	34.62	34.22	--  	0.00	1.16	0.20	电气设备	--  	-0.000	
00439	光启科学	2.02	17705558	2.520	2.470	1000	6993257	0.40	2.470	2.600	2.470	--  	0.00	5.26	0.050	电讯	--  	2.520	
002275	桂林三金	0.31	17640532	16.44	16.39	0	10767	-0.05	16.35	16.49	16.25	--  	2.44	1.46	0.05	中成药	--  	0.000	
000721	西安饮食	1.06	17622862	5.73	5.67	0	30931	0.00	5.71	5.75	5.63	--  	0.75	2.12	0.06	酒店餐饮	--  	0.000	
600819	耀皮玻璃	1.61	17512046	5.69	5.60	0	31025	0.00	5.58	5.71	5.55	--  	1.30	2.86	0.09	玻璃	--  	0.000	
603601	再升科技	0.60	17502616	13.43	13.35	0	13091	0.07	13.34	13.49	13.26	--  	1.70	1.72	0.08	玻璃	--  	0.000	
300305	裕兴股份	0.52	17230906	7.76	7.72	0	22315	0.13	7.72	7.76	7.68	--  	0.78	1.04	0.04	塑料	--  	0.000	
002100	天康生物	0.73	17225588	8.26	8.20	0	20919	0.00	8.17	8.26	8.16	--  	1.22	1.22	0.06	饲料	--  	0.000	
002295	精艺股份	0.67	17203518	11.99	11.91	0	14366	0.00	11.90	12.08	11.84	--  	0.34	2.02	0.08	铜	--  	-0.000	
002181	粤 传 媒	1.42	17183948	5.00	4.93	0	34503	0.20	4.92	5.02	4.91	--  	0.38	2.23	0.07	出版业	--  	0.000	
603090	宏盛股份	0.55	16933602	20.08	19.97	0	8475	-0.39	19.97	20.28	19.69	--  	1.00	2.95	0.11	专用机械	--  	-0.000	
002144	宏达高科	0.71	16928750	14.17	14.07	0	12005	0.00	14.09	14.17	13.98	--  	0.71	1.35	0.10	纺织	--  	0.000	
600396	金山股份	1.60	16816228	3.17	3.12	0	53267	0.00	3.12	3.18	3.11	--  	0.16	2.24	0.05	火力发电	--  	0.000	
600272	开开实业	0.75	16782436	10.79	10.71	0	15587	0.09	10.73	10.83	10.65	--  	0.28	1.68	0.08	中成药	--  	-0.000	
000523	广州浪奇	0.88	16735183	8.03	7.96	0	20929	0.00	7.93	8.06	7.93	--  	0.25	1.63	0.07	日用化工	--  	-0.000	
300155	安居宝	1.57	16632325	5.83	5.74	0	28721	0.00	5.72	5.88	5.72	--  	0.17	2.79	0.09	元器件	--  	-0.000	
002629	仁智股份	0.70	16576932	7.17	7.12	0	23231	0.28	7.12	7.18	7.07	--  	0.19	1.54	0.05	石油开采	--  	0.000	
000589	黔轮胎Ａ	0.64	16448378	4.74	4.71	0	34746	-0.20	4.72	4.77	4.70	--  	0.85	1.49	0.03	汽车配件	--  	-0.000	
300552	万集科技	1.87	16375555	26.12	25.64	0	6332	0.12	25.64	26.19	25.46	--  	0.96	2.85	0.48	软件服务	--  	0.000	
600724	宁波富达	1.83	16281351	3.89	3.82	0	42178	0.00	3.81	3.93	3.79	--  	2.62	3.66	0.07	区域地产	--  	0.000	
601968	宝钢包装	0.96	16231864	5.27	5.22	0	30931	0.00	5.21	5.28	5.20	--  	0.08	1.53	0.05	广告包装	--  	-0.000	
600613	神奇制药	0.48	16139606	8.43	8.39	0	19219	-0.11	8.39	8.46	8.33	--  	0.36	1.55	0.04	中成药	--  	0.000	
300329	海伦钢琴	0.79	15966205	8.91	8.84	0	17976	0.22	8.87	8.94	8.79	--  	0.28	1.70	0.07	文教休闲	--  	-0.000	
002728	特一药业	0.39	15780584	18.21	18.14	0	8688	0.05	18.18	18.27	18.07	--  	0.41	1.10	0.07	中成药	--  	-0.000	
603022	新通联	0.97	15636035	12.48	12.36	0	12589	0.24	12.35	12.48	12.33	--  	0.36	1.21	0.12	广告包装	--  	-0.000	
601218	吉鑫科技	0.55	15379282	3.63	3.61	0	42478	0.28	3.62	3.64	3.60	--  	0.42	1.11	0.02	机械基件	--  	0.000	
002487	大金重工	1.23	15358516	4.93	4.87	0	31217	-0.19	4.88	4.96	4.85	--  	0.21	2.26	0.06	钢加工	--  	-0.000	
603006	联明股份	2.37	14917322	15.57	15.21	0	9676	0.06	15.30	15.79	15.13	--  	1.38	4.34	0.36	汽车配件	--  	-0.000	
002674	兴业科技	1.05	14538166	10.56	10.45	0	13807	0.09	10.44	10.70	10.40	--  	1.44	2.87	0.11	纺织	--  	0.000	
01963	重庆银行	0.79	14519470	6.350	6.300	500	2287000	0.16	6.320	6.390	6.300	--  	0.00	1.43	0.050	银行	--  	6.350	
600608	*ST沪科	2.70	14434446	8.36	8.14	0	17500	-0.11	8.08	8.41	8.07	--  	0.00	4.18	0.22	钢加工	--  	-0.000	
08032	非凡中国	2.50	14254845	0.820	0.800	8000	17922136	0.00	0.800	0.820	0.770	82160	0.00	6.25	0.020	酒店及消闲	104000	0.820	
08008	新意网集团	4.52	14091321	6.240	5.970	1000	2312500	0.48	5.970	6.280	5.920	307030	0.00	6.03	0.270	软件服务	50000	6.240	
002363	隆基机械	0.58	13913926	8.73	8.68	0	15985	0.00	8.74	8.75	8.65	--  	0.21	1.15	0.05	汽车配件	--  	-0.000	
600190	锦州港	1.20	13885509	4.22	4.17	0	33059	0.24	4.17	4.22	4.16	--  	0.24	1.44	0.05	港口	--  	-0.000	
603015	弘讯科技	0.95	13667918	8.50	8.42	0	16164	0.12	8.42	8.52	8.36	--  	0.59	1.90	0.08	电气设备	--  	0.000	
002404	嘉欣丝绸	0.87	13424336	6.97	6.91	0	19366	0.14	6.91	6.97	6.89	--  	2.17	1.16	0.06	纺织	--  	-0.000	
002420	毅昌股份	1.33	13231997	5.35	5.28	0	24906	0.19	5.29	5.35	5.27	--  	0.19	1.52	0.07	塑料	--  	-0.000	
600386	北巴传媒	1.16	12890772	5.25	5.19	0	24578	0.00	5.16	5.28	5.16	--  	1.16	2.31	0.06	公共交通	--  	0.000	
300416	苏试试验	0.58	12763275	24.14	24.00	0	5341	0.37	24.16	24.21	23.68	--  	0.42	2.21	0.14	电器仪表	--  	-0.000	
300354	东华测试	0.87	12436595	12.82	12.71	0	9751	0.00	12.72	12.86	12.66	--  	0.04	1.57	0.11	电器仪表	--  	-0.000	
002483	润邦股份	1.09	12096947	5.56	5.50	0	21830	0.00	5.55	5.58	5.49	--  	1.14	1.64	0.06	工程机械	--  	-0.000	
300211	亿通科技	0.70	12066941	7.16	7.11	0	17024	0.00	7.13	7.18	7.01	--  	0.14	2.39	0.05	通信设备	--  	-0.000	
300293	蓝英装备	1.61	12039043	11.39	11.21	0	10611	0.09	11.22	11.44	11.20	--  	0.45	2.14	0.18	专用机械	--  	0.000	
002598	山东章鼓	1.33	11585666	9.88	9.75	0	11714	-0.09	9.80	9.95	9.75	--  	2.05	2.05	0.13	机械基件	--  	0.000	
600560	金自天正	0.77	11568395	10.46	10.38	0	11099	0.19	10.31	10.47	10.31	--  	0.26	1.54	0.08	电气设备	--  	0.000	
300460	惠伦晶体	0.53	11165980	13.27	13.20	0	8473	0.38	13.20	13.35	13.07	--  	0.34	2.12	0.07	元器件	--  	0.000	
600726	华电能源	1.88	11066366	3.25	3.19	0	34288	0.31	3.18	3.25	3.17	--  	0.44	2.51	0.06	火力发电	--  	0.000	
01102	环能国际	9.71	10805994	0.226	0.206	2000	49047000	-0.44	0.206	0.228	0.204	--  	0.00	11.65	0.020	工业工程	--  	0.226	
600488	天药股份	1.04	9988255	4.88	4.83	0	20599	0.41	4.82	4.88	4.81	--  	0.38	1.45	0.05	化学制药	--  	0.000	
300283	温州宏丰	1.05	9925653	5.77	5.71	0	17318	0.17	5.69	5.79	5.66	--  	0.19	2.28	0.06	电气设备	--  	-0.000	
01803	北京体育文化	0.35	9796675	2.840	2.830	2500	3452500	0.00	2.820	2.850	2.810	--  	0.00	1.41	0.010	工用运输	--  	2.840	
300412	迦南科技	2.08	9684208	10.32	10.11	0	9499	0.88	10.18	10.32	10.07	--  	1.23	2.47	0.21	医疗保健	--  	-0.000	
00230	五矿地产	2.21	9626600	1.390	1.360	2000	6936000	0.72	1.360	1.410	1.360	--  	0.00	3.68	0.030	地产	--  	1.390	
300530	达志科技	0.14	9071196	36.89	36.84	0	2478	0.08	36.98	36.98	36.33	--  	1.68	1.76	0.05	化工原料	--  	-0.000	
01689	华禧控股	6.62	9014480	7.410	6.950	2000	1236000	1.65	7.000	7.700	6.950	--  	0.54	10.79	0.460	工用支援	--  	7.410	
06839	云南水务	1.82	8954320	3.350	3.290	1000	2670000	0.30	3.300	3.390	3.300	--  	0.00	2.74	0.060	公用事业	--  	3.350	
300488	恒锋工具	0.38	8906627	31.51	31.39	0	2826	-0.18	31.40	31.78	31.21	--  	0.49	1.82	0.12	机械基件	--  	0.000	
300626	华瑞股份	0.07	7205421	28.39	28.37	0	2556	0.28	28.31	28.70	27.80	--  	0.00	3.17	0.02	电气设备	--  	-0.000	
数据来源:通达信
