代码	名称	涨幅%%	总金额	现价	昨收	每手	总量	涨速%%	今开	最高	最低	抛空额	股息率%%	振幅%%	涨跌	细分行业	抛空量	按盘价	
600460	士兰微	8.36	2822292480	15.43	14.24	0	1868645	0.46	14.19	15.65	14.15	--  	0.18	10.53	1.19	半导体	--  	0.000	
00981	中芯国际	2.58	1864209024	13.520	13.180	500	139149920	-0.73	13.000	13.920	12.820	--  	0.00	8.35	0.340	半导体	--  	13.520	
600392	盛和资源	1.99	1691120128	19.00	18.63	0	899849	0.64	19.10	19.25	18.28	--  	0.11	5.21	0.37	小金属	--  	0.000	
000839	中信国安	3.34	1329945600	9.59	9.28	0	1383727	-0.09	9.35	9.84	9.32	--  	0.54	5.60	0.31	综合类	--  	0.000	
601288	农业银行	1.32	1210267264	3.83	3.78	0	3160217	-0.25	3.79	3.86	3.79	--  	4.50	1.85	0.05	银行	--  	-0.000	
03888	金山软件	8.56	1210247808	26.000	23.950	1000	47161628	-0.19	23.950	26.200	23.700	--  	0.00	10.44	2.050	软件服务	--  	26.000	
300017	网宿科技	4.93	1112652800	10.64	10.14	0	1045878	-0.08	10.16	10.94	10.14	--  	0.82	7.89	0.50	电信运营	--  	0.000	
002146	荣盛发展	5.77	1032966656	9.53	9.01	0	1101702	0.32	9.04	9.63	9.04	--  	4.44	6.55	0.52	全国地产	--  	-0.000	
601989	中国重工	2.55	1020773056	6.03	5.88	0	1685443	0.50	5.99	6.20	5.95	--  	0.62	4.25	0.15	船舶	--  	0.000	
600104	上汽集团	2.69	910249280	32.04	31.20	0	289754	1.42	31.30	32.52	30.93	--  	5.29	5.10	0.84	汽车整车	--  	0.000	
00658	中国高速传动	12.31	817538624	13.500	12.020	1000	64091000	0.15	12.380	13.500	12.120	--  	0.00	11.48	1.480	工业工程	--  	13.500	
601988	中国银行	1.02	772256576	3.97	3.93	0	1946082	0.25	3.94	3.99	3.93	--  	4.27	1.53	0.04	银行	--  	0.000	
000066	中国长城	9.95	745075904	7.29	6.63	0	1052701	0.28	6.59	7.29	6.57	--  	0.16	10.86	0.66	电脑设备	--  	-0.000	
300009	安科生物	5.32	716714240	25.93	24.62	0	281387	-0.07	24.63	26.05	24.26	--  	0.47	7.27	1.31	生物制药	--  	0.000	
600521	华海药业	3.97	683513024	30.12	28.97	0	224009	0.13	30.70	31.87	29.55	--  	0.62	8.01	1.15	化学制药	--  	0.000	
002371	北方华创	6.09	678651968	41.44	39.06	0	167119	0.68	38.71	41.68	38.67	--  	0.06	7.71	2.38	专用机械	--  	-0.000	
01958	北京汽车	2.41	677551488	10.180	9.940	500	65790500	0.59	9.900	10.640	9.800	--  	0.00	8.45	0.240	汽车	--  	10.180	
601636	旗滨集团	7.22	638555520	6.24	5.82	0	1040190	-0.78	5.88	6.35	5.82	--  	2.58	9.11	0.42	玻璃	--  	-0.000	
300142	沃森生物	0.55	521681600	18.25	18.15	0	296236	-0.97	18.14	18.45	16.88	--  	0.00	8.65	0.10	生物制药	--  	0.000	
002244	滨江集团	6.71	500490304	7.95	7.45	0	635780	0.00	7.45	8.10	7.41	--  	0.91	9.26	0.50	区域地产	--  	-0.000	
600326	西藏天路	2.50	475462912	10.26	10.01	0	464385	0.00	10.00	10.39	9.96	--  	0.61	4.30	0.25	建筑施工	--  	0.000	
002440	闰土股份	5.97	455569760	19.69	18.58	0	232962	0.05	18.77	19.94	18.75	--  	1.88	6.40	1.11	染料涂料	--  	0.000	
000673	当代东方	2.25	441896000	13.16	12.87	0	336337	-0.37	12.88	13.55	12.85	--  	0.00	5.44	0.29	影视音像	--  	-0.000	
00607	丰盛控股	4.65	438233056	3.600	3.440	2500	124546520	0.56	3.500	3.610	3.420	--  	0.00	5.52	0.160	地产	--  	3.600	
000996	中国中期	4.02	437964160	15.27	14.68	0	289389	-0.06	14.68	15.58	14.67	--  	0.14	6.20	0.59	公路	--  	0.000	
000559	万向钱潮	9.85	415628544	10.15	9.24	0	423580	0.00	9.24	10.16	9.17	--  	0.90	10.71	0.91	汽车配件	--  	-0.000	
000623	吉林敖东	2.32	383861856	22.50	21.99	0	170654	-0.08	22.00	22.98	21.99	--  	1.05	4.50	0.51	中成药	--  	0.000	
002601	龙蟒佰利	1.46	369263328	16.02	15.79	0	228487	0.06	16.31	16.48	15.95	--  	3.11	3.36	0.23	化工原料	--  	0.000	
000488	晨鸣纸业	2.33	366047136	16.67	16.29	0	220499	0.00	16.32	16.73	16.32	--  	3.68	2.52	0.38	造纸	--  	0.000	
601919	中远海控	1.35	364575488	6.77	6.68	0	535797	-0.14	6.73	6.90	6.72	--  	1.35	2.69	0.09	水运	--  	-0.000	
600139	西部资源	5.82	362771872	7.46	7.05	0	484525	0.13	7.29	7.76	7.23	--  	5.67	7.52	0.41	汽车整车	--  	0.000	
600890	中房股份	-9.41	352064192	10.21	11.27	0	343180	0.49	10.14	11.26	10.14	--  	0.00	9.94	-1.06	区域地产	--  	0.000	
002846	英联股份	0.37	337210624	19.09	19.02	0	173291	-0.20	19.02	19.98	18.90	--  	0.66	5.68	0.07	广告包装	--  	0.000	
603920	世运电路	10.02	331140032	19.66	17.87	0	171488	0.00	17.55	19.66	17.51	--  	0.00	12.03	1.79	元器件	--  	-0.000	
002597	金禾实业	2.29	331000896	25.92	25.34	0	128411	-0.03	25.47	26.18	25.10	--  	1.58	4.26	0.58	化工原料	--  	0.000	
600518	康美药业	1.96	330391136	22.36	21.93	0	149520	0.90	21.87	22.40	21.81	--  	0.93	2.69	0.43	中成药	--  	0.000	
000012	南 玻Ａ	3.17	324819200	8.45	8.19	0	379815	-0.23	8.51	8.74	8.44	--  	1.02	3.66	0.26	玻璃	--  	-0.000	
600315	上海家化	3.22	320845504	36.89	35.74	0	88712	0.49	35.57	36.98	35.42	--  	0.28	4.36	1.15	日用化工	--  	-0.000	
600130	波导股份	7.49	309592384	7.32	6.81	0	429741	-0.26	6.86	7.35	6.85	--  	0.00	7.34	0.51	通信设备	--  	0.000	
06138	哈尔滨银行	6.58	306614688	2.430	2.280	1000	128170000	-0.82	2.320	2.480	2.320	12040	0.00	7.02	0.150	银行	5000	2.430	
002043	兔 宝 宝	5.24	305780832	12.26	11.65	0	253929	0.41	11.65	12.27	11.65	--  	0.43	5.32	0.61	其他建材	--  	0.000	
002655	共达电声	9.97	305076704	9.60	8.73	0	328078	0.00	9.00	9.60	8.90	--  	0.13	8.02	0.87	元器件	--  	0.000	
600117	西宁特钢	0.18	304862048	5.69	5.68	0	522278	-0.51	5.75	5.99	5.68	--  	0.16	5.46	0.01	特种钢	--  	0.000	
00069	香格里拉（亚洲）	7.65	301713600	17.740	16.480	2000	17269098	0.23	16.440	17.740	16.420	--  	0.34	8.01	1.260	酒店及消闲	--  	17.740	
002155	湖南黄金	2.21	283500384	9.70	9.49	0	296297	0.10	9.46	9.74	9.37	--  	0.53	3.90	0.21	黄金	--  	-0.000	
002824	和胜股份	3.95	266221424	20.26	19.49	0	131352	0.70	19.76	21.22	19.49	--  	0.57	8.88	0.77	铝	--  	0.000	
002558	巨人网络	7.92	260319680	36.80	34.10	0	73406	0.27	33.90	37.12	32.90	--  	0.49	12.38	2.70	互联网	--  	-0.000	
002635	安洁科技	2.96	248516176	26.09	25.34	0	95927	0.04	25.70	26.24	25.50	--  	0.61	2.92	0.75	电脑设备	--  	0.000	
600477	杭萧钢构	4.00	240055600	10.67	10.26	0	227306	0.00	10.31	10.77	10.27	--  	0.60	4.87	0.41	钢加工	--  	0.000	
600153	建发股份	2.39	230981728	11.12	10.86	0	208199	-0.26	10.83	11.17	10.83	--  	3.68	3.13	0.26	商贸代理	--  	-0.000	
600252	中恒集团	2.81	219010464	4.39	4.27	0	508368	2.09	4.25	4.47	4.17	--  	1.05	7.03	0.12	中成药	--  	-0.000	
00951	超威动力	13.84	214993968	4.770	4.190	1000	44997412	0.85	4.680	4.930	4.610	--  	0.00	7.64	0.580	工业工程	--  	4.770	
600325	华发股份	2.08	213754848	7.36	7.21	0	294691	0.27	7.21	7.37	7.12	--  	6.16	3.47	0.15	区域地产	--  	0.000	
000166	申万宏源	1.32	212915936	5.37	5.30	0	398072	-0.18	5.30	5.39	5.29	--  	1.89	1.89	0.07	证券	--  	-0.000	
002042	华孚时尚	3.72	211809824	13.39	12.91	0	159986	-0.14	12.80	13.47	12.80	--  	0.37	5.19	0.48	纺织	--  	0.000	
600366	宁波韵升	3.79	211480720	17.52	16.88	0	122830	0.34	16.94	17.57	16.78	--  	1.19	4.68	0.64	电器仪表	--  	0.000	
000818	方大化工	4.26	211104832	12.98	12.45	0	165249	0.78	12.41	12.98	12.41	--  	0.38	4.58	0.53	化工原料	--  	-0.000	
300322	硕贝德	3.05	205714048	11.82	11.47	0	169675	-0.07	11.96	12.50	11.80	--  	0.26	6.10	0.35	通信设备	--  	-0.000	
600967	内蒙一机	4.24	205427584	12.05	11.56	0	172016	-0.07	11.55	12.25	11.49	--  	0.26	6.57	0.49	运输设备	--  	0.000	
00819	天能动力	16.50	204747696	8.120	6.970	2000	26045000	1.63	7.400	8.190	7.400	--  	0.00	11.33	1.150	工业工程	--  	8.120	
002247	帝龙文化	1.65	186796448	13.59	13.37	0	139115	1.80	13.31	13.59	13.26	--  	0.75	2.47	0.22	装修装饰	--  	0.000	
600886	国投电力	1.80	185586992	7.34	7.21	0	255001	-0.13	7.24	7.36	7.20	--  	2.80	2.22	0.13	水力发电	--  	0.000	
002589	瑞康医药	2.28	183605248	13.45	13.15	0	138736	0.37	13.16	13.52	12.80	--  	0.30	5.48	0.30	医药商业	--  	-0.000	
002501	利源精制	2.88	182945664	10.37	10.08	0	178684	-0.18	10.06	10.48	9.92	--  	0.50	5.56	0.29	铝	--  	-0.000	
000999	华润三九	2.10	181074976	27.20	26.64	0	67487	1.12	26.65	27.20	26.44	--  	0.60	2.85	0.56	中成药	--  	0.000	
002341	新纶科技	4.96	177562816	27.50	26.20	0	66875	1.55	26.19	27.99	25.63	--  	0.04	9.01	1.30	化工原料	--  	0.000	
600754	锦江股份	6.67	172951904	32.29	30.27	0	54369	0.16	30.65	32.30	30.60	--  	1.59	5.62	2.02	酒店餐饮	--  	0.000	
002491	通鼎互联	5.18	169796624	12.60	11.98	0	135629	-0.39	11.98	12.85	11.88	--  	0.42	8.10	0.62	通信设备	--  	0.000	
600893	航发动力	0.71	169467840	26.91	26.72	0	63649	-0.06	26.87	27.06	26.33	--  	0.45	2.73	0.19	航空	--  	-0.000	
603885	吉祥航空	3.24	168926656	15.29	14.81	0	110595	0.00	14.81	15.50	14.74	--  	1.21	5.13	0.48	空运	--  	-0.000	
000510	金路集团	3.03	166201088	8.84	8.58	0	191094	-0.22	8.59	8.87	8.52	--  	0.62	4.08	0.26	化工原料	--  	0.000	
300148	天舟文化	3.66	166163008	8.22	7.93	0	205650	0.37	7.88	8.22	7.87	--  	0.44	4.41	0.29	出版业	--  	0.000	
000536	华映科技	6.01	164749600	4.94	4.66	0	343909	-0.39	4.66	4.98	4.64	--  	2.15	7.30	0.28	元器件	--  	0.000	
603328	依顿电子	4.59	164468896	14.35	13.72	0	116393	-0.20	13.75	14.48	13.75	--  	1.82	5.32	0.63	元器件	--  	0.000	
300536	农尚环境	6.15	163811792	17.77	16.74	0	93712	-0.16	16.66	18.29	16.55	--  	0.37	10.39	1.03	建筑施工	--  	0.000	
002511	中顺洁柔	4.83	162901856	16.28	15.53	0	101394	0.18	15.62	16.31	15.55	--  	0.43	4.89	0.75	造纸	--  	0.000	
002853	皮阿诺	1.31	161729312	33.28	32.85	0	48576	-0.05	33.11	33.90	32.50	--  	0.37	4.26	0.43	家居用品	--  	-0.000	
300630	普利制药	6.64	160832464	76.56	71.79	0	21710	2.08	71.62	76.56	70.55	--  	0.00	8.37	4.77	化学制药	--  	-0.000	
000917	电广传媒	2.95	159261056	9.06	8.80	0	176918	0.22	8.87	9.08	8.84	--  	0.34	2.73	0.26	影视音像	--  	0.000	
300008	天海防务	5.67	159101472	6.90	6.53	0	234394	-0.42	6.57	6.94	6.56	--  	0.61	5.82	0.37	船舶	--  	0.000	
000710	贝瑞基因	4.37	158936992	56.37	54.01	0	28423	0.39	54.50	56.63	54.49	--  	0.08	3.96	2.36	医疗保健	--  	-0.000	
002614	奥佳华	5.45	152759568	19.35	18.35	0	80192	0.16	18.25	19.45	18.25	--  	0.54	6.54	1.00	医疗保健	--  	0.000	
600420	现代制药	4.01	146479232	12.72	12.23	0	115372	-0.07	12.45	13.03	12.40	--  	1.06	5.15	0.49	化学制药	--  	0.000	
600486	扬农化工	3.43	146396112	49.69	48.04	0	29570	-0.01	48.05	49.99	48.03	--  	0.90	4.08	1.65	农药化肥	--  	-0.000	
600085	同仁堂	1.00	143776448	32.24	31.92	0	44744	-0.05	31.92	32.27	31.90	--  	0.75	1.16	0.32	中成药	--  	0.000	
603225	新凤鸣	1.91	143266592	35.80	35.13	0	40152	0.00	35.00	36.18	34.95	--  	0.00	3.50	0.67	化纤	--  	-0.000	
002355	兴民智通	1.35	142882224	10.48	10.34	0	136670	-0.28	10.26	10.60	10.26	--  	0.10	3.29	0.14	汽车配件	--  	-0.000	
603980	吉华集团	1.53	140928224	20.63	20.32	0	67217	0.00	20.96	21.38	20.61	--  	0.00	3.79	0.31	染料涂料	--  	-0.000	
300497	富祥股份	1.84	140029216	36.47	35.81	0	37912	-0.07	36.30	37.80	36.01	--  	1.39	5.00	0.66	化学制药	--  	0.000	
603228	景旺电子	4.14	139124240	53.77	51.63	0	26174	-0.38	51.06	55.00	51.01	--  	0.39	7.73	2.14	元器件	--  	0.000	
002113	天润数娱	6.33	136961200	12.27	11.54	0	113977	0.49	11.50	12.44	11.45	--  	0.00	8.58	0.73	互联网	--  	0.000	
603929	亚翔集成	10.00	135499520	26.07	23.70	0	52933	0.00	23.82	26.07	23.75	--  	0.68	9.79	2.37	装修装饰	--  	-0.000	
002025	航天电器	3.44	135338192	22.57	21.82	0	60460	0.09	21.82	22.60	21.82	--  	1.15	3.57	0.75	元器件	--  	-0.000	
603599	广信股份	1.24	132686848	19.54	19.30	0	67439	0.15	19.33	19.90	19.33	--  	0.46	2.95	0.24	农药化肥	--  	0.000	
600255	梦舟股份	2.14	132220408	3.81	3.73	0	348915	0.00	3.74	3.85	3.67	--  	0.54	4.83	0.08	铜	--  	-0.000	
002467	二六三	3.52	132189352	7.65	7.39	0	173625	0.13	7.38	7.89	7.35	--  	0.55	7.31	0.26	电信运营	--  	0.000	
300275	梅安森	9.99	131866832	14.09	12.81	0	96886	0.00	12.82	14.09	12.82	--  	0.24	9.91	1.28	软件服务	--  	0.000	
601678	滨化股份	2.14	129089160	8.12	7.95	0	160875	0.00	7.92	8.17	7.87	--  	1.26	3.77	0.17	化工原料	--  	-0.000	
603936	博敏电子	3.23	126947904	28.75	27.85	0	44740	0.45	26.40	30.44	26.40	--  	0.22	14.51	0.90	元器件	--  	0.000	
601311	骆驼股份	3.35	125963744	13.25	12.82	0	95235	-0.14	12.85	13.38	12.85	--  	0.48	4.13	0.43	电气设备	--  	0.000	
000516	国际医学	3.82	124677528	4.89	4.71	0	258504	0.20	4.72	4.91	4.70	--  	0.64	4.46	0.18	百货	--  	-0.000	
600478	科力远	3.51	124431552	7.38	7.13	0	168126	-0.26	7.24	7.49	7.22	--  	0.00	3.79	0.25	元器件	--  	0.000	
01112	Ｈ＆Ｈ国际控股	3.80	123623976	51.900	50.000	500	2424046	0.48	49.350	52.150	49.200	--  	0.00	5.90	1.900	食物饮品	--  	51.900	
002636	金安国纪	2.13	123093808	15.83	15.50	0	78125	-0.12	15.45	15.96	15.40	--  	0.42	3.61	0.33	元器件	--  	-0.000	
002796	世嘉科技	10.01	122877736	31.66	28.78	0	39645	0.00	28.72	31.66	28.62	--  	1.02	10.56	2.88	专用机械	--  	-0.000	
600717	天津港	1.75	120342680	10.49	10.31	0	114993	-0.09	10.28	10.52	10.28	--  	2.20	2.33	0.18	港口	--  	-0.000	
603707	健友股份	10.02	119781160	28.23	25.66	0	43033	0.00	25.57	28.23	25.57	--  	0.00	10.37	2.57	化学制药	--  	-0.000	
603618	杭电股份	10.02	119565752	9.00	8.18	0	133670	0.00	8.14	9.00	8.14	--  	0.61	10.51	0.82	电气设备	--  	0.000	
600739	辽宁成大	1.68	119194336	17.60	17.31	0	68152	0.28	17.31	17.63	17.29	--  	1.16	1.96	0.29	商贸代理	--  	0.000	
603699	纽威股份	1.80	117796816	19.23	18.89	0	62968	0.79	18.80	19.30	18.23	--  	0.85	5.66	0.34	专用机械	--  	-0.000	
600748	上实发展	6.83	117311792	6.41	6.00	0	186952	0.31	6.00	6.43	5.93	--  	0.63	8.33	0.41	全国地产	--  	-0.000	
603515	欧普照明	4.06	117190656	42.84	41.17	0	27658	0.09	41.18	42.86	41.18	--  	0.73	4.08	1.67	电气设备	--  	0.000	
00520	呷哺呷哺	10.85	115632584	15.740	14.200	500	7444000	-0.38	14.280	16.980	13.880	14206351	0.51	21.83	1.540	酒店及消闲	902500	15.740	
002010	传化智联	0.87	111023384	16.18	16.04	0	68498	0.00	15.99	16.42	15.94	--  	0.62	2.99	0.14	染料涂料	--  	0.000	
600648	外高桥	5.29	110818504	18.50	17.57	0	61307	0.22	17.57	18.60	17.57	--  	1.14	5.86	0.93	园区开发	--  	0.000	
603188	亚邦股份	2.34	109341736	16.59	16.21	0	66024	0.00	16.23	16.68	16.23	--  	3.08	2.78	0.38	染料涂料	--  	0.000	
002859	洁美科技	4.39	108840664	35.65	34.15	0	30956	-0.16	34.20	35.99	33.80	--  	0.47	6.41	1.50	元器件	--  	0.000	
600781	辅仁药业	9.42	108205392	22.99	21.01	0	47577	-0.25	21.04	23.05	21.04	--  	0.00	9.57	1.98	中成药	--  	-0.000	
000008	神州高铁	1.04	107108400	8.75	8.66	0	122299	0.00	8.74	8.86	8.59	--  	0.12	3.12	0.09	运输设备	--  	0.000	
600789	鲁抗医药	1.79	105803928	7.95	7.81	0	133305	0.13	7.90	8.07	7.84	--  	0.26	2.94	0.14	化学制药	--  	-0.000	
002736	国信证券	2.17	105531600	10.85	10.62	0	97648	0.46	10.65	10.94	10.65	--  	1.88	2.73	0.23	证券	--  	0.000	
601618	中国中冶	1.04	102863168	4.84	4.79	0	211950	-0.20	4.78	4.88	4.78	--  	1.25	2.09	0.05	建筑施工	--  	0.000	
002411	必康股份	0.72	101952552	26.67	26.48	0	38191	-0.03	26.48	26.76	26.48	--  	0.30	1.06	0.19	化学制药	--  	0.000	
000716	黑芝麻	5.86	101893672	5.60	5.29	0	184727	0.00	5.29	5.71	5.29	--  	0.95	7.94	0.31	食品	--  	-0.000	
002067	景兴纸业	2.43	101669944	5.89	5.75	0	174020	0.00	5.75	5.89	5.75	--  	1.18	2.43	0.14	造纸	--  	-0.000	
603899	晨光文具	2.88	100513688	24.66	23.97	0	41704	-0.11	23.87	24.70	23.59	--  	1.04	4.63	0.69	文教休闲	--  	-0.000	
300298	三诺生物	6.60	99931840	19.88	18.65	0	51420	-0.59	18.65	20.02	18.61	--  	1.60	7.56	1.23	医疗保健	--  	-0.000	
000881	中广核技	4.39	98363416	13.07	12.52	0	76273	0.08	12.57	13.13	12.56	--  	0.24	4.55	0.55	综合类	--  	-0.000	
00861	神州控股	0.19	97815280	5.310	5.300	1000	18521904	-0.56	5.260	5.470	5.040	--  	0.00	8.11	0.010	软件服务	--  	5.310	
603036	如通股份	4.66	91679696	17.76	16.97	0	52325	0.06	17.02	17.99	16.90	--  	0.59	6.42	0.79	专用机械	--  	0.000	
600390	五矿资本	0.25	90101232	11.80	11.77	0	77027	-0.07	11.72	11.82	11.56	--  	0.00	2.21	0.03	多元金融	--  	0.000	
01458	周黑鸭	7.19	88372920	8.200	7.650	500	11087000	0.49	7.650	8.200	7.620	--  	0.00	7.58	0.550	食物饮品	--  	8.200	
000545	金浦钛业	0.40	83978696	5.07	5.05	0	163796	0.20	5.17	5.28	5.06	--  	0.59	4.36	0.02	化工原料	--  	0.000	
03326	保发集团	3.07	82929392	3.360	3.260	3000	25038000	0.00	3.270	3.380	3.240	--  	0.89	4.29	0.100	纺织服饰	--  	3.360	
000571	新大洲Ａ	4.85	82232328	5.40	5.15	0	150026	0.37	5.15	5.67	5.14	--  	0.58	10.29	0.25	综合类	--  	0.000	
600684	珠江实业	2.83	80995672	6.18	6.01	0	131863	0.00	6.02	6.21	6.01	--  	0.69	3.33	0.17	全国地产	--  	-0.000	
002303	美盈森	3.86	80858816	7.00	6.74	0	119799	0.00	6.69	7.05	6.57	--  	0.33	7.12	0.26	造纸	--  	0.000	
002699	美盛文化	2.61	80389200	18.11	17.65	0	44821	0.06	17.50	18.14	17.42	--  	0.79	4.08	0.46	服饰	--  	0.000	
002306	*ST云网	1.85	80206248	4.95	4.86	0	162345	0.00	5.00	5.05	4.77	--  	0.82	5.76	0.09	酒店餐饮	--  	-0.000	
603009	北特科技	9.97	78965168	10.37	9.43	0	80229	4.12	9.36	10.37	9.32	--  	0.00	11.13	0.94	汽车配件	--  	-0.000	
06169	宇华教育	5.95	78932504	3.920	3.700	2000	20464000	0.26	3.730	3.940	3.730	--  	1.10	5.68	0.220	支援服务	--  	3.920	
002885	京泉华	10.00	78296832	38.84	35.31	0	20342	0.00	38.00	38.84	37.07	--  	0.00	5.01	3.53	元器件	--  	0.000	
002117	东港股份	6.11	78277056	19.44	18.32	0	40945	-0.45	18.32	19.70	18.24	--  	1.64	7.97	1.12	广告包装	--  	0.000	
002099	海翔药业	4.52	78059184	5.78	5.53	0	135110	0.00	5.54	5.98	5.53	--  	0.54	8.14	0.25	化学制药	--  	0.000	
600129	太极集团	4.81	77897944	16.35	15.60	0	48423	-0.05	15.70	16.36	15.63	--  	1.92	4.68	0.75	中成药	--  	0.000	
300360	炬华科技	4.02	76639720	11.12	10.69	0	69359	-0.17	10.73	11.26	10.70	--  	1.24	5.24	0.43	电器仪表	--  	-0.000	
300320	海达股份	6.44	76606688	12.90	12.12	0	60437	-0.07	11.90	12.96	11.90	--  	0.73	8.75	0.78	橡胶	--  	-0.000	
002207	*ST准油	2.96	75891936	9.04	8.78	0	85182	-0.10	8.87	9.12	8.61	--  	0.11	5.81	0.26	石油开采	--  	-0.000	
300567	精测电子	5.13	75777080	133.34	126.83	0	5802	0.25	128.00	133.47	126.50	--  	0.31	5.50	6.51	电器仪表	--  	-0.000	
002136	安 纳 达	1.50	74642952	14.24	14.03	0	51586	-0.06	14.58	14.87	14.23	--  	0.71	4.56	0.21	化工原料	--  	-0.000	
603959	百利科技	6.83	74520464	30.98	29.00	0	24476	-0.22	28.97	31.66	28.72	--  	0.39	10.14	1.98	建筑施工	--  	-0.000	
300019	硅宝科技	9.99	74077392	10.02	9.11	0	74874	0.00	9.12	10.02	9.12	--  	1.10	9.88	0.91	化工原料	--  	0.000	
002204	大连重工	2.13	73407192	4.31	4.22	0	170404	0.00	4.29	4.38	4.23	--  	0.24	3.55	0.09	专用机械	--  	-0.000	
603303	得邦照明	4.78	70627488	14.46	13.80	0	49303	-0.13	13.80	14.88	13.72	--  	1.53	8.41	0.66	家用电器	--  	0.000	
603126	中材节能	2.52	70577816	9.76	9.52	0	73174	0.10	9.52	9.78	9.46	--  	0.74	3.36	0.24	环境保护	--  	0.000	
300129	泰胜风能	3.21	70049728	8.05	7.80	0	88091	0.50	7.75	8.09	7.74	--  	0.83	4.49	0.25	电气设备	--  	0.000	
002663	普邦股份	1.28	69932648	5.55	5.48	0	126849	0.36	5.50	5.55	5.43	--  	0.12	2.19	0.07	建筑施工	--  	0.000	
002833	弘亚数控	4.13	69587784	62.05	59.59	0	11301	-0.31	60.53	62.28	60.00	--  	0.26	3.83	2.46	专用机械	--  	-0.000	
600582	天地科技	1.31	69176400	4.65	4.59	0	150150	-0.42	4.59	4.68	4.56	--  	0.65	2.61	0.06	工程机械	--  	0.000	
002120	韵达股份	3.39	68646120	45.78	44.28	0	15093	-0.51	44.43	46.05	44.42	--  	0.22	3.68	1.50	仓储物流	--  	-0.000	
002022	科华生物	0.15	68456088	13.61	13.59	0	50787	-0.14	13.60	13.64	13.36	--  	0.99	2.06	0.02	医疗保健	--  	-0.000	
02698	魏桥纺织	12.41	68228856	4.440	3.950	500	15614000	0.45	4.050	4.630	4.050	--  	0.00	14.68	0.490	纺织服饰	--  	4.440	
603898	好莱客	2.86	67825496	29.86	29.03	0	22804	0.07	29.10	29.99	29.01	--  	0.82	3.38	0.83	家居用品	--  	0.000	
300343	联创互联	2.97	66855072	12.81	12.44	0	52595	-0.07	12.55	12.86	12.51	--  	0.80	2.81	0.37	互联网	--  	0.000	
002076	雪 莱 特	1.45	66337432	5.58	5.50	0	116813	-0.35	5.70	5.83	5.58	--  	0.27	4.55	0.08	家用电器	--  	-0.000	
603718	海利生物	0.91	66162600	11.04	10.94	0	60525	0.36	10.93	11.09	10.79	--  	0.37	2.74	0.10	生物制药	--  	-0.000	
300512	中亚股份	4.79	65073988	17.95	17.13	0	36158	0.00	17.15	18.46	17.15	--  	2.63	7.65	0.82	专用机械	--  	0.000	
300350	华鹏飞	2.49	63767096	9.87	9.63	0	65631	0.41	9.56	9.94	9.45	--  	0.20	5.09	0.24	软件服务	--  	-0.000	
601588	北辰实业	0.87	62533376	5.79	5.74	0	108781	1.76	5.74	5.81	5.65	--  	1.05	2.79	0.05	区域地产	--  	-0.000	
300382	斯莱克	0.07	62320316	15.29	15.28	0	41132	0.26	15.18	15.34	15.06	--  	2.62	1.83	0.01	专用机械	--  	-0.000	
603665	康隆达	3.46	61542776	32.60	31.51	0	18658	0.00	31.98	33.69	31.70	--  	0.00	6.32	1.09	纺织	--  	-0.000	
600114	东睦股份	1.02	61533532	15.83	15.67	0	38995	0.00	15.63	15.95	15.63	--  	1.24	2.04	0.16	机械基件	--  	-0.000	
300299	富春股份	4.17	61486684	8.74	8.39	0	71697	0.46	8.36	8.75	8.36	--  	0.64	4.65	0.35	通信设备	--  	-0.000	
600237	铜峰电子	2.48	60821544	5.38	5.25	0	113245	0.00	5.24	5.54	5.24	--  	0.19	5.71	0.13	元器件	--  	0.000	
600070	浙江富润	2.01	60213288	9.65	9.46	0	61304	1.26	10.17	10.17	9.50	--  	1.06	7.08	0.19	纺织	--  	-0.000	
603839	安正时尚	1.49	60106864	24.50	24.14	0	24495	-0.11	24.20	24.84	24.11	--  	1.63	3.02	0.36	服饰	--  	0.000	
300232	洲明科技	1.27	59935652	14.30	14.12	0	42134	0.07	14.03	14.35	14.03	--  	0.35	2.27	0.18	半导体	--  	0.000	
600083	博信股份	0.85	59907612	20.27	20.10	0	29716	0.10	20.10	20.31	19.79	--  	0.00	2.59	0.17	建筑施工	--  	0.000	
300230	永利股份	2.19	58799464	13.98	13.68	0	42573	0.87	13.68	13.98	13.52	--  	0.81	3.36	0.30	塑料	--  	-0.000	
300067	安诺其	9.94	58490556	5.97	5.43	0	99721	0.00	5.60	5.97	5.60	--  	0.28	6.81	0.54	染料涂料	--  	-0.000	
02386	中石化炼化工程	3.35	58266948	7.400	7.160	500	7911500	0.00	7.160	7.450	7.160	--  	0.88	4.05	0.240	石油天然气	--  	7.400	
300202	聚龙股份	2.98	58250124	17.95	17.43	0	33088	0.67	17.43	17.95	17.13	--  	1.72	4.70	0.52	专用机械	--  	0.000	
000722	湖南发展	5.39	57429944	9.38	8.90	0	61838	-0.31	8.84	9.59	8.84	--  	0.56	8.43	0.48	水力发电	--  	0.000	
002536	西泵股份	2.91	56796724	14.51	14.10	0	39483	-0.13	14.13	14.55	14.13	--  	0.71	2.98	0.41	汽车配件	--  	0.000	
300282	汇冠股份	5.66	56709180	18.48	17.49	0	30923	-0.10	17.45	18.98	17.45	--  	0.02	8.75	0.99	电脑设备	--  	-0.000	
002577	雷柏科技	10.03	56502660	16.78	15.25	0	34459	0.00	15.40	16.78	15.40	--  	0.72	9.05	1.53	电脑设备	--  	0.000	
600080	金花股份	2.38	56224280	8.17	7.98	0	69553	0.00	8.07	8.21	7.91	--  	0.38	3.76	0.19	中成药	--  	0.000	
601137	博威合金	2.40	56115464	11.52	11.25	0	49024	-0.16	11.35	11.60	11.16	--  	0.80	3.91	0.27	铜	--  	0.000	
603239	浙江仙通	0.69	55288988	19.06	18.93	0	28890	0.11	18.92	19.45	18.80	--  	1.06	3.43	0.13	汽车配件	--  	-0.000	
000922	*ST佳电	4.53	54799948	8.54	8.17	0	64478	-0.11	8.53	8.58	8.38	--  	0.39	2.45	0.37	电气设备	--  	-0.000	
603686	龙马环卫	0.34	54703404	26.25	26.16	0	21089	0.31	26.11	26.29	25.75	--  	0.82	2.06	0.09	专用机械	--  	0.000	
002211	宏达新材	2.73	54587320	7.14	6.95	0	77151	-0.13	7.01	7.16	6.96	--  	0.00	2.88	0.19	橡胶	--  	-0.000	
06116	拉夏贝尔	2.72	54555152	9.430	9.180	200	6403800	0.32	9.200	9.440	9.160	--  	0.00	3.05	0.250	纺织服饰	--  	9.430	
300687	赛意信息	2.78	54331512	47.34	46.06	0	11576	0.04	46.00	47.50	45.83	--  	0.00	3.63	1.28	软件服务	--  	0.000	
002811	亚泰国际	3.49	54196920	20.14	19.46	0	27268	0.05	19.31	20.28	19.30	--  	1.03	5.04	0.68	装修装饰	--  	-0.000	
01866	中国心连心化肥	6.69	54060768	3.350	3.140	1000	15859200	0.30	3.380	3.850	3.280	--  	0.00	18.15	0.210	原材料	--  	3.350	
600128	弘业股份	3.83	53277492	9.48	9.13	0	56103	-1.03	9.18	9.90	9.14	--  	0.55	8.32	0.35	商贸代理	--  	-0.000	
300589	江龙船艇	1.73	52548660	24.70	24.28	0	21026	-0.27	24.45	25.51	24.40	--  	0.09	4.57	0.42	船舶	--  	0.000	
300427	红相电力	4.06	52541328	14.61	14.04	0	36355	-0.06	14.09	14.88	13.93	--  	0.26	6.77	0.57	电气设备	--  	-0.000	
02869	绿城服务	3.73	51793884	6.120	5.900	2000	8532000	0.33	5.920	6.120	5.920	--  	0.00	3.39	0.220	支援服务	--  	6.120	
002861	瀛通通讯	2.86	51724948	26.95	26.20	0	19346	0.00	26.00	27.27	26.00	--  	1.91	4.85	0.75	通信设备	--  	0.000	
000590	启迪古汉	3.17	51526032	15.63	15.15	0	32967	0.19	15.49	16.21	15.25	--  	1.23	6.34	0.48	中成药	--  	0.000	
300056	三维丝	8.31	51470372	7.43	6.86	0	71486	0.81	6.88	7.49	6.80	--  	0.85	10.06	0.57	环境保护	--  	-0.000	
600961	株冶集团	1.55	51296280	8.53	8.40	0	59570	-0.11	8.42	8.90	8.32	--  	1.79	6.90	0.13	铅锌	--  	-0.000	
603040	新坐标	0.52	50281360	67.05	66.70	0	7585	0.19	67.00	67.10	65.15	--  	0.41	2.92	0.35	机械基件	--  	0.000	
002869	金溢科技	3.83	50176396	31.72	30.55	0	15850	0.16	30.72	32.16	30.63	--  	0.65	5.01	1.17	通信设备	--  	-0.000	
300443	金雷风电	1.39	50133484	16.83	16.60	0	29968	-0.11	16.60	17.30	16.30	--  	1.08	6.02	0.23	专用机械	--  	-0.000	
002590	万安科技	2.26	49737048	13.14	12.85	0	37868	0.00	13.00	13.28	13.00	--  	0.19	2.18	0.29	汽车配件	--  	0.000	
000965	天保基建	2.14	49407068	5.72	5.60	0	87388	0.00	5.59	5.74	5.55	--  	0.21	3.39	0.12	区域地产	--  	-0.000	
000026	飞亚达Ａ	3.91	48747560	11.42	10.99	0	43418	0.71	10.90	11.59	10.86	--  	0.91	6.64	0.43	其他商业	--  	0.000	
000976	华铁股份	0.87	48059496	8.16	8.09	0	58903	-0.23	8.11	8.29	8.07	--  	0.00	2.72	0.07	运输设备	--  	-0.000	
600708	光明地产	2.70	47705348	6.85	6.67	0	70219	-0.14	6.69	6.87	6.67	--  	1.73	3.00	0.18	全国地产	--  	-0.000	
300039	上海凯宝	3.58	46409088	6.36	6.14	0	73658	-0.15	6.15	6.56	6.15	--  	1.63	6.68	0.22	中成药	--  	0.000	
300583	赛托生物	3.59	46231308	41.00	39.58	0	11246	0.02	39.98	42.50	39.58	--  	0.25	7.38	1.42	生物制药	--  	0.000	
000959	首钢股份	1.53	45697408	5.98	5.89	0	77050	0.00	5.93	5.98	5.81	--  	0.17	2.89	0.09	普钢	--  	0.000	
300509	新美星	10.01	45138880	27.15	24.68	0	16920	0.00	25.79	27.15	25.79	--  	1.82	5.51	2.47	专用机械	--  	-0.000	
300393	中来股份	2.20	44951416	34.90	34.15	0	13083	0.29	34.15	34.92	33.90	--  	0.33	2.99	0.75	塑料	--  	0.000	
002782	可立克	5.33	44866240	14.02	13.31	0	32855	-0.42	13.26	14.30	13.26	--  	0.75	7.81	0.71	电气设备	--  	0.000	
603017	中衡设计	8.61	44819736	16.53	15.22	0	27849	2.10	15.15	16.74	15.00	--  	0.89	11.43	1.31	建筑施工	--  	0.000	
002726	龙大肉食	2.33	44509160	11.42	11.16	0	39294	0.00	11.21	11.50	11.07	--  	0.00	3.85	0.26	食品	--  	0.000	
002107	沃华医药	3.11	42947480	12.58	12.20	0	34212	-0.62	11.98	13.06	11.94	--  	0.82	9.18	0.38	中成药	--  	-0.000	
01499	前进控股集团	28.38	42442552	0.475	0.370	10000	98930000	-8.65	0.370	0.550	0.330	--  	0.00	59.46	0.105	建筑	--  	0.475	
603269	海鸥股份	3.61	41880380	24.94	24.07	0	17123	0.81	24.04	25.06	23.80	--  	0.00	5.23	0.87	机械基件	--  	0.000	
002560	通达股份	3.37	41772488	7.37	7.13	0	57558	0.14	7.09	7.38	7.09	--  	0.70	4.07	0.24	电气设备	--  	-0.000	
603020	爱普股份	3.00	41233332	12.37	12.01	0	33572	0.24	12.01	12.40	12.00	--  	1.67	3.33	0.36	食品	--  	-0.000	
600992	贵绳股份	0.55	40901544	10.97	10.91	0	37510	0.46	11.09	11.09	10.79	--  	0.28	2.75	0.06	钢加工	--  	0.000	
002771	真视通	4.62	40349104	18.80	17.97	0	21421	-0.26	18.00	19.55	18.00	--  	0.83	8.63	0.83	软件服务	--  	-0.000	
300043	星辉娱乐	0.82	40337004	6.12	6.07	0	66681	0.16	6.07	6.15	6.01	--  	0.99	2.31	0.05	文教休闲	--  	-0.000	
002841	视源股份	0.30	39916284	72.50	72.28	0	5483	0.00	72.21	73.66	72.07	--  	0.58	2.20	0.22	元器件	--  	0.000	
600423	*ST柳化	4.94	39492104	5.10	4.86	0	78096	0.00	5.03	5.10	4.88	--  	1.03	4.53	0.24	农药化肥	--  	-0.000	
300587	天铁股份	1.84	38420040	23.20	22.78	0	16320	0.00	23.00	24.14	22.90	--  	0.57	5.44	0.42	橡胶	--  	0.000	
000920	南方汇通	0.31	38062748	9.63	9.60	0	39665	-0.09	9.66	9.70	9.54	--  	0.31	1.67	0.03	环境保护	--  	0.000	
603803	瑞斯康达	2.03	37658796	18.59	18.22	0	20342	-0.15	18.12	18.69	18.12	--  	0.00	3.13	0.37	通信设备	--  	0.000	
08083	中国创新支付	7.50	37382428	0.430	0.400	4000	86370936	1.18	0.400	0.455	0.400	120240	0.00	13.75	0.030	软件服务	280000	0.430	
300338	开元股份	0.05	36560672	21.48	21.47	0	17055	0.37	21.28	21.60	21.20	--  	0.05	1.86	0.01	电器仪表	--  	-0.000	
300189	神农基因	5.11	36469680	3.50	3.33	0	104789	0.00	3.35	3.57	3.33	--  	0.15	7.21	0.17	种植业	--  	0.000	
002791	坚朗五金	3.29	35908672	19.77	19.14	0	18242	0.15	19.10	19.96	19.06	--  	0.87	4.70	0.63	其他建材	--  	0.000	
603586	金麒麟	2.55	35757780	24.50	23.89	0	14663	-0.23	23.83	24.85	23.83	--  	0.00	4.27	0.61	汽车配件	--  	0.000	
300660	江苏雷利	1.93	35511072	68.78	67.48	0	5207	0.12	67.41	68.78	67.40	--  	0.00	2.05	1.30	电气设备	--  	-0.000	
01812	晨鸣纸业	1.15	35424180	14.080	13.920	500	2504000	-0.28	13.920	14.360	13.880	--  	0.00	3.45	0.160	原材料	--  	14.080	
300625	三雄极光	1.38	35403332	24.96	24.62	0	14232	0.04	24.87	25.05	24.65	--  	0.00	1.62	0.34	半导体	--  	-0.000	
000667	美好置业	1.33	35397856	3.04	3.00	0	117214	0.33	3.00	3.04	2.99	--  	0.83	1.67	0.04	全国地产	--  	-0.000	
600379	宝光股份	4.89	35237472	11.15	10.63	0	32043	-0.08	10.61	11.28	10.54	--  	0.43	6.96	0.52	电气设备	--  	-0.000	
01233	时代地产	2.81	34957632	7.690	7.480	1000	4639000	-0.13	7.550	7.750	7.260	1979160	0.00	6.55	0.210	地产	261000	7.690	
601700	风范股份	0.88	34926464	8.04	7.97	0	43339	0.00	7.98	8.13	7.97	--  	1.88	2.01	0.07	电气设备	--  	-0.000	
002256	兆新股份	2.43	34549728	4.22	4.12	0	83241	0.24	4.13	4.23	4.07	--  	1.22	3.88	0.10	染料涂料	--  	-0.000	
002734	利民股份	0.56	34444460	25.09	24.95	0	13766	0.00	24.94	25.18	24.41	--  	1.40	3.09	0.14	农药化肥	--  	0.000	
00579	京能清洁能源	4.48	34010360	2.100	2.010	2000	16546000	3.45	2.010	2.100	1.990	--  	0.00	5.47	0.090	公用事业	--  	2.100	
00631	三一国际	9.62	33575216	1.710	1.560	1000	19851000	0.00	1.580	1.750	1.580	--  	0.00	10.90	0.150	工业工程	--  	1.710	
600897	厦门空港	1.26	33495856	22.48	22.20	0	14969	0.09	22.20	22.54	22.18	--  	4.55	1.62	0.28	机场	--  	-0.000	
000030	富奥股份	0.50	33458020	8.11	8.07	0	41521	0.12	8.05	8.13	8.01	--  	2.48	1.49	0.04	汽车配件	--  	-0.000	
300281	金明精机	2.44	33412074	13.45	13.13	0	25338	2.05	12.96	13.45	12.86	--  	0.33	4.49	0.32	专用机械	--  	-0.000	
603639	海利尔	2.11	33327392	44.95	44.02	0	7492	-0.30	44.15	45.18	43.92	--  	0.45	2.86	0.93	农药化肥	--  	0.000	
300472	新元科技	2.37	32842530	29.84	29.15	0	11189	2.16	29.01	29.84	28.72	--  	0.11	3.84	0.69	专用机械	--  	0.000	
002328	新朋股份	1.62	32829296	6.88	6.77	0	48073	0.29	6.75	6.90	6.71	--  	0.66	2.81	0.11	汽车配件	--  	0.000	
603025	大豪科技	2.05	32514628	29.42	28.83	0	11125	0.03	29.28	29.48	28.66	--  	1.55	2.84	0.59	电脑设备	--  	0.000	
002620	瑞和股份	1.69	30893740	9.61	9.45	0	32314	0.10	9.46	9.68	9.43	--  	1.06	2.65	0.16	装修装饰	--  	-0.000	
603508	思维列控	0.91	30857284	38.65	38.30	0	8041	0.36	38.47	38.67	38.22	--  	0.61	1.17	0.35	软件服务	--  	0.000	
01636	中国金属利用	16.95	30783802	4.830	4.130	4000	7120000	2.55	4.170	4.830	4.130	--  	0.00	16.95	0.700	一般金属	--  	4.830	
600247	ST成城	4.99	30513742	9.04	8.61	0	33963	0.22	9.04	9.04	8.66	--  	0.17	4.41	0.43	商贸代理	--  	-0.000	
00943	意科控股	16.85	30452326	0.104	0.089	8000	302191456	-0.95	0.089	0.109	0.086	--  	0.00	25.84	0.015	家电及用品	--  	0.104	
00279	民众金融科技	1.96	30353842	0.520	0.510	20000	59714000	-3.70	0.510	0.550	0.485	--  	0.00	12.75	0.010	其他金融	--  	0.520	
600105	永鼎股份	1.87	30273248	6.52	6.40	0	46946	0.00	6.40	6.52	6.35	--  	1.53	2.66	0.12	通信设备	--  	-0.000	
300673	佩蒂股份	0.91	30144104	44.46	44.06	0	6758	0.14	44.30	44.99	44.13	--  	0.00	1.95	0.40	饲料	--  	-0.000	
002779	中坚科技	5.76	29940572	21.50	20.33	0	14313	5.65	20.10	21.50	19.95	--  	0.27	7.62	1.17	农用机械	--  	0.000	
000929	兰州黄河	0.68	29819978	11.93	11.85	0	25380	-0.16	11.80	12.11	11.43	--  	0.56	5.74	0.08	啤酒	--  	0.000	
603928	兴业股份	1.20	29545980	15.21	15.03	0	19426	-0.06	15.03	15.37	14.94	--  	1.33	2.86	0.18	化工原料	--  	0.000	
02323	中国港桥	3.37	29286642	3.070	2.970	2000	9782000	3.37	2.950	3.080	2.850	--  	0.00	7.74	0.100	工业工程	--  	3.070	
600241	时代万恒	4.45	28834320	10.32	9.88	0	27533	-0.38	9.92	10.85	9.90	--  	0.19	9.62	0.44	商贸代理	--  	-0.000	
00826	天工国际	8.33	28383842	1.170	1.080	2000	25990000	1.74	1.070	1.180	1.030	--  	0.00	13.89	0.090	一般金属	--  	1.170	
00603	中油燃气	6.25	28092052	0.850	0.800	20000	34489000	3.66	0.790	0.850	0.780	33000	0.00	8.75	0.050	公用事业	40000	0.850	
00839	中教控股	-0.45	27940952	6.580	6.610	1000	4213000	-0.30	6.640	6.680	6.540	--  	0.00	2.12	-0.030	支援服务	--  	6.580	
600766	园城黄金	0.77	27646296	9.19	9.12	0	30399	0.00	9.12	9.29	8.90	--  	0.00	4.28	0.07	黄金	--  	-0.000	
002381	双箭股份	3.62	27447760	8.01	7.73	0	34962	2.43	7.69	8.01	7.66	--  	1.29	4.53	0.28	橡胶	--  	0.000	
600775	南京熊猫	2.07	27422900	7.88	7.72	0	34974	-0.24	7.72	7.91	7.69	--  	0.91	2.85	0.16	通信设备	--  	0.000	
300437	清水源	0.83	27412036	15.79	15.66	0	17342	0.00	15.58	16.01	15.55	--  	0.51	2.94	0.13	化工原料	--  	-0.000	
000428	华天酒店	3.47	27273658	4.18	4.04	0	65567	0.00	4.04	4.20	4.03	--  	0.30	4.21	0.14	酒店餐饮	--  	-0.000	
300522	世名科技	2.78	27225502	21.07	20.50	0	13044	-0.18	20.60	21.20	20.41	--  	0.81	3.85	0.57	染料涂料	--  	-0.000	
600469	风神股份	3.08	27118436	5.69	5.52	0	48164	-0.17	5.51	5.74	5.50	--  	1.81	4.35	0.17	汽车配件	--  	0.000	
603023	威帝股份	6.23	27080540	8.19	7.71	0	33799	0.74	7.76	8.27	7.73	--  	1.30	7.00	0.48	汽车配件	--  	-0.000	
00996	嘉年华国际	12.66	27077804	0.445	0.395	10000	62820128	0.00	0.395	0.450	0.395	--  	0.00	13.92	0.050	地产	--  	0.445	
002478	常宝股份	3.42	26586628	5.45	5.27	0	49310	0.00	5.27	5.47	5.22	--  	7.69	4.74	0.18	钢加工	--  	-0.000	
00546	阜丰集团	0.39	26355712	5.100	5.080	1000	5171000	0.00	5.080	5.130	5.000	--  	1.73	2.56	0.020	食物饮品	--  	5.100	
002199	东晶电子	3.02	25738774	15.35	14.90	0	16877	0.99	14.71	15.50	14.71	--  	0.35	5.30	0.45	元器件	--  	0.000	
603268	松发股份	2.14	25558912	28.63	28.03	0	9021	0.81	28.03	28.80	27.82	--  	0.49	3.50	0.60	陶瓷	--  	-0.000	
03329	交银国际	1.15	24827498	2.650	2.620	1000	9342438	0.00	2.630	2.700	2.630	--  	0.00	2.67	0.030	其他金融	--  	2.650	
603609	禾丰牧业	1.25	24758228	8.88	8.77	0	28002	0.23	8.76	8.88	8.76	--  	1.14	1.37	0.11	饲料	--  	0.000	
300563	神宇股份	3.52	24240552	31.48	30.41	0	7844	0.51	30.22	31.48	30.10	--  	0.66	4.54	1.07	通信设备	--  	-0.000	
300551	古鳌科技	3.06	23703040	26.64	25.85	0	8870	0.15	25.90	27.98	25.76	--  	0.23	8.59	0.79	专用机械	--  	-0.000	
300490	华自科技	4.92	23647066	14.30	13.63	0	16862	-0.62	13.71	14.42	13.52	--  	0.32	6.60	0.67	电气设备	--  	0.000	
600692	亚通股份	1.01	22638602	10.00	9.90	0	22664	0.10	9.90	10.07	9.87	--  	0.00	2.02	0.10	水运	--  	0.000	
603585	苏利股份	0.64	22542610	31.36	31.16	0	7208	-0.05	31.17	31.45	31.06	--  	1.28	1.25	0.20	化工原料	--  	0.000	
300218	安利股份	4.34	22432006	8.90	8.53	0	25338	-0.44	8.60	9.02	8.25	--  	1.01	9.03	0.37	塑料	--  	-0.000	
00512	远大医药	6.13	22385362	3.810	3.590	4000	6028000	-0.52	3.630	3.850	3.600	--  	0.00	6.96	0.220	医药医疗	--  	3.810	
300507	苏奥传感	2.34	22365486	27.58	26.95	0	8168	0.04	26.95	27.79	26.95	--  	0.62	3.12	0.63	汽车配件	--  	-0.000	
600981	汇鸿集团	2.48	22186108	5.78	5.64	0	38105	-0.16	5.71	5.93	5.71	--  	1.77	3.90	0.14	商贸代理	--  	0.000	
03996	中国能源建设	3.70	21834802	1.400	1.350	2000	15726000	0.72	1.350	1.430	1.350	--  	0.00	5.93	0.050	工业工程	--  	1.400	
00309	新华通讯频媒	33.93	21721524	0.300	0.224	1000	75957120	1.69	0.224	0.315	0.224	--  	0.00	40.63	0.076	支援服务	--  	0.300	
600731	湖南海利	2.90	21603786	7.09	6.89	0	30777	0.57	6.89	7.10	6.84	--  	0.23	3.77	0.20	农药化肥	--  	0.000	
603828	柯利达	0.41	21557622	9.89	9.85	0	21953	0.20	9.83	9.93	9.74	--  	0.56	1.93	0.04	装修装饰	--  	0.000	
000919	金陵药业	2.43	21233528	8.84	8.63	0	24292	1.03	8.63	8.90	8.63	--  	1.97	3.13	0.21	化学制药	--  	0.000	
603838	四通股份	1.73	21201984	12.38	12.17	0	17269	0.00	12.07	12.40	12.07	--  	0.58	2.71	0.21	陶瓷	--  	0.000	
300446	乐凯新材	3.07	20934014	22.15	21.49	0	9600	0.18	21.58	22.20	21.44	--  	1.40	3.54	0.66	化工原料	--  	-0.000	
02488	元征科技	4.60	20915906	9.100	8.700	500	2284000	-0.55	8.890	9.350	8.890	--  	2.46	5.29	0.400	汽车	--  	9.100	
603738	泰晶科技	3.06	20170588	24.28	23.56	0	8205	0.04	23.39	25.90	23.39	--  	0.80	10.65	0.72	元器件	--  	0.000	
603558	健盛集团	1.97	19970972	12.40	12.16	0	16118	-0.15	12.17	12.58	12.00	--  	0.73	4.77	0.24	纺织	--  	-0.000	
300621	维业股份	2.19	19591876	19.62	19.20	0	10112	0.00	19.10	19.70	19.10	--  	0.00	3.13	0.42	装修装饰	--  	0.000	
01430	苏创燃气	8.19	19505580	3.700	3.420	2000	5404000	-0.27	3.410	3.740	3.370	--  	0.00	10.82	0.280	公用事业	--  	3.700	
002069	獐子岛	1.40	18962630	7.98	7.87	0	24047	0.13	7.70	8.01	7.68	--  	1.91	4.19	0.11	渔业	--  	0.000	
600483	福能股份	1.34	18601316	7.56	7.46	0	24758	0.27	7.46	7.60	7.41	--  	2.68	2.55	0.10	火力发电	--  	-0.000	
01622	力高地产	0.56	18137220	3.560	3.540	2000	5130000	0.28	3.560	3.600	3.490	--  	0.65	3.11	0.020	地产	--  	3.560	
600493	凤竹纺织	3.77	18034398	7.99	7.70	0	22859	-0.24	7.70	8.02	7.67	--  	0.91	4.55	0.29	纺织	--  	-0.000	
600368	五洲交通	0.38	17013520	5.25	5.23	0	32594	0.38	5.24	5.25	5.19	--  	1.53	1.15	0.02	路桥	--  	0.000	
01908	建发国际集团	9.35	16908640	6.900	6.310	4000	2552000	0.44	6.420	7.000	6.160	--  	0.00	13.31	0.590	地产	--  	6.900	
01578	天津银行	4.62	16413796	6.800	6.500	500	2617500	7.94	6.400	6.800	5.880	--  	0.00	14.15	0.300	银行	--  	6.800	
02002	阳光纸业	3.08	16069262	2.010	1.950	500	7883003	0.00	1.950	2.100	1.950	--  	0.00	7.69	0.060	原材料	--  	2.010	
06833	兴科蓉医药	4.23	15756841	0.740	0.710	4000	21928000	0.00	0.700	0.750	0.700	--  	0.00	7.04	0.030	医药医疗	--  	0.740	
300442	普丽盛	2.04	15420287	21.48	21.05	0	7147	-0.31	21.03	22.20	21.03	--  	0.07	5.56	0.43	轻工机械	--  	-0.000	
00895	东江环保	5.52	15412463	12.240	11.600	200	1298100	2.17	11.600	12.240	11.600	--  	0.00	5.52	0.640	工业工程	--  	12.240	
01660	善乐国际	7.78	15412321	0.485	0.450	8000	33360000	0.00	0.445	0.500	0.445	--  	0.00	12.22	0.035	工业工程	--  	0.485	
00198	星美控股	1.74	15325598	4.100	4.030	4000	3779700	0.99	3.950	4.100	3.950	--  	0.00	3.72	0.070	媒体及娱乐	--  	4.100	
08005	裕兴科技	10.11	15220821	0.980	0.890	2000	16312000	2.08	0.880	0.990	0.830	--  	0.00	17.98	0.090	信息器材	--  	0.980	
002476	宝莫股份	0.36	14708403	5.62	5.60	0	26356	0.18	5.63	5.63	5.55	--  	0.54	1.43	0.02	化工原料	--  	-0.000	
01606	国银租赁	3.35	13879101	1.850	1.790	2000	7518000	-0.54	1.760	1.880	1.750	--  	0.00	7.26	0.060	其他金融	--  	1.850	
300559	佳发安泰	3.47	13844526	40.00	38.66	0	3530	2.83	38.98	41.00	38.30	--  	0.47	6.98	1.34	软件服务	--  	0.000	
03737	中智药业	1.80	13712011	1.700	1.670	1000	8203000	1.19	1.670	1.700	1.660	--  	1.12	2.40	0.030	医药医疗	--  	1.700	
600192	长城电工	0.93	13613715	6.51	6.45	0	21086	0.15	6.44	6.52	6.41	--  	0.12	1.71	0.06	电气设备	--  	0.000	
000862	银星能源	2.33	13286722	4.84	4.73	0	27738	-0.20	4.75	4.86	4.72	--  	0.00	2.96	0.11	新型电力	--  	0.000	
01963	重庆银行	0.48	13202688	6.220	6.190	500	2128500	0.16	6.200	6.240	6.170	--  	0.00	1.13	0.030	银行	--  	6.220	
002832	比音勒芬	4.51	13116829	60.19	57.59	0	2200	-0.01	57.59	60.68	57.59	--  	0.35	5.37	2.60	服饰	--  	-0.000	
01651	津上机床中国	3.99	12597411	8.600	8.270	1000	1481000	-0.81	8.250	8.700	8.160	--  	0.00	6.53	0.330	工业工程	--  	8.600	
600007	中国国贸	0.06	12301306	17.14	17.13	0	7172	-0.05	17.23	17.23	17.02	--  	1.75	1.23	0.01	园区开发	--  	-0.000	
002862	实丰文化	3.80	11936212	28.40	27.36	0	4268	0.71	27.45	28.80	27.25	--  	0.00	5.67	1.04	文教休闲	--  	-0.000	
002598	山东章鼓	0.10	11060019	9.67	9.66	0	11436	0.21	9.69	9.75	9.56	--  	2.07	1.97	0.01	机械基件	--  	0.000	
300305	裕兴股份	0.39	11054588	7.64	7.61	0	14518	-0.12	7.64	7.66	7.56	--  	0.79	1.31	0.03	塑料	--  	-0.000	
603208	江山欧派	2.32	10906532	42.83	41.86	0	2567	0.07	41.91	42.89	41.90	--  	0.98	2.37	0.97	家居用品	--  	0.000	
01111	创兴银行	0.60	10650981	16.780	16.680	1000	633000	-0.12	16.720	16.940	16.720	--  	0.89	1.32	0.100	银行	--  	16.780	
00798	中电光谷	2.74	10603801	0.750	0.730	4000	14548000	1.35	0.730	0.750	0.720	35160	0.00	4.11	0.020	地产	48000	0.750	
603315	福鞍股份	1.84	9880933	13.83	13.58	0	7190	-0.06	13.53	13.86	13.53	--  	0.40	2.43	0.25	机械基件	--  	-0.000	
00078	REGAL INT'L	0.49	9696124	6.150	6.120	2000	1577846	0.00	6.130	6.160	6.130	24580	0.73	0.49	0.030	酒店及消闲	4000	6.150	
01028	千百度	2.75	9257930	2.620	2.550	1000	3581000	0.38	2.540	2.630	2.520	137100	0.00	4.31	0.070	纺织服饰	53000	2.620	
01733	易大宗	1.30	9209592	0.780	0.770	12000	11612235	-1.27	0.780	0.800	0.780	--  	4.87	2.60	0.010	煤炭	--  	0.780	
08373	靛蓝星	9.88	9205150	0.890	0.810	5000	11655000	0.00	0.770	0.940	0.760	--  	0.00	22.22	0.080	建筑	--  	0.890	
01986	彩客化学	16.48	8599690	5.300	4.550	500	1814000	6.00	4.650	5.400	4.430	--  	0.00	21.32	0.750	原材料	--  	5.300	
00719	山东新华制药股份	6.08	7902661	8.300	7.824	2000	976000	0.00	7.930	8.300	7.860	--  	0.00	5.62	0.476	医药医疗	--  	8.300	
00496	卡森国际	2.34	6319241	1.310	1.280	1000	4942000	0.77	1.280	1.320	1.250	--  	0.00	5.47	0.030	家电及用品	--  	1.310	
00886	银基集团	3.80	6225811	0.820	0.790	3000	7848000	5.13	0.800	0.840	0.760	--  	0.00	10.13	0.030	食物饮品	--  	0.820	
08138	同仁堂国药	0.38	5978257	10.620	10.580	1000	563802	-0.19	10.600	10.700	10.520	--  	0.00	1.70	0.040	医药医疗	--  	10.620	
数据来源:通达信
