代码	名称	涨幅%%	总金额	现价	昨收	每手	总量	涨速%%	今开	最高	最低	抛空额	股息率%%	振幅%%	涨跌	细分行业	抛空量	按盘价	
601899	紫金矿业	0.44	4168940544	4.61	4.59	0	9049692	0.00	4.66	4.78	4.48	--  	1.31	6.54	0.02	黄金	--  	0.000	
00388	香港交易所	4.34	3616145152	250.200	239.800	100	14581940	0.24	242.000	250.200	241.800	--  	0.00	3.50	10.400	其他金融	--  	250.200	
600585	海螺水泥	8.97	3276282880	31.96	29.33	0	1064146	-0.11	29.80	32.10	29.53	--  	1.70	8.76	2.63	水泥	--  	-0.000	
601766	中国中车	5.28	3262978816	12.75	12.11	0	2580837	0.00	12.37	12.85	12.33	--  	1.73	4.29	0.64	运输设备	--  	0.000	
600383	金地集团	9.42	3095515904	13.82	12.63	0	2236182	0.58	12.86	13.89	12.86	--  	5.54	8.16	1.19	全国地产	--  	-0.000	
601288	农业银行	0.52	3073323520	3.85	3.83	0	7985191	0.26	3.84	3.94	3.77	--  	4.44	4.44	0.02	银行	--  	-0.000	
600048	保利地产	3.32	2717476352	14.62	14.15	0	1838891	-0.40	14.30	15.08	14.30	--  	2.23	5.51	0.47	全国地产	--  	-0.000	
600030	中信证券	1.88	2562809856	18.44	18.10	0	1393285	0.11	18.13	18.52	18.13	--  	1.93	2.15	0.34	证券	--  	0.000	
600028	中国石化	3.92	2335727360	6.37	6.13	0	3675653	-0.30	6.16	6.47	6.16	--  	1.63	5.06	0.24	石油加工	--  	-0.000	
000002	万 科Ａ	4.83	2218502656	32.56	31.06	0	683434	0.06	31.45	32.99	31.45	--  	2.54	4.96	1.50	全国地产	--  	0.000	
600606	绿地控股	7.67	1972243584	7.86	7.30	0	2533063	-0.12	7.38	7.97	7.37	--  	3.42	8.22	0.56	全国地产	--  	0.000	
002146	荣盛发展	8.60	1917625600	10.35	9.53	0	1903576	-0.09	9.75	10.39	9.73	--  	4.20	6.93	0.82	全国地产	--  	0.000	
601939	建设银行	1.43	1712285824	7.79	7.68	0	2189444	0.26	7.69	8.00	7.64	--  	3.62	4.69	0.11	银行	--  	-0.000	
601225	陕西煤业	5.51	1690044288	8.61	8.16	0	2002033	-0.22	8.28	8.65	8.23	--  	1.35	5.15	0.45	煤炭开采	--  	-0.000	
601166	兴业银行	1.47	1678255360	17.24	16.99	0	976022	0.06	17.05	17.29	17.01	--  	3.59	1.65	0.25	银行	--  	-0.000	
03988	中国银行	2.08	1670987008	3.920	3.840	1000	426026560	-0.25	3.860	3.950	3.850	--  	0.00	2.60	0.080	银行	--  	3.920	
02007	碧桂园	8.32	1667868928	16.140	14.900	1000	103928176	0.00	14.880	16.380	14.880	--  	1.07	10.07	1.240	地产	--  	16.140	
601988	中国银行	0.25	1652037120	3.98	3.97	0	4145079	0.00	3.98	4.05	3.93	--  	4.23	3.02	0.01	银行	--  	0.000	
02828	恒生Ｈ股	3.13	1484138880	121.900	118.200	200	12223158	0.00	118.600	122.000	118.600	621904000	0.00	2.88	3.700		5122200	121.900	
02333	长城汽车	7.26	1397437440	9.600	8.950	500	146100608	-0.31	9.130	9.710	9.120	--  	0.00	6.59	0.650	汽车	--  	9.600	
000732	泰禾集团	6.39	1297724032	21.30	20.02	0	597458	-0.04	20.72	22.02	20.72	--  	0.50	6.49	1.28	区域地产	--  	-0.000	
601601	中国太保	1.18	1282868608	41.91	41.42	0	305573	-0.13	41.58	42.65	41.15	--  	1.69	3.62	0.49	保险	--  	-0.000	
000830	鲁西化工	6.16	1272969344	16.90	15.92	0	757629	-0.05	15.99	17.34	15.98	--  	1.88	8.54	0.98	农药化肥	--  	-0.000	
601688	华泰证券	4.40	1253720320	18.02	17.26	0	706317	0.11	17.31	18.15	17.30	--  	2.90	4.92	0.76	证券	--  	0.000	
00688	中国海外发展	4.57	1227773440	26.300	25.150	2000	46715508	-0.19	25.200	26.850	25.200	--  	1.33	6.56	1.150	地产	--  	26.300	
000786	北新建材	8.89	1224114176	24.50	22.50	0	512503	-0.40	22.50	24.70	22.50	--  	0.80	9.78	2.00	其他建材	--  	0.000	
01288	农业银行	2.20	1190825472	3.720	3.640	1000	319579456	-0.27	3.660	3.750	3.660	--  	0.00	2.47	0.080	银行	--  	3.720	
01336	新华保险	4.59	1152914944	55.850	53.400	100	20736200	-0.36	53.900	56.400	53.350	--  	0.00	5.71	2.450	保险	--  	55.850	
601636	旗滨集团	8.81	1084432384	6.79	6.24	0	1639493	0.00	6.29	6.86	6.21	--  	2.41	10.42	0.55	玻璃	--  	-0.000	
600340	华夏幸福	2.77	1060072128	32.26	31.39	0	327483	-0.18	31.53	32.88	31.53	--  	2.10	4.30	0.87	区域地产	--  	-0.000	
000868	安凯客车	5.17	1046956672	8.75	8.32	0	1196541	-0.10	8.40	9.08	8.23	--  	0.24	10.22	0.43	汽车整车	--  	0.000	
000717	韶钢松山	5.08	1041953728	9.31	8.86	0	1138643	0.00	8.85	9.40	8.80	--  	0.39	6.77	0.45	普钢	--  	0.000	
601628	中国人寿	0.13	1005557312	30.49	30.45	0	329446	0.16	30.52	30.84	30.27	--  	0.79	1.87	0.04	保险	--  	-0.000	
601233	桐昆股份	10.00	993200832	24.74	22.49	0	408475	0.00	22.70	24.74	22.70	--  	1.18	9.07	2.25	化纤	--  	-0.000	
600019	宝钢股份	3.70	969133312	8.96	8.64	0	1091647	-0.21	8.69	8.99	8.66	--  	2.43	3.82	0.32	普钢	--  	0.000	
001979	招商蛇口	3.43	962808320	20.23	19.56	0	474237	-0.09	19.52	20.48	19.52	--  	2.56	4.91	0.67	全国地产	--  	-0.000	
601088	中国神华	2.76	890989184	23.81	23.17	0	378910	0.29	23.30	23.86	23.18	--  	10.83	2.93	0.64	煤炭开采	--  	-0.000	
002092	中泰化学	6.16	842644352	14.13	13.31	0	607425	0.07	13.33	14.19	13.33	--  	0.68	6.46	0.82	化工原料	--  	0.000	
000983	西山煤电	4.04	842302528	10.55	10.14	0	805833	-0.08	10.20	10.62	10.17	--  	0.11	4.44	0.41	煤炭开采	--  	0.000	
600581	八一钢铁	6.30	839421824	14.52	13.66	0	591201	0.28	13.71	14.69	13.46	--  	0.11	9.00	0.86	普钢	--  	0.000	
000338	潍柴动力	3.60	832558784	8.64	8.34	0	972471	0.23	8.35	8.66	8.34	--  	1.80	3.84	0.30	汽车配件	--  	0.000	
601328	交通银行	1.13	832319424	6.28	6.21	0	1325312	0.00	6.21	6.35	6.20	--  	4.37	2.42	0.07	银行	--  	0.000	
601006	大秦铁路	0.66	823580288	9.13	9.07	0	899557	0.11	9.15	9.24	9.07	--  	2.76	1.87	0.06	铁路	--  	0.000	
002050	三花智控	6.71	820837568	19.57	18.34	0	430508	0.05	18.38	19.71	18.29	--  	1.39	7.74	1.23	机械基件	--  	-0.000	
002655	共达电声	9.90	819413184	10.55	9.60	0	781729	-0.08	10.20	10.56	10.05	--  	0.11	5.31	0.95	元器件	--  	0.000	
03333	中国恒大	4.64	788998272	28.200	26.950	1000	28005454	-0.35	27.300	28.750	27.200	--  	0.00	5.75	1.250	地产	--  	28.200	
600801	华新水泥	9.98	785637376	15.54	14.13	0	523967	0.00	14.25	15.54	14.08	--  	0.71	10.33	1.41	水泥	--  	-0.000	
000069	华侨城Ａ	4.83	735606912	8.90	8.49	0	826216	-0.10	8.50	9.15	8.50	--  	1.18	7.66	0.41	旅游景点	--  	-0.000	
01766	中国中车	3.95	724504000	8.690	8.360	1000	83814288	0.93	8.480	8.740	8.480	--  	0.00	3.11	0.330	工业工程	--  	8.690	
600507	方大特钢	10.01	721281024	13.96	12.69	0	537571	0.00	12.79	13.96	12.69	--  	1.99	10.01	1.27	特种钢	--  	0.000	
600720	祁连山	6.57	706466304	11.03	10.35	0	654445	-0.08	10.41	11.11	10.36	--  	0.63	7.25	0.68	水泥	--  	-0.000	
603005	晶方科技	1.30	683775168	35.74	35.28	0	186274	0.17	38.81	38.81	34.77	--  	0.14	11.45	0.46	半导体	--  	0.000	
000776	广发证券	2.58	668361280	17.11	16.68	0	394532	0.18	16.72	17.13	16.68	--  	1.63	2.70	0.43	证券	--  	0.000	
000488	晨鸣纸业	3.72	654399808	17.29	16.67	0	383272	0.00	16.60	17.40	16.59	--  	3.60	4.86	0.62	造纸	--  	0.000	
002572	索菲亚	2.83	623887616	37.84	36.80	0	165511	0.03	36.77	38.18	36.40	--  	0.95	4.84	1.04	家居用品	--  	0.000	
01088	中国神华	4.20	623769088	21.100	20.250	500	29810848	-0.24	20.300	21.200	20.300	--  	0.00	4.44	0.850	煤炭	--  	21.100	
01093	石药集团	3.93	611506112	16.400	15.780	2000	37612976	-0.24	15.880	16.560	15.860	--  	0.00	4.44	0.620	医药医疗	--  	16.400	
02238	广汽集团	5.62	611325824	19.560	18.520	2000	31859080	0.20	18.660	19.560	18.520	--  	0.00	5.62	1.040	汽车	--  	19.560	
002081	金 螳 螂	6.20	606081408	16.27	15.32	0	377595	0.12	15.47	16.38	15.45	--  	0.98	6.07	0.95	装修装饰	--  	0.000	
000059	华锦股份	6.40	583842048	10.14	9.53	0	584835	0.20	9.58	10.19	9.54	--  	2.35	6.82	0.61	石油加工	--  	0.000	
600409	三友化工	4.28	560821056	10.00	9.59	0	568089	0.00	9.63	10.07	9.55	--  	1.17	5.42	0.41	化工原料	--  	0.000	
02202	万科企业	9.94	556624128	34.300	31.200	100	16609178	0.29	31.250	34.550	31.250	--  	0.00	10.58	3.100	地产	--  	34.300	
601211	国泰君安	1.13	550520000	18.73	18.52	0	295485	0.05	18.53	18.75	18.47	--  	1.84	1.51	0.21	证券	--  	-0.000	
600282	南钢股份	5.37	546993280	5.10	4.84	0	1092343	0.00	4.85	5.12	4.83	--  	1.27	5.99	0.26	普钢	--  	-0.000	
601818	光大银行	0.74	537373760	4.08	4.05	0	1314683	-0.23	4.05	4.12	4.04	--  	2.15	1.98	0.03	银行	--  	-0.000	
000671	阳 光 城	5.34	536633184	8.29	7.87	0	642874	0.48	8.09	8.66	8.09	--  	0.64	7.24	0.42	区域地产	--  	-0.000	
002244	滨江集团	2.14	534749920	8.12	7.95	0	658507	0.25	7.95	8.30	7.92	--  	0.86	4.78	0.17	区域地产	--  	-0.000	
03323	中国建材	6.01	532401568	7.410	6.990	2000	72829632	0.14	6.980	7.420	6.980	--  	0.00	6.29	0.420	建筑	--  	7.410	
601666	平煤股份	5.56	527512256	6.65	6.30	0	810688	-0.44	6.41	6.75	6.32	--  	0.41	6.83	0.35	煤炭开采	--  	0.000	
03993	洛阳钼业	5.58	522836768	5.300	5.020	3000	99674616	0.38	5.060	5.300	5.020	--  	0.00	5.58	0.280	一般金属	--  	5.300	
600291	西水股份	2.68	520421056	24.15	23.52	0	217367	0.21	23.58	24.16	23.46	--  	0.04	2.98	0.63	保险	--  	-0.000	
002440	闰土股份	2.59	519822656	20.20	19.69	0	260452	0.05	19.70	20.29	19.51	--  	1.78	3.96	0.51	染料涂料	--  	0.000	
000413	东旭光电	1.60	506829376	9.53	9.38	0	535016	-0.09	9.39	9.55	9.34	--  	0.64	2.24	0.15	元器件	--  	-0.000	
002078	太阳纸业	4.53	505249344	9.70	9.28	0	527377	0.00	9.29	9.75	9.28	--  	0.53	5.06	0.42	造纸	--  	-0.000	
601857	中国石油	1.98	504750240	8.25	8.09	0	613961	0.00	8.09	8.33	8.08	--  	0.86	3.09	0.16	石油开采	--  	0.000	
00914	海螺水泥	6.39	504317632	39.100	36.750	500	13133310	0.26	37.200	39.400	36.800	--  	0.00	7.07	2.350	建筑	--  	39.100	
300088	长信科技	1.28	502355264	7.93	7.83	0	644336	0.00	7.84	7.98	7.58	--  	0.00	5.11	0.10	元器件	--  	-0.000	
000672	上峰水泥	9.98	494678336	10.69	9.72	0	483491	0.00	9.73	10.69	9.73	--  	0.31	9.88	0.97	水泥	--  	-0.000	
600808	马钢股份	3.39	486297344	4.27	4.13	0	1152278	0.00	4.13	4.29	4.11	--  	1.21	4.36	0.14	普钢	--  	-0.000	
000581	威孚高科	0.58	475556480	24.14	24.00	0	197475	-0.03	23.85	24.25	23.82	--  	2.50	1.79	0.14	汽车配件	--  	-0.000	
600326	西藏天路	1.36	470673664	10.40	10.26	0	455396	0.00	10.29	10.45	10.14	--  	0.60	3.02	0.14	建筑施工	--  	-0.000	
00285	比亚迪电子	10.11	470159296	18.740	17.020	500	25765076	0.00	17.080	18.940	17.040	--  	0.00	11.16	1.720	信息器材	--  	18.740	
600999	招商证券	2.21	469820352	17.54	17.16	0	269909	0.00	17.18	17.65	17.05	--  	0.94	3.50	0.38	证券	--  	0.000	
600660	福耀玻璃	3.07	454916096	29.89	29.00	0	153338	0.00	29.10	29.90	29.10	--  	2.06	2.76	0.89	汽车配件	--  	-0.000	
600068	葛洲坝	3.29	448793376	8.47	8.20	0	534383	0.12	8.20	8.47	8.19	--  	2.51	3.41	0.27	建筑施工	--  	0.000	
002601	龙蟒佰利	3.12	425926848	16.52	16.02	0	260819	0.06	16.12	16.57	15.92	--  	3.07	4.06	0.50	化工原料	--  	0.000	
000895	双汇发展	3.51	421384736	27.43	26.50	0	155037	0.11	26.73	27.51	26.73	--  	4.53	2.94	0.93	食品	--  	0.000	
01638	佳兆业集团	12.24	420631808	4.950	4.410	1000	87718000	0.61	4.410	5.020	4.410	--  	0.00	13.83	0.540	地产	--  	4.950	
600216	浙江医药	4.69	420569376	14.07	13.44	0	303818	-0.06	13.42	14.18	13.25	--  	1.08	6.92	0.63	化学制药	--  	-0.000	
600518	康美药业	0.09	413559456	22.38	22.36	0	185358	0.49	22.28	22.44	22.16	--  	0.91	1.25	0.02	中成药	--  	-0.000	
002045	国光电器	5.59	408774720	17.76	16.82	0	233630	-0.49	17.00	17.91	17.00	--  	0.48	5.41	0.94	元器件	--  	0.000	
600325	华发股份	2.99	408249152	7.58	7.36	0	537711	-0.25	7.32	7.70	7.32	--  	6.04	5.16	0.22	区域地产	--  	-0.000	
600691	阳煤化工	7.92	400674176	3.95	3.66	0	1041779	0.51	3.65	3.99	3.63	--  	0.00	9.84	0.29	农药化肥	--  	0.000	
002597	金禾实业	1.93	399033888	26.42	25.92	0	151549	0.11	26.15	26.62	25.82	--  	1.54	3.09	0.50	化工原料	--  	0.000	
002508	老板电器	3.33	397799104	49.70	48.10	0	80453	0.36	48.28	49.87	48.25	--  	0.80	3.37	1.60	家用电器	--  	0.000	
601117	中国化学	3.56	392743776	6.99	6.75	0	566047	0.14	6.76	6.99	6.73	--  	1.60	3.85	0.24	建筑施工	--  	-0.000	
01813	合景泰富	12.81	388042880	10.300	9.130	500	38817560	0.98	9.200	10.360	9.160	--  	1.12	13.14	1.170	地产	--  	10.300	
002386	天原集团	7.76	385845568	9.03	8.38	0	438642	0.22	8.47	9.08	8.40	--  	0.36	8.11	0.65	化工原料	--  	-0.000	
601992	金隅股份	2.95	384694048	5.59	5.43	0	693279	0.00	5.45	5.63	5.42	--  	0.85	3.87	0.16	水泥	--  	0.000	
01109	华润置地	3.26	383394176	23.750	23.000	2000	16058781	-0.42	23.250	24.350	23.200	--  	0.42	5.00	0.750	地产	--  	23.750	
300251	光线传媒	5.65	381392864	11.04	10.45	0	350074	0.36	10.59	11.09	10.48	--  	0.38	5.84	0.59	影视音像	--  	-0.000	
00813	世茂房地产	8.35	380624544	18.420	17.000	500	20728556	-0.32	17.300	18.740	17.200	--  	2.17	9.06	1.420	地产	--  	18.420	
600123	兰花科创	4.03	375722240	9.54	9.17	0	397987	0.10	9.22	9.57	9.21	--  	1.09	3.93	0.37	煤炭开采	--  	-0.000	
600971	恒源煤电	3.84	374899392	10.83	10.43	0	350311	-0.27	10.47	10.92	10.46	--  	0.96	4.41	0.40	煤炭开采	--  	-0.000	
000898	鞍钢股份	3.94	373701664	6.60	6.35	0	574057	-0.14	6.35	6.62	6.34	--  	1.06	4.41	0.25	普钢	--  	-0.000	
002500	山西证券	2.17	371337600	9.42	9.22	0	393195	0.00	9.29	9.58	9.29	--  	0.98	3.15	0.20	证券	--  	0.000	
000587	金洲慈航	1.86	370311488	7.13	7.00	0	525121	0.42	7.01	7.14	6.98	--  	1.07	2.29	0.13	批发业	--  	0.000	
600436	片仔癀	3.69	369016416	65.53	63.20	0	56891	-0.04	63.05	65.69	63.05	--  	0.43	4.18	2.33	中成药	--  	-0.000	
603707	健友股份	3.40	366040928	29.19	28.23	0	123552	-0.20	29.20	30.88	29.15	--  	0.00	6.13	0.96	化学制药	--  	0.000	
601186	中国铁建	2.42	363242304	11.41	11.14	0	319610	0.09	11.16	11.47	11.16	--  	1.44	2.78	0.27	建筑施工	--  	-0.000	
000961	中南建设	3.28	355441856	6.62	6.41	0	534169	0.00	6.64	6.84	6.56	--  	0.23	4.37	0.21	建筑施工	--  	-0.000	
002233	塔牌集团	5.12	354550144	12.52	11.91	0	287354	0.16	11.92	12.59	11.92	--  	1.32	5.63	0.61	水泥	--  	0.000	
02328	中国财险	2.93	351311456	15.460	15.020	2000	22811136	-0.26	15.220	15.540	15.060	--  	0.00	3.20	0.440	保险	--  	15.460	
000885	同力水泥	10.01	349827584	17.03	15.48	0	212600	0.00	15.45	17.03	15.41	--  	0.06	10.47	1.55	水泥	--  	0.000	
600688	上海石化	4.11	346861344	6.59	6.33	0	530205	0.00	6.33	6.62	6.33	--  	3.94	4.58	0.26	石油加工	--  	0.000	
06030	中信证券	4.22	340806304	16.800	16.120	500	20441976	0.36	16.200	16.860	16.180	--  	0.00	4.22	0.680	其他金融	--  	16.800	
601377	兴业证券	0.41	338885408	7.31	7.28	0	463687	0.14	7.32	7.34	7.26	--  	2.04	1.10	0.03	证券	--  	-0.000	
601919	中远海控	1.92	337706688	6.90	6.77	0	491807	0.00	6.83	6.93	6.77	--  	1.33	2.36	0.13	水运	--  	0.000	
002271	东方雨虹	4.85	337008992	41.90	39.96	0	81518	0.34	39.97	42.18	39.96	--  	0.38	5.56	1.94	其他建材	--  	0.000	
002043	兔 宝 宝	3.02	334924704	12.63	12.26	0	263517	0.16	12.35	12.95	12.35	--  	0.41	4.89	0.37	其他建材	--  	0.000	
000997	新 大 陆	5.47	330670048	18.91	17.93	0	177956	-0.10	18.02	18.96	18.02	--  	0.31	5.24	0.98	软件服务	--  	-0.000	
002061	浙江交科	4.71	330471104	16.01	15.29	0	211126	0.13	15.35	16.10	15.17	--  	0.09	6.08	0.72	化工原料	--  	0.000	
600348	阳泉煤业	2.85	329957536	7.59	7.38	0	438963	0.00	7.37	7.61	7.35	--  	1.59	3.52	0.21	煤炭开采	--  	0.000	
600567	山鹰纸业	3.23	329413376	4.48	4.34	0	743292	0.22	4.35	4.49	4.32	--  	0.58	3.92	0.14	造纸	--  	0.000	
000012	南 玻Ａ	2.01	327359072	8.62	8.45	0	382426	-0.22	8.34	8.72	8.33	--  	0.99	4.62	0.17	玻璃	--  	-0.000	
601229	上海银行	1.48	323685792	14.39	14.18	0	225557	0.07	14.23	14.41	14.22	--  	2.71	1.34	0.21	银行	--  	0.000	
02777	富力地产	9.76	321580384	19.340	17.620	400	16815136	-0.62	17.760	19.660	17.760	--  	0.00	10.78	1.720	地产	--  	19.340	
601633	长城汽车	6.61	321018656	12.25	11.49	0	265880	0.16	11.60	12.32	11.52	--  	3.05	6.96	0.76	汽车整车	--  	0.000	
002007	华兰生物	4.54	320779296	28.10	26.88	0	115445	0.21	26.88	28.21	26.88	--  	1.49	4.95	1.22	生物制药	--  	0.000	
000818	方大化工	2.00	320741568	13.24	12.98	0	241985	-0.29	13.05	13.50	12.90	--  	0.36	4.62	0.26	化工原料	--  	-0.000	
000822	山东海化	4.42	320706528	9.45	9.05	0	344590	0.43	9.07	9.47	9.02	--  	1.11	4.97	0.40	化工原料	--  	-0.000	
000402	金 融 街	2.16	315845856	11.35	11.11	0	277656	-0.17	11.16	11.45	11.14	--  	3.60	2.79	0.24	全国地产	--  	0.000	
002179	中航光电	4.65	314081920	41.21	39.38	0	77339	0.02	39.00	41.44	38.80	--  	0.20	6.70	1.83	元器件	--  	-0.000	
601238	广汽集团	0.97	310337856	24.90	24.66	0	125155	0.20	24.68	24.98	24.67	--  	0.36	1.26	0.24	汽车整车	--  	-0.000	
00884	旭辉控股集团	10.40	309337696	5.200	4.710	2000	60771780	0.00	4.750	5.220	4.740	--  	0.96	10.19	0.490	地产	--  	5.200	
002372	伟星新材	10.01	299628384	19.78	17.98	0	156561	0.00	18.00	19.78	17.98	--  	2.57	10.01	1.80	其他建材	--  	0.000	
002465	海格通信	2.71	298961472	9.85	9.59	0	302112	0.10	9.98	10.10	9.78	--  	0.97	3.34	0.26	通信设备	--  	0.000	
02689	玖龙纸业	2.72	298402592	12.860	12.520	1000	23368966	-0.31	12.540	12.980	12.460	--  	2.30	4.15	0.340	原材料	--  	12.860	
600486	扬农化工	7.77	292880320	53.55	49.69	0	55804	0.04	50.00	53.60	50.00	--  	0.87	7.24	3.86	农药化肥	--  	-0.000	
00358	江西铜业股份	3.39	292316448	12.820	12.400	1000	22941106	0.00	12.400	12.880	12.400	--  	0.00	3.87	0.420	一般金属	--  	12.820	
300124	汇川技术	1.86	290283616	29.56	29.02	0	98409	0.03	28.99	29.87	28.95	--  	0.95	3.17	0.54	电器仪表	--  	-0.000	
000537	广宇发展	7.13	285271040	13.68	12.77	0	208915	0.07	12.77	14.00	12.75	--  	0.13	9.79	0.91	区域地产	--  	0.000	
600674	川投能源	2.36	283605120	10.42	10.18	0	273891	-0.09	10.22	10.48	10.16	--  	2.95	3.14	0.24	水力发电	--  	0.000	
300170	汉得信息	3.70	283040064	12.34	11.90	0	232172	0.00	11.92	12.35	11.92	--  	0.42	3.61	0.44	软件服务	--  	0.000	
000525	红 太 阳	8.23	280990144	21.83	20.17	0	131205	0.09	20.10	22.17	20.10	--  	1.49	10.26	1.66	农药化肥	--  	-0.000	
06837	海通证券	3.35	278941632	11.720	11.340	400	23783928	-0.34	11.440	11.880	11.400	--  	0.00	4.23	0.380	其他金融	--  	11.720	
000825	太钢不锈	2.42	278518112	5.08	4.96	0	552557	0.00	4.97	5.09	4.96	--  	0.40	2.62	0.12	特种钢	--  	-0.000	
600153	建发股份	2.97	270829984	11.45	11.12	0	238450	0.09	11.12	11.46	11.08	--  	3.60	3.42	0.33	商贸代理	--  	-0.000	
00960	龙湖地产	10.32	268504864	21.600	19.580	500	12449816	0.23	19.780	22.500	19.760	--  	1.06	13.99	2.020	地产	--  	21.600	
601678	滨化股份	4.19	266746304	8.46	8.12	0	319497	0.00	8.12	8.57	8.06	--  	1.23	6.28	0.34	化工原料	--  	0.000	
603618	杭电股份	2.33	266270736	9.21	9.00	0	287998	-0.10	9.10	9.50	9.00	--  	0.56	5.56	0.21	电气设备	--  	0.000	
600466	蓝光发展	2.89	264787632	9.62	9.35	0	273663	-0.30	9.40	9.83	9.40	--  	1.07	4.60	0.27	区域地产	--  	-0.000	
002449	国星光电	4.45	264451600	18.09	17.32	0	148031	0.11	17.35	18.18	17.25	--  	1.15	5.37	0.77	半导体	--  	0.000	
600231	凌钢股份	4.12	264119328	5.31	5.10	0	503862	0.19	5.09	5.36	5.08	--  	0.33	5.49	0.21	普钢	--  	-0.000	
002516	旷达科技	7.66	262650208	5.62	5.22	0	469953	-0.17	5.59	5.74	5.23	--  	0.38	9.77	0.40	纺织	--  	-0.000	
000728	国元证券	0.91	255007728	11.10	11.00	0	229522	0.00	11.05	11.20	10.98	--  	1.59	2.00	0.10	证券	--  	0.000	
601390	中国中铁	1.43	254641360	8.51	8.39	0	299597	0.00	8.41	8.54	8.41	--  	1.05	1.55	0.12	建筑施工	--  	0.000	
03328	交通银行	1.72	252981152	5.900	5.800	1000	42950932	-0.17	5.800	5.930	5.800	--  	0.00	2.24	0.100	银行	--  	5.900	
600886	国投电力	1.23	252459504	7.43	7.34	0	341749	-0.12	7.33	7.44	7.32	--  	2.75	1.63	0.09	水力发电	--  	-0.000	
600079	人福医药	2.13	252411360	18.22	17.84	0	139174	0.00	18.11	18.28	17.93	--  	0.59	1.96	0.38	化学制药	--  	-0.000	
002258	利尔化学	6.79	251942128	17.30	16.20	0	147605	0.00	16.40	17.50	16.32	--  	0.62	7.28	1.10	农药化肥	--  	-0.000	
000910	大亚圣象	3.41	248766048	23.68	22.90	0	105308	0.04	23.00	24.10	22.97	--  	0.50	4.93	0.78	家居用品	--  	0.000	
600015	华夏银行	1.22	245627200	9.11	9.00	0	269942	-0.10	9.02	9.13	9.01	--  	1.68	1.33	0.11	银行	--  	-0.000	
002016	世荣兆业	0.55	245437584	10.92	10.86	0	222928	0.18	10.89	11.24	10.80	--  	3.50	4.05	0.06	区域地产	--  	0.000	
03311	中国建筑国际	4.39	244666016	11.420	10.940	2000	21568870	-0.35	10.980	11.480	10.960	--  	1.31	4.75	0.480	建筑	--  	11.420	
600596	新安股份	6.64	244531520	9.79	9.18	0	255817	-0.30	9.25	9.84	9.17	--  	1.05	7.30	0.61	农药化肥	--  	-0.000	
01359	中国信达	2.80	243243792	2.940	2.860	1000	82721936	-0.34	2.890	2.970	2.880	--  	0.00	3.15	0.080	其他金融	--  	2.940	
00017	新世界发展	1.02	241429488	11.860	11.740	1000	20397956	0.00	11.780	11.940	11.580	--  	2.78	3.07	0.120	地产	--  	11.860	
03898	中车时代电气	0.29	241153680	51.000	50.850	100	4673147	0.00	51.900	52.900	50.800	--  	0.00	4.13	0.150	工业工程	--  	51.000	
00728	中国电信	1.08	238812656	3.760	3.720	2000	63285308	-0.53	3.740	3.810	3.730	--  	0.00	2.15	0.040	电讯	--  	3.760	
600141	兴发集团	5.56	238300384	17.84	16.90	0	136385	-0.10	16.96	17.95	16.86	--  	0.61	6.45	0.94	化工原料	--  	0.000	
600873	梅花生物	5.04	238096880	5.42	5.16	0	445692	0.00	5.16	5.46	5.16	--  	5.81	5.81	0.26	食品	--  	0.000	
000937	冀中能源	2.58	235499520	5.97	5.82	0	396020	-0.32	5.82	6.04	5.81	--  	1.72	3.95	0.15	煤炭开采	--  	-0.000	
601997	贵阳银行	2.10	232795152	13.64	13.36	0	171224	-0.06	13.40	13.70	13.36	--  	1.95	2.54	0.28	银行	--  	0.000	
002025	航天电器	2.88	230717472	23.22	22.57	0	99946	-0.03	22.59	23.35	22.51	--  	1.11	3.72	0.65	元器件	--  	-0.000	
600705	中航资本	0.18	229519568	5.53	5.52	0	416518	0.18	5.51	5.55	5.47	--  	0.27	1.45	0.01	多元金融	--  	0.000	
600109	国金证券	0.84	229020960	9.62	9.54	0	238265	0.10	9.55	9.68	9.54	--  	0.52	1.47	0.08	证券	--  	-0.000	
600477	杭萧钢构	1.50	225975888	10.83	10.67	0	208896	0.00	10.75	10.90	10.60	--  	0.58	2.81	0.16	钢加工	--  	-0.000	
603225	新凤鸣	2.96	224715648	36.86	35.80	0	61259	-0.13	35.80	37.30	35.58	--  	0.00	4.80	1.06	化纤	--  	0.000	
01208	五矿资源	3.61	222241296	4.020	3.880	4000	55450248	-0.50	3.880	4.060	3.850	--  	0.00	5.41	0.140	一般金属	--  	4.020	
600449	宁夏建材	4.85	221114208	11.89	11.34	0	188451	-0.07	11.36	11.95	11.33	--  	0.35	5.47	0.55	水泥	--  	0.000	
002183	怡 亚 通	2.27	219458784	7.21	7.05	0	303428	0.14	7.06	7.39	7.03	--  	1.13	5.11	0.16	仓储物流	--  	0.000	
601100	恒立液压	6.09	218210640	29.11	27.44	0	76604	0.31	27.34	29.85	27.34	--  	0.24	9.15	1.67	工程机械	--  	0.000	
03883	中国奥园	15.38	217109552	4.950	4.290	1000	44757268	1.43	4.530	5.020	4.500	--  	0.00	12.12	0.660	地产	--  	4.950	
03900	绿城中国	8.55	212969264	10.920	10.060	500	20018500	0.00	10.000	10.960	10.000	--  	0.00	9.54	0.860	地产	--  	10.920	
600320	振华重工	1.80	210866016	6.21	6.10	0	337650	-0.15	6.16	6.32	6.16	--  	1.64	2.62	0.11	工程机械	--  	0.000	
600802	福建水泥	10.04	210601312	8.00	7.27	0	270330	0.00	7.30	8.00	7.26	--  	0.15	10.18	0.73	水泥	--  	0.000	
002035	华帝股份	3.72	209392512	31.26	30.14	0	66360	0.19	30.12	32.10	30.12	--  	0.62	6.57	1.12	家用电器	--  	0.000	
000731	四川美丰	3.76	208563936	8.28	7.98	0	253083	0.00	8.03	8.42	7.99	--  	0.75	5.39	0.30	农药化肥	--  	-0.000	
00390	中国中铁	2.08	203608016	5.900	5.780	1000	34457992	-0.17	5.850	5.970	5.830	--  	0.00	2.42	0.120	建筑	--  	5.900	
600366	宁波韵升	1.94	203539184	17.86	17.52	0	115687	0.34	17.55	17.88	17.29	--  	1.14	3.37	0.34	电器仪表	--  	0.000	
000727	华东科技	5.88	198477248	2.52	2.38	0	786755	0.00	2.40	2.61	2.39	--  	0.00	9.24	0.14	元器件	--  	-0.000	
002577	雷柏科技	4.11	198315776	17.47	16.78	0	113042	0.06	17.00	18.39	16.91	--  	0.66	8.82	0.69	电脑设备	--  	-0.000	
03383	雅居乐集团	6.58	196200064	12.640	11.860	2000	15647583	0.48	11.820	12.800	11.820	--  	1.74	8.26	0.780	地产	--  	12.640	
002501	利源精制	2.03	195991536	10.58	10.37	0	183567	0.09	10.64	10.88	10.49	--  	0.48	3.76	0.21	铝	--  	-0.000	
002859	洁美科技	2.86	195083520	36.67	35.65	0	53005	-0.07	36.60	37.58	36.25	--  	0.45	3.73	1.02	元器件	--  	-0.000	
06886	HTSC	3.98	194430784	16.180	15.560	200	12027605	-0.12	15.580	16.380	15.580	--  	0.00	5.14	0.620	其他金融	--  	16.180	
002365	永安药业	3.81	192457248	34.35	33.09	0	56823	0.23	33.18	34.39	33.02	--  	0.30	4.14	1.26	化学制药	--  	-0.000	
300409	道氏技术	1.94	189658096	46.34	45.46	0	40368	0.37	48.00	48.60	46.00	--  	0.26	5.72	0.88	陶瓷	--  	0.000	
600583	海油工程	2.44	189543136	6.30	6.15	0	302557	-0.31	6.18	6.32	6.16	--  	1.63	2.60	0.15	石油开采	--  	0.000	
601101	昊华能源	3.33	185480592	8.37	8.10	0	224268	-0.23	8.15	8.45	8.09	--  	0.29	4.44	0.27	煤炭开采	--  	-0.000	
600777	新潮能源	4.05	185174304	3.85	3.70	0	484438	-0.51	3.72	3.91	3.66	--  	0.00	6.76	0.15	综合类	--  	-0.000	
000036	华联控股	2.99	184953104	9.31	9.04	0	199187	0.11	9.00	9.41	9.00	--  	3.32	4.54	0.27	全国地产	--  	0.000	
300207	欣旺达	5.02	184111360	10.25	9.76	0	181835	-0.09	9.73	10.39	9.68	--  	0.36	7.27	0.49	元器件	--  	0.000	
002131	利欧股份	2.69	182370576	2.67	2.60	0	681922	-0.36	2.61	2.74	2.59	--  	0.00	5.77	0.07	互联网	--  	0.000	
002496	辉丰股份	6.07	182014224	5.59	5.27	0	332571	0.00	5.31	5.65	5.25	--  	0.95	7.59	0.32	农药化肥	--  	0.000	
601800	中国交建	2.81	180732144	13.16	12.80	0	138098	0.00	12.89	13.18	12.84	--  	1.52	2.66	0.36	建筑施工	--  	-0.000	
600722	金牛化工	5.13	177742640	7.58	7.21	0	233446	0.00	7.26	7.93	7.09	--  	0.64	11.65	0.37	化工原料	--  	-0.000	
000683	远兴能源	3.44	175544176	3.01	2.91	0	585954	0.00	2.96	3.03	2.96	--  	0.00	2.41	0.10	化工原料	--  	-0.000	
600820	隧道股份	1.91	174737200	8.52	8.36	0	205555	-0.11	8.36	8.59	8.31	--  	1.91	3.35	0.16	建筑施工	--  	0.000	
03663	协众国际控股	3.45	172466656	1.500	1.450	4000	121384000	0.00	1.550	1.650	1.420	--  	0.00	15.86	0.050	汽车	--  	1.500	
600395	盘江股份	2.91	172052144	7.07	6.87	0	246298	0.28	6.86	7.08	6.84	--  	3.49	3.49	0.20	煤炭开采	--  	0.000	
01462	金诚控股	6.72	169211168	2.860	2.680	2000	60122000	0.35	2.690	2.910	2.690	--  	0.00	8.21	0.180	建筑	--  	2.860	
002113	天润数娱	3.83	167901952	12.74	12.27	0	132623	-0.07	12.34	12.96	12.33	--  	0.00	5.13	0.47	互联网	--  	-0.000	
02009	金隅股份	6.20	167894448	3.770	3.550	1000	45101632	-0.26	3.570	3.800	3.560	--  	0.00	6.76	0.220	建筑	--  	3.770	
300019	硅宝科技	3.49	167664896	10.37	10.02	0	163640	0.10	10.13	10.50	10.05	--  	1.00	4.49	0.35	化工原料	--  	-0.000	
600177	雅戈尔	2.62	167484768	9.41	9.17	0	179119	-0.20	9.15	9.46	9.15	--  	3.89	3.38	0.24	服饰	--  	-0.000	
000690	宝新能源	3.62	165586336	8.29	8.00	0	202513	0.73	8.03	8.29	8.00	--  	0.41	3.62	0.29	火力发电	--  	-0.000	
600708	光明地产	5.99	163641872	7.26	6.85	0	228809	-0.26	6.88	7.35	6.86	--  	1.68	7.15	0.41	全国地产	--  	0.000	
600085	同仁堂	0.71	162932416	32.47	32.24	0	50373	-0.11	32.25	32.53	32.10	--  	0.74	1.33	0.23	中成药	--  	0.000	
603929	亚翔集成	6.14	162726944	27.67	26.07	0	59915	-0.17	25.96	28.60	25.60	--  	0.61	11.51	1.60	装修装饰	--  	0.000	
000553	沙隆达Ａ	5.11	160980048	16.66	15.85	0	98244	0.00	15.92	16.69	15.80	--  	0.04	5.62	0.81	农药化肥	--  	-0.000	
01499	前进控股集团	83.16	158163312	0.870	0.475	10000	221290000	1.16	0.510	0.890	0.510	--  	0.00	80.00	0.395	建筑	--  	0.870	
002385	大北农	0.99	157786960	6.12	6.06	0	258941	0.16	6.10	6.13	6.05	--  	0.96	1.32	0.06	饲料	--  	-0.000	
000400	许继电气	0.45	156887456	13.25	13.19	0	118971	0.38	13.22	13.27	13.10	--  	0.76	1.29	0.06	电气设备	--  	0.000	
000876	新 希 望	1.21	156256000	7.54	7.45	0	207714	0.00	7.47	7.56	7.44	--  	6.71	1.61	0.09	饲料	--  	-0.000	
600966	博汇纸业	2.33	156211808	6.14	6.00	0	257245	0.16	6.00	6.14	5.95	--  	0.37	3.17	0.14	造纸	--  	-0.000	
01186	中国铁建	2.65	155787792	9.300	9.060	500	16762045	-0.21	9.060	9.370	9.060	--  	0.00	3.42	0.240	建筑	--  	9.300	
601727	上海电气	2.69	155180064	6.87	6.69	0	226671	0.00	6.68	6.90	6.68	--  	0.76	3.29	0.18	电气设备	--  	-0.000	
000778	新兴铸管	2.11	153543152	5.33	5.22	0	289399	0.00	5.22	5.35	5.22	--  	0.57	2.49	0.11	钢加工	--  	-0.000	
000967	盈峰环境	4.03	153023808	9.55	9.18	0	158199	0.21	10.10	10.10	9.43	--  	0.29	7.30	0.37	电气设备	--  	0.000	
00347	鞍钢股份	2.52	152358704	7.330	7.150	2000	20755724	0.27	7.160	7.450	7.160	--  	0.00	4.06	0.180	一般金属	--  	7.330	
601001	大同煤业	4.13	149313616	6.30	6.05	0	240406	0.16	6.08	6.31	6.05	--  	0.45	4.30	0.25	煤炭开采	--  	0.000	
601966	玲珑轮胎	2.98	143939056	17.98	17.46	0	80850	0.00	17.52	18.00	17.38	--  	0.95	3.55	0.52	汽车配件	--  	-0.000	
000415	渤海金控	2.78	143795888	5.92	5.76	0	245640	-0.16	5.78	5.94	5.73	--  	0.87	3.65	0.16	多元金融	--  	0.000	
600651	飞乐音响	3.72	143693456	9.49	9.15	0	152359	0.11	9.26	9.55	9.17	--  	1.17	4.15	0.34	电器仪表	--  	-0.000	
000009	中国宝安	1.24	140497536	7.32	7.23	0	192700	0.27	7.27	7.33	7.23	--  	0.28	1.38	0.09	综合类	--  	0.000	
002643	万润股份	5.89	139856432	11.32	10.69	0	125008	0.00	10.71	11.45	10.70	--  	1.31	7.02	0.63	化工原料	--  	-0.000	
002542	中化岩土	5.43	139293680	7.77	7.37	0	180649	0.00	7.38	8.00	7.38	--  	0.27	8.41	0.40	建筑施工	--  	-0.000	
00054	合和实业	10.05	139105392	31.750	28.850	500	4352015	-0.16	32.500	32.800	31.350	--  	3.78	5.03	2.900	综合企业	--  	31.750	
300133	华策影视	3.23	138686976	11.19	10.84	0	125250	0.63	10.85	11.25	10.81	--  	0.27	4.06	0.35	影视音像	--  	-0.000	
600086	东方金钰	3.19	137811280	10.99	10.65	0	126076	0.18	10.64	11.07	10.61	--  	0.21	4.32	0.34	服饰	--  	-0.000	
01776	广发证券	1.78	136037008	16.000	15.720	200	8507292	0.00	16.080	16.140	15.740	--  	0.00	2.54	0.280	其他金融	--  	16.000	
00817	中国金茂	8.14	135751152	3.720	3.440	2000	36436512	-0.53	3.480	3.820	3.480	--  	2.20	9.88	0.280	地产	--  	3.720	
00323	马鞍山钢铁股份	4.34	135236336	3.850	3.690	2000	35466148	0.26	3.680	3.900	3.680	--  	0.00	5.96	0.160	一般金属	--  	3.850	
600823	世茂股份	2.83	132851824	5.08	4.94	0	262105	0.00	4.96	5.15	4.95	--  	1.16	4.05	0.14	全国地产	--  	-0.000	
01313	华润水泥控股	4.28	131829448	5.360	5.140	2000	24831042	0.19	5.130	5.370	5.130	--  	0.00	4.67	0.220	建筑	--  	5.360	
01530	三生制药	5.74	130710144	16.220	15.340	500	8140203	-0.12	15.500	16.400	15.500	--  	0.00	5.87	0.880	医药医疗	--  	16.220	
000554	泰山石油	1.60	128848432	8.26	8.13	0	155705	0.00	8.12	8.43	8.09	--  	0.12	4.18	0.13	石油贸易	--  	0.000	
000736	中交地产	4.94	128283480	16.79	16.00	0	74517	0.00	16.00	17.60	15.98	--  	0.13	10.12	0.79	全国地产	--  	0.000	
603111	康尼机电	6.00	128231056	14.31	13.50	0	91460	0.07	13.54	14.40	13.43	--  	0.61	7.19	0.81	运输设备	--  	0.000	
603599	广信股份	2.81	127885040	20.09	19.54	0	64217	-0.14	19.68	20.28	19.38	--  	0.45	4.61	0.55	农药化肥	--  	0.000	
000761	本钢板材	2.50	127686280	5.33	5.20	0	241931	0.00	5.20	5.34	5.20	--  	0.96	2.69	0.13	普钢	--  	-0.000	
600307	酒钢宏兴	1.75	126523704	2.91	2.86	0	437489	0.00	2.87	2.92	2.85	--  	1.05	2.45	0.05	普钢	--  	0.000	
600668	尖峰集团	3.22	125254744	16.35	15.84	0	77048	-0.17	15.85	16.56	15.82	--  	1.58	4.67	0.51	水泥	--  	0.000	
601669	中国电建	1.80	124601864	7.35	7.22	0	169828	-0.13	7.22	7.40	7.22	--  	1.18	2.49	0.13	建筑施工	--  	-0.000	
002067	景兴纸业	1.53	123904048	5.98	5.89	0	208669	0.17	5.90	5.99	5.87	--  	1.15	2.04	0.09	造纸	--  	0.000	
01668	华南城	4.39	121971376	2.140	2.050	2000	57408000	0.47	2.050	2.160	2.050	--  	0.00	5.37	0.090	地产	--  	2.140	
600508	上海能源	3.05	121404416	12.50	12.13	0	98235	0.24	12.10	12.51	12.10	--  	0.82	3.38	0.37	煤炭开采	--  	0.000	
002317	众生药业	1.81	119856560	12.91	12.68	0	93203	-0.07	12.71	12.95	12.67	--  	1.42	2.21	0.23	中成药	--  	-0.000	
000777	中核科技	3.09	119342072	15.36	14.90	0	78027	0.07	14.89	15.56	14.89	--  	0.54	4.50	0.46	机械基件	--  	-0.000	
600657	信达地产	3.05	118926440	5.75	5.58	0	207560	-0.34	5.58	5.78	5.58	--  	2.15	3.58	0.17	全国地产	--  	0.000	
000813	德展健康	6.57	117366752	9.25	8.68	0	129115	0.33	8.65	9.27	8.65	--  	0.00	7.14	0.57	化学制药	--  	0.000	
000090	天健集团	2.89	117307488	10.33	10.04	0	114180	-0.09	10.05	10.35	10.05	--  	1.99	2.99	0.29	建筑施工	--  	-0.000	
03908	中金公司	2.46	116947128	16.660	16.260	400	7143200	0.48	16.260	16.660	16.140	--  	0.00	3.20	0.400	其他金融	--  	16.660	
01628	禹洲地产	6.71	116468056	4.450	4.170	1000	26725050	0.00	4.190	4.460	4.190	--  	1.91	6.47	0.280	地产	--  	4.450	
600020	中原高速	2.88	116154880	5.00	4.86	0	234396	-0.19	4.86	5.02	4.85	--  	1.81	3.50	0.14	路桥	--  	0.000	
600789	鲁抗医药	1.26	115674192	8.05	7.95	0	144906	0.00	7.97	8.20	7.82	--  	0.25	4.78	0.10	化学制药	--  	0.000	
002148	北纬科技	2.21	115554016	9.27	9.07	0	125057	0.22	9.08	9.36	9.01	--  	0.55	3.86	0.20	互联网	--  	0.000	
601717	郑煤机	1.82	114734928	6.70	6.58	0	171418	0.30	6.62	6.78	6.54	--  	0.17	3.65	0.12	工程机械	--  	-0.000	
00836	华润电力	0.14	112407280	14.580	14.560	2000	7678224	0.00	14.560	14.800	14.560	--  	0.86	1.65	0.020	公用事业	--  	14.580	
000718	苏宁环球	3.70	111318264	4.49	4.33	0	249704	0.00	4.34	4.55	4.32	--  	4.62	5.31	0.16	区域地产	--  	-0.000	
601898	中煤能源	1.92	110840800	5.83	5.72	0	191425	0.00	5.72	5.83	5.71	--  	0.68	2.10	0.11	煤炭开采	--  	-0.000	
601058	赛轮金宇	1.11	110794488	3.65	3.61	0	300562	-0.53	3.67	3.79	3.62	--  	1.41	4.71	0.04	汽车配件	--  	0.000	
300331	苏大维格	7.26	106636504	18.03	16.81	0	60997	0.84	17.00	18.10	16.86	--  	0.30	7.38	1.22	元器件	--  	0.000	
600308	华泰股份	2.87	106266872	6.46	6.28	0	165795	-0.14	6.29	6.48	6.24	--  	0.75	3.82	0.18	造纸	--  	0.000	
300067	安诺其	1.01	106178432	6.03	5.97	0	177510	0.17	6.01	6.09	5.83	--  	0.25	4.36	0.06	染料涂料	--  	0.000	
000902	新洋丰	4.40	105028912	10.21	9.78	0	103580	0.20	9.84	10.38	9.76	--  	1.55	6.34	0.43	农药化肥	--  	0.000	
000065	北方国际	0.11	104484544	18.22	18.20	0	58013	0.22	18.08	18.22	17.85	--  	0.49	2.03	0.02	建筑施工	--  	-0.000	
002706	良信电器	6.61	104059432	13.38	12.55	0	79363	0.15	12.60	13.39	12.48	--  	1.57	7.25	0.83	电气设备	--  	0.000	
603008	喜临门	3.52	104034952	19.14	18.49	0	54934	0.16	18.60	19.18	18.51	--  	0.27	3.62	0.65	家居用品	--  	-0.000	
600502	安徽水利	2.03	101528088	7.03	6.89	0	146055	0.29	6.94	7.03	6.87	--  	0.73	2.32	0.14	建筑施工	--  	0.000	
00665	海通国际	3.81	101153288	4.630	4.460	1000	22012980	0.00	4.460	4.670	4.430	--  	2.16	5.38	0.170	其他金融	--  	4.630	
600390	五矿资本	0.76	101141072	11.89	11.80	0	85225	0.08	11.79	11.95	11.77	--  	0.00	1.53	0.09	多元金融	--  	0.000	
07288	ＦＬ二南方国指	6.00	100633576	10.240	9.660	100	9966900	0.20	9.680	10.240	9.680	21321574	0.00	5.80	0.580		2113900	10.240	
002191	劲嘉股份	0.32	99765896	9.28	9.25	0	108639	-0.10	9.24	9.29	9.10	--  	2.36	2.05	0.03	广告包装	--  	-0.000	
01816	中广核电力	1.42	99269480	2.150	2.120	1000	46315304	0.47	2.110	2.160	2.100	--  	0.00	2.83	0.030	公用事业	--  	2.150	
603009	北特科技	0.87	98978952	10.46	10.37	0	95109	0.10	10.31	10.78	10.10	--  	0.00	6.56	0.09	汽车配件	--  	0.000	
300415	伊之密	3.07	98739232	17.82	17.29	0	56495	0.11	17.30	17.93	16.90	--  	0.58	5.96	0.53	专用机械	--  	-0.000	
600750	江中药业	1.53	98018896	25.87	25.48	0	38005	0.15	25.51	26.05	25.47	--  	1.57	2.28	0.39	中成药	--  	0.000	
00881	中升控股	2.69	96671744	18.320	17.840	500	5296000	0.00	17.720	18.480	17.720	--  	0.00	4.26	0.480	汽车	--  	18.320	
603338	浙江鼎力	1.07	96036880	79.48	78.64	0	11906	0.29	78.75	82.50	78.75	--  	0.21	4.77	0.84	专用机械	--  	0.000	
600742	一汽富维	0.79	95434304	16.64	16.51	0	57349	0.18	16.51	16.80	16.41	--  	3.03	2.36	0.13	汽车配件	--  	-0.000	
00139	中国软实力	19.26	94698984	0.161	0.135	14000	622609024	1.26	0.142	0.162	0.140	--  	0.00	16.30	0.026	半导体	--  	0.161	
01893	中材股份	5.31	94107928	6.150	5.840	1000	15357000	0.00	5.900	6.200	5.890	1881660	0.00	5.31	0.310	工业工程	309000	6.150	
600353	旭光股份	10.00	92893664	6.71	6.10	0	139800	0.00	6.11	6.71	6.07	--  	0.41	10.49	0.61	元器件	--  	0.000	
600987	航民股份	2.13	92041896	11.52	11.28	0	80312	-0.16	11.30	11.56	11.25	--  	2.31	2.75	0.24	纺织	--  	0.000	
300294	博雅生物	5.01	91879648	31.45	29.95	0	29607	-0.02	29.92	31.65	29.86	--  	0.22	5.98	1.50	生物制药	--  	0.000	
600582	天地科技	2.15	91244528	4.75	4.65	0	193196	-0.20	4.64	4.78	4.63	--  	0.65	3.23	0.10	工程机械	--  	0.000	
600170	上海建工	1.08	90817384	3.76	3.72	0	242754	0.00	3.72	3.76	3.72	--  	2.94	1.08	0.04	建筑施工	--  	-0.000	
600527	江南高纤	1.26	89585856	4.81	4.75	0	187919	-0.20	4.75	4.84	4.71	--  	0.70	2.74	0.06	化纤	--  	-0.000	
002120	韵达股份	1.79	88507784	46.60	45.78	0	19076	1.30	45.92	46.98	45.80	--  	0.21	2.58	0.82	仓储物流	--  	-0.000	
002468	申通快递	1.86	88198288	25.15	24.69	0	35488	0.04	24.69	25.20	24.47	--  	0.41	2.96	0.46	仓储物流	--  	-0.000	
002391	长青股份	4.73	86281328	15.06	14.38	0	57650	0.00	14.38	15.18	14.32	--  	2.09	5.98	0.68	农药化肥	--  	0.000	
00604	深圳控股	3.40	86071584	3.350	3.240	2000	25874000	0.00	3.260	3.360	3.260	--  	2.09	3.09	0.110	地产	--  	3.350	
600743	华远地产	3.01	85610536	3.77	3.66	0	226640	-0.25	3.67	3.83	3.67	--  	2.73	4.37	0.11	区域地产	--  	-0.000	
00535	金地商置	9.88	85477184	0.890	0.810	2000	96276000	0.00	0.820	0.930	0.820	--  	0.00	13.58	0.080	地产	--  	0.890	
002018	华信国际	0.71	85121248	7.12	7.07	0	119555	-0.13	7.06	7.27	6.98	--  	0.24	4.10	0.05	农药化肥	--  	-0.000	
002400	省广股份	1.88	84576112	5.43	5.33	0	158213	-0.17	5.35	5.46	5.25	--  	0.55	3.94	0.10	广告包装	--  	-0.000	
300069	金利华电	1.01	83460368	34.08	33.74	0	25015	0.35	33.89	34.08	33.00	--  	0.15	3.20	0.34	电气设备	--  	0.000	
002479	富春环保	0.82	81486744	9.79	9.71	0	83168	-0.19	9.71	9.86	9.71	--  	1.03	1.54	0.08	火力发电	--  	-0.000	
002088	鲁阳节能	4.64	81331192	13.54	12.94	0	60880	0.00	12.94	13.64	12.93	--  	0.52	5.49	0.60	矿物制品	--  	-0.000	
002588	史丹利	2.99	81107736	6.89	6.69	0	117388	0.29	6.68	7.17	6.66	--  	1.49	7.62	0.20	农药化肥	--  	-0.000	
600376	首开股份	2.69	81053112	9.54	9.29	0	85211	-0.20	9.31	9.61	9.30	--  	3.77	3.34	0.25	区域地产	--  	-0.000	
600592	龙溪股份	1.95	80448240	9.95	9.76	0	81007	0.00	9.78	10.02	9.73	--  	1.02	2.97	0.19	机械基件	--  	-0.000	
600630	龙头股份	2.91	80003400	10.60	10.30	0	76203	0.00	10.32	10.65	10.28	--  	0.56	3.59	0.30	纺织	--  	0.000	
600075	新疆天业	2.83	77764536	7.99	7.77	0	98277	0.13	7.78	8.05	7.66	--  	0.92	5.02	0.22	化工原料	--  	-0.000	
002833	弘亚数控	3.38	77627288	64.15	62.05	0	12152	0.03	63.29	64.55	62.12	--  	0.25	3.92	2.10	专用机械	--  	0.000	
600618	氯碱化工	2.68	77480104	11.12	10.83	0	70036	0.00	10.85	11.22	10.83	--  	0.05	3.60	0.29	化工原料	--  	-0.000	
600470	六国化工	3.52	76564592	5.88	5.68	0	130263	0.00	5.70	6.10	5.65	--  	1.41	7.92	0.20	农药化肥	--  	0.000	
000571	新大洲Ａ	6.11	76482064	5.73	5.40	0	135956	0.17	5.40	5.84	5.35	--  	0.56	9.07	0.33	综合类	--  	0.000	
00152	深圳国际	2.82	76142136	15.300	14.880	500	5022639	0.39	14.960	15.300	14.780	--  	0.00	3.49	0.420	工用运输	--  	15.300	
002663	普邦股份	0.54	75441208	5.58	5.55	0	135523	0.72	5.55	5.61	5.51	--  	0.12	1.80	0.03	建筑施工	--  	-0.000	
300040	九洲电气	0.10	75337600	9.68	9.67	0	79429	-0.09	9.67	9.80	9.28	--  	1.03	5.38	0.01	电气设备	--  	0.000	
000667	美好置业	1.32	74228656	3.08	3.04	0	240996	0.00	3.04	3.10	3.04	--  	0.82	1.97	0.04	全国地产	--  	-0.000	
603898	好莱客	1.37	73619448	30.27	29.86	0	24442	0.00	29.92	30.54	29.68	--  	0.80	2.88	0.41	家居用品	--  	0.000	
002002	鸿达兴业	1.90	73016016	6.97	6.84	0	105389	0.14	6.87	6.98	6.80	--  	1.37	2.63	0.13	化工原料	--  	-0.000	
00563	上实城市开发	7.49	72826016	2.010	1.870	2000	37065552	0.50	1.890	2.010	1.890	--  	0.00	6.42	0.140	地产	--  	2.010	
600269	赣粤高速	0.98	72772080	5.17	5.12	0	141105	0.19	5.12	5.18	5.12	--  	2.93	1.17	0.05	路桥	--  	0.000	
603298	杭叉集团	3.13	72645888	16.49	15.99	0	43672	-0.05	16.16	17.18	16.04	--  	1.88	7.13	0.50	专用机械	--  	-0.000	
000838	财信发展	1.88	72218112	5.95	5.84	0	121166	0.17	5.87	6.08	5.87	--  	0.36	3.60	0.11	区域地产	--  	-0.000	
00874	白云山	0.87	72153904	23.250	23.050	2000	3114000	0.22	23.400	23.650	22.850	--  	0.00	3.47	0.200	医药医疗	--  	23.250	
01898	中煤能源	2.27	72135240	3.610	3.530	1000	20050960	0.00	3.510	3.630	3.480	--  	0.00	4.25	0.080	煤炭	--  	3.610	
002030	达安基因	0.59	71635128	18.69	18.58	0	38410	0.11	18.60	18.74	18.51	--  	0.24	1.24	0.11	生物制药	--  	0.000	
600185	格力地产	1.58	71342624	5.77	5.68	0	123241	0.00	5.66	5.89	5.66	--  	0.35	4.05	0.09	区域地产	--  	-0.000	
01788	国泰君安国际	3.67	71337032	2.540	2.450	1000	28262000	0.00	2.450	2.560	2.450	--  	1.77	4.49	0.090	其他金融	--  	2.540	
600998	九州通	1.85	70636568	19.30	18.95	0	36754	0.05	18.95	19.40	18.90	--  	0.60	2.64	0.35	医药商业	--  	-0.000	
00123	越秀地产	4.79	69973072	1.530	1.460	2000	46290440	0.66	1.470	1.530	1.470	--  	2.61	4.11	0.070	地产	--  	1.530	
002022	科华生物	0.88	69866184	13.73	13.61	0	50927	0.00	13.61	13.84	13.54	--  	0.99	2.20	0.12	医疗保健	--  	-0.000	
000068	华控赛格	6.93	69782472	5.40	5.05	0	129903	0.00	5.09	5.55	5.07	--  	0.00	9.50	0.35	元器件	--  	0.000	
002782	可立克	1.21	69695320	14.19	14.02	0	49044	-0.69	13.98	14.91	13.65	--  	0.71	8.99	0.17	电气设备	--  	-0.000	
000959	首钢股份	2.34	69430664	6.12	5.98	0	114413	0.00	6.00	6.15	5.99	--  	0.17	2.68	0.14	普钢	--  	-0.000	
600423	*ST柳化	1.37	69262992	5.17	5.10	0	131653	0.00	5.25	5.36	5.15	--  	0.98	4.12	0.07	农药化肥	--  	0.000	
002375	亚厦股份	1.20	69137440	7.61	7.52	0	91137	-0.12	7.53	7.63	7.52	--  	0.53	1.46	0.09	装修装饰	--  	0.000	
000663	永安林业	2.34	68286120	18.40	17.98	0	37390	0.66	17.88	18.53	17.87	--  	0.17	3.67	0.42	林业	--  	-0.000	
002136	安 纳 达	1.47	67907808	14.45	14.24	0	47568	-0.06	14.23	14.52	14.01	--  	0.70	3.58	0.21	化工原料	--  	-0.000	
300232	洲明科技	1.47	67752960	14.51	14.30	0	46403	0.00	14.20	14.74	14.10	--  	0.35	4.48	0.21	半导体	--  	0.000	
002356	赫美集团	2.27	67589920	26.99	26.39	0	25364	-0.14	26.13	27.14	26.06	--  	0.38	4.09	0.60	服饰	--  	-0.000	
603023	威帝股份	8.18	66973456	8.86	8.19	0	76837	-0.44	8.19	9.01	8.10	--  	1.22	11.11	0.67	汽车配件	--  	-0.000	
002447	壹桥股份	3.61	66869836	5.46	5.27	0	123165	0.18	5.30	5.52	5.30	--  	0.38	4.17	0.19	渔业	--  	0.000	
000552	靖远煤电	1.99	66751516	3.59	3.52	0	187364	0.28	3.52	3.60	3.51	--  	0.57	2.56	0.07	煤炭开采	--  	-0.000	
000514	渝 开 发	4.90	66384760	6.42	6.12	0	103797	0.00	6.13	6.57	6.13	--  	0.33	7.19	0.30	区域地产	--  	0.000	
02727	上海电气	0.62	65776412	3.240	3.220	2000	20094492	0.00	3.240	3.310	3.240	--  	0.00	2.17	0.020	工业工程	--  	3.240	
600551	时代出版	4.00	65748800	12.21	11.74	0	54068	-0.40	11.93	12.45	11.84	--  	2.04	5.20	0.47	出版业	--  	0.000	
600428	中远海特	2.67	65056092	5.76	5.61	0	114229	0.52	5.61	5.76	5.61	--  	0.18	2.67	0.15	水运	--  	0.000	
300161	华中数控	1.80	64745604	16.37	16.08	0	39131	0.00	16.88	16.88	16.10	--  	0.12	4.85	0.29	机床制造	--  	0.000	
000582	北部湾港	4.32	64716312	9.90	9.49	0	66268	-0.09	9.49	10.02	9.47	--  	1.13	5.80	0.41	港口	--  	-0.000	
002660	茂硕电源	0.42	64341208	9.62	9.58	0	66434	-0.71	9.58	9.93	9.50	--  	0.17	4.49	0.04	电气设备	--  	-0.000	
600096	云天化	3.49	64213104	7.41	7.16	0	87020	-0.12	7.18	7.56	7.15	--  	1.19	5.73	0.25	农药化肥	--  	-0.000	
600458	时代新材	2.48	63291532	10.32	10.07	0	61576	0.10	10.12	10.41	10.12	--  	0.99	2.88	0.25	塑料	--  	-0.000	
300645	正元智慧	2.38	63262144	40.40	39.46	0	15741	0.02	39.33	40.65	39.33	--  	0.00	3.35	0.94	软件服务	--  	0.000	
603360	百傲化学	6.21	62852444	22.75	21.42	0	27965	-0.30	21.52	23.28	21.41	--  	4.67	8.73	1.33	化工原料	--  	0.000	
002461	珠江啤酒	0.93	62628176	11.91	11.80	0	52825	0.08	11.82	11.95	11.63	--  	0.51	2.71	0.11	啤酒	--  	-0.000	
000708	大冶特钢	2.54	62405500	11.72	11.43	0	53772	-0.08	11.45	11.84	11.35	--  	1.75	4.29	0.29	特种钢	--  	0.000	
000801	四川九洲	3.32	61631788	5.91	5.72	0	103723	-0.16	5.71	6.14	5.68	--  	0.35	8.04	0.19	通信设备	--  	-0.000	
002166	莱茵生物	1.23	61586384	10.72	10.59	0	58141	-0.08	10.59	10.85	10.40	--  	0.47	4.25	0.13	中成药	--  	0.000	
000685	中山公用	0.98	61424856	10.35	10.25	0	59564	0.00	10.25	10.39	10.22	--  	1.95	1.66	0.10	水务	--  	0.000	
600363	联创光电	0.40	61306024	12.61	12.56	0	48319	0.16	12.69	12.84	12.57	--  	0.29	2.15	0.05	元器件	--  	-0.000	
300309	吉艾科技	4.02	61068972	22.23	21.37	0	27495	-0.08	21.37	22.58	21.28	--  	0.15	6.08	0.86	专用机械	--  	-0.000	
300687	赛意信息	0.76	59888560	47.70	47.34	0	12466	0.25	47.95	48.70	47.36	--  	0.00	2.83	0.36	软件服务	--  	0.000	
002753	永东股份	2.55	59423360	20.51	20.00	0	29180	0.15	20.00	20.60	19.91	--  	0.27	3.45	0.51	化工原料	--  	0.000	
300185	通裕重工	1.32	58917136	2.30	2.27	0	257668	0.00	2.27	2.31	2.26	--  	1.76	2.20	0.03	工程机械	--  	-0.000	
000530	大冷股份	1.70	58567276	5.37	5.28	0	109780	0.19	5.28	5.41	5.27	--  	1.35	2.65	0.09	机械基件	--  	-0.000	
002787	华源控股	5.26	58470964	11.21	10.65	0	52359	0.18	10.94	11.38	10.88	--  	2.35	4.69	0.56	广告包装	--  	0.000	
600995	文山电力	3.41	58092268	9.41	9.10	0	62521	0.11	9.12	9.41	9.12	--  	1.10	3.19	0.31	水力发电	--  	-0.000	
300650	太龙照明	4.42	58042564	37.83	36.23	0	15487	-0.38	36.80	38.14	36.42	--  	0.00	4.75	1.60	电气设备	--  	0.000	
000883	湖北能源	2.16	57999928	4.73	4.63	0	123417	0.21	4.65	4.74	4.63	--  	1.97	2.38	0.10	火力发电	--  	0.000	
300627	华测导航	3.20	57697680	45.73	44.31	0	12718	-0.10	44.60	46.59	44.15	--  	0.00	5.51	1.42	通信设备	--  	-0.000	
000635	英 力 特	3.58	57444564	15.05	14.53	0	38399	-0.19	14.58	15.38	14.49	--  	0.21	6.13	0.52	化工原料	--  	0.000	
603108	润达医疗	4.16	56779364	12.76	12.25	0	44544	-0.69	12.25	13.09	12.13	--  	0.34	7.84	0.51	医药商业	--  	0.000	
300451	创业软件	9.99	55196952	23.78	21.62	0	23272	0.00	23.14	23.78	23.14	--  	0.46	2.96	2.16	软件服务	--  	0.000	
00787	利标品牌	4.69	54834704	0.670	0.640	2000	82388000	-1.47	0.640	0.690	0.640	--  	0.00	7.81	0.030	纺织服饰	--  	0.670	
002026	山东威达	0.74	54440168	8.12	8.06	0	67086	0.12	8.06	8.16	8.05	--  	0.74	1.36	0.06	机械基件	--  	-0.000	
002549	凯美特气	2.60	54277136	6.71	6.54	0	79411	0.00	6.92	7.03	6.70	--  	1.39	5.05	0.17	环境保护	--  	0.000	
000976	华铁股份	2.33	53933540	8.35	8.16	0	64877	0.00	8.16	8.38	8.15	--  	0.00	2.82	0.19	运输设备	--  	0.000	
600611	大众交通	1.41	53404444	5.05	4.98	0	106034	0.00	5.00	5.07	4.99	--  	1.51	1.61	0.07	公共交通	--  	0.000	
600121	*ST郑煤	3.16	53252884	6.20	6.01	0	86986	0.16	6.01	6.21	6.01	--  	2.02	3.33	0.19	煤炭开采	--  	-0.000	
300163	先锋新材	5.67	53039548	6.15	5.82	0	88710	0.49	5.82	6.22	5.70	--  	0.86	8.93	0.33	其他建材	--  	0.000	
600959	江苏有线	1.10	52783336	8.27	8.18	0	64309	0.24	8.18	8.29	8.12	--  	1.22	2.08	0.09	影视音像	--  	0.000	
603320	迪贝电气	3.20	52740368	26.13	25.32	0	20472	0.42	25.48	26.18	25.37	--  	0.00	3.20	0.81	机械基件	--  	-0.000	
601866	中远海发	1.47	52245592	3.46	3.41	0	151907	0.00	3.41	3.47	3.39	--  	1.17	2.35	0.05	水运	--  	0.000	
002039	黔源电力	0.45	52085996	15.60	15.53	0	33402	-0.50	15.51	15.69	15.51	--  	1.93	1.16	0.07	水力发电	--  	0.000	
000965	天保基建	1.05	51404132	5.78	5.72	0	88957	0.35	5.71	5.84	5.68	--  	0.21	2.80	0.06	区域地产	--  	0.000	
603003	龙宇燃油	2.77	51166652	11.87	11.55	0	42734	0.08	12.06	12.15	11.85	--  	0.10	2.60	0.32	石油贸易	--  	-0.000	
000698	沈阳化工	2.03	51081460	6.03	5.91	0	84655	-0.16	5.89	6.19	5.89	--  	1.10	5.08	0.12	化工原料	--  	0.000	
000726	鲁 泰Ａ	0.18	50960416	10.97	10.95	0	46583	-0.17	10.93	10.99	10.89	--  	4.57	0.91	0.02	纺织	--  	0.000	
000089	深圳机场	0.57	50686680	8.75	8.70	0	58143	0.23	8.70	8.75	8.66	--  	0.96	1.03	0.05	机场	--  	0.000	
603337	杰克股份	0.89	49965696	52.00	51.54	0	9694	0.10	51.62	52.38	50.91	--  	0.64	2.85	0.46	纺织机械	--  	0.000	
600619	海立股份	1.58	49722972	11.58	11.40	0	43203	0.09	11.41	11.63	11.32	--  	0.88	2.72	0.18	机械基件	--  	-0.000	
600811	东方集团	1.31	49528100	4.64	4.58	0	107328	0.22	4.58	4.64	4.58	--  	0.00	1.31	0.06	综合类	--  	-0.000	
603568	伟明环保	2.71	49445356	21.62	21.05	0	23026	-0.08	21.11	21.68	21.10	--  	0.95	2.76	0.57	环境保护	--  	0.000	
600727	鲁北化工	10.03	49204224	8.23	7.48	0	62020	0.00	7.47	8.23	7.45	--  	1.44	10.43	0.75	农药化肥	--  	-0.000	
300118	东方日升	2.06	48770404	12.38	12.13	0	39729	-0.07	12.20	12.40	12.11	--  	1.24	2.39	0.25	半导体	--  	0.000	
83188	华夏沪深三百－Ｒ	1.46	48385036	41.750	41.150	200	1160322	0.12	41.350	41.750	41.350	43022204	0.00	0.97	0.600		1031800	41.750	
603299	井神股份	2.41	48179248	9.76	9.53	0	49786	0.00	9.72	9.81	9.51	--  	0.21	3.15	0.23	化工原料	--  	0.000	
600027	华电国际	1.08	48130396	3.75	3.71	0	129091	0.27	3.71	3.75	3.70	--  	3.67	1.35	0.04	火力发电	--  	0.000	
300184	力源信息	2.73	47124640	11.65	11.34	0	40880	0.00	11.44	11.67	11.32	--  	0.00	3.09	0.31	元器件	--  	-0.000	
600169	太原重工	1.16	46859784	3.50	3.46	0	133465	0.00	3.48	3.55	3.47	--  	0.27	2.31	0.04	工程机械	--  	0.000	
600586	金晶科技	1.10	46648328	4.60	4.55	0	101699	-0.21	4.57	4.63	4.53	--  	0.54	2.20	0.05	玻璃	--  	-0.000	
600368	五洲交通	1.90	46576424	5.35	5.25	0	87545	0.19	5.28	5.36	5.26	--  	1.52	1.90	0.10	路桥	--  	-0.000	
600039	四川路桥	0.74	45829184	4.10	4.07	0	112186	0.00	4.07	4.11	4.06	--  	1.03	1.23	0.03	建筑施工	--  	-0.000	
00081	中国海外宏洋集团	3.50	45577660	4.430	4.280	1000	10252866	-0.45	4.280	4.540	4.260	--  	0.23	6.54	0.150	地产	--  	4.430	
603579	荣泰健康	3.60	45517120	65.26	62.99	0	7098	0.80	63.03	65.43	62.64	--  	0.00	4.43	2.27	医疗保健	--  	0.000	
300303	聚飞光电	0.28	44992544	3.64	3.63	0	124118	0.28	3.63	3.66	3.59	--  	1.53	1.93	0.01	半导体	--  	0.000	
603519	立霸股份	5.47	44961928	22.36	21.20	0	20602	1.87	20.96	22.48	20.90	--  	1.42	7.45	1.16	家用电器	--  	0.000	
600126	杭钢股份	1.75	44217524	6.99	6.87	0	63975	0.14	6.84	7.00	6.78	--  	0.02	3.20	0.12	普钢	--  	-0.000	
603025	大豪科技	2.75	44144652	30.23	29.42	0	14637	0.27	29.60	30.67	29.60	--  	1.51	3.64	0.81	电脑设备	--  	-0.000	
01428	耀才证券金融	6.28	43330644	2.540	2.390	2000	17432000	0.00	2.390	2.550	2.390	--  	0.00	6.69	0.150	其他金融	--  	2.540	
002612	朗姿股份	4.02	43304180	11.65	11.20	0	37249	0.00	11.36	11.85	11.33	--  	0.45	4.64	0.45	服饰	--  	-0.000	
01199	中远海运港口	0.98	43208444	8.210	8.130	2000	5276360	0.00	8.190	8.320	8.150	--  	0.00	2.09	0.080	工用运输	--  	8.210	
600064	南京高科	1.06	42877192	14.34	14.19	0	29941	0.00	14.25	14.38	14.20	--  	2.82	1.27	0.15	园区开发	--  	0.000	
300470	日机密封	3.36	42721032	40.00	38.70	0	10776	0.25	38.31	40.30	38.31	--  	0.52	5.14	1.30	机械基件	--  	0.000	
01812	晨鸣纸业	2.98	42400768	14.500	14.080	500	2956500	-0.14	14.080	14.640	14.080	--  	0.00	3.98	0.420	原材料	--  	14.500	
002256	兆新股份	0.71	42347464	4.25	4.22	0	99613	0.24	4.22	4.30	4.20	--  	1.19	2.37	0.03	染料涂料	--  	0.000	
00639	首钢资源	10.12	42059712	1.850	1.680	2000	23600024	0.00	1.680	1.860	1.680	--  	1.62	10.71	0.170	煤炭	--  	1.850	
300437	清水源	1.65	42052696	16.05	15.79	0	25996	0.00	15.79	16.46	15.63	--  	0.51	5.26	0.26	化工原料	--  	-0.000	
02669	中海物业	1.89	42017364	2.160	2.120	5000	19455512	-0.46	2.110	2.190	2.110	--  	0.69	3.77	0.040	支援服务	--  	2.160	
002778	高科石化	6.72	41820436	25.10	23.52	0	17093	-0.39	23.78	25.38	23.50	--  	0.34	7.99	1.58	石油加工	--  	0.000	
600612	老凤祥	0.95	41335288	41.55	41.16	0	9962	0.24	41.00	41.70	41.00	--  	2.43	1.70	0.39	服饰	--  	-0.000	
600094	大名城	0.72	40509964	7.04	6.99	0	57549	-0.27	6.94	7.11	6.93	--  	0.72	2.58	0.05	区域地产	--  	-0.000	
603001	奥康国际	0.69	40400420	14.57	14.47	0	27704	0.28	14.48	14.72	14.48	--  	4.15	1.66	0.10	服饰	--  	-0.000	
03360	远东宏信	5.40	39583112	7.030	6.670	1000	5678456	-0.14	6.700	7.180	6.700	--  	0.00	7.20	0.360	其他金融	--  	7.030	
00826	天工国际	4.27	39453140	1.220	1.170	2000	34148000	1.67	1.160	1.220	1.100	--  	0.00	10.26	0.050	一般金属	--  	1.220	
002841	视源股份	0.48	39436236	72.85	72.50	0	5444	0.29	72.39	73.21	71.62	--  	0.58	2.19	0.35	元器件	--  	-0.000	
000030	富奥股份	0.37	39206572	8.14	8.11	0	48242	0.00	8.11	8.17	8.07	--  	2.47	1.23	0.03	汽车配件	--  	0.000	
300625	三雄极光	1.32	39108004	25.29	24.96	0	15551	-0.15	24.89	25.35	24.89	--  	0.00	1.84	0.33	半导体	--  	0.000	
603966	法兰泰克	3.17	39074144	16.91	16.39	0	23213	0.18	16.40	17.30	16.40	--  	0.61	5.49	0.52	机械基件	--  	-0.000	
002208	合肥城建	3.72	38706888	9.48	9.14	0	40589	-0.10	9.15	9.92	9.12	--  	1.09	8.75	0.34	区域地产	--  	-0.000	
600610	中毅达	1.83	38672368	5.55	5.45	0	69611	-0.35	5.43	5.67	5.43	--  	0.00	4.40	0.10	建筑施工	--  	0.000	
300158	振东制药	0.72	38148400	13.90	13.80	0	27509	-0.28	13.84	13.95	13.79	--  	0.36	1.16	0.10	中成药	--  	-0.000	
600343	航天动力	1.08	37999792	13.07	12.93	0	29168	0.00	12.93	13.09	12.93	--  	0.77	1.24	0.14	航空	--  	-0.000	
600063	皖维高新	1.87	37918256	3.81	3.74	0	99931	-0.25	3.74	3.84	3.73	--  	0.46	2.94	0.07	化纤	--  	-0.000	
600233	圆通速递	1.19	37733596	16.95	16.75	0	22340	0.06	16.75	16.99	16.75	--  	0.89	1.43	0.20	仓储物流	--  	0.000	
002737	葵花药业	2.34	37728740	31.54	30.82	0	11987	0.13	30.82	31.77	30.82	--  	0.97	3.08	0.72	中成药	--  	0.000	
603366	日出东方	0.17	37570176	5.95	5.94	0	63073	0.00	5.95	6.02	5.91	--  	3.08	1.85	0.01	家用电器	--  	-0.000	
002017	东信和平	3.67	37439224	9.05	8.73	0	41974	0.00	8.73	9.06	8.68	--  	0.34	4.35	0.32	通信设备	--  	0.000	
002109	兴化股份	2.03	36828460	7.03	6.89	0	52706	-0.13	6.93	7.05	6.86	--  	0.74	2.76	0.14	化工原料	--  	0.000	
600173	卧龙地产	2.59	36616836	5.95	5.80	0	61447	-0.16	5.80	6.05	5.80	--  	0.86	4.31	0.15	全国地产	--  	-0.000	
002595	豪迈科技	0.21	36476584	19.30	19.26	0	18913	0.05	19.26	19.50	18.96	--  	1.95	2.80	0.04	专用机械	--  	-0.000	
600152	维科精华	2.59	36424384	7.93	7.73	0	46224	-0.12	7.75	7.97	7.72	--  	0.17	3.23	0.20	纺织	--  	-0.000	
002416	爱施德	0.21	36007236	9.49	9.47	0	37994	0.11	9.49	9.54	9.41	--  	1.58	1.37	0.02	电器连锁	--  	-0.000	
02868	首创置业	5.91	35995100	4.300	4.060	2000	8382000	0.00	4.120	4.400	4.100	59640	0.00	7.39	0.240	地产	14000	4.300	
300440	运达科技	3.13	35765204	10.21	9.90	0	35503	0.10	9.90	10.21	9.87	--  	1.01	3.43	0.31	软件服务	--  	0.000	
603737	三棵树	5.26	35714724	74.62	70.89	0	4824	-0.03	71.48	75.00	71.23	--  	0.55	5.32	3.73	染料涂料	--  	0.000	
600078	澄星股份	2.27	35249192	5.40	5.28	0	65171	-0.36	5.29	5.53	5.26	--  	0.57	5.11	0.12	化工原料	--  	0.000	
300193	佳士科技	1.48	35244880	7.56	7.45	0	46840	-0.12	7.45	7.61	7.38	--  	0.40	3.09	0.11	专用机械	--  	-0.000	
002395	双象股份	6.21	35067448	12.83	12.08	0	28024	1.34	12.10	12.88	12.03	--  	0.66	7.04	0.75	塑料	--  	-0.000	
000543	皖能电力	1.00	34903560	5.07	5.02	0	69116	0.00	5.02	5.08	5.01	--  	1.00	1.39	0.05	火力发电	--  	0.000	
601929	吉视传媒	0.68	34642816	2.98	2.96	0	116499	0.00	2.96	2.99	2.95	--  	0.84	1.35	0.02	影视音像	--  	0.000	
600168	武汉控股	1.31	34397100	8.50	8.39	0	40484	0.12	8.40	8.57	8.39	--  	1.53	2.15	0.11	水务	--  	0.000	
603566	普莱柯	6.31	34248740	23.59	22.19	0	14754	-0.03	22.17	23.78	22.11	--  	0.90	7.53	1.40	生物制药	--  	0.000	
02099	中国黄金国际	5.73	34209388	14.760	13.960	100	2348300	0.27	14.000	14.840	14.000	17682	0.00	6.02	0.800	黄金贵金属	1200	14.760	
00173	嘉华国际	2.34	33672152	4.370	4.270	1000	7756994	0.69	4.270	4.390	4.260	--  	1.14	3.04	0.100	地产	--  	4.370	
000099	中信海直	1.33	33652980	9.14	9.02	0	37024	0.00	9.03	9.15	9.00	--  	0.83	1.66	0.12	空运	--  	0.000	
603179	新泉股份	1.32	33333252	36.94	36.46	0	9070	0.44	36.19	37.21	36.00	--  	0.00	3.32	0.48	汽车配件	--  	-0.000	
000070	特发信息	0.21	33079514	9.36	9.34	0	35511	0.11	9.38	9.39	9.25	--  	0.40	1.50	0.02	通信设备	--  	-0.000	
600844	*ST丹科	4.31	32786076	6.05	5.80	0	54266	-0.32	5.83	6.09	5.83	--  	0.00	4.48	0.25	化工原料	--  	0.000	
002802	洪汇新材	2.34	32620924	29.34	28.67	0	11203	0.10	28.53	29.45	28.40	--  	0.52	3.66	0.67	化工原料	--  	0.000	
603311	金海环境	3.66	32597990	16.44	15.86	0	19840	-0.11	15.93	16.88	15.80	--  	0.69	6.81	0.58	专用机械	--  	0.000	
600105	永鼎股份	0.92	31958028	6.58	6.52	0	48594	0.15	6.64	6.64	6.53	--  	1.50	1.69	0.06	通信设备	--  	-0.000	
002243	通产丽星	5.01	31919724	8.39	7.99	0	38798	0.24	8.04	8.44	7.95	--  	0.63	6.13	0.40	塑料	--  	0.000	
600665	天地源	2.34	31581896	4.37	4.27	0	72697	-0.22	4.27	4.39	4.27	--  	1.87	2.81	0.10	全国地产	--  	-0.000	
600261	阳光照明	0.91	31080674	5.57	5.52	0	56141	0.18	5.52	5.60	5.46	--  	2.90	2.54	0.05	家用电器	--  	0.000	
03689	康华医疗	0.92	31003722	13.100	12.980	200	2417600	0.77	13.040	13.100	12.760	--  	0.00	2.62	0.120	医疗服务	--  	13.100	
600300	维维股份	1.14	30855082	4.42	4.37	0	70025	0.00	4.38	4.43	4.37	--  	0.46	1.37	0.05	软饮料	--  	0.000	
03958	东方证券	4.87	30807522	7.750	7.390	400	4030600	0.00	7.450	7.770	7.440	--  	0.00	4.47	0.360	其他金融	--  	7.750	
000737	南风化工	3.22	30543390	4.81	4.66	0	64274	0.00	4.68	4.83	4.65	--  	0.00	3.86	0.15	日用化工	--  	-0.000	
000005	世纪星源	4.35	30529758	4.32	4.14	0	71539	-1.13	4.15	4.50	4.15	--  	0.00	8.45	0.18	房产服务	--  	0.000	
601515	东风股份	0.41	30150628	9.84	9.80	0	30765	-0.09	9.79	9.95	9.69	--  	2.55	2.65	0.04	广告包装	--  	0.000	
000650	仁和药业	1.34	30116348	5.28	5.21	0	57302	0.19	5.22	5.28	5.22	--  	1.92	1.15	0.07	中成药	--  	0.000	
002585	双星新材	1.36	29980872	6.70	6.61	0	44991	-0.14	6.62	6.75	6.59	--  	0.23	2.42	0.09	塑料	--  	-0.000	
00337	绿地香港	6.43	29936832	3.310	3.110	1000	9116000	0.61	3.140	3.330	3.140	--  	0.00	6.11	0.200	地产	--  	3.310	
02233	西部水泥	4.27	29571802	1.220	1.170	2000	24375000	0.83	1.210	1.240	1.200	--  	0.00	3.42	0.050	建筑	--  	1.220	
07228	ＦＬ二　三星国指	5.95	28960088	8.550	8.070	200	3453200	0.00	8.190	8.560	8.190	8515674	0.00	4.58	0.480		1013400	8.550	
603268	松发股份	0.24	28920836	28.70	28.63	0	10121	0.00	28.88	28.99	28.40	--  	0.48	2.06	0.07	陶瓷	--  	0.000	
600052	浙江广厦	2.11	28871884	3.87	3.79	0	74753	0.26	3.79	3.90	3.77	--  	1.98	3.43	0.08	区域地产	--  	-0.000	
300391	康跃科技	4.49	28748168	13.72	13.13	0	20731	-0.71	13.25	14.44	13.25	--  	0.06	9.06	0.59	机械基件	--  	0.000	
000517	荣安地产	1.78	28472056	3.44	3.38	0	82736	-0.28	3.38	3.47	3.38	--  	0.89	2.66	0.06	区域地产	--  	0.000	
601107	四川成渝	1.21	28108288	4.17	4.12	0	67794	0.24	4.12	4.17	4.12	--  	2.67	1.21	0.05	路桥	--  	0.000	
000897	津滨发展	1.18	28001136	3.42	3.38	0	81609	0.00	3.40	3.47	3.39	--  	0.59	2.37	0.04	区域地产	--  	0.000	
002349	精华制药	3.54	27859896	7.90	7.63	0	35319	0.00	7.62	8.14	7.61	--  	0.98	6.95	0.27	中成药	--  	0.000	
600810	神马股份	3.27	27508422	7.26	7.03	0	38093	0.00	7.04	7.44	7.00	--  	0.71	6.26	0.23	化纤	--  	0.000	
603906	龙蟠科技	0.78	27448762	15.58	15.46	0	17580	-0.56	15.43	15.80	15.36	--  	0.00	2.85	0.12	化工原料	--  	-0.000	
07267	ＦＬ二华夏国指	5.99	27408970	11.320	10.680	100	2455300	0.00	10.860	11.320	10.860	22095792	0.00	4.31	0.640		1979600	11.320	
300194	福安药业	2.43	27244138	5.89	5.75	0	46693	0.17	5.74	5.90	5.72	--  	1.16	3.13	0.14	化学制药	--  	-0.000	
002574	明牌珠宝	0.80	27238944	7.52	7.46	0	36278	-0.12	7.48	7.54	7.48	--  	0.67	0.80	0.06	服饰	--  	-0.000	
600077	宋都股份	2.25	27017732	3.64	3.56	0	73760	0.28	3.56	3.72	3.56	--  	0.17	4.49	0.08	全国地产	--  	0.000	
08470	莹岚集团	4.65	26315842	0.900	0.860	8000	28936000	-1.10	0.880	0.940	0.810	--  	0.00	15.12	0.040	建筑	--  	0.900	
01072	东方电气	3.74	26313144	6.650	6.410	200	3950200	0.15	6.500	6.770	6.430	--  	0.00	5.30	0.240	工业工程	--  	6.650	
002164	宁波东力	0.70	25876284	8.64	8.58	0	30100	-0.11	8.62	8.66	8.55	--  	0.74	1.28	0.06	电气设备	--  	0.000	
300485	赛升药业	1.42	25313974	29.21	28.80	0	8708	0.03	28.93	29.48	28.61	--  	0.87	3.02	0.41	生物制药	--  	-0.000	
002031	巨轮智能	1.49	25086466	2.73	2.69	0	92425	0.37	2.69	2.74	2.68	--  	0.19	2.23	0.04	汽车配件	--  	0.000	
000046	泛海控股	1.61	24938090	7.58	7.46	0	32819	0.00	7.46	7.72	7.44	--  	2.01	3.75	0.12	全国地产	--  	-0.000	
600692	亚通股份	1.20	24736292	10.12	10.00	0	24565	0.10	10.02	10.13	9.95	--  	0.00	1.80	0.12	水运	--  	-0.000	
002105	信隆健康	1.07	24643204	6.60	6.53	0	37649	0.30	6.53	6.69	6.44	--  	0.70	3.83	0.07	文教休闲	--  	-0.000	
600106	重庆路桥	0.94	23942876	4.30	4.26	0	55916	0.23	4.26	4.30	4.25	--  	2.09	1.17	0.04	路桥	--  	0.000	
601969	海南矿业	1.47	23842584	8.98	8.85	0	27018	0.22	8.82	9.00	8.68	--  	0.32	3.62	0.13	普钢	--  	-0.000	
600071	凤凰光学	3.77	23457882	17.33	16.70	0	13512	0.00	16.71	18.00	16.70	--  	0.60	7.78	0.63	元器件	--  	-0.000	
002274	华昌化工	2.35	23351020	7.39	7.22	0	31750	0.00	7.22	7.47	7.22	--  	1.38	3.46	0.17	农药化肥	--  	-0.000	
600467	好当家	1.29	23346844	3.15	3.11	0	74491	0.32	3.11	3.16	3.10	--  	0.32	1.93	0.04	渔业	--  	0.000	
600510	黑牡丹	2.72	23299996	6.80	6.62	0	34489	0.00	6.63	6.85	6.61	--  	1.62	3.63	0.18	全国地产	--  	0.000	
002165	红 宝 丽	0.99	23201260	6.15	6.09	0	37813	-0.15	6.10	6.18	6.08	--  	1.31	1.64	0.06	化工原料	--  	0.000	
600228	*ST昌九	5.03	23170922	11.90	11.33	0	19911	0.00	11.29	11.90	11.12	--  	0.32	6.88	0.57	化工原料	--  	-0.000	
601339	百隆东方	1.52	23109438	5.34	5.26	0	43468	0.00	5.27	5.37	5.25	--  	2.43	2.28	0.08	纺织	--  	0.000	
01330	绿色动力环保	4.44	22795372	4.700	4.500	1000	4903000	0.43	4.500	4.720	4.500	13840	0.00	4.89	0.200	公用事业	3000	4.700	
000890	法 尔 胜	2.26	22726422	6.79	6.64	0	33553	0.00	6.61	6.83	6.61	--  	1.51	3.31	0.15	钢加工	--  	-0.000	
000521	美菱电器	1.78	22590332	5.16	5.07	0	44002	0.00	5.07	5.19	5.07	--  	1.18	2.37	0.09	家用电器	--  	-0.000	
00127	华人置业	2.38	22201602	12.900	12.600	500	1725000	0.00	12.600	12.980	12.500	12830	1.55	3.81	0.300	地产	1000	12.900	
000919	金陵药业	0.57	22171490	8.89	8.84	0	25042	0.00	8.80	8.91	8.80	--  	1.92	1.24	0.05	化学制药	--  	0.000	
600731	湖南海利	1.13	22060252	7.17	7.09	0	30919	0.42	7.06	7.30	6.97	--  	0.22	4.65	0.08	农药化肥	--  	0.000	
000719	大地传媒	1.88	21911206	9.23	9.06	0	23834	0.00	9.05	9.26	9.05	--  	1.99	2.32	0.17	出版业	--  	-0.000	
603518	维格娜丝	3.85	21864448	19.40	18.68	0	11324	0.21	18.70	19.60	18.70	--  	0.53	4.82	0.72	服饰	--  	-0.000	
600749	西藏旅游	1.77	21635180	20.12	19.77	0	10798	1.00	19.91	20.49	19.50	--  	0.13	5.01	0.35	旅游景点	--  	0.000	
600513	联环药业	1.27	21500926	8.79	8.68	0	24672	0.11	8.70	8.80	8.62	--  	0.76	2.07	0.11	化学制药	--  	-0.000	
603166	福达股份	0.63	21435912	8.05	8.00	0	26726	0.00	8.03	8.08	7.96	--  	2.50	1.50	0.05	汽车配件	--  	0.000	
603315	福鞍股份	4.12	20991388	14.40	13.83	0	14720	0.00	13.83	14.80	13.73	--  	0.39	7.74	0.57	机械基件	--  	-0.000	
002476	宝莫股份	1.60	20823792	5.71	5.62	0	36781	0.00	5.61	5.72	5.55	--  	0.53	3.02	0.09	化工原料	--  	0.000	
600836	界龙实业	0.98	20763222	5.13	5.08	0	40514	0.00	5.09	5.16	5.09	--  	0.20	1.38	0.05	广告包装	--  	0.000	
600805	悦达投资	1.15	20429208	6.17	6.10	0	33313	0.00	6.11	6.17	6.09	--  	1.64	1.31	0.07	综合类	--  	0.000	
600796	钱江生化	1.22	20139560	7.45	7.36	0	27095	0.00	7.36	7.53	7.31	--  	0.68	2.99	0.09	农药化肥	--  	-0.000	
002286	保龄宝	3.18	20093932	10.05	9.74	0	20292	0.10	9.72	10.09	9.69	--  	0.82	4.11	0.31	食品	--  	0.000	
02128	中国联塑	3.16	20033594	5.220	5.060	1000	3857000	0.38	5.080	5.240	5.080	--  	0.00	3.16	0.160	建筑	--  	5.220	
300581	晨曦航空	1.60	19957102	31.10	30.61	0	6428	0.10	30.76	31.31	30.68	--  	0.34	2.06	0.49	航空	--  	0.000	
000707	双环科技	2.89	19943146	5.70	5.54	0	35365	0.35	5.55	5.70	5.52	--  	0.18	3.25	0.16	化工原料	--  	-0.000	
07205	ＦＬ二　三星恒指	3.71	19604806	10.060	9.700	200	1970400	0.00	9.790	10.060	9.790	37848	0.00	2.78	0.360		3800	10.060	
600481	双良节能	0.75	19508520	4.04	4.01	0	48373	0.00	4.04	4.07	4.00	--  	2.00	1.75	0.03	环境保护	--  	-0.000	
002763	汇洁股份	0.73	19465078	13.79	13.69	0	14157	0.29	13.69	13.81	13.64	--  	0.00	1.24	0.10	服饰	--  	-0.000	
600983	惠而浦	3.75	19218056	7.47	7.20	0	26251	0.67	7.21	7.50	7.15	--  	1.46	4.86	0.27	家用电器	--  	-0.000	
000767	漳泽电力	1.02	18894132	2.97	2.94	0	63937	0.00	2.94	2.98	2.92	--  	3.34	2.04	0.03	火力发电	--  	0.000	
300610	晨化股份	1.78	18787812	17.18	16.88	0	10976	-0.34	16.81	17.49	16.71	--  	0.39	4.62	0.30	化工原料	--  	0.000	
600639	浦东金桥	0.59	18772688	17.05	16.95	0	11036	0.00	16.95	17.08	16.84	--  	1.00	1.42	0.10	园区开发	--  	-0.000	
603901	永创智能	1.93	18725564	8.97	8.80	0	20889	-0.10	8.80	9.19	8.73	--  	0.51	5.23	0.17	专用机械	--  	0.000	
603100	川仪股份	0.90	18650642	10.09	10.00	0	18593	0.30	9.98	10.09	9.97	--  	1.00	1.20	0.09	电器仪表	--  	0.000	
06068	睿见教育	2.55	18175800	4.830	4.710	2000	3782000	0.00	4.750	4.850	4.750	19160	0.64	2.12	0.120	支援服务	4000	4.830	
00811	新华文轩	0.97	17812980	6.270	6.210	1000	2849000	0.32	6.230	6.290	6.230	--  	0.00	0.97	0.060	媒体及娱乐	--  	6.270	
600883	博闻科技	3.08	17686022	9.72	9.43	0	18435	-0.09	9.44	9.74	9.39	--  	0.21	3.71	0.29	水泥	--  	0.000	
002275	桂林三金	1.17	17586014	16.39	16.20	0	10733	-0.11	16.20	16.45	16.18	--  	2.47	1.67	0.19	中成药	--  	-0.000	
02006	锦江酒店	6.62	17389840	2.900	2.720	2000	6091900	0.00	2.730	2.930	2.730	1319500	0.00	7.35	0.180	酒店及消闲	462000	2.900	
600620	天宸股份	0.57	17234162	10.63	10.57	0	16129	-0.36	10.66	10.85	10.55	--  	0.28	2.84	0.06	综合类	--  	0.000	
06833	兴科蓉医药	8.11	17043360	0.800	0.740	4000	21756000	3.90	0.740	0.850	0.730	--  	0.00	16.22	0.060	医药医疗	--  	0.800	
300165	天瑞仪器	0.63	17005326	6.39	6.35	0	26735	0.16	6.36	6.44	6.26	--  	0.39	2.83	0.04	电器仪表	--  	-0.000	
603726	朗迪集团	0.85	16971548	30.70	30.44	0	5563	0.07	30.50	30.80	30.22	--  	1.38	1.91	0.26	机械基件	--  	0.000	
600706	曲江文旅	0.26	16267668	19.19	19.14	0	8488	0.00	19.19	19.21	19.05	--  	0.20	0.84	0.05	旅游服务	--  	0.000	
300606	金太阳	2.02	16118006	34.29	33.61	0	4782	-0.28	33.44	34.40	33.02	--  	0.00	4.11	0.68	矿物制品	--  	0.000	
002514	宝馨科技	1.57	16101607	7.76	7.64	0	20752	-0.12	7.67	7.82	7.67	--  	0.00	1.96	0.12	机械基件	--  	0.000	
601218	吉鑫科技	1.40	16062386	3.61	3.56	0	44698	0.00	3.57	3.62	3.56	--  	0.42	1.69	0.05	机械基件	--  	-0.000	
01660	善乐国际	1.03	16006581	0.490	0.485	8000	32868000	2.08	0.490	0.520	0.465	--  	0.00	11.34	0.005	工业工程	--  	0.490	
000529	广弘控股	1.33	15985427	6.87	6.78	0	23409	0.29	6.78	6.95	6.78	--  	0.66	2.51	0.09	食品	--  	-0.000	
002526	山东矿机	1.44	15715744	6.34	6.25	0	24921	0.16	6.26	6.34	6.26	--  	0.56	1.28	0.09	工程机械	--  	0.000	
300329	海伦钢琴	1.03	15599376	8.84	8.75	0	17668	0.00	8.73	8.92	8.70	--  	0.29	2.51	0.09	文教休闲	--  	0.000	
002084	海鸥卫浴	0.77	15241746	6.54	6.49	0	23386	0.15	6.49	6.58	6.44	--  	1.39	2.16	0.05	家居用品	--  	-0.000	
00754	合生创展集团	3.66	15159761	7.940	7.660	2000	1928000	0.51	7.620	7.950	7.580	--  	0.00	4.83	0.280	地产	--  	7.940	
002438	江苏神通	2.12	15104546	7.23	7.08	0	21060	0.00	7.09	7.26	7.07	--  	0.35	2.68	0.15	机械基件	--  	0.000	
600192	长城电工	1.23	15045660	6.59	6.51	0	22972	0.15	6.51	6.61	6.48	--  	0.12	2.00	0.08	电气设备	--  	0.000	
002290	中科新材	0.77	14947928	13.10	13.00	0	11468	0.31	13.00	13.16	12.88	--  	0.67	2.15	0.10	家用电器	--  	0.000	
600819	耀皮玻璃	1.27	14822014	5.60	5.53	0	26524	0.18	5.53	5.68	5.50	--  	1.32	3.25	0.07	玻璃	--  	-0.000	
01361	３６１度	1.48	13959732	2.740	2.700	1000	5096720	-0.36	2.710	2.780	2.710	--  	2.55	2.59	0.040	纺织服饰	--  	2.740	
000966	长源电力	0.52	13751178	3.88	3.86	0	35484	0.00	3.86	3.90	3.85	--  	2.33	1.30	0.02	火力发电	--  	0.000	
000899	赣能股份	1.18	13743998	6.00	5.93	0	22959	0.17	5.92	6.03	5.90	--  	5.06	2.19	0.07	火力发电	--  	0.000	
000705	浙江震元	0.24	13225646	8.24	8.22	0	16084	0.00	8.27	8.29	8.19	--  	0.24	1.22	0.02	医药商业	--  	-0.000	
600724	宁波富达	1.33	12828775	3.82	3.77	0	33779	0.00	3.79	3.85	3.76	--  	2.65	2.39	0.05	区域地产	--  	-0.000	
600272	开开实业	0.37	12468066	10.71	10.67	0	11702	0.00	10.67	10.75	10.60	--  	0.28	1.41	0.04	中成药	--  	0.000	
01107	当代置业	4.17	12279187	1.750	1.680	2000	7055000	0.57	1.700	1.770	1.680	34700	1.31	5.36	0.070	地产	20000	1.750	
03989	首创环境	1.41	11776371	0.360	0.355	2000	32989000	0.00	0.350	0.360	0.345	4910	0.00	4.23	0.005	公用事业	14000	0.360	
01133	哈尔滨电气	3.06	11673981	3.370	3.270	2000	3498000	0.00	3.280	3.390	3.280	253860	0.00	3.36	0.100	工业工程	76000	3.370	
601518	吉林高速	1.13	11425832	3.57	3.53	0	32086	0.00	3.53	3.58	3.53	--  	1.36	1.42	0.04	路桥	--  	-0.000	
00978	招商局置地	5.56	11281261	1.520	1.440	2000	7508000	0.66	1.450	1.520	1.450	--  	0.00	4.86	0.080	地产	--  	1.520	
603208	江山欧派	1.31	11242204	43.39	42.83	0	2623	0.56	42.75	43.47	42.40	--  	0.96	2.50	0.56	家居用品	--  	-0.000	
002674	兴业科技	1.46	10952241	10.45	10.30	0	10530	-0.09	10.36	10.52	10.28	--  	1.46	2.33	0.15	纺织	--  	-0.000	
300305	裕兴股份	1.05	10707507	7.72	7.64	0	13930	0.13	7.64	7.72	7.63	--  	0.79	1.18	0.08	塑料	--  	-0.000	
300210	森远股份	1.00	10424479	6.06	6.00	0	17239	0.00	6.02	6.10	5.96	--  	0.28	2.33	0.06	专用机械	--  	-0.000	
01266	西王特钢	2.67	10394190	1.540	1.500	1000	6739000	-0.65	1.500	1.560	1.500	--  	0.00	4.00	0.040	一般金属	--  	1.540	
600488	天药股份	0.21	9911521	4.83	4.82	0	20538	0.00	4.82	4.85	4.80	--  	0.38	1.04	0.01	化学制药	--  	-0.000	
300286	安科瑞	0.34	9859772	17.75	17.69	0	5572	-0.16	17.60	17.88	17.60	--  	1.12	1.58	0.06	电器仪表	--  	0.000	
300341	麦迪电气	1.93	9820070	6.86	6.73	0	14466	0.15	6.76	6.87	6.70	--  	0.74	2.53	0.13	电气设备	--  	0.000	
06858	本间高尔夫	2.30	9791090	8.000	7.820	500	1259500	0.00	7.770	8.020	7.660	128855	0.00	4.60	0.180	家电及用品	16500	8.000	
08157	象兴国际	2.25	8797300	0.455	0.445	20000	19200000	1.11	0.445	0.475	0.435	--  	0.00	8.99	0.010	工用运输	--  	0.455	
600396	金山股份	0.65	8624337	3.12	3.10	0	27756	0.32	3.10	3.13	3.08	--  	0.16	1.61	0.02	火力发电	--  	-0.000	
00230	五矿地产	3.82	8503686	1.360	1.310	2000	6304400	0.00	1.320	1.380	1.310	--  	0.00	5.34	0.050	地产	--  	1.360	
300293	蓝英装备	1.54	8125683	11.21	11.04	0	7306	0.09	11.04	11.24	10.91	--  	0.45	2.99	0.17	专用机械	--  	0.000	
300488	恒锋工具	0.90	7504388	31.39	31.11	0	2402	-0.02	31.15	31.49	30.82	--  	0.49	2.15	0.28	机械基件	--  	-0.000	
00611	中国核能科技	4.41	5673531	1.420	1.360	2000	4036008	0.00	1.400	1.440	1.380	--  	0.00	4.41	0.060	公用事业	--  	1.420	
01366	江南集团	5.66	5412411	0.560	0.530	2000	9825000	1.82	0.530	0.570	0.530	--  	0.00	7.55	0.030	工业工程	--  	0.560	
数据来源:通达信
