代码	名称	涨幅%%	总金额	现价	昨收	每手	总量	涨速%%	今开	最高	最低	抛空额	股息率%%	振幅%%	涨跌	细分行业	抛空量	按盘价	
000858	五 粮 液	5.89	3394742784	71.90	67.90	0	479978	0.20	68.70	72.24	68.68	--  	1.33	5.24	4.00	白酒	--  	0.000	
00939	建设银行	0.60	2747006208	6.690	6.650	1000	411103744	-0.45	6.650	6.730	6.650	--  	0.00	1.20	0.040	银行	--  	6.690	
01398	工商银行	1.02	2678741504	5.960	5.900	1000	451687968	-0.33	5.880	6.000	5.860	--  	0.00	2.37	0.060	银行	--  	5.960	
600276	恒瑞医药	6.10	1664793856	69.42	65.43	0	243701	-0.02	66.74	69.49	66.30	--  	0.17	4.88	3.99	化学制药	--  	-0.000	
002156	通富微电	7.01	1505766912	14.51	13.56	0	1060643	-0.74	13.67	14.89	13.47	--  	0.17	10.47	0.95	半导体	--  	0.000	
600196	复星医药	4.67	1313730432	43.01	41.09	0	307215	0.00	40.99	43.47	40.82	--  	0.85	6.45	1.92	化学制药	--  	-0.000	
002027	分众传媒	3.38	1282119040	13.44	13.00	0	951167	0.07	12.98	13.85	12.98	--  	2.24	6.69	0.44	影视音像	--  	-0.000	
600570	恒生电子	8.37	1194844416	48.53	44.78	0	253667	-0.13	45.50	49.18	45.30	--  	0.22	8.66	3.75	软件服务	--  	-0.000	
000568	泸州老窖	4.81	1053727424	63.62	60.70	0	167167	0.82	61.28	63.80	61.00	--  	1.51	4.61	2.92	白酒	--  	-0.000	
002264	新 华 都	10.00	1036340416	11.44	10.40	0	921696	0.00	10.96	11.44	10.88	--  	0.46	5.38	1.04	超市连锁	--  	-0.000	
01928	金沙中国有限公司	3.12	904071360	39.650	38.450	400	22883384	-0.13	39.050	39.850	39.000	--  	0.00	2.21	1.200	酒店及消闲	--  	39.650	
000513	丽珠集团	7.49	870481984	68.85	64.05	0	130224	0.15	64.12	69.55	63.65	--  	0.60	9.21	4.80	中成药	--  	-0.000	
002475	立讯精密	2.20	774775488	26.45	25.88	0	295688	-0.37	25.87	26.65	25.48	--  	0.21	4.52	0.57	元器件	--  	0.000	
600919	江苏银行	1.52	729652160	8.02	7.90	0	912355	-0.11	7.88	8.07	7.84	--  	2.25	2.91	0.12	银行	--  	0.000	
002294	信立泰	10.00	715895424	41.90	38.09	0	174813	0.02	38.14	41.90	38.13	--  	1.84	9.90	3.81	化学制药	--  	0.000	
000868	安凯客车	7.46	695719744	7.63	7.10	0	916320	0.00	7.08	7.81	7.07	--  	0.28	10.42	0.53	汽车整车	--  	0.000	
300229	拓尔思	7.77	664771008	16.65	15.45	0	397943	0.00	16.45	17.00	16.20	--  	0.32	5.18	1.20	软件服务	--  	-0.000	
01766	中国中车	4.87	655943424	7.540	7.190	1000	87149480	-0.13	7.540	7.600	7.460	--  	0.00	1.95	0.350	工业工程	--  	7.540	
002153	石基信息	10.00	654740800	29.81	27.10	0	224655	0.00	27.47	29.81	27.45	--  	0.15	8.71	2.71	软件服务	--  	-0.000	
300188	美亚柏科	5.27	653266688	21.19	20.13	0	304379	0.52	21.00	22.14	20.98	--  	0.20	5.76	1.06	软件服务	--  	0.000	
300376	易事特	0.46	635353984	8.73	8.69	0	714315	0.11	9.56	9.56	8.38	--  	0.26	13.58	0.04	电气设备	--  	-0.000	
002019	亿帆医药	5.34	634110592	21.91	20.80	0	295457	0.14	20.79	21.92	20.66	--  	0.44	6.06	1.11	化学制药	--  	-0.000	
01548	金斯瑞生物科技	19.62	609050368	12.560	10.500	2000	51539080	0.80	10.700	12.700	10.540	--  	0.00	20.57	2.060	医药医疗	--  	12.560	
01177	中国生物制药	5.54	556230336	11.820	11.200	1000	47753568	-0.67	11.200	11.960	11.200	--  	0.00	6.79	0.620	医药医疗	--  	11.820	
002261	拓维信息	7.19	538933440	8.80	8.21	0	611002	0.80	9.03	9.03	8.58	--  	0.24	5.48	0.59	互联网	--  	0.000	
000425	徐工机械	5.16	504862976	3.87	3.68	0	1330081	0.00	3.69	3.88	3.68	--  	0.41	5.43	0.19	工程机械	--  	-0.000	
601116	三江购物	9.98	495954720	24.46	22.24	0	211588	0.25	22.40	24.46	22.27	--  	0.90	9.85	2.22	超市连锁	--  	-0.000	
600521	华海药业	9.99	469817152	28.73	26.12	0	166958	0.00	26.30	28.73	26.30	--  	0.69	9.30	2.61	化学制药	--  	-0.000	
002649	博彦科技	6.92	458331072	12.05	11.27	0	385738	0.08	11.57	12.21	11.51	--  	0.50	6.21	0.78	软件服务	--  	0.000	
300678	中科信息	1.81	448328512	60.04	58.97	0	74880	-0.09	57.88	61.46	57.60	--  	0.00	6.55	1.07	软件服务	--  	0.000	
300027	华谊兄弟	0.68	447947808	8.89	8.83	0	499949	0.23	8.89	9.12	8.79	--  	0.34	3.74	0.06	影视音像	--  	0.000	
002195	二三四五	2.44	445749184	6.31	6.16	0	708824	0.16	6.20	6.35	6.19	--  	0.46	2.60	0.15	软件服务	--  	-0.000	
600867	通化东宝	4.87	442565664	23.25	22.17	0	191362	0.00	22.21	23.52	22.18	--  	0.75	6.04	1.08	生物制药	--  	0.000	
300418	昆仑万维	9.99	433954016	22.90	20.82	0	192707	0.00	22.32	22.90	21.73	--  	0.51	5.62	2.08	互联网	--  	-0.000	
600201	生物股份	4.47	423146784	29.68	28.41	0	144192	-0.33	28.45	29.93	28.41	--  	0.00	5.35	1.27	生物制药	--  	0.000	
000039	中集集团	3.60	397873760	20.12	19.42	0	200383	0.35	19.40	20.17	19.31	--  	0.31	4.43	0.70	轻工机械	--  	0.000	
600588	用友网络	9.80	392602400	21.74	19.80	0	183733	0.46	20.51	21.78	20.50	--  	0.66	6.46	1.94	软件服务	--  	-0.000	
600426	华鲁恒升	2.07	386964320	13.83	13.55	0	286965	-0.06	13.50	13.88	13.00	--  	0.57	6.49	0.28	农药化肥	--  	-0.000	
002221	东华能源	4.37	373327744	12.41	11.89	0	305430	0.16	11.80	12.47	11.79	--  	0.41	5.72	0.52	石油贸易	--  	-0.000	
300324	旋极信息	1.36	368025376	14.90	14.70	0	244623	0.13	15.17	15.36	14.76	--  	0.47	4.08	0.20	软件服务	--  	-0.000	
300308	中际旭创	10.01	365120672	52.65	47.86	0	71392	0.00	50.00	52.65	49.50	--  	0.01	6.58	4.79	电气设备	--  	0.000	
600283	钱江水利	7.03	364955680	13.71	12.81	0	269744	0.07	12.98	13.97	12.91	--  	0.78	8.27	0.90	水务	--  	0.000	
00291	华润啤酒	3.56	355666912	24.750	23.900	2000	14478434	0.20	24.000	24.850	24.000	--  	0.33	3.56	0.850	食物饮品	--  	24.750	
603602	纵横通信	2.88	354887904	51.48	50.04	0	69031	0.55	51.95	53.85	49.75	--  	0.00	8.19	1.44	通信设备	--  	-0.000	
002251	步 步 高	7.92	350048768	16.36	15.16	0	217829	0.55	15.12	16.60	15.12	--  	0.66	9.76	1.20	超市连锁	--  	0.000	
002268	卫 士 通	4.38	340264896	24.79	23.75	0	136720	0.16	24.00	25.75	23.53	--  	0.13	9.35	1.04	软件服务	--  	0.000	
002440	闰土股份	2.84	338540000	18.81	18.29	0	183162	0.11	18.17	18.89	17.90	--  	1.91	5.41	0.52	染料涂料	--  	-0.000	
600056	中国医药	6.97	325566784	25.47	23.81	0	130674	0.32	23.96	25.55	23.96	--  	1.12	6.68	1.66	医药商业	--  	-0.000	
300033	同花顺	2.10	325036832	51.62	50.56	0	62992	-0.03	50.78	52.20	50.75	--  	1.78	2.87	1.06	软件服务	--  	-0.000	
600604	市北高新	10.08	310763872	7.32	6.65	0	430849	0.00	6.71	7.32	6.70	--  	0.15	9.32	0.67	园区开发	--  	0.000	
600410	华胜天成	4.50	303052640	9.98	9.55	0	301313	0.40	10.10	10.38	9.91	--  	0.31	4.92	0.43	软件服务	--  	-0.000	
300145	中金环境	1.03	288276224	13.69	13.55	0	212820	-0.14	13.35	13.92	13.09	--  	0.33	6.13	0.14	专用机械	--  	-0.000	
002427	尤夫股份	3.96	287622176	30.16	29.01	0	96165	0.00	29.00	31.00	29.00	--  	0.07	6.89	1.15	化纤	--  	-0.000	
300287	飞利信	3.69	281836480	8.14	7.85	0	343841	-0.11	8.16	8.35	8.03	--  	0.61	4.08	0.29	软件服务	--  	0.000	
002279	久其软件	10.03	281636448	11.19	10.17	0	254174	0.00	10.58	11.19	10.58	--  	0.22	6.00	1.02	软件服务	--  	-0.000	
000587	金洲慈航	2.81	276189440	6.96	6.77	0	398985	0.14	6.77	7.10	6.74	--  	1.11	5.32	0.19	批发业	--  	0.000	
02196	复星医药	3.83	269639168	42.050	40.500	500	6439206	-0.24	40.500	42.500	40.050	--  	0.00	6.05	1.550	医药医疗	--  	42.050	
002127	南极电商	3.56	268659328	12.52	12.09	0	214359	0.32	12.10	13.08	12.10	--  	0.00	8.11	0.43	互联网	--  	0.000	
600633	浙数文化	4.31	266935696	14.75	14.14	0	179559	0.14	14.66	15.18	14.62	--  	0.67	3.96	0.61	出版业	--  	0.000	
002642	荣之联	8.83	252960800	14.30	13.14	0	179008	0.00	13.83	14.45	13.65	--  	0.15	6.09	1.16	软件服务	--  	0.000	
601952	苏垦农发	2.97	243679152	14.57	14.15	0	170819	0.48	14.25	14.59	14.04	--  	0.00	3.89	0.42	种植业	--  	-0.000	
300170	汉得信息	5.42	243533856	11.48	10.89	0	212557	-0.08	11.20	11.61	11.20	--  	0.46	3.76	0.59	软件服务	--  	-0.000	
002217	合力泰	2.37	239657712	11.24	10.98	0	213785	-0.17	11.00	11.35	10.91	--  	0.38	4.01	0.26	元器件	--  	-0.000	
300075	数字政通	4.53	239098352	17.31	16.56	0	136496	0.12	18.20	18.20	17.21	--  	0.17	5.98	0.75	软件服务	--  	-0.000	
603708	家家悦	3.44	230740272	19.54	18.89	0	120134	0.05	18.39	19.72	18.31	--  	1.83	7.46	0.65	超市连锁	--  	0.000	
002023	海特高新	10.05	228493760	11.06	10.05	0	216451	0.00	10.10	11.06	9.99	--  	1.00	10.65	1.01	航空	--  	0.000	
300251	光线传媒	1.85	227690976	10.46	10.27	0	216765	0.00	10.21	10.75	10.21	--  	0.39	5.26	0.19	影视音像	--  	0.000	
300130	新国都	10.01	226552672	28.03	25.48	0	82669	0.00	25.55	28.03	25.55	--  	0.21	9.73	2.55	电脑设备	--  	0.000	
300352	北信源	3.10	218881360	4.33	4.20	0	498263	-0.22	4.61	4.62	4.25	--  	0.38	8.81	0.13	软件服务	--  	-0.000	
300241	瑞丰光电	3.50	212736912	16.84	16.27	0	126786	0.84	16.27	17.14	16.27	--  	0.12	5.35	0.57	半导体	--  	0.000	
000759	中百集团	9.98	212666512	9.59	8.72	0	229519	0.10	9.08	9.59	8.88	--  	0.92	8.14	0.87	超市连锁	--  	0.000	
300468	四方精创	5.19	209985440	38.48	36.58	0	53938	0.05	38.85	40.24	37.86	--  	0.67	6.51	1.90	软件服务	--  	-0.000	
002368	太极股份	2.75	205515664	26.49	25.78	0	76675	-0.03	26.88	27.22	26.34	--  	0.85	3.41	0.71	软件服务	--  	-0.000	
300212	易华录	3.24	204086016	26.16	25.34	0	76834	0.15	26.62	26.98	26.07	--  	0.47	3.59	0.82	软件服务	--  	-0.000	
002863	今飞凯达	6.68	203403104	16.93	15.87	0	122646	-0.17	15.84	17.08	15.80	--  	0.00	8.07	1.06	汽车配件	--  	0.000	
000681	视觉中国	0.39	203050848	20.35	20.27	0	98881	0.35	20.07	20.96	19.86	--  	0.05	5.43	0.08	互联网	--  	0.000	
300175	朗源股份	9.97	201990480	7.72	7.02	0	265808	0.00	7.23	7.72	7.23	--  	0.14	6.98	0.70	食品	--  	-0.000	
300675	建科院	7.29	201667360	29.59	27.58	0	70912	-0.12	27.23	30.30	27.20	--  	0.24	11.24	2.01	建筑施工	--  	0.000	
002428	云南锗业	9.96	200730416	11.70	10.64	0	178585	0.00	10.64	11.70	10.62	--  	0.28	10.15	1.06	小金属	--  	-0.000	
002697	红旗连锁	3.44	197663872	6.32	6.11	0	316178	0.00	6.08	6.35	6.06	--  	0.31	4.75	0.21	超市连锁	--  	0.000	
300462	华铭智能	6.93	197465328	33.49	31.32	0	58431	0.09	34.45	34.45	32.90	--  	0.22	4.95	2.17	专用机械	--  	0.000	
300585	奥联电子	1.29	194716880	21.25	20.98	0	91077	0.24	20.75	22.35	20.37	--  	0.95	9.44	0.27	汽车配件	--  	0.000	
002618	丹邦科技	4.02	194034176	14.75	14.18	0	134538	0.00	14.18	14.85	13.80	--  	0.03	7.40	0.57	元器件	--  	0.000	
300558	贝达药业	5.43	193230496	61.00	57.86	0	32525	0.56	58.00	61.20	57.47	--  	0.31	6.45	3.14	化学制药	--  	0.000	
002013	中航机电	1.33	190948352	11.42	11.27	0	168849	-0.08	11.28	11.45	11.05	--  	0.21	3.55	0.15	航空	--  	0.000	
600418	江淮汽车	2.90	187341248	9.59	9.32	0	195704	0.00	9.36	9.75	9.35	--  	2.04	4.29	0.27	汽车整车	--  	0.000	
600718	东软集团	3.26	186272880	15.50	15.01	0	120184	-0.12	15.29	15.70	15.25	--  	0.67	3.00	0.49	软件服务	--  	0.000	
300245	天玑科技	9.98	183039472	14.65	13.32	0	125151	0.00	14.37	14.65	14.22	--  	0.32	3.23	1.33	软件服务	--  	-0.000	
002152	广电运通	0.87	176988320	6.94	6.88	0	253613	0.14	6.90	7.05	6.85	--  	0.97	2.91	0.06	电脑设备	--  	0.000	
300456	耐威科技	3.13	175095936	45.20	43.83	0	39114	0.22	43.81	45.32	43.30	--  	0.11	4.61	1.37	元器件	--  	0.000	
300477	合纵科技	4.26	174281744	23.47	22.51	0	74064	-0.08	22.76	24.38	22.63	--  	0.58	7.77	0.96	电气设备	--  	-0.000	
300166	东方国信	10.00	173586672	12.98	11.80	0	133734	0.00	12.98	12.98	12.98	--  	0.26	0.00	1.18	软件服务	--  	-0.000	
002657	中科金财	3.61	173172128	23.79	22.96	0	72091	-0.03	23.50	24.80	23.50	--  	0.22	5.66	0.83	软件服务	--  	0.000	
000910	大亚圣象	4.34	171891408	22.34	21.41	0	80444	0.13	21.40	22.48	20.78	--  	0.54	7.94	0.93	家居用品	--  	0.000	
600827	百联股份	3.35	171702480	13.90	13.45	0	124730	0.36	13.55	13.95	13.42	--  	1.34	3.94	0.45	超市连锁	--  	-0.000	
600143	金发科技	4.68	167260640	6.26	5.98	0	269959	-0.15	5.95	6.33	5.93	--  	1.67	6.69	0.28	塑料	--  	0.000	
000957	中通客车	4.29	166817392	11.43	10.96	0	145759	-0.08	10.92	11.87	10.90	--  	2.28	8.85	0.47	汽车整车	--  	0.000	
603357	设计总院	5.97	164454832	22.73	21.45	0	74177	-0.65	21.59	23.09	21.27	--  	0.00	8.48	1.28	建筑施工	--  	-0.000	
600756	浪潮软件	3.75	163203888	18.53	17.86	0	87749	0.00	18.60	18.91	18.30	--  	0.62	3.42	0.67	软件服务	--  	0.000	
600175	美都能源	0.77	158144928	5.24	5.20	0	299986	0.19	5.18	5.31	5.12	--  	0.19	3.65	0.04	综合类	--  	-0.000	
600686	金龙汽车	3.70	156974000	13.46	12.98	0	117536	-0.14	12.98	13.59	12.90	--  	1.23	5.32	0.48	汽车整车	--  	0.000	
300270	中威电子	0.08	154506000	13.28	13.27	0	116461	0.23	13.30	13.57	13.06	--  	0.15	3.84	0.01	通信设备	--  	-0.000	
002060	粤 水 电	7.39	152749552	4.07	3.79	0	376923	-0.24	3.81	4.17	3.80	--  	0.66	9.76	0.28	建筑施工	--  	0.000	
000889	茂业通信	4.12	152137488	14.41	13.84	0	107045	0.70	13.83	14.81	13.83	--  	0.26	7.08	0.57	通信设备	--  	-0.000	
002095	生 意 宝	7.02	151116640	34.78	32.50	0	44091	-0.02	32.96	35.04	32.65	--  	0.15	7.35	2.28	互联网	--  	-0.000	
002662	京威股份	5.51	148481632	7.47	7.08	0	199212	0.13	7.09	7.74	7.00	--  	2.47	10.45	0.39	汽车配件	--  	-0.000	
300493	润欣科技	1.08	147717920	15.03	14.87	0	98997	0.20	14.93	15.30	14.60	--  	0.40	4.71	0.16	通信设备	--  	-0.000	
000626	远大控股	6.86	139932224	14.02	13.12	0	102240	0.14	13.10	14.40	12.91	--  	1.22	11.36	0.90	商贸代理	--  	0.000	
002355	兴民智通	4.60	137255424	10.24	9.79	0	136237	-0.09	9.80	10.32	9.75	--  	0.10	5.82	0.45	汽车配件	--  	-0.000	
002308	威创股份	6.20	136438880	12.17	11.46	0	114127	0.25	11.45	12.24	11.43	--  	0.12	7.07	0.71	电脑设备	--  	0.000	
603077	和邦生物	1.99	134177712	2.05	2.01	0	656052	0.49	2.01	2.08	2.00	--  	0.23	3.98	0.04	化工原料	--  	-0.000	
002419	天虹股份	0.57	130577856	14.06	13.98	0	93189	0.07	14.10	14.20	13.83	--  	2.58	2.65	0.08	百货	--  	0.000	
600600	青岛啤酒	1.71	128905448	32.15	31.61	0	40305	0.00	31.62	32.18	31.58	--  	1.11	1.90	0.54	啤酒	--  	0.000	
300291	华录百纳	2.56	128668616	11.63	11.34	0	112422	0.35	11.32	11.63	11.21	--  	0.88	3.70	0.29	影视音像	--  	0.000	
002821	凯莱英	2.36	128150984	55.49	54.21	0	23756	0.89	53.60	55.55	52.50	--  	0.46	5.63	1.28	生物制药	--  	0.000	
002489	浙江永强	2.56	128002800	6.00	5.85	0	213847	0.00	5.84	6.15	5.78	--  	1.03	6.32	0.15	家居用品	--  	0.000	
002335	科华恒盛	3.96	124872312	33.05	31.79	0	37517	-0.08	32.73	33.79	32.73	--  	0.92	3.33	1.26	电气设备	--  	-0.000	
000028	国药一致	1.65	124377232	58.55	57.60	0	21670	-0.04	57.53	58.65	56.81	--  	0.57	3.19	0.95	医药商业	--  	-0.000	
300252	金信诺	3.23	123879464	18.52	17.94	0	67487	-0.04	18.15	18.68	18.14	--  	0.56	3.01	0.58	电气设备	--  	0.000	
002014	永新股份	0.23	122896392	13.36	13.33	0	91276	0.23	13.28	13.83	13.09	--  	3.75	5.55	0.03	塑料	--  	-0.000	
600401	*ST海润	5.26	121597776	1.20	1.14	0	1025539	0.00	1.15	1.20	1.14	--  	0.00	5.26	0.06	半导体	--  	0.000	
601500	通用股份	0.30	119665472	10.13	10.10	0	117238	0.10	10.30	10.42	10.06	--  	0.99	3.56	0.03	汽车配件	--  	0.000	
002685	华东重机	4.77	117928912	12.31	11.75	0	96882	0.08	11.75	12.40	11.66	--  	0.15	6.30	0.56	工程机械	--  	0.000	
300514	友讯达	1.29	117917936	29.09	28.72	0	39939	0.14	29.39	30.30	28.83	--  	0.00	5.12	0.37	通信设备	--  	0.000	
00970	耀莱集团	9.46	117782488	0.810	0.740	8000	149656000	2.53	0.740	0.810	0.720	--  	0.00	12.16	0.070	汽车	--  	0.810	
600845	宝信软件	4.29	116618400	17.50	16.78	0	65948	0.00	17.18	18.23	17.18	--  	0.77	6.26	0.72	软件服务	--  	0.000	
300076	GQY视讯	0.30	114401864	6.65	6.63	0	172698	1.22	6.54	6.76	6.50	--  	0.00	3.92	0.02	电脑设备	--  	0.000	
603336	宏辉果蔬	6.22	112256224	23.05	21.70	0	49471	-0.12	22.68	23.48	21.88	--  	0.92	7.37	1.35	农业综合	--  	-0.000	
300302	同有科技	2.47	111304232	12.02	11.73	0	91028	-0.16	12.29	12.53	12.00	--  	0.43	4.52	0.29	软件服务	--  	0.000	
600319	亚星化学	0.53	110807816	11.36	11.30	0	96770	0.44	11.45	11.67	11.18	--  	0.18	4.34	0.06	化工原料	--  	-0.000	
000008	神州高铁	1.78	109878512	8.60	8.45	0	126981	0.35	8.76	8.88	8.45	--  	0.12	5.09	0.15	运输设备	--  	0.000	
300036	超图软件	3.05	108545440	16.20	15.72	0	66660	0.12	15.99	16.48	15.99	--  	0.38	3.12	0.48	软件服务	--  	0.000	
300333	兆日科技	3.45	104652240	9.30	8.99	0	113626	0.00	8.96	9.37	8.92	--  	0.50	5.01	0.31	元器件	--  	0.000	
000802	北京文化	1.05	103468408	13.53	13.39	0	75799	0.00	13.46	13.87	13.36	--  	0.58	3.81	0.14	旅游服务	--  	-0.000	
603996	中新科技	3.57	103057992	18.88	18.23	0	54971	0.16	18.32	19.18	18.20	--  	0.82	5.38	0.65	家用电器	--  	-0.000	
300275	梅安森	1.96	102566448	14.05	13.78	0	72867	0.29	13.80	14.33	13.72	--  	0.22	4.43	0.27	软件服务	--  	0.000	
600195	中牧股份	3.61	102112440	18.67	18.02	0	54704	0.11	17.98	18.95	17.98	--  	1.30	5.38	0.65	饲料	--  	0.000	
600661	新南洋	3.02	101538768	22.89	22.22	0	44623	0.13	22.29	23.07	22.02	--  	0.90	4.73	0.67	文教休闲	--  	-0.000	
300419	浩丰科技	1.54	100544144	11.19	11.02	0	89537	0.36	11.37	11.50	11.10	--  	0.45	3.63	0.17	软件服务	--  	-0.000	
002474	榕基软件	6.02	99708184	9.16	8.64	0	108954	0.00	8.75	9.50	8.75	--  	0.12	8.68	0.52	软件服务	--  	-0.000	
002892	科力尔	2.66	98549640	37.45	36.48	0	26828	-0.28	36.00	37.59	35.91	--  	0.00	4.61	0.97	电气设备	--  	0.000	
000560	昆百大Ａ	4.14	97518328	9.55	9.17	0	102611	0.42	9.23	9.67	9.20	--  	0.15	5.13	0.38	百货	--  	0.000	
600213	亚星客车	5.54	97028824	10.66	10.10	0	91844	-0.08	10.16	11.10	9.99	--  	0.00	10.99	0.56	汽车整车	--  	-0.000	
300047	天源迪科	3.35	95639624	11.43	11.06	0	82585	0.00	11.58	11.78	11.42	--  	0.28	3.25	0.37	软件服务	--  	0.000	
002262	恩华药业	0.62	95478728	14.53	14.44	0	65789	0.21	14.45	14.72	14.34	--  	0.26	2.63	0.09	化学制药	--  	-0.000	
600602	云赛智联	5.30	95452352	6.96	6.61	0	135721	-0.28	6.88	7.26	6.83	--  	0.79	6.51	0.35	软件服务	--  	0.000	
300465	高伟达	1.07	95416688	9.45	9.35	0	99797	-0.10	9.51	9.78	9.37	--  	0.09	4.39	0.10	软件服务	--  	-0.000	
300247	乐金健康	4.27	94867096	5.62	5.39	0	168786	0.00	5.39	5.87	5.37	--  	0.56	9.28	0.23	医疗保健	--  	-0.000	
300579	数字认证	4.99	90710328	46.96	44.73	0	19066	0.00	47.90	48.18	46.71	--  	0.67	3.29	2.23	软件服务	--  	-0.000	
000955	欣龙控股	2.18	89356344	7.03	6.88	0	128189	0.29	6.88	7.10	6.88	--  	0.00	3.20	0.15	纺织	--  	0.000	
600986	科达股份	5.35	88169256	11.43	10.85	0	78504	-0.08	10.86	11.49	10.80	--  	0.33	6.36	0.58	互联网	--  	0.000	
000958	东方能源	2.72	87858608	5.28	5.14	0	168902	0.19	5.12	5.35	5.09	--  	0.97	5.06	0.14	火力发电	--  	0.000	
600536	中国软件	3.80	87239352	17.19	16.56	0	50839	0.06	17.10	17.39	16.86	--  	0.38	3.20	0.63	软件服务	--  	0.000	
300311	任子行	2.35	87091624	14.82	14.48	0	58392	-0.12	14.72	15.11	14.65	--  	0.35	3.18	0.34	软件服务	--  	-0.000	
00658	中国高速传动	4.86	86304056	9.930	9.470	1000	8843000	0.51	9.450	9.970	9.450	--  	0.00	5.49	0.460	工业工程	--  	9.930	
300571	平治信息	7.87	84084000	50.70	47.00	0	16822	0.06	47.09	51.60	47.00	--  	0.00	9.79	3.70	互联网	--  	0.000	
300253	卫宁健康	2.32	84048808	7.06	6.90	0	118902	0.00	6.97	7.13	6.97	--  	0.50	2.32	0.16	软件服务	--  	-0.000	
600571	信雅达	2.39	82612752	11.16	10.90	0	73845	-0.17	10.99	11.34	10.99	--  	0.83	3.21	0.26	软件服务	--  	-0.000	
300349	金卡智能	4.29	81210848	33.03	31.67	0	24769	0.00	32.11	33.50	31.35	--  	0.31	6.79	1.36	电器仪表	--  	-0.000	
600609	金杯汽车	10.08	80663840	5.24	4.76	0	156229	0.00	4.76	5.24	4.76	--  	0.00	10.08	0.48	汽车配件	--  	-0.000	
300339	润和软件	3.49	78729840	10.98	10.61	0	71940	0.09	10.69	11.06	10.69	--  	0.94	3.49	0.37	软件服务	--  	-0.000	
002232	启明信息	7.12	78163496	10.99	10.26	0	70931	0.09	10.40	11.29	10.35	--  	0.97	9.16	0.73	软件服务	--  	-0.000	
002715	登云股份	5.12	77994648	31.00	29.49	0	26427	-0.15	29.18	31.39	28.62	--  	0.20	9.39	1.51	汽车配件	--  	0.000	
000611	天首发展	4.42	77923288	7.79	7.46	0	100458	1.17	7.48	8.03	7.47	--  	0.00	7.51	0.33	纺织	--  	-0.000	
002063	远光软件	2.04	75745200	10.48	10.27	0	71981	-0.09	10.36	10.66	10.36	--  	0.49	2.92	0.21	软件服务	--  	-0.000	
600420	现代制药	2.40	75489504	12.36	12.07	0	61364	0.00	12.12	12.40	12.10	--  	1.08	2.49	0.29	化学制药	--  	-0.000	
002817	黄山胶囊	4.79	75350616	31.70	30.25	0	23436	-0.02	31.79	33.20	31.63	--  	0.43	5.19	1.45	化学制药	--  	0.000	
600067	冠城大通	3.96	74104480	6.56	6.31	0	114805	0.00	6.35	6.58	6.34	--  	1.58	3.80	0.25	全国地产	--  	-0.000	
002314	南山控股	5.18	73936104	6.29	5.98	0	120694	0.16	5.99	6.30	5.94	--  	3.46	6.02	0.31	区域地产	--  	-0.000	
002073	软控股份	2.05	73500552	7.98	7.82	0	92615	0.25	7.84	8.01	7.83	--  	0.31	2.30	0.16	软件服务	--  	0.000	
002537	海联金汇	5.73	72995496	10.15	9.60	0	72060	0.30	9.60	10.40	9.56	--  	0.24	8.75	0.55	汽车整车	--  	-0.000	
600337	美克家居	4.38	72487336	5.96	5.71	0	123634	0.51	5.71	5.98	5.66	--  	1.88	5.60	0.25	家居用品	--  	0.000	
300297	蓝盾股份	3.17	72486936	9.76	9.46	0	73978	-0.09	9.62	9.97	9.62	--  	0.32	3.70	0.30	软件服务	--  	0.000	
002515	金字火腿	4.92	70733088	8.96	8.54	0	79058	0.00	8.56	9.27	8.51	--  	0.00	8.90	0.42	食品	--  	0.000	
603599	广信股份	4.01	70630984	18.41	17.70	0	38711	-0.04	17.70	18.47	17.66	--  	0.50	4.58	0.71	农药化肥	--  	-0.000	
603011	合锻智能	1.76	70588384	10.97	10.78	0	64615	-0.17	10.74	11.00	10.74	--  	0.46	2.41	0.19	机床制造	--  	0.000	
300181	佐力药业	10.03	70171688	6.47	5.88	0	111481	0.00	5.89	6.47	5.87	--  	0.34	10.20	0.59	中成药	--  	-0.000	
300153	科泰电源	3.89	68580320	12.83	12.35	0	52759	-0.07	12.43	13.59	12.38	--  	0.81	9.80	0.48	电气设备	--  	-0.000	
002316	键桥通讯	3.97	68180904	12.31	11.84	0	54530	0.08	12.49	12.81	12.26	--  	0.08	4.65	0.47	软件服务	--  	0.000	
300633	开立医疗	5.99	66527296	27.07	25.54	0	24975	0.19	25.66	27.35	25.53	--  	0.13	7.13	1.53	医疗保健	--  	-0.000	
002315	焦点科技	2.97	65671808	24.27	23.57	0	27222	0.08	23.70	24.38	23.65	--  	2.12	3.10	0.70	互联网	--  	0.000	
300343	联创互联	0.53	64151032	13.22	13.15	0	48291	0.08	13.12	13.52	13.06	--  	0.76	3.50	0.07	互联网	--  	0.000	
300366	创意信息	5.60	64053596	11.89	11.26	0	53795	0.00	11.65	12.37	11.55	--  	0.44	7.28	0.63	软件服务	--  	0.000	
000156	华数传媒	0.70	63998128	12.97	12.88	0	49339	0.15	12.93	13.03	12.92	--  	1.09	0.85	0.09	影视音像	--  	0.000	
002614	奥佳华	1.81	62435496	18.00	17.68	0	34678	-0.21	17.63	18.18	17.62	--  	0.56	3.17	0.32	医疗保健	--  	0.000	
300453	三鑫医疗	2.58	60893008	18.30	17.84	0	33580	-0.43	17.77	19.15	17.47	--  	0.56	9.42	0.46	医疗保健	--  	-0.000	
002501	利源精制	1.83	60775516	9.46	9.29	0	64792	0.11	9.30	9.47	9.30	--  	0.54	1.83	0.17	铝	--  	0.000	
603096	新经典	5.85	59433620	66.25	62.59	0	9116	0.05	61.99	67.24	61.99	--  	0.57	8.39	3.66	出版业	--  	0.000	
300430	诚益通	8.72	58255860	21.31	19.60	0	28029	0.38	19.70	21.56	19.57	--  	0.00	10.15	1.71	电器仪表	--  	-0.000	
002680	长生生物	3.80	58151988	14.49	13.96	0	40017	-0.13	13.89	15.00	13.88	--  	2.14	8.02	0.53	生物制药	--  	-0.000	
300131	英唐智控	3.39	57693168	7.02	6.79	0	83400	0.00	6.83	7.07	6.76	--  	1.77	4.57	0.23	元器件	--  	-0.000	
603488	展鹏科技	1.40	57093168	17.42	17.18	0	32680	0.23	17.22	17.79	17.10	--  	0.00	4.02	0.24	电气设备	--  	0.000	
300081	恒信东方	0.56	56543736	10.86	10.80	0	52320	0.28	10.73	10.90	10.73	--  	0.09	1.57	0.06	通信设备	--  	-0.000	
08292	盛良物流	11.11	56434204	2.100	1.890	10000	26570000	0.00	1.950	2.450	1.950	--  	0.00	26.46	0.210	工用运输	--  	2.100	
002607	亚夏汽车	1.43	55732600	4.27	4.21	0	130198	0.00	4.20	4.37	4.16	--  	0.66	4.99	0.06	汽车服务	--  	-0.000	
002762	金发拉比	3.38	55305232	16.82	16.27	0	32964	-0.35	16.34	17.27	16.17	--  	0.61	6.76	0.55	服饰	--  	-0.000	
603699	纽威股份	0.59	55291712	18.89	18.78	0	29087	-0.31	18.84	19.20	18.78	--  	0.85	2.24	0.11	专用机械	--  	-0.000	
300250	初灵信息	3.79	54403736	16.45	15.85	0	32664	-0.05	16.99	17.30	16.38	--  	1.37	5.80	0.60	通信设备	--  	0.000	
300108	吉药控股	3.40	54389000	9.12	8.82	0	60490	0.00	8.73	9.14	8.72	--  	0.54	4.76	0.30	中成药	--  	-0.000	
300451	创业软件	4.66	54255224	24.72	23.62	0	21985	-0.15	24.50	24.94	24.34	--  	0.42	2.54	1.10	软件服务	--  	-0.000	
08383	东骏控股	24.02	52267444	2.220	1.790	8000	24432000	0.00	1.900	2.240	1.820	--  	0.00	23.46	0.430	工用支援	--  	2.220	
600361	华联综超	2.24	52241888	5.47	5.35	0	95596	0.18	5.34	5.63	5.31	--  	5.61	5.98	0.12	超市连锁	--  	-0.000	
603768	常青股份	6.62	51305816	19.48	18.27	0	27185	-0.30	18.28	19.68	18.25	--  	0.00	7.83	1.21	汽车配件	--  	-0.000	
600393	粤泰股份	2.14	50768040	6.69	6.55	0	76381	0.15	6.57	6.70	6.54	--  	0.31	2.44	0.14	全国地产	--  	0.000	
300420	五洋科技	5.29	50419964	7.37	7.00	0	68220	0.00	7.06	7.66	7.04	--  	0.00	8.86	0.37	机械基件	--  	-0.000	
603519	立霸股份	1.03	50279432	24.61	24.36	0	20976	1.69	24.01	25.00	23.58	--  	1.23	5.83	0.25	家用电器	--  	0.000	
01513	丽珠医药	2.91	49844880	56.500	54.900	100	889190	-0.18	54.900	57.600	54.000	--  	0.00	6.56	1.600	医药医疗	--  	56.500	
603579	荣泰健康	3.55	48928364	64.45	62.24	0	7644	0.17	61.73	64.98	61.73	--  	0.00	5.22	2.21	医疗保健	--  	-0.000	
600057	象屿股份	1.45	48863512	9.10	8.97	0	53899	0.00	8.95	9.13	8.93	--  	1.11	2.23	0.13	仓储物流	--  	0.000	
00874	白云山	0.23	48531804	21.800	21.750	2000	2244000	0.00	21.650	21.900	21.300	--  	0.00	2.76	0.050	医药医疗	--  	21.800	
600996	贵广网络	3.06	48518108	10.11	9.81	0	47685	0.00	10.05	10.28	10.02	--  	1.12	2.65	0.30	影视音像	--  	-0.000	
002225	濮耐股份	3.50	48443756	5.62	5.43	0	86603	0.18	5.45	5.81	5.40	--  	0.36	7.55	0.19	其他建材	--  	-0.000	
600557	康缘药业	1.46	46802336	13.90	13.70	0	33932	-0.13	13.71	13.93	13.70	--  	0.44	1.68	0.20	中成药	--  	-0.000	
300495	美尚生态	3.08	45267004	15.05	14.60	0	30300	0.07	14.56	15.09	14.56	--  	0.41	3.63	0.45	环境保护	--  	0.000	
300541	先进数通	10.00	44701280	26.29	23.90	0	17003	0.00	26.29	26.29	26.29	--  	0.42	0.00	2.39	软件服务	--  	0.000	
00888	路讯通	9.73	44695396	1.240	1.130	2000	36370472	-3.88	1.130	1.310	1.110	--  	0.00	17.70	0.110	媒体及娱乐	--  	1.240	
000835	长城动漫	2.31	44655044	8.42	8.23	0	53015	-0.11	8.22	8.51	8.21	--  	0.35	3.65	0.19	影视音像	--  	0.000	
300556	丝路视觉	1.65	43179264	22.21	21.85	0	19377	0.05	22.01	22.70	21.96	--  	1.10	3.39	0.36	软件服务	--  	-0.000	
600589	广东榕泰	2.97	42964648	6.24	6.06	0	68257	-0.15	6.24	6.40	6.20	--  	0.83	3.30	0.18	塑料	--  	-0.000	
000882	华联股份	1.31	42731412	3.09	3.05	0	138021	0.00	3.04	3.15	3.04	--  	1.02	3.61	0.04	百货	--  	-0.000	
300205	天喻信息	2.76	42495372	9.68	9.42	0	43956	-0.40	9.57	9.75	9.52	--  	0.32	2.44	0.26	元器件	--  	0.000	
002111	威海广泰	1.49	41997716	15.67	15.44	0	27199	0.06	15.40	15.69	15.25	--  	0.97	2.85	0.23	航空	--  	0.000	
300248	新开普	3.41	41904112	13.95	13.49	0	30141	-0.20	13.69	14.18	13.64	--  	0.41	4.00	0.46	软件服务	--  	-0.000	
000976	华铁股份	3.20	41672024	8.39	8.13	0	50159	-0.11	8.09	8.48	8.06	--  	0.00	5.17	0.26	运输设备	--  	0.000	
600608	*ST沪科	4.96	41569672	8.47	8.07	0	49378	0.12	8.25	8.47	8.17	--  	0.00	3.72	0.40	钢加工	--  	0.000	
603189	网达软件	2.93	41550248	16.14	15.68	0	25612	-0.05	15.79	16.50	15.79	--  	0.64	4.53	0.46	软件服务	--  	-0.000	
002090	金智科技	2.85	41444736	23.08	22.44	0	18108	0.13	22.60	23.10	22.34	--  	0.67	3.39	0.64	软件服务	--  	-0.000	
603528	多伦科技	4.99	40885528	9.67	9.21	0	43132	0.42	9.25	9.68	9.24	--  	1.81	4.78	0.46	软件服务	--  	0.000	
300513	恒泰实达	3.61	40755456	35.33	34.10	0	11668	0.20	34.10	35.50	34.05	--  	0.22	4.25	1.23	软件服务	--  	0.000	
00525	广深铁路股份	3.74	40648700	4.710	4.540	2000	8712000	0.21	4.550	4.720	4.550	--  	0.00	3.74	0.170	运输	--  	4.710	
000027	深圳能源	1.00	39651384	6.09	6.03	0	65240	0.00	6.02	6.12	6.01	--  	2.49	1.82	0.06	火力发电	--  	0.000	
600310	桂东电力	3.91	39549360	5.31	5.11	0	75239	-0.18	5.12	5.37	5.12	--  	1.57	4.89	0.20	水力发电	--  	-0.000	
300301	长方集团	0.62	39235896	6.44	6.40	0	60697	0.00	6.41	6.66	6.32	--  	0.14	5.31	0.04	半导体	--  	0.000	
000948	南天信息	2.83	37494056	10.55	10.26	0	35282	0.00	10.46	10.80	10.44	--  	0.49	3.51	0.29	软件服务	--  	0.000	
601519	*ST智慧	1.45	36874424	4.89	4.82	0	74816	0.20	4.88	5.02	4.83	--  	0.00	3.94	0.07	软件服务	--  	-0.000	
300204	舒泰神	0.21	36172912	14.56	14.53	0	25070	0.14	14.48	14.59	14.31	--  	1.24	1.93	0.03	生物制药	--  	0.000	
603869	北部湾旅	1.67	35573524	21.91	21.55	0	16051	0.05	21.75	22.63	21.75	--  	0.70	4.08	0.36	旅游服务	--  	-0.000	
603159	上海亚虹	4.27	35172328	25.66	24.61	0	13909	-0.15	24.68	25.88	24.40	--  	1.22	6.01	1.05	专用机械	--  	-0.000	
002708	光洋股份	4.32	33945584	7.00	6.71	0	48396	0.14	6.69	7.38	6.67	--  	0.45	10.58	0.29	汽车配件	--  	0.000	
000599	青岛双星	1.87	33931040	5.99	5.88	0	56610	-0.16	5.86	6.05	5.86	--  	0.34	3.23	0.11	汽车配件	--  	-0.000	
600653	申华控股	1.44	33557036	2.82	2.78	0	119099	-0.34	2.77	2.85	2.76	--  	0.00	3.24	0.04	汽车服务	--  	-0.000	
603333	明星电缆	4.63	33457908	6.78	6.48	0	49961	0.44	6.43	7.02	6.40	--  	0.06	9.57	0.30	电气设备	--  	0.000	
601188	龙江交通	6.20	33388480	4.28	4.03	0	79541	1.18	4.01	4.29	4.01	--  	1.64	6.95	0.25	路桥	--  	0.000	
01168	百仕达控股	16.30	33383582	1.070	0.920	2000	32260000	0.00	1.010	1.080	0.990	2335580	0.00	9.78	0.150	地产	2292000	1.070	
600225	*ST松江	1.00	32580724	5.04	4.99	0	63616	-0.19	5.05	5.24	5.03	--  	0.00	4.21	0.05	区域地产	--  	-0.000	
603999	读者传媒	2.61	32372186	7.86	7.66	0	40924	0.26	7.66	8.08	7.60	--  	0.65	6.27	0.20	出版业	--  	0.000	
300230	永利股份	2.43	32327056	13.05	12.74	0	24877	-0.07	12.82	13.15	12.75	--  	0.87	3.14	0.31	塑料	--  	0.000	
00095	绿景中国地产	6.17	32216342	2.580	2.430	4000	12810000	0.39	2.430	2.600	2.430	--  	0.00	7.00	0.150	地产	--  	2.580	
300469	信息发展	2.00	31922888	42.91	42.07	0	7354	-0.18	42.58	44.88	42.10	--  	0.26	6.61	0.84	软件服务	--  	-0.000	
600070	浙江富润	2.79	31493146	9.58	9.32	0	32960	0.21	9.40	9.65	9.40	--  	1.07	2.68	0.26	纺织	--  	-0.000	
300155	安居宝	3.22	31150880	6.09	5.90	0	51894	0.50	5.92	6.10	5.92	--  	0.17	3.05	0.19	元器件	--  	0.000	
01046	寰宇国际金融	5.48	30707426	0.770	0.730	5000	40827500	0.00	0.730	0.770	0.710	--  	0.00	8.22	0.040	媒体及娱乐	--  	0.770	
600936	广西广电	1.92	30329088	6.89	6.76	0	44068	-0.13	6.77	6.94	6.75	--  	1.92	2.81	0.13	影视音像	--  	-0.000	
002471	中超控股	2.93	30039320	4.21	4.09	0	71112	0.00	4.10	4.29	4.10	--  	0.24	4.65	0.12	电气设备	--  	0.000	
00563	上实城市开发	4.60	29863872	1.820	1.740	2000	16743500	0.00	1.720	1.830	1.710	--  	0.00	6.90	0.080	地产	--  	1.820	
002546	新联电子	1.18	29348348	5.14	5.08	0	57413	0.39	5.10	5.14	5.09	--  	0.22	0.98	0.06	电气设备	--  	-0.000	
002620	瑞和股份	1.90	29274582	10.20	10.01	0	28852	0.39	10.02	10.23	10.02	--  	1.00	2.10	0.19	装修装饰	--  	-0.000	
03115	安硕恒生指数	0.95	29256232	106.700	105.700	10	275380	0.09	105.700	106.600	105.700	4142100	0.00	0.85	1.000		39000	106.700	
300265	通光线缆	3.48	27885514	9.52	9.20	0	29454	-0.09	9.18	9.63	9.16	--  	0.54	5.11	0.32	电气设备	--  	0.000	
03167	南方中国新行业	0.95	27452452	74.500	73.800	50	368500	0.07	74.200	74.650	74.050	--  	0.00	0.81	0.700		--  	74.500	
02866	中远海发	1.99	27339562	1.540	1.510	1000	17592050	-0.65	1.510	1.580	1.510	--  	0.00	4.64	0.030	工用运输	--  	1.540	
601107	四川成渝	0.48	26860300	4.16	4.14	0	64844	0.24	4.14	4.17	4.13	--  	2.66	0.97	0.02	路桥	--  	-0.000	
300605	恒锋信息	3.25	26795656	27.30	26.44	0	9871	0.07	26.52	27.80	26.30	--  	0.19	5.67	0.86	软件服务	--  	-0.000	
002781	奇信股份	4.47	25913432	24.29	23.25	0	10873	0.08	23.16	24.43	23.13	--  	0.21	5.59	1.04	装修装饰	--  	0.000	
300641	正丹股份	3.32	24792316	14.92	14.44	0	16830	-0.19	14.44	15.00	14.31	--  	1.04	4.78	0.48	化工原料	--  	0.000	
000026	飞亚达Ａ	1.02	24337782	10.88	10.77	0	22310	0.28	10.76	11.13	10.72	--  	0.93	3.81	0.11	其他商业	--  	0.000	
08347	Ｆ８企业	35.82	23736522	0.455	0.335	8000	57704000	1.11	0.355	0.460	0.340	--  	0.00	35.82	0.120	石油天然气	--  	0.455	
300598	诚迈科技	1.62	23632124	30.75	30.26	0	7688	0.26	29.97	31.30	29.94	--  	0.33	4.49	0.49	软件服务	--  	0.000	
002162	悦心健康	3.33	23467452	5.28	5.11	0	44781	0.19	5.11	5.36	5.09	--  	0.00	5.28	0.17	医疗保健	--  	0.000	
000798	中水渔业	3.82	23206848	8.70	8.38	0	26860	0.23	8.38	9.09	8.33	--  	0.48	9.07	0.32	渔业	--  	-0.000	
002062	宏润建设	3.85	22292616	5.40	5.20	0	42180	0.75	5.21	5.40	5.18	--  	0.96	4.23	0.20	建筑施工	--  	0.000	
002209	达 意 隆	0.24	21748244	12.51	12.48	0	17336	-0.63	12.49	12.68	12.45	--  	0.08	1.84	0.03	轻工机械	--  	0.000	
002255	海陆重工	1.09	21468034	7.45	7.37	0	28870	0.00	7.41	7.46	7.38	--  	0.41	1.09	0.08	专用机械	--  	-0.000	
02833	恒指ＥＴＦ	0.85	21038760	29.500	29.250	100	717000	-0.17	29.250	29.550	29.250	5900	0.00	1.03	0.250		200	29.500	
603918	金桥信息	2.72	20596452	19.24	18.73	0	10723	0.05	18.95	19.45	18.88	--  	0.27	3.04	0.51	软件服务	--  	-0.000	
03818	中国动向	2.86	20235870	1.440	1.400	1000	14076000	-0.69	1.390	1.450	1.390	--  	18.82	4.29	0.040	纺织服饰	--  	1.440	
08410	安领国际	1.91	19154500	1.600	1.570	10000	11950000	0.00	1.600	1.620	1.580	--  	0.00	2.55	0.030	软件服务	--  	1.600	
00207	大悦城地产	4.24	18268660	1.230	1.180	2000	15040000	0.00	1.190	1.240	1.190	--  	0.00	4.24	0.050	地产	--  	1.230	
600810	神马股份	1.40	18188204	7.22	7.12	0	25358	0.28	7.10	7.24	7.08	--  	0.70	2.25	0.10	化纤	--  	-0.000	
01778	彩生活	5.49	17740080	5.000	4.740	1000	3670000	4.17	4.700	5.000	4.700	--  	0.00	6.33	0.260	支援服务	--  	5.000	
00750	兴业太阳能	1.15	16566281	2.630	2.600	1000	6411000	1.15	2.650	2.650	2.560	557070	0.00	3.46	0.030	建筑	216000	2.630	
300423	鲁亿通	1.72	15535596	27.22	26.76	0	5631	-0.17	28.00	28.60	27.02	--  	0.18	5.90	0.46	电气设备	--  	-0.000	
00434	博雅互动	1.61	14938584	3.150	3.100	1000	4849252	0.00	3.080	3.180	3.080	12460	0.00	3.23	0.050	软件服务	4000	3.150	
601339	百隆东方	0.38	14769170	5.26	5.24	0	28125	0.19	5.26	5.28	5.22	--  	2.44	1.15	0.02	纺织	--  	0.000	
00826	天工国际	3.96	13729361	1.050	1.010	2000	13124000	0.00	1.000	1.080	0.990	--  	0.00	8.91	0.040	一般金属	--  	1.050	
002693	双成药业	2.55	13337788	6.43	6.27	0	20984	0.16	6.32	6.47	6.22	--  	1.06	3.99	0.16	化学制药	--  	-0.000	
002096	南岭民爆	0.12	12683433	8.37	8.36	0	15257	0.12	8.35	8.37	8.25	--  	0.48	1.44	0.01	化工原料	--  	-0.000	
601518	吉林高速	1.11	12272960	3.65	3.61	0	33828	0.27	3.61	3.66	3.59	--  	1.33	1.94	0.04	路桥	--  	0.000	
03336	巨腾国际	2.15	11767451	1.900	1.860	2000	6090000	0.00	1.890	2.030	1.880	274680	0.00	8.06	0.040	信息器材	142000	1.900	
01033	中石化油服	7.02	11421401	1.220	1.140	2000	9533000	0.83	1.150	1.220	1.150	--  	0.00	6.14	0.080	石油天然气	--  	1.220	
02014	浩泽净水	3.61	10496940	2.580	2.490	1000	4079000	0.00	2.510	2.610	2.510	--  	0.00	4.02	0.090	家电及用品	--  	2.580	
02183	三盛控股	6.84	10378840	8.120	7.600	2000	1312000	-0.37	7.650	8.150	7.650	--  	0.00	6.58	0.520	地产	--  	8.120	
03689	康华医疗	1.89	8043909	11.880	11.660	200	681800	0.00	11.660	11.880	11.600	--  	0.00	2.40	0.220	医疗服务	--  	11.880	
01223	新沣集团	1.08	4130900	0.940	0.930	10000	4440000	0.00	0.930	0.940	0.930	--  	0.00	1.08	0.010	纺织服饰	--  	0.940	
数据来源:通达信
