代码	名称	涨幅%%	总金额	现价	昨收	每手	总量	涨速%%	今开	最高	最低	抛空额	股息率%%	振幅%%	涨跌	细分行业	抛空量	按盘价	
601766	中国中车	4.91	3140229632	12.17	11.60	0	2637480	0.50	11.51	12.19	11.48	--  	1.81	6.12	0.57	运输设备	--  	0.000	
600031	三一重工	7.33	2370170880	9.08	8.46	0	2683804	-0.21	8.54	9.20	8.46	--  	0.24	8.75	0.62	工程机械	--  	-0.000	
000425	徐工机械	10.02	1873403776	4.50	4.09	0	4304155	0.00	4.12	4.50	4.09	--  	0.37	10.02	0.41	工程机械	--  	0.000	
000793	华闻传媒	-3.43	1395058048	10.43	10.80	0	1367862	-0.66	10.98	10.98	9.79	--  	0.42	11.02	-0.37	出版业	--  	0.000	
01548	金斯瑞生物科技	31.64	1183160192	21.300	16.180	2000	58198888	2.65	19.280	21.750	18.500	--  	0.00	20.09	5.120	医药医疗	--  	21.300	
600362	江西铜业	3.85	976724224	18.87	18.17	0	525969	0.05	18.00	19.06	17.92	--  	0.83	6.27	0.70	铜	--  	0.000	
000807	云铝股份	1.59	893551872	8.96	8.82	0	1018546	0.11	8.69	8.99	8.55	--  	0.20	4.99	0.14	铝	--  	0.000	
600125	铁龙物流	7.87	811950784	11.10	10.29	0	753286	0.36	10.38	11.23	10.30	--  	0.58	9.04	0.81	铁路	--  	0.000	
600392	盛和资源	0.97	780230080	16.69	16.53	0	470964	-0.35	16.53	16.85	16.27	--  	0.12	3.51	0.16	小金属	--  	0.000	
600741	华域汽车	0.18	720389376	28.61	28.56	0	249114	-0.13	28.65	29.38	28.30	--  	3.50	3.78	0.05	汽车配件	--  	0.000	
603689	皖天然气	5.22	671392320	18.73	17.80	0	370090	0.32	17.57	19.29	17.12	--  	0.17	12.19	0.93	供气供热	--  	-0.000	
600383	金地集团	2.87	653947776	12.55	12.20	0	528326	0.24	12.19	12.62	12.13	--  	5.74	4.02	0.35	全国地产	--  	0.000	
002505	大康农业	0.96	635036480	3.17	3.14	0	1992300	0.63	3.34	3.34	3.04	--  	0.00	9.55	0.03	农业综合	--  	0.000	
600333	长春燃气	10.06	629901312	8.86	8.05	0	751541	0.00	8.04	8.86	7.82	--  	0.54	12.92	0.81	供气供热	--  	-0.000	
00658	中国高速传动	15.64	609043712	11.980	10.360	1000	52346000	0.34	10.500	12.000	10.500	--  	0.00	14.48	1.620	工业工程	--  	11.980	
600520	文一科技	9.99	596640256	26.97	24.52	0	236412	0.00	24.59	26.97	24.11	--  	0.15	11.66	2.45	机械基件	--  	-0.000	
600917	重庆燃气	4.33	581894080	12.53	12.01	0	478902	-0.23	11.80	12.80	11.49	--  	1.08	10.91	0.52	供气供热	--  	-0.000	
00992	联想集团	3.62	564582848	4.580	4.420	2000	123845968	0.22	4.460	4.610	4.440	--  	1.31	3.85	0.160	信息器材	--  	4.580	
601002	晋亿实业	5.70	559605440	10.75	10.17	0	531638	-0.27	10.23	10.80	10.15	--  	0.98	6.39	0.58	机械基件	--  	0.000	
002573	清新环境	4.24	521476704	22.37	21.46	0	235823	0.40	21.46	22.45	21.33	--  	0.47	5.22	0.91	环境保护	--  	0.000	
300181	佐力药业	0.61	516955008	8.21	8.16	0	629404	0.98	8.40	8.49	7.93	--  	0.25	6.86	0.05	中成药	--  	0.000	
600388	龙净环保	5.13	445648384	17.22	16.38	0	262015	0.06	16.49	17.34	16.43	--  	1.16	5.56	0.84	环境保护	--  	-0.000	
000157	中联重科	5.15	433924032	4.49	4.27	0	985285	-0.21	4.28	4.54	4.25	--  	3.51	6.79	0.22	工程机械	--  	-0.000	
300349	金卡智能	2.41	421009120	38.70	37.79	0	109678	0.44	39.33	39.40	37.70	--  	0.26	4.50	0.91	电器仪表	--  	0.000	
600926	杭州银行	3.84	389423296	11.62	11.19	0	335352	-0.08	11.16	11.88	11.12	--  	1.91	6.79	0.43	银行	--  	-0.000	
601952	苏垦农发	1.28	388865440	15.07	14.88	0	260101	0.00	14.77	15.22	14.70	--  	0.00	3.49	0.19	种植业	--  	-0.000	
000928	中钢国际	3.12	376515040	6.62	6.42	0	574696	0.15	6.36	6.76	6.27	--  	0.43	7.63	0.20	建筑施工	--  	-0.000	
000878	云南铜业	2.78	370193504	13.30	12.94	0	282368	0.08	12.75	13.37	12.75	--  	1.37	4.79	0.36	铜	--  	0.000	
000587	金洲慈航	1.84	366845024	7.18	7.05	0	511060	-0.13	7.04	7.30	7.01	--  	1.06	4.11	0.13	批发业	--  	-0.000	
603612	索通发展	2.81	364248352	50.20	48.83	0	73057	-0.19	48.31	51.42	47.94	--  	0.00	7.13	1.37	矿物制品	--  	0.000	
000673	当代东方	0.63	340824672	12.71	12.63	0	271825	-0.23	12.95	13.00	12.06	--  	0.00	7.44	0.08	影视音像	--  	0.000	
000528	柳 工	5.73	330413568	8.49	8.03	0	398310	-0.22	8.03	8.67	8.01	--  	1.25	8.22	0.46	工程机械	--  	-0.000	
601949	中国出版	9.94	326336800	7.74	7.04	0	435275	0.00	7.00	7.74	6.99	--  	0.00	10.65	0.70	出版业	--  	-0.000	
00607	丰盛控股	0.31	318324192	3.240	3.230	2500	96559040	0.00	3.260	3.450	3.190	--  	0.00	8.05	0.010	地产	--  	3.240	
600988	赤峰黄金	-2.76	315820640	6.33	6.51	0	498766	0.00	6.44	6.45	6.24	--  	0.00	3.23	-0.18	黄金	--  	-0.000	
300022	吉峰农机	6.67	304597728	6.72	6.30	0	468853	-0.29	6.24	6.89	6.08	--  	0.75	12.86	0.42	农用机械	--  	-0.000	
600875	东方电气	2.37	289838016	11.21	10.95	0	260639	0.09	10.90	11.22	10.90	--  	0.55	2.92	0.26	电气设备	--  	0.000	
600568	中珠医疗	1.33	286036928	7.63	7.53	0	375779	0.00	7.48	7.89	7.40	--  	0.24	6.51	0.10	区域地产	--  	0.000	
601212	白银有色	3.99	274642592	6.51	6.26	0	425978	0.00	6.16	6.71	6.10	--  	0.18	9.74	0.25	铜	--  	0.000	
600674	川投能源	1.19	270269920	10.24	10.12	0	266925	0.29	10.14	10.25	9.98	--  	2.96	2.67	0.12	水力发电	--  	-0.000	
000869	张 裕Ａ	1.03	258608480	38.39	38.00	0	66899	0.39	38.34	39.31	38.09	--  	1.32	3.21	0.39	红黄药酒	--  	-0.000	
601038	一拖股份	10.03	250490896	8.78	7.98	0	294092	0.00	8.00	8.78	7.94	--  	0.71	10.53	0.80	农用机械	--  	-0.000	
603817	海峡环保	9.93	245498816	13.51	12.29	0	185934	0.00	12.26	13.52	12.17	--  	0.57	10.98	1.22	环境保护	--  	0.000	
603181	皇马科技	6.40	235872752	25.12	23.61	0	96971	-0.31	23.20	25.78	23.01	--  	0.00	11.73	1.51	化工原料	--  	0.000	
600320	振华重工	5.66	216957056	6.16	5.83	0	359956	0.16	5.82	6.20	5.82	--  	1.72	6.52	0.33	工程机械	--  	-0.000	
603896	寿仙谷	-0.10	214815696	59.55	59.61	0	36357	0.56	59.00	60.68	57.68	--  	0.00	5.03	-0.06	中成药	--  	-0.000	
600456	宝钛股份	6.64	213532608	23.12	21.68	0	94134	0.35	21.68	23.34	21.57	--  	0.23	8.16	1.44	小金属	--  	0.000	
000960	锡业股份	2.85	207538736	12.63	12.28	0	167095	0.08	12.25	12.64	12.15	--  	0.11	3.99	0.35	小金属	--  	0.000	
000630	铜陵有色	1.44	206557280	2.82	2.78	0	738258	0.36	2.77	2.83	2.76	--  	0.78	2.52	0.04	铜	--  	-0.000	
01357	美图公司	2.98	202582176	10.380	10.080	500	19633776	0.19	10.320	10.480	10.200	--  	0.00	2.78	0.300	软件服务	--  	10.380	
603789	星光农机	3.79	197874160	15.90	15.32	0	125712	-1.17	15.17	16.23	14.95	--  	0.00	8.36	0.58	农用机械	--  	-0.000	
002309	中利集团	1.00	192621280	15.20	15.05	0	126463	-0.12	15.02	15.50	14.85	--  	0.66	4.32	0.15	电气设备	--  	-0.000	
603883	老百姓	3.88	191739280	63.99	61.60	0	30147	1.09	61.51	64.48	60.70	--  	0.46	6.14	2.39	医药商业	--  	0.000	
000951	中国重汽	5.26	188684880	17.42	16.55	0	111238	-0.10	16.60	17.45	16.45	--  	1.39	6.04	0.87	汽车整车	--  	0.000	
300016	北陆药业	-1.77	187408576	14.40	14.66	0	131188	0.00	14.45	14.58	14.04	--  	0.07	3.68	-0.26	中成药	--  	-0.000	
002589	瑞康医药	3.07	185742128	13.09	12.70	0	140036	0.00	13.05	13.56	13.00	--  	0.31	4.41	0.39	医药商业	--  	0.000	
03836	和谐汽车	14.92	179739872	5.700	4.960	500	32849000	0.35	4.870	5.770	4.870	--  	0.00	18.15	0.740	汽车	--  	5.700	
002509	天广中茂	1.45	178278960	9.10	8.97	0	197648	1.45	9.08	9.10	8.90	--  	0.21	2.23	0.13	专用机械	--  	0.000	
300691	联合光电	5.14	176922192	82.01	78.00	0	21728	0.02	77.10	84.25	77.10	--  	0.00	9.17	4.01	元器件	--  	0.000	
603813	原尚股份	7.98	173399664	31.14	28.84	0	56994	0.32	28.65	31.70	28.61	--  	0.00	10.71	2.30	仓储物流	--  	-0.000	
002311	海大集团	0.22	173373376	23.16	23.11	0	75527	1.09	22.95	23.44	22.43	--  	1.30	4.37	0.05	饲料	--  	-0.000	
601228	广州港	4.10	171010016	6.10	5.86	0	281103	0.16	5.86	6.18	5.86	--  	0.41	5.46	0.24	港口	--  	-0.000	
000680	山推股份	7.92	170841008	5.04	4.67	0	346570	-0.19	4.69	5.10	4.68	--  	2.62	8.99	0.37	工程机械	--  	-0.000	
002085	万丰奥威	3.61	170428992	18.10	17.47	0	95376	0.11	17.51	18.14	17.51	--  	0.48	3.61	0.63	汽车配件	--  	0.000	
603676	卫信康	9.99	167952032	15.85	14.41	0	108411	0.00	15.20	15.85	15.13	--  	0.00	5.00	1.44	化学制药	--  	0.000	
603077	和邦生物	2.03	165383104	2.01	1.97	0	825912	0.00	1.97	2.03	1.96	--  	0.23	3.55	0.04	化工原料	--  	-0.000	
300562	乐心医疗	3.80	163619152	23.24	22.39	0	71397	0.04	22.21	23.62	22.03	--  	0.28	7.10	0.85	医疗保健	--  	-0.000	
603133	碳元科技	-0.51	163085056	33.29	33.46	0	49525	-0.08	32.79	33.90	32.00	--  	0.24	5.68	-0.17	元器件	--  	0.000	
000925	众合科技	0.88	162534288	16.10	15.96	0	104025	0.06	16.08	16.15	15.16	--  	0.00	6.20	0.14	专用机械	--  	0.000	
603797	联泰环保	10.02	160265856	20.97	19.06	0	77453	0.00	19.06	20.97	19.00	--  	0.52	10.34	1.91	环境保护	--  	-0.000	
603357	设计总院	4.87	152860480	21.73	20.72	0	71149	0.23	20.80	21.84	20.75	--  	0.00	5.26	1.01	建筑施工	--  	-0.000	
002889	东方嘉盛	10.02	151566928	28.33	25.75	0	55129	0.00	25.80	28.33	25.75	--  	0.00	10.02	2.58	仓储物流	--  	-0.000	
002252	上海莱士	-0.20	136294960	19.87	19.91	0	68352	0.00	19.86	20.04	19.85	--  	0.15	0.95	-0.04	生物制药	--  	0.000	
600305	恒顺醋业	1.70	132293808	11.99	11.79	0	110824	0.08	11.77	12.03	11.70	--  	0.72	2.80	0.20	食品	--  	-0.000	
600580	卧龙电气	1.77	131724688	8.04	7.90	0	162524	0.00	8.00	8.25	7.93	--  	0.38	4.05	0.14	电气设备	--  	-0.000	
002489	浙江永强	2.06	126470952	5.95	5.83	0	210946	0.34	5.83	6.16	5.79	--  	1.03	6.35	0.12	家居用品	--  	-0.000	
000860	顺鑫农业	2.68	126039120	19.13	18.63	0	66326	-0.25	18.61	19.27	18.60	--  	0.54	3.60	0.50	白酒	--  	-0.000	
600252	中恒集团	2.01	125212640	4.07	3.99	0	309955	0.00	3.99	4.08	3.98	--  	1.13	2.51	0.08	中成药	--  	0.000	
603920	世运电路	5.86	122219184	17.89	16.90	0	68039	-0.60	17.03	18.59	16.91	--  	0.00	9.94	0.99	元器件	--  	-0.000	
603318	派思股份	2.64	121219248	15.58	15.18	0	79121	0.39	14.91	15.71	14.90	--  	0.08	5.34	0.40	专用机械	--  	-0.000	
600086	东方金钰	1.15	120679720	10.60	10.48	0	114200	0.57	10.41	10.67	10.37	--  	0.21	2.86	0.12	服饰	--  	0.000	
603860	中公高科	10.01	120029064	36.93	33.57	0	32624	0.00	35.74	36.93	35.01	--  	0.00	5.72	3.36	公路	--  	0.000	
01676	中国升海食品	51.90	119021768	0.600	0.395	4000	222028000	0.00	0.390	0.670	0.390	--  	0.00	70.89	0.205	食物饮品	--  	0.600	
601858	中国科传	9.96	115868032	11.15	10.14	0	107010	0.00	10.15	11.15	10.00	--  	0.33	11.34	1.01	出版业	--  	-0.000	
603535	嘉诚国际	5.52	114627728	25.99	24.63	0	44560	0.00	24.61	26.30	24.61	--  	0.00	6.86	1.36	仓储物流	--  	-0.000	
600059	古越龙山	2.82	114402848	9.48	9.22	0	121177	0.00	9.20	9.57	9.18	--  	1.08	4.23	0.26	红黄药酒	--  	-0.000	
002892	科力尔	6.57	113814864	38.27	35.91	0	30140	0.10	35.91	38.48	35.91	--  	0.00	7.16	2.36	电气设备	--  	0.000	
600200	江苏吴中	10.04	113720320	11.29	10.26	0	101542	0.00	10.60	11.29	10.60	--  	0.29	6.73	1.03	综合类	--  	-0.000	
600512	腾达建设	-0.21	113251400	4.72	4.73	0	244451	0.85	4.70	4.76	4.45	--  	0.63	6.55	-0.01	建筑施工	--  	-0.000	
002827	高争民爆	5.44	112139720	19.01	18.03	0	61943	-1.49	17.87	19.40	16.55	--  	1.66	15.81	0.98	化工原料	--  	0.000	
600825	新华传媒	2.13	111250680	6.24	6.11	0	179220	0.48	6.12	6.35	6.00	--  	0.23	5.73	0.13	出版业	--  	-0.000	
300696	爱乐达	5.00	108576968	73.30	69.81	0	14979	-0.04	69.70	74.10	69.67	--  	0.00	6.35	3.49	航空	--  	0.000	
603939	益丰药房	-1.27	107751864	45.04	45.62	0	23565	-0.03	45.85	47.40	43.80	--  	0.66	7.89	-0.58	医药商业	--  	0.000	
603359	东珠景观	4.42	105602928	34.46	33.00	0	31059	0.17	32.90	34.65	32.70	--  	0.00	5.91	1.46	建筑施工	--  	-0.000	
600339	中油工程	0.51	103201208	5.96	5.93	0	175853	0.51	5.82	6.09	5.70	--  	0.08	6.58	0.03	石油加工	--  	0.000	
000656	金科股份	1.05	102631200	4.81	4.76	0	214677	0.21	4.77	4.81	4.73	--  	4.20	1.68	0.05	区域地产	--  	-0.000	
603505	金石资源	4.71	102454080	19.11	18.25	0	54184	-0.15	18.25	19.43	18.14	--  	0.00	7.07	0.86	矿物制品	--  	0.000	
000036	华联控股	1.50	101445760	8.78	8.65	0	116491	0.11	8.65	8.79	8.51	--  	3.47	3.24	0.13	全国地产	--  	-0.000	
603989	艾华集团	2.35	100364184	38.37	37.49	0	26150	0.10	37.71	38.88	37.60	--  	2.13	3.41	0.88	元器件	--  	-0.000	
603200	上海洗霸	7.45	100281400	41.54	38.66	0	24764	0.10	38.60	41.56	38.49	--  	0.00	7.94	2.88	环境保护	--  	0.000	
603823	百合花	4.36	100250736	17.00	16.29	0	59793	0.06	16.68	17.01	16.32	--  	0.77	4.24	0.71	染料涂料	--  	0.000	
300635	达安股份	5.26	98527344	20.20	19.19	0	49924	1.15	18.88	20.32	18.88	--  	0.00	7.50	1.01	建筑施工	--  	0.000	
603980	吉华集团	4.11	98505536	20.54	19.73	0	48535	-0.09	19.73	20.68	19.68	--  	0.00	5.07	0.81	染料涂料	--  	0.000	
603933	睿能科技	4.03	98279824	52.46	50.43	0	18960	-0.07	50.30	52.89	49.90	--  	0.00	5.93	2.03	纺织机械	--  	-0.000	
603127	昭衍新药	1.42	96557672	55.65	54.87	0	17359	-0.12	54.42	56.60	53.91	--  	0.00	4.90	0.78	医疗保健	--  	0.000	
600764	中电广通	2.86	95837920	28.03	27.25	0	34705	-0.20	27.20	28.13	26.96	--  	0.03	4.29	0.78	通信设备	--  	0.000	
603557	起步股份	4.27	95444288	15.86	15.21	0	60765	-0.43	15.12	16.16	15.05	--  	0.00	7.30	0.65	服饰	--  	-0.000	
002664	长鹰信质	-0.07	93655776	27.18	27.20	0	34666	-0.43	27.17	27.33	26.68	--  	0.22	2.39	-0.02	汽车配件	--  	0.000	
002097	山河智能	4.74	93176112	7.51	7.17	0	125702	0.00	7.16	7.63	7.12	--  	1.00	7.11	0.34	工程机械	--  	0.000	
01558	东阳光药	10.06	92812328	27.350	24.850	200	3504447	-0.73	24.950	27.900	24.900	1091880	1.69	12.07	2.500	医药医疗	40400	27.350	
002687	乔治白	2.45	92388448	7.11	6.94	0	131068	-0.13	6.83	7.27	6.80	--  	2.16	6.77	0.17	服饰	--  	0.000	
000796	凯撒旅游	5.73	91825656	13.48	12.75	0	67973	-0.06	12.75	14.00	12.75	--  	0.78	9.80	0.73	旅游服务	--  	-0.000	
300693	盛弘股份	4.63	91180696	35.28	33.72	0	26122	-0.27	33.55	35.80	33.55	--  	0.00	6.67	1.56	电气设备	--  	-0.000	
600543	莫高股份	5.60	90130784	10.18	9.64	0	88773	0.10	9.84	10.55	9.77	--  	0.21	8.09	0.54	红黄药酒	--  	0.000	
600592	龙溪股份	3.43	88328568	9.96	9.63	0	89123	0.20	9.60	10.58	9.59	--  	1.04	10.28	0.33	机械基件	--  	0.000	
002359	北讯集团	3.32	86831032	22.42	21.70	0	39420	0.54	21.67	22.45	21.60	--  	0.00	3.92	0.72	钢加工	--  	0.000	
002727	一心堂	2.81	86822808	19.76	19.22	0	44431	0.10	19.22	19.76	19.15	--  	1.04	3.17	0.54	医药商业	--  	0.000	
300452	山河药辅	7.92	84598352	29.02	26.89	0	29759	-0.06	27.05	29.58	27.05	--  	0.56	9.41	2.13	化学制药	--  	0.000	
300620	光库科技	1.74	84511400	40.98	40.28	0	20812	-0.04	39.86	41.38	39.48	--  	0.00	4.72	0.70	元器件	--  	-0.000	
002484	江海股份	4.44	84296272	9.64	9.23	0	87063	0.00	9.41	9.94	9.23	--  	0.83	7.69	0.41	元器件	--  	0.000	
600650	锦江投资	4.95	84217976	14.84	14.14	0	56396	-0.12	14.30	15.43	14.30	--  	1.77	7.99	0.70	公共交通	--  	0.000	
600761	安徽合力	3.98	84077496	10.44	10.04	0	81605	0.00	10.05	10.45	9.96	--  	2.49	4.88	0.40	工程机械	--  	-0.000	
300404	博济医药	10.02	83108616	20.53	18.66	0	41169	0.00	19.26	20.53	19.26	--  	0.27	6.81	1.87	医疗保健	--  	0.000	
002032	苏 泊 尔	-0.84	82404304	42.75	43.11	0	19344	0.09	43.10	43.11	42.12	--  	1.37	2.30	-0.36	家用电器	--  	0.000	
02666	环球医疗	2.71	82058784	7.580	7.380	500	10746000	0.00	7.400	7.770	7.340	--  	0.00	5.83	0.200	其他金融	--  	7.580	
300463	迈克生物	1.93	81614344	24.24	23.78	0	33757	0.37	24.09	24.66	23.88	--  	0.47	3.28	0.46	医疗保健	--  	-0.000	
603316	诚邦股份	7.32	81134408	15.11	14.08	0	55532	-0.06	13.85	15.48	13.72	--  	0.00	12.50	1.03	建筑施工	--  	-0.000	
600351	亚宝药业	10.04	78781432	7.78	7.07	0	101430	0.00	7.72	7.78	7.72	--  	0.28	0.85	0.71	中成药	--  	0.000	
002582	好想你	2.24	78681848	11.86	11.60	0	66702	0.00	11.55	12.00	11.45	--  	0.30	4.74	0.26	食品	--  	-0.000	
300363	博腾股份	1.66	78556912	13.49	13.27	0	58814	0.00	13.27	13.50	13.03	--  	0.45	3.54	0.22	化学制药	--  	-0.000	
603335	迪生力	4.94	77634344	11.25	10.72	0	69561	0.00	10.65	11.38	10.61	--  	0.00	7.18	0.53	汽车配件	--  	0.000	
300312	邦讯技术	0.76	77473920	13.25	13.15	0	58726	-0.07	13.15	13.35	12.90	--  	0.11	3.42	0.10	通信设备	--  	0.000	
600165	新日恒力	5.80	77420624	16.06	15.18	0	49109	-0.24	15.15	16.11	15.07	--  	0.00	6.85	0.88	钢加工	--  	-0.000	
002117	东港股份	5.92	76696768	18.80	17.75	0	41743	0.11	17.66	18.83	17.53	--  	1.69	7.32	1.05	广告包装	--  	-0.000	
603628	清源股份	4.50	76014088	14.17	13.56	0	53964	-0.06	13.55	14.88	13.46	--  	0.29	10.47	0.61	电气设备	--  	0.000	
603800	道森股份	7.06	74287688	16.69	15.59	0	45135	-0.05	15.59	17.15	15.37	--  	0.64	11.42	1.10	专用机械	--  	0.000	
300643	万通智控	0.37	73639864	13.65	13.60	0	54220	-0.43	13.40	13.88	13.26	--  	0.00	4.56	0.05	汽车配件	--  	-0.000	
603779	威龙股份	8.67	72758064	17.68	16.27	0	41738	-0.10	16.62	17.90	16.61	--  	0.48	7.93	1.41	红黄药酒	--  	0.000	
300381	溢多利	2.01	72160344	13.20	12.94	0	54399	-0.07	12.83	13.55	12.75	--  	0.46	6.18	0.26	饲料	--  	-0.000	
300262	巴安水务	4.11	70801024	9.11	8.75	0	79078	0.22	8.73	9.11	8.69	--  	0.08	4.80	0.36	环境保护	--  	-0.000	
601366	利群股份	4.15	70422776	10.53	10.11	0	67709	0.10	10.07	10.66	10.03	--  	0.99	6.23	0.42	百货	--  	-0.000	
002876	三利谱	2.82	69649568	60.98	59.31	0	11524	0.13	59.75	61.71	58.38	--  	0.00	5.61	1.67	元器件	--  	-0.000	
603129	春风动力	5.64	69526840	26.41	25.00	0	26578	-0.07	24.80	27.00	24.80	--  	0.00	8.80	1.41	摩托车	--  	-0.000	
002878	元隆雅图	4.94	69289000	36.74	35.01	0	19095	-0.34	35.00	36.97	34.85	--  	0.00	6.06	1.73	文教休闲	--  	0.000	
603298	杭叉集团	5.19	68952600	16.00	15.21	0	43850	0.00	15.00	16.16	14.97	--  	1.97	7.82	0.79	专用机械	--  	0.000	
603767	中马传动	4.50	68688368	15.55	14.88	0	44734	0.26	14.90	15.57	14.70	--  	0.00	5.85	0.67	汽车配件	--  	0.000	
603880	南卫股份	3.80	67868352	25.65	24.71	0	26756	0.55	24.50	25.98	24.31	--  	0.00	6.76	0.94	医疗保健	--  	-0.000	
600939	重庆建工	10.04	67802800	7.34	6.67	0	95718	0.00	6.63	7.34	6.63	--  	0.00	10.64	0.67	建筑施工	--  	0.000	
002810	山东赫达	5.27	67214184	23.76	22.57	0	28467	-0.28	22.63	23.95	22.63	--  	0.22	5.85	1.19	化工原料	--  	0.000	
002880	卫光生物	4.37	66893684	54.89	52.59	0	12325	0.35	52.30	55.17	52.30	--  	0.00	5.46	2.30	生物制药	--  	-0.000	
300511	雪榕生物	5.34	66225208	24.46	23.22	0	27712	0.45	23.50	24.55	23.49	--  	0.42	4.57	1.24	种植业	--  	-0.000	
002882	金龙羽	3.53	65856820	13.48	13.02	0	48996	0.00	12.98	13.78	12.92	--  	0.00	6.61	0.46	电气设备	--  	-0.000	
01513	丽珠医药	3.20	65235996	61.300	59.400	100	1067022	0.08	60.350	62.200	60.350	--  	0.00	3.11	1.900	医药医疗	--  	61.300	
300591	万里马	10.03	64977176	9.54	8.67	0	69996	0.00	8.67	9.54	8.60	--  	0.58	10.84	0.87	服饰	--  	-0.000	
600020	中原高速	1.90	63953552	4.83	4.74	0	133419	0.00	4.74	4.85	4.71	--  	1.86	2.95	0.09	路桥	--  	-0.000	
002207	*ST准油	2.42	63877040	8.45	8.25	0	76472	-0.46	8.09	8.65	8.03	--  	0.12	7.52	0.20	石油开采	--  	-0.000	
603787	新日股份	6.01	63843272	14.29	13.48	0	45446	0.07	13.41	14.46	13.40	--  	0.00	7.86	0.81	摩托车	--  	-0.000	
300480	光力科技	9.39	63530208	16.78	15.34	0	38780	-0.05	15.50	16.87	15.42	--  	0.31	9.45	1.44	电器仪表	--  	0.000	
002785	万里石	0.44	62465372	13.76	13.70	0	45655	0.07	13.65	13.81	13.49	--  	0.09	2.34	0.06	其他建材	--  	0.000	
00059	天誉置业	15.93	62044924	3.930	3.390	2000	17318000	2.08	3.410	4.000	3.380	--  	0.00	18.29	0.540	地产	--  	3.930	
603976	正川股份	3.89	61281240	27.48	26.45	0	22498	0.00	26.25	27.65	26.18	--  	0.00	5.56	1.03	医疗保健	--  	-0.000	
002798	帝王洁具	-0.02	60265508	54.59	54.60	0	10961	-0.01	54.63	55.40	53.80	--  	0.53	2.93	-0.01	家居用品	--  	0.000	
600284	浦东建设	2.51	59170576	9.39	9.16	0	62859	-0.10	9.24	9.53	9.21	--  	1.70	3.49	0.23	建筑施工	--  	0.000	
300682	朗新科技	5.10	58109572	18.34	17.45	0	32167	0.11	17.55	18.60	17.25	--  	0.00	7.74	0.89	软件服务	--  	0.000	
02386	中石化炼化工程	6.20	56207332	6.850	6.450	500	8337500	0.15	6.460	6.870	6.450	--  	0.95	6.51	0.400	石油天然气	--  	6.850	
002872	天圣制药	3.15	55985944	30.42	29.49	0	18606	-0.12	29.27	30.52	29.23	--  	0.00	4.37	0.93	化学制药	--  	0.000	
00120	COSMOPOL INT'L	2.11	55958884	0.970	0.950	20000	56994000	0.00	0.960	1.010	0.900	--  	0.00	11.58	0.020	地产	--  	0.970	
300647	超频三	1.63	55675428	19.95	19.63	0	28187	0.25	19.30	20.16	19.21	--  	0.62	4.84	0.32	元器件	--  	0.000	
300690	双一科技	3.41	54978768	56.95	55.07	0	9722	-0.01	54.54	57.31	54.35	--  	0.00	5.37	1.88	电气设备	--  	0.000	
603721	中广天择	5.87	54882976	27.04	25.54	0	20505	-0.03	25.59	27.45	25.55	--  	0.00	7.44	1.50	影视音像	--  	0.000	
603063	禾望电气	4.67	54760512	18.16	17.35	0	30567	-0.05	17.22	18.33	17.22	--  	0.00	6.40	0.81	电气设备	--  	-0.000	
603337	杰克股份	3.63	54053820	52.86	51.01	0	10390	0.15	51.01	52.90	50.80	--  	0.65	4.12	1.85	纺织机械	--  	0.000	
002565	顺灏股份	1.88	53950928	6.50	6.38	0	84699	0.15	6.28	6.52	6.27	--  	1.57	3.92	0.12	造纸	--  	0.000	
000752	西藏发展	-1.68	52807668	13.48	13.71	0	39228	0.30	13.71	13.73	13.29	--  	0.15	3.21	-0.23	啤酒	--  	-0.000	
300243	瑞丰高材	0.40	52260040	12.41	12.36	0	41871	-0.07	12.43	12.66	12.30	--  	0.08	2.91	0.05	化工原料	--  	-0.000	
002348	高乐股份	-0.17	52011052	5.98	5.99	0	85790	-0.32	6.19	6.19	5.93	--  	0.33	4.34	-0.01	文教休闲	--  	0.000	
00054	合和实业	0.35	51074716	28.500	28.400	500	1787200	-0.35	28.500	28.750	28.500	--  	4.21	0.88	0.100	综合企业	--  	28.500	
002774	快意电梯	6.10	50197132	9.92	9.35	0	51242	-0.29	9.34	10.18	9.30	--  	0.00	9.41	0.57	运输设备	--  	0.000	
603036	如通股份	4.50	50193796	16.94	16.21	0	29899	-0.23	16.10	17.30	16.10	--  	0.62	7.40	0.73	专用机械	--  	0.000	
603855	华荣股份	4.09	48817040	11.96	11.49	0	41077	-0.16	11.48	12.09	11.47	--  	0.00	5.40	0.47	专用机械	--  	0.000	
600996	贵广网络	3.82	48503492	9.79	9.43	0	49918	-0.19	9.40	9.85	9.40	--  	1.17	4.77	0.36	影视音像	--  	-0.000	
002568	百润股份	3.80	48260008	13.65	13.15	0	35831	0.07	13.15	13.79	13.01	--  	4.86	5.93	0.50	红黄药酒	--  	-0.000	
600169	太原重工	3.28	48176308	3.46	3.35	0	140730	0.00	3.35	3.50	3.34	--  	0.28	4.78	0.11	工程机械	--  	0.000	
601882	海天精工	10.01	47778044	10.66	9.69	0	46997	0.00	9.61	10.66	9.60	--  	0.39	10.94	0.97	机床制造	--  	-0.000	
300382	斯莱克	0.93	47670592	15.14	15.00	0	31955	0.13	14.90	15.15	14.79	--  	2.67	2.40	0.14	专用机械	--  	0.000	
00327	百富环球	1.42	47073456	3.570	3.520	1000	13394012	-0.28	3.550	3.630	3.520	--  	1.12	3.12	0.050	软件服务	--  	3.570	
002800	天顺股份	3.76	46884704	31.18	30.05	0	15288	0.00	30.10	31.35	29.70	--  	0.33	5.49	1.13	仓储物流	--  	0.000	
01035	ＢＢＩ生命科学	13.22	46860904	3.940	3.480	1500	12096887	2.07	3.650	4.020	3.650	--  	0.00	10.63	0.460	医药医疗	--  	3.940	
00506	中国食品	4.30	46738196	4.370	4.190	2000	10754000	0.00	4.190	4.430	4.180	--  	0.00	5.97	0.180	食物饮品	--  	4.370	
01333	中国忠旺	4.55	46621168	4.140	3.960	400	11393248	0.24	3.950	4.140	3.940	--  	0.00	5.05	0.180	一般金属	--  	4.140	
00805	嘉能可	1.17	45994272	39.000	38.550	100	1181500	0.00	39.000	39.100	38.800	--  	0.00	0.78	0.450	一般金属	--  	39.000	
300230	永利股份	1.11	45866516	13.70	13.55	0	33851	0.00	13.45	13.75	13.32	--  	0.82	3.17	0.15	塑料	--  	-0.000	
002499	科林环保	-0.54	45563524	20.13	20.24	0	22783	-0.04	20.00	20.26	19.77	--  	0.04	2.42	-0.11	环境保护	--  	-0.000	
002873	新天药业	3.07	45076424	41.30	40.07	0	11042	0.12	39.59	41.51	39.59	--  	0.00	4.79	1.23	中成药	--  	-0.000	
000880	潍柴重机	2.04	44831956	9.49	9.30	0	47003	0.00	9.65	9.65	9.32	--  	0.22	3.55	0.19	机械基件	--  	-0.000	
603139	康惠制药	3.01	44476300	25.35	24.61	0	17674	-0.07	24.39	25.66	24.28	--  	0.00	5.61	0.74	中成药	--  	0.000	
603568	伟明环保	1.39	44138920	21.21	20.92	0	20796	-0.18	20.89	21.38	20.86	--  	0.96	2.49	0.29	环境保护	--  	-0.000	
002883	中设股份	3.16	43585716	43.44	42.11	0	10125	0.02	41.80	43.88	41.80	--  	0.00	4.94	1.33	建筑施工	--  	-0.000	
603043	广州酒家	3.07	43506924	19.15	18.58	0	22933	0.26	18.61	19.20	18.54	--  	0.00	3.55	0.57	食品	--  	-0.000	
002539	云图控股	4.27	43357040	6.35	6.09	0	70255	0.79	6.09	6.35	5.95	--  	1.31	6.57	0.26	农药化肥	--  	-0.000	
300599	雄塑科技	5.78	43151928	12.27	11.60	0	35457	-0.15	11.58	12.40	11.54	--  	0.86	7.41	0.67	塑料	--  	0.000	
00839	中教控股	0.93	43014312	6.490	6.430	1000	6654000	0.00	6.450	6.550	6.410	--  	0.00	2.18	0.060	支援服务	--  	6.490	
603229	奥翔药业	2.52	42872360	17.49	17.06	0	24738	-0.22	16.80	17.78	16.71	--  	0.00	6.27	0.43	化学制药	--  	-0.000	
603615	茶花股份	1.52	42594620	14.06	13.85	0	30186	0.43	13.85	14.48	13.63	--  	1.44	6.14	0.21	家居用品	--  	0.000	
603226	菲林格尔	2.04	42425468	29.95	29.35	0	14311	0.03	29.25	29.97	29.10	--  	0.59	2.96	0.60	家居用品	--  	0.000	
002890	弘宇股份	4.80	42328876	33.40	31.87	0	12740	-0.02	31.80	33.91	31.51	--  	0.00	7.53	1.53	农用机械	--  	0.000	
002855	捷荣技术	4.00	41562712	13.27	12.76	0	31833	0.23	12.66	13.34	12.66	--  	0.00	5.33	0.51	塑料	--  	0.000	
603667	五洲新春	-2.26	41560120	22.44	22.96	0	18585	-0.21	22.50	22.84	22.00	--  	0.65	3.66	-0.52	机械基件	--  	0.000	
300529	健帆生物	1.75	40786868	32.53	31.97	0	12586	0.59	32.70	33.05	31.99	--  	0.63	3.32	0.56	医疗保健	--  	-0.000	
002154	报 喜 鸟	0.58	40299744	3.44	3.42	0	117324	0.00	3.40	3.46	3.38	--  	0.27	2.34	0.02	服饰	--  	0.000	
00520	呷哺呷哺	0.86	40209664	14.000	13.880	500	2873000	0.00	13.960	14.500	13.600	184930	0.57	6.48	0.120	酒店及消闲	13000	14.000	
600233	圆通速递	1.13	40190300	16.94	16.75	0	23718	0.06	16.75	17.11	16.61	--  	0.89	2.99	0.19	仓储物流	--  	0.000	
600789	鲁抗医药	1.07	40002524	7.54	7.46	0	53394	0.40	7.42	7.54	7.41	--  	0.27	1.74	0.08	化学制药	--  	-0.000	
300636	同和药业	3.72	39386640	30.65	29.55	0	12979	-0.02	29.47	30.85	29.12	--  	0.00	5.85	1.10	化学制药	--  	-0.000	
603380	易德龙	4.50	38779492	20.21	19.34	0	19402	0.15	19.49	20.30	19.31	--  	0.00	5.12	0.87	元器件	--  	-0.000	
300596	利安隆	1.10	38267200	19.27	19.06	0	19889	0.26	19.10	19.50	18.76	--  	0.37	3.88	0.21	化工原料	--  	0.000	
08176	超人智能	4.69	37856996	12.500	11.940	5000	3050650	0.00	11.600	12.800	11.520	--  	0.00	10.72	0.560	医疗服务	--  	12.500	
600854	春兰股份	4.13	37686340	5.55	5.33	0	69601	2.21	5.34	5.71	5.28	--  	0.34	8.07	0.22	家用电器	--  	0.000	
601579	会稽山	0.60	37348000	11.81	11.74	0	31661	0.25	11.70	11.90	11.62	--  	0.94	2.39	0.07	红黄药酒	--  	0.000	
02086	海航科技投资	2.11	37034620	3.880	3.800	1000	10009000	4.86	3.880	3.890	3.700	--  	0.00	5.00	0.080	信息器材	--  	3.880	
603966	法兰泰克	6.88	36892472	16.46	15.40	0	22888	-0.29	15.36	16.89	15.25	--  	0.65	10.65	1.06	机械基件	--  	-0.000	
603088	宁波精达	0.07	36851232	44.07	44.04	0	8512	2.08	44.04	44.17	42.93	--  	0.25	2.82	0.03	专用机械	--  	-0.000	
00666	新工投资	5.81	36027720	0.164	0.155	20000	236860000	-0.61	0.169	0.171	0.161	--  	0.00	6.45	0.009	其他金融	--  	0.164	
002725	跃岭股份	6.15	35624996	14.50	13.66	0	25266	0.69	13.79	14.52	13.35	--  	0.73	8.57	0.84	汽车配件	--  	0.000	
300653	正海生物	3.54	35141008	35.39	34.18	0	9989	-0.30	34.14	35.63	34.14	--  	0.00	4.36	1.21	医疗保健	--  	-0.000	
603178	圣龙股份	4.45	35085408	14.78	14.15	0	24111	0.54	14.06	14.80	14.02	--  	0.83	5.51	0.63	汽车配件	--  	-0.000	
000601	韶能股份	1.56	35061552	7.18	7.07	0	49671	-0.27	7.04	7.21	6.93	--  	2.83	3.96	0.11	水力发电	--  	-0.000	
002560	通达股份	4.46	34993068	7.03	6.73	0	50287	0.57	6.80	7.05	6.73	--  	0.74	4.75	0.30	电气设备	--  	0.000	
603822	嘉澳环保	3.81	34934668	34.62	33.35	0	10199	-0.05	33.21	35.00	33.03	--  	0.62	5.91	1.27	环境保护	--  	-0.000	
601588	北辰实业	1.08	34816908	5.63	5.57	0	62332	0.18	5.56	5.63	5.55	--  	1.08	1.44	0.06	区域地产	--  	0.000	
002868	绿康生化	3.11	34694116	24.23	23.50	0	14487	0.00	23.42	24.41	22.90	--  	1.06	6.43	0.73	农业综合	--  	-0.000	
002885	京泉华	3.94	34616444	33.80	32.52	0	10340	0.15	32.54	34.12	32.31	--  	0.00	5.57	1.28	元器件	--  	-0.000	
603788	宁波高发	2.79	34560528	35.38	34.42	0	9825	0.17	34.40	35.58	34.40	--  	2.00	3.43	0.96	汽车配件	--  	0.000	
603586	金麒麟	3.99	33954364	24.00	23.08	0	14356	0.38	23.07	24.09	23.00	--  	0.00	4.72	0.92	汽车配件	--  	0.000	
002826	易明医药	4.05	33688780	15.15	14.56	0	22553	0.00	14.38	15.44	14.29	--  	0.41	7.90	0.59	中成药	--  	-0.000	
600936	广西广电	3.19	33333916	6.80	6.59	0	49299	0.15	6.56	6.91	6.56	--  	1.97	5.31	0.21	影视音像	--  	0.000	
300631	久吾高科	5.06	33108534	22.83	21.73	0	14695	0.31	21.73	22.93	21.70	--  	0.58	5.66	1.10	环境保护	--  	-0.000	
002791	坚朗五金	4.10	31392648	19.05	18.30	0	16701	0.16	18.36	19.07	18.19	--  	0.91	4.81	0.75	其他建材	--  	-0.000	
002820	桂发祥	2.78	31367720	25.47	24.78	0	12408	0.00	24.78	25.60	24.61	--  	1.01	4.00	0.69	食品	--  	-0.000	
002653	海思科	3.89	30771946	12.02	11.57	0	26125	-0.16	11.61	12.09	11.50	--  	3.94	5.10	0.45	化学制药	--  	0.000	
603679	华体科技	2.13	30640564	24.47	23.96	0	12552	0.08	23.99	24.69	23.96	--  	0.00	3.05	0.51	电气设备	--  	-0.000	
002548	金新农	0.36	30162704	11.05	11.01	0	27089	0.27	11.08	11.22	11.01	--  	1.36	1.91	0.04	饲料	--  	0.000	
603020	爱普股份	2.61	29589650	12.17	11.86	0	24373	-0.15	11.84	12.40	11.71	--  	1.69	5.82	0.31	食品	--  	0.000	
00149	中国农产品交易	1.12	28397614	0.090	0.089	5000	320991200	1.12	0.088	0.090	0.086	--  	0.00	4.49	0.001	农业产品	--  	0.090	
603819	神力股份	3.22	28367536	16.65	16.13	0	17552	1.15	15.51	16.75	15.46	--  	0.74	8.00	0.52	电气设备	--  	-0.000	
002096	南岭民爆	0.12	27976542	8.29	8.28	0	33877	0.24	8.20	8.48	8.10	--  	0.48	4.59	0.01	化工原料	--  	-0.000	
300592	华凯创意	4.40	26884392	17.31	16.58	0	15745	-0.16	16.52	17.46	16.40	--  	0.60	6.39	0.73	软件服务	--  	-0.000	
002347	泰尔股份	3.40	26793852	6.39	6.18	0	42727	-0.92	6.15	6.45	6.08	--  	0.00	5.99	0.21	机械基件	--  	-0.000	
603028	赛福天	1.16	26398740	10.50	10.38	0	25434	0.10	10.30	10.55	10.20	--  	0.41	3.37	0.12	钢加工	--  	0.000	
00680	南海控股	3.24	25879168	0.255	0.247	50000	103070904	2.00	0.247	0.255	0.242	--  	0.00	5.26	0.008	媒体及娱乐	--  	0.255	
300669	沪宁股份	3.33	25630156	23.91	23.14	0	10804	0.00	23.14	24.10	23.14	--  	0.00	4.15	0.77	机械基件	--  	-0.000	
02280	慧聪网	6.04	25431116	5.620	5.300	500	4594500	-0.53	5.300	5.700	5.280	--  	0.36	7.92	0.320	软件服务	--  	5.620	
300281	金明精机	3.11	25412374	12.60	12.22	0	20298	0.56	12.25	12.80	12.12	--  	0.36	5.56	0.38	专用机械	--  	0.000	
300583	赛托生物	3.62	24903078	39.79	38.40	0	6336	-0.17	38.32	40.10	38.09	--  	0.26	5.23	1.39	生物制药	--  	0.000	
002162	悦心健康	3.79	23800192	5.20	5.01	0	46548	0.58	5.02	5.20	5.01	--  	0.00	3.79	0.19	医疗保健	--  	-0.000	
600081	东风科技	1.00	22433988	12.07	11.95	0	18576	0.08	11.92	12.19	11.90	--  	0.99	2.43	0.12	汽车配件	--  	-0.000	
00058	新威国际	4.35	21976222	0.096	0.092	20000	224720000	3.23	0.092	0.098	0.089	--  	0.00	9.78	0.004	建筑	--  	0.096	
300537	广信材料	1.56	21627266	15.64	15.40	0	13877	0.00	15.28	15.94	15.00	--  	0.50	6.10	0.24	染料涂料	--  	0.000	
600359	新农开发	0.90	21381438	6.74	6.68	0	31812	0.00	6.66	6.78	6.63	--  	1.26	2.25	0.06	农业综合	--  	-0.000	
300621	维业股份	3.64	21026922	19.10	18.43	0	11106	0.16	18.56	19.11	18.50	--  	0.00	3.31	0.67	装修装饰	--  	0.000	
002748	世龙实业	2.83	20681584	14.90	14.49	0	14059	0.07	14.47	14.98	14.37	--  	1.04	4.21	0.41	化工原料	--  	-0.000	
002735	王子新材	5.51	20229480	33.49	31.74	0	6048	0.06	32.08	34.80	32.03	--  	0.36	8.73	1.75	塑料	--  	0.000	
603585	苏利股份	1.68	19778570	30.88	30.37	0	6449	-0.22	30.31	30.96	30.22	--  	1.32	2.44	0.51	化工原料	--  	-0.000	
03336	巨腾国际	4.00	19689520	2.600	2.500	2000	7620000	-0.38	2.520	2.620	2.510	4555460	0.00	4.40	0.100	信息器材	1768000	2.600	
01033	中石化油服	3.23	18792680	1.280	1.240	2000	14788000	0.00	1.230	1.290	1.230	--  	0.00	4.84	0.040	石油天然气	--  	1.280	
002452	长高集团	1.50	18592408	6.08	5.99	0	30840	0.00	5.95	6.11	5.91	--  	0.83	3.34	0.09	电气设备	--  	-0.000	
002255	海陆重工	-0.59	18351652	6.78	6.82	0	27189	0.30	6.82	6.82	6.69	--  	0.44	1.91	-0.04	专用机械	--  	0.000	
00826	天工国际	7.00	14551221	1.070	1.000	2000	14156000	0.00	1.000	1.070	0.970	--  	0.00	10.00	0.070	一般金属	--  	1.070	
300405	科隆股份	3.61	14511830	16.35	15.78	0	9025	0.49	15.77	16.35	15.68	--  	0.00	4.25	0.57	化工原料	--  	0.000	
00856	伟仕佳杰	5.39	14344317	4.890	4.640	2000	2967600	0.00	4.740	4.970	4.740	116540	0.00	4.96	0.250	信息器材	24000	4.890	
03688	莱蒙国际	1.91	13759696	4.260	4.180	500	3271000	0.00	4.160	4.260	4.120	--  	0.00	3.35	0.080	地产	--  	4.260	
01115	西藏水资源	2.04	12834454	3.500	3.430	1000	3650000	-0.57	3.360	3.550	3.360	--  	0.00	5.54	0.070	食物饮品	--  	3.500	
00633	中国全通	1.46	12815881	2.090	2.060	2000	5698000	0.97	2.180	2.180	1.990	16840	0.00	9.22	0.030	电讯	8000	2.090	
01573	中国优质能源	9.78	12775921	11.000	10.020	2000	1202000	0.92	10.200	11.020	10.180	871760	0.00	8.38	0.980	煤炭	82000	11.000	
00512	远大医药	3.69	12305281	3.370	3.250	4000	3692000	0.00	3.250	3.410	3.250	--  	0.00	4.92	0.120	医药医疗	--  	3.370	
00639	首钢资源	1.89	12169641	1.620	1.590	2000	7480000	-0.61	1.590	1.660	1.580	--  	1.85	5.03	0.030	煤炭	--  	1.620	
01439	移动互联（中国）	3.02	11256251	2.050	1.990	5000	5600000	0.00	1.990	2.050	1.970	--  	0.00	4.02	0.060	工用支援	--  	2.050	
300559	佳发安泰	0.21	10240858	38.45	38.37	0	2682	-0.12	38.80	38.80	37.50	--  	0.47	3.39	0.08	软件服务	--  	0.000	
02000	晨讯科技	3.85	10019630	0.405	0.390	2000	24106000	0.00	0.430	0.435	0.400	--  	0.00	8.97	0.015	信息器材	--  	0.405	
01717	澳优	5.87	9972420	4.330	4.090	1000	2360000	0.23	4.180	4.380	4.120	12570	0.00	6.36	0.240	食物饮品	3000	4.330	
00950	李氏大药厂	3.10	9816680	6.990	6.780	500	1411500	0.58	6.890	7.050	6.610	--  	0.00	6.49	0.210	医药医疗	--  	6.990	
03344	互益集团	1.33	8720500	0.380	0.375	2000	23270000	-1.30	0.370	0.385	0.365	--  	0.00	5.33	0.005	纺织服饰	--  	0.380	
08157	象兴国际	23.53	8515800	0.420	0.340	20000	23240000	20.00	0.335	0.425	0.335	--  	0.00	26.47	0.080	工用运输	--  	0.420	
02012	阳光油砂	3.51	7706156	0.295	0.285	500	26196500	0.00	0.280	0.305	0.275	--  	0.00	10.53	0.010	石油天然气	--  	0.295	
00232	中国航空工业国际	4.60	7681281	0.455	0.435	2000	17154000	1.11	0.435	0.455	0.435	324130	0.00	4.60	0.020	地产	726000	0.455	
01165	顺风清洁能源	3.61	7012731	0.430	0.415	2000	16414000	0.00	0.415	0.435	0.415	--  	0.00	4.82	0.015	工业工程	--  	0.430	
00611	中国核能科技	4.88	5261300	1.290	1.230	2000	4196000	-0.77	1.220	1.300	1.220	--  	0.00	6.50	0.060	公用事业	--  	1.290	
数据来源:通达信
