代码	名称	涨幅%%	总金额	现价	昨收	每手	总量	涨速%%	今开	最高	最低	抛空额	股息率%%	振幅%%	涨跌	细分行业	抛空量	按盘价	
600519	贵州茅台	8.21	8656875520	718.69	664.18	0	124141	0.57	687.00	719.90	671.32	--  	1.02	7.31	54.51	白酒	--  	0.000	
601899	紫金矿业	10.09	4255657216	4.69	4.26	0	9328026	0.86	4.25	4.69	4.24	--  	1.41	10.56	0.43	黄金	--  	0.000	
000858	五 粮 液	3.80	4229394688	80.86	77.90	0	526706	0.11	79.99	81.98	78.44	--  	1.16	4.54	2.96	白酒	--  	0.000	
600111	北方稀土	6.62	2765772288	14.81	13.89	0	1910426	-0.19	13.81	14.89	13.78	--  	0.07	7.99	0.92	小金属	--  	0.000	
000807	云铝股份	9.41	2575821824	10.35	9.46	0	2579623	0.49	9.64	10.38	9.64	--  	0.19	7.82	0.89	铝	--  	0.000	
000933	神火股份	10.01	2174671104	10.00	9.09	0	2275753	0.00	9.07	10.00	9.02	--  	0.28	10.78	0.91	煤炭开采	--  	0.000	
000792	盐湖股份	1.98	2147171328	14.42	14.14	0	1503831	0.49	14.13	14.53	14.00	--  	0.09	3.75	0.28	化工原料	--  	0.000	
603993	洛阳钼业	6.86	2099040896	7.01	6.56	0	3076336	-0.27	6.55	7.08	6.50	--  	0.42	8.84	0.45	小金属	--  	0.000	
00981	中芯国际	6.81	1985462784	13.180	12.340	500	154360256	-0.15	12.400	13.300	12.300	--  	0.00	8.10	0.840	半导体	--  	13.180	
600362	江西铜业	6.73	1899774976	20.13	18.86	0	961707	0.15	19.15	20.50	19.15	--  	0.80	7.16	1.27	铜	--  	-0.000	
02007	碧桂园	7.91	1559763200	15.280	14.160	1000	103824496	-0.91	14.220	15.460	14.200	--  	1.13	8.90	1.120	地产	--  	15.280	
601699	潞安环能	3.70	1436178816	11.49	11.08	0	1266077	-0.94	11.07	11.74	10.95	--  	0.81	7.13	0.41	煤炭开采	--  	-0.000	
600549	厦门钨业	6.19	1388076672	26.25	24.72	0	541594	-0.03	24.64	26.30	24.60	--  	0.81	6.88	1.53	小金属	--  	0.000	
600392	盛和资源	9.98	1379048960	18.63	16.94	0	771319	0.00	16.85	18.63	16.81	--  	0.12	10.74	1.69	小金属	--  	-0.000	
000568	泸州老窖	4.16	1205672064	66.35	63.70	0	182762	0.00	65.53	67.00	64.70	--  	1.44	3.61	2.65	白酒	--  	-0.000	
000938	紫光股份	9.43	1164094720	75.30	68.81	0	160154	0.25	69.69	75.58	68.51	--  	0.15	10.27	6.49	软件服务	--  	0.000	
601288	农业银行	0.80	1144477312	3.78	3.75	0	3035241	0.00	3.74	3.80	3.73	--  	4.53	1.87	0.03	银行	--  	-0.000	
002340	格林美	3.27	997545920	7.26	7.03	0	1388204	0.00	7.03	7.33	6.98	--  	0.11	4.98	0.23	小金属	--  	0.000	
601225	陕西煤业	2.48	946411584	8.28	8.08	0	1156039	0.61	8.07	8.32	8.02	--  	1.36	3.71	0.20	煤炭开采	--  	-0.000	
000060	中金岭南	4.63	899985280	11.08	10.59	0	822911	0.00	10.66	11.17	10.62	--  	0.28	5.19	0.49	铅锌	--  	-0.000	
000983	西山煤电	4.89	878590016	10.08	9.61	0	882742	0.20	9.54	10.18	9.51	--  	0.11	6.97	0.47	煤炭开采	--  	-0.000	
002304	洋河股份	4.44	856633344	118.22	113.19	0	73336	0.17	115.68	119.83	114.11	--  	1.86	5.05	5.03	白酒	--  	0.000	
000878	云南铜业	5.36	852847040	14.16	13.44	0	610777	0.07	13.61	14.34	13.55	--  	1.32	5.88	0.72	铜	--  	-0.000	
600028	中国石化	1.31	835696064	6.18	6.10	0	1358228	0.16	6.10	6.20	6.06	--  	1.64	2.30	0.08	石油加工	--  	-0.000	
600547	山东黄金	2.51	819457920	31.04	30.28	0	265563	0.00	30.43	31.45	30.13	--  	0.33	4.36	0.76	黄金	--  	0.000	
600497	驰宏锌锗	5.10	741962816	7.01	6.67	0	1073904	0.29	6.69	7.08	6.65	--  	0.63	6.45	0.34	铅锌	--  	0.000	
601333	广深铁路	4.50	740584576	5.57	5.33	0	1337019	0.00	5.41	5.65	5.37	--  	1.50	5.25	0.24	铁路	--  	0.000	
600183	生益科技	6.35	729800640	17.76	16.70	0	417434	0.28	16.65	17.93	16.61	--  	1.97	7.90	1.06	元器件	--  	0.000	
000630	铜陵有色	3.87	723938048	2.95	2.84	0	2472462	0.34	2.84	2.98	2.84	--  	0.77	4.93	0.11	铜	--  	0.000	
600702	沱牌舍得	7.12	693247488	47.25	44.11	0	150685	-0.05	45.13	47.35	44.76	--  	0.16	5.87	3.14	白酒	--  	0.000	
00688	中国海外发展	1.62	691195840	25.050	24.650	2000	27436248	-0.60	24.750	25.500	24.700	--  	1.40	3.25	0.400	地产	--  	25.050	
601375	中原证券	10.00	682034368	6.49	5.90	0	1062229	0.00	5.86	6.49	5.81	--  	1.24	11.53	0.59	证券	--  	-0.000	
600581	八一钢铁	4.02	678620992	13.72	13.19	0	501718	0.22	13.03	14.14	12.95	--  	0.11	9.02	0.53	普钢	--  	0.000	
601326	秦港股份	0.61	670638400	6.64	6.60	0	1005748	0.30	6.87	6.87	6.51	--  	0.00	5.45	0.04	港口	--  	-0.000	
002188	巴士在线	5.47	644580992	17.55	16.64	0	414754	-0.16	15.22	18.29	14.98	--  	0.12	19.89	0.91	广告包装	--  	-0.000	
600711	盛屯矿业	5.30	626593792	8.54	8.11	0	742009	0.12	8.15	8.67	8.10	--  	0.25	7.03	0.43	小金属	--  	-0.000	
300014	亿纬锂能	0.98	625566976	19.60	19.41	0	320354	-0.04	19.35	19.79	19.17	--  	0.31	3.19	0.19	元器件	--  	0.000	
02899	紫金矿业	4.53	619992704	3.000	2.870	2000	208566720	0.33	2.890	3.040	2.870	--  	0.00	5.92	0.130	黄金贵金属	--  	3.000	
601168	西部矿业	5.49	612081984	8.26	7.83	0	751678	-0.23	7.87	8.36	7.81	--  	0.64	7.02	0.43	铜	--  	0.000	
00365	紫光控股	63.88	600029312	4.900	2.990	2000	134052656	4.26	3.150	6.600	3.130	--  	0.00	116.05	1.910	工业工程	--  	4.900	
000957	中通客车	4.31	594668928	12.09	11.59	0	487783	-0.07	11.95	12.68	11.80	--  	2.16	7.59	0.50	汽车整车	--  	0.000	
603676	卫信康	2.18	582562816	17.82	17.44	0	334091	1.25	17.44	17.96	16.95	--  	0.00	5.79	0.38	化学制药	--  	-0.000	
600219	南山铝业	3.59	577501184	3.75	3.62	0	1553760	0.27	3.64	3.78	3.62	--  	1.38	4.42	0.13	铝	--  	0.000	
601988	中国银行	0.26	564753216	3.93	3.92	0	1439195	0.00	3.90	3.95	3.90	--  	4.29	1.28	0.01	银行	--  	0.000	
002573	清新环境	0.90	563930304	22.40	22.20	0	249905	-0.08	22.11	22.93	22.11	--  	0.45	3.69	0.20	环境保护	--  	-0.000	
000970	中科三环	4.11	562344512	14.43	13.86	0	394393	0.14	13.89	14.54	13.83	--  	0.72	5.12	0.57	元器件	--  	0.000	
600970	中材国际	6.59	561094400	9.70	9.10	0	583553	0.10	9.15	9.90	9.15	--  	0.97	8.24	0.60	建筑施工	--  	-0.000	
01958	北京汽车	5.97	544568000	9.940	9.380	500	55795500	-0.30	9.800	10.200	9.610	--  	0.00	6.29	0.560	汽车	--  	9.940	
600507	方大特钢	2.51	528328480	12.65	12.34	0	420784	0.16	12.21	12.95	12.16	--  	2.04	6.40	0.31	特种钢	--  	-0.000	
002128	露天煤业	5.41	520523360	11.11	10.54	0	476883	0.27	10.50	11.25	10.50	--  	2.85	7.12	0.57	煤炭开采	--  	-0.000	
601878	浙商证券	1.96	517918112	16.61	16.29	0	309959	0.06	16.21	17.28	16.21	--  	0.00	6.57	0.32	证券	--  	0.000	
300375	鹏翎股份	7.00	512635712	20.47	19.13	0	255918	-0.09	19.80	20.75	19.55	--  	1.16	6.27	1.34	汽车配件	--  	-0.000	
601212	白银有色	0.87	501321952	6.99	6.93	0	722410	0.00	6.80	7.21	6.61	--  	0.16	8.66	0.06	铜	--  	-0.000	
600809	山西汾酒	3.32	487256352	56.99	55.16	0	86168	0.14	56.00	57.30	55.20	--  	1.00	3.81	1.83	白酒	--  	0.000	
601388	怡球资源	9.98	466776704	4.41	4.01	0	1097461	0.00	4.00	4.41	3.99	--  	0.00	10.47	0.40	铝	--  	-0.000	
300146	汤臣倍健	4.59	459723872	15.05	14.39	0	308969	-0.26	14.45	15.12	14.30	--  	1.81	5.70	0.66	食品	--  	0.000	
000709	河钢股份	1.83	429219296	3.90	3.83	0	1105330	-0.25	3.80	3.93	3.80	--  	2.09	3.39	0.07	普钢	--  	0.000	
000831	五矿稀土	5.07	425207712	12.64	12.03	0	342363	-0.07	12.00	12.88	11.91	--  	0.06	8.06	0.61	小金属	--  	0.000	
002839	张家港行	1.63	420201504	11.82	11.63	0	350929	0.60	11.52	12.61	11.43	--  	0.86	10.15	0.19	银行	--  	-0.000	
601881	中国银河	3.02	411734528	10.56	10.25	0	388533	-0.18	10.21	10.81	10.18	--  	1.51	6.15	0.31	证券	--  	0.000	
000960	锡业股份	2.92	411721856	13.05	12.68	0	316044	-0.22	12.72	13.25	12.71	--  	0.11	4.26	0.37	小金属	--  	0.000	
002760	凤形股份	10.01	404505312	40.32	36.65	0	107922	0.00	36.65	40.32	35.30	--  	0.11	13.70	3.67	机械基件	--  	-0.000	
002721	金一文化	4.10	403799232	16.76	16.10	0	249619	1.21	16.11	16.99	15.61	--  	0.20	8.57	0.66	服饰	--  	0.000	
603505	金石资源	5.28	400352352	22.13	21.02	0	181500	0.09	21.10	23.12	21.10	--  	0.00	9.61	1.11	矿物制品	--  	-0.000	
600259	广晟有色	3.79	395690240	39.72	38.27	0	100468	0.13	38.02	40.29	38.00	--  	0.04	5.98	1.45	小金属	--  	0.000	
600909	华安证券	3.09	395029216	7.33	7.11	0	537204	-0.13	7.07	7.65	7.07	--  	0.84	8.16	0.22	证券	--  	-0.000	
000762	西藏矿业	2.05	394167584	15.91	15.59	0	249695	0.19	15.36	16.12	15.33	--  	0.12	5.07	0.32	小金属	--  	-0.000	
000661	长春高新	1.99	376540544	180.63	177.10	0	21172	0.13	177.45	180.80	173.53	--  	0.45	4.11	3.53	生物制药	--  	0.000	
600755	厦门国贸	2.99	354873376	10.00	9.71	0	355820	-0.09	9.71	10.08	9.70	--  	1.16	3.91	0.29	商贸代理	--  	0.000	
002182	云海金属	5.09	351335328	9.50	9.04	0	374068	0.00	9.10	9.58	9.03	--  	0.55	6.08	0.46	小金属	--  	0.000	
600988	赤峰黄金	1.26	350553568	6.44	6.36	0	549864	-0.15	6.31	6.53	6.15	--  	0.00	5.97	0.08	黄金	--  	0.000	
600595	中孚实业	10.06	348555680	5.36	4.87	0	676949	0.00	4.87	5.36	4.87	--  	0.36	10.06	0.49	铝	--  	0.000	
600971	恒源煤电	2.94	346756000	10.51	10.21	0	333851	0.10	10.20	10.58	10.13	--  	0.98	4.41	0.30	煤炭开采	--  	0.000	
603612	索通发展	3.60	340113312	51.27	49.49	0	66735	0.23	49.15	51.83	49.15	--  	0.00	5.42	1.78	矿物制品	--  	0.000	
00285	比亚迪电子	11.73	339896928	17.140	15.340	500	20355632	0.12	15.400	17.380	15.160	--  	0.00	14.47	1.800	信息器材	--  	17.140	
600213	亚星客车	9.97	338582240	11.69	10.63	0	293399	0.00	11.08	11.69	10.95	--  	0.00	6.96	1.06	汽车整车	--  	-0.000	
600490	鹏欣资源	3.79	337211424	8.49	8.18	0	399794	-0.22	8.20	8.63	8.19	--  	0.00	5.38	0.31	铜	--  	-0.000	
600568	中珠医疗	1.44	331787360	7.73	7.62	0	429708	1.18	7.56	7.82	7.56	--  	0.23	3.41	0.11	区域地产	--  	0.000	
002648	卫星石化	4.44	327034656	16.71	16.00	0	197897	0.12	16.00	16.86	15.95	--  	0.55	5.69	0.71	化工原料	--  	-0.000	
600348	阳泉煤业	2.51	315155840	7.35	7.17	0	432297	0.14	7.14	7.40	7.14	--  	1.63	3.63	0.18	煤炭开采	--  	-0.000	
01109	华润置地	2.66	308974112	23.150	22.550	2000	13441457	0.00	22.650	23.300	22.550	--  	0.43	3.33	0.600	地产	--  	23.150	
600888	新疆众和	9.95	308408000	6.74	6.13	0	464458	0.00	6.37	6.74	6.37	--  	0.38	6.04	0.61	铝	--  	-0.000	
600763	通策医疗	6.98	292228160	32.04	29.95	0	92854	0.22	29.88	32.30	29.76	--  	0.43	8.48	2.09	医疗保健	--  	0.000	
300585	奥联电子	2.34	291356160	19.70	19.25	0	144836	-0.14	19.28	20.80	19.20	--  	1.04	8.31	0.45	汽车配件	--  	0.000	
002350	北京科锐	3.33	287495520	10.23	9.90	0	277908	0.20	10.17	10.75	10.17	--  	0.89	5.86	0.33	电气设备	--  	-0.000	
002673	西部证券	1.07	281484256	12.29	12.16	0	227881	0.16	12.15	12.55	12.15	--  	0.90	3.29	0.13	证券	--  	-0.000	
002428	云南锗业	3.84	279360608	11.91	11.47	0	235782	0.00	11.42	12.03	11.37	--  	0.26	5.75	0.44	小金属	--  	-0.000	
000066	中国长城	3.27	277925696	6.63	6.42	0	424732	0.15	6.60	6.66	6.46	--  	0.16	3.12	0.21	电脑设备	--  	0.000	
01357	美图公司	3.82	272682528	10.860	10.460	500	25607100	0.74	10.460	10.860	10.400	--  	0.00	4.40	0.400	软件服务	--  	10.860	
000426	兴业矿业	5.90	268519488	10.05	9.49	0	272594	0.40	9.50	10.14	9.45	--  	0.21	7.27	0.56	铅锌	--  	0.000	
000507	珠海港	0.80	267820320	10.12	10.04	0	262907	-0.09	10.25	10.40	10.06	--  	0.20	3.39	0.08	港口	--  	-0.000	
000783	长江证券	0.64	266093040	7.85	7.80	0	340721	0.26	7.78	7.93	7.70	--  	1.92	2.95	0.05	证券	--  	-0.000	
002465	海格通信	2.15	260706512	9.51	9.31	0	271793	0.00	9.35	9.76	9.35	--  	1.00	4.40	0.20	通信设备	--  	0.000	
002508	老板电器	0.79	260226816	48.36	47.98	0	53849	-0.03	48.30	48.68	47.89	--  	0.80	1.65	0.38	家用电器	--  	0.000	
000822	山东海化	3.29	259360192	9.10	8.81	0	289274	0.11	8.80	9.18	8.74	--  	1.14	4.99	0.29	化工原料	--  	0.000	
002846	英联股份	9.44	257210960	19.02	17.38	0	141782	-0.51	17.00	19.12	16.80	--  	0.72	13.35	1.64	广告包装	--  	0.000	
600977	中国电影	3.43	255330688	15.39	14.88	0	164057	0.20	14.87	15.82	14.85	--  	1.43	6.52	0.51	影视音像	--  	0.000	
002196	方正电机	4.42	251729808	9.68	9.27	0	256157	0.00	9.89	10.18	9.58	--  	0.32	6.47	0.41	纺织机械	--  	0.000	
000751	锌业股份	3.62	250642416	5.15	4.97	0	490139	0.00	4.98	5.20	4.96	--  	0.00	4.83	0.18	铅锌	--  	0.000	
002500	山西证券	2.11	250228048	9.21	9.02	0	271952	0.11	8.98	9.35	8.98	--  	1.00	4.10	0.19	证券	--  	0.000	
000898	鞍钢股份	1.75	249376608	6.38	6.27	0	393223	0.31	6.23	6.40	6.23	--  	1.07	2.71	0.11	普钢	--  	0.000	
002155	湖南黄金	2.71	247226944	9.49	9.24	0	263146	0.11	9.27	9.55	9.15	--  	0.54	4.33	0.25	黄金	--  	-0.000	
600822	上海物贸	2.44	240360752	12.99	12.68	0	183327	0.08	12.63	13.71	12.55	--  	0.79	9.15	0.31	商贸代理	--  	-0.000	
000758	中色股份	5.45	239031648	6.38	6.05	0	380808	0.00	6.03	6.41	6.03	--  	0.33	6.28	0.33	铅锌	--  	0.000	
002806	华锋股份	2.06	237713136	24.31	23.82	0	94597	0.45	24.61	26.20	24.10	--  	0.25	8.82	0.49	元器件	--  	-0.000	
000795	英洛华	4.97	234093056	6.34	6.04	0	374034	0.00	6.02	6.44	6.01	--  	0.00	7.12	0.30	矿物制品	--  	0.000	
300197	铁汉生态	0.42	232596320	12.06	12.01	0	192866	-0.07	11.98	12.23	11.79	--  	0.42	3.66	0.05	环境保护	--  	0.000	
600252	中恒集团	4.91	229824720	4.27	4.07	0	547179	-0.22	4.06	4.40	4.05	--  	1.11	8.60	0.20	中成药	--  	-0.000	
000166	申万宏源	1.53	226073088	5.30	5.22	0	426359	0.19	5.22	5.34	5.20	--  	1.92	2.68	0.08	证券	--  	0.000	
00906	中粮包装	3.28	224769888	6.300	6.100	1000	38354000	-0.32	6.160	6.570	6.140	260470	1.30	7.05	0.200	工用支援	41000	6.300	
000937	冀中能源	2.83	220948320	5.81	5.65	0	383040	0.17	5.63	5.86	5.60	--  	1.77	4.60	0.16	煤炭开采	--  	-0.000	
600117	西宁特钢	10.08	220876224	5.68	5.16	0	394133	0.00	5.54	5.68	5.43	--  	0.18	4.84	0.52	特种钢	--  	-0.000	
002378	章源钨业	3.85	218765696	10.25	9.87	0	214974	-0.09	9.80	10.40	9.80	--  	0.15	6.08	0.38	小金属	--  	0.000	
000825	太钢不锈	1.44	217850880	4.94	4.87	0	443144	-0.19	4.86	4.96	4.84	--  	0.41	2.46	0.07	特种钢	--  	0.000	
603444	吉比特	7.10	215948304	189.83	177.25	0	11462	-0.09	178.50	194.78	176.80	--  	2.31	10.14	12.58	互联网	--  	0.000	
000961	中南建设	2.58	210611040	6.35	6.19	0	330112	0.00	6.20	6.51	6.19	--  	0.24	5.17	0.16	建筑施工	--  	-0.000	
603336	宏辉果蔬	4.22	203257552	24.23	23.25	0	84073	-0.15	23.55	25.29	23.46	--  	0.86	7.87	0.98	农业综合	--  	-0.000	
603938	三孚股份	0.50	202591360	40.10	39.90	0	49664	0.25	39.94	41.76	39.94	--  	0.00	4.56	0.20	化工原料	--  	-0.000	
300543	朗科智能	6.56	201061632	31.84	29.88	0	62153	-0.02	30.00	32.87	29.80	--  	1.05	10.27	1.96	电气设备	--  	0.000	
600022	山东钢铁	1.42	197135680	2.14	2.11	0	928571	0.47	2.10	2.14	2.09	--  	0.00	2.37	0.03	普钢	--  	0.000	
000036	华联控股	3.08	195944800	9.03	8.76	0	217538	0.22	8.74	9.15	8.73	--  	3.42	4.79	0.27	全国地产	--  	-0.000	
600109	国金证券	0.74	195769536	9.53	9.46	0	204693	0.00	9.45	9.69	9.44	--  	0.53	2.64	0.07	证券	--  	-0.000	
600100	同方股份	1.45	195379648	9.80	9.66	0	200607	-0.30	9.64	9.85	9.59	--  	2.59	2.69	0.14	电脑设备	--  	0.000	
01208	五矿资源	2.92	192266768	3.880	3.770	4000	49761536	-0.26	3.800	3.900	3.800	--  	0.00	2.65	0.110	一般金属	--  	3.880	
601958	金钼股份	3.59	191804544	7.22	6.97	0	267704	0.00	6.99	7.30	6.94	--  	0.57	5.16	0.25	小金属	--  	-0.000	
601101	昊华能源	3.83	185748720	8.13	7.83	0	230852	0.00	7.80	8.20	7.76	--  	0.30	5.62	0.30	煤炭开采	--  	0.000	
603369	今世缘	2.85	184710112	15.54	15.11	0	119606	-0.25	15.20	15.66	15.11	--  	1.26	3.64	0.43	白酒	--  	-0.000	
000680	山推股份	2.83	183883984	5.09	4.95	0	362678	-0.19	4.95	5.15	4.92	--  	2.47	4.65	0.14	工程机械	--  	0.000	
603626	科森科技	6.66	182198368	28.66	26.87	0	64050	-0.06	27.26	29.26	26.81	--  	0.00	9.12	1.79	专用机械	--  	-0.000	
002853	皮阿诺	3.20	176467360	32.85	31.83	0	53417	0.18	31.83	34.96	31.33	--  	0.38	11.40	1.02	家居用品	--  	-0.000	
600609	金杯汽车	5.43	176025280	6.02	5.71	0	292347	-0.32	5.86	6.25	5.81	--  	0.00	7.71	0.31	汽车配件	--  	-0.000	
600529	山东药玻	4.90	175390672	22.05	21.02	0	79602	-0.67	21.15	22.63	21.15	--  	0.95	7.04	1.03	医疗保健	--  	-0.000	
600655	豫园股份	4.74	171302896	10.82	10.33	0	159511	0.00	10.35	11.05	10.33	--  	0.97	6.97	0.49	百货	--  	-0.000	
000400	许继电气	1.53	171169264	13.28	13.08	0	129402	0.23	13.09	13.34	13.09	--  	0.76	1.91	0.20	电气设备	--  	-0.000	
000631	顺发恒业	9.93	170116224	4.43	4.03	0	396590	0.00	4.02	4.43	4.01	--  	2.48	10.42	0.40	区域地产	--  	-0.000	
002369	卓翼科技	5.05	169188704	10.40	9.90	0	166712	2.36	9.83	10.40	9.83	--  	0.46	5.76	0.50	通信设备	--  	-0.000	
01115	西藏水资源	1.43	166471872	3.540	3.490	1000	47181000	0.00	3.450	3.560	3.420	--  	0.00	4.01	0.050	食物饮品	--  	3.540	
002842	翔鹭钨业	6.33	161343712	43.87	41.26	0	37594	0.05	40.49	44.57	40.25	--  	0.24	10.47	2.61	小金属	--  	-0.000	
300312	邦讯技术	2.81	158597264	13.52	13.15	0	116731	0.30	13.16	14.41	13.10	--  	0.11	9.96	0.37	通信设备	--  	0.000	
000612	焦作万方	6.42	157708880	9.62	9.04	0	167807	0.21	9.06	9.66	9.04	--  	2.79	6.86	0.58	铝	--  	-0.000	
002237	恒邦股份	2.72	156690864	10.58	10.30	0	148966	0.00	10.34	10.65	10.30	--  	0.97	3.40	0.28	黄金	--  	-0.000	
600531	豫光金铅	6.46	155681472	6.59	6.19	0	241332	-0.14	6.19	6.68	6.16	--  	0.81	8.40	0.40	铅锌	--  	0.000	
002233	塔牌集团	2.39	154847168	11.99	11.71	0	130567	0.17	11.73	11.99	11.67	--  	1.35	2.73	0.28	水泥	--  	-0.000	
000510	金路集团	2.14	154531376	8.58	8.40	0	182636	0.47	8.35	8.62	8.26	--  	0.63	4.29	0.18	化工原料	--  	-0.000	
600398	海澜之家	1.89	154248576	9.69	9.51	0	158764	0.00	9.45	9.82	9.42	--  	5.15	4.21	0.18	服饰	--  	-0.000	
002889	东方嘉盛	3.65	153434864	28.98	27.96	0	54163	0.10	27.58	29.40	27.53	--  	0.00	6.69	1.02	仓储物流	--  	-0.000	
002662	京威股份	1.52	152555952	7.36	7.25	0	205306	0.14	7.33	7.59	7.29	--  	2.41	4.14	0.11	汽车配件	--  	0.000	
002114	罗平锌电	3.59	152163472	17.91	17.29	0	85434	-0.27	17.24	18.40	17.18	--  	0.64	7.06	0.62	铅锌	--  	-0.000	
600673	东阳光科	3.36	152124880	6.77	6.55	0	224200	-0.28	6.66	6.95	6.57	--  	0.46	5.80	0.22	铝	--  	-0.000	
000802	北京文化	1.61	151641008	14.48	14.25	0	104353	0.14	14.11	14.86	13.93	--  	0.54	6.53	0.23	旅游服务	--  	-0.000	
600908	无锡银行	1.81	150911408	7.87	7.73	0	190966	0.13	7.73	8.05	7.71	--  	1.94	4.40	0.14	银行	--  	-0.000	
000690	宝新能源	0.13	147699392	7.98	7.97	0	184540	-0.12	7.99	8.06	7.94	--  	0.41	1.51	0.01	火力发电	--  	0.000	
600395	盘江股份	2.83	147213200	6.90	6.71	0	215250	0.15	6.71	6.92	6.69	--  	3.58	3.43	0.19	煤炭开采	--  	0.000	
300127	银河磁体	4.23	146152912	17.48	16.77	0	84884	0.00	16.66	17.61	16.66	--  	1.49	5.66	0.71	元器件	--  	-0.000	
300649	杭州园林	1.49	143280624	37.51	36.96	0	38459	0.54	36.55	38.50	35.76	--  	0.00	7.41	0.55	建筑施工	--  	-0.000	
03300	中国玻璃	35.62	142294288	0.990	0.730	2000	176226000	1.02	0.750	1.090	0.750	--  	0.00	46.58	0.260	工业工程	--  	0.990	
00525	广深铁路股份	6.30	142189680	5.230	4.920	2000	27535922	0.00	5.000	5.250	4.970	--  	0.00	5.69	0.310	运输	--  	5.230	
002837	英维克	6.12	142092336	20.99	19.78	0	68582	0.00	19.43	21.50	19.29	--  	0.60	11.17	1.21	专用机械	--  	-0.000	
601001	大同煤业	2.72	139580992	6.05	5.89	0	232109	-0.15	5.86	6.10	5.86	--  	0.46	4.07	0.16	煤炭开采	--  	0.000	
03900	绿城中国	6.04	139367472	9.650	9.100	500	14704900	0.00	9.350	9.700	9.210	--  	0.00	5.38	0.550	地产	--  	9.650	
600459	贵研铂业	2.80	139233136	22.42	21.81	0	62414	0.09	22.06	22.57	22.03	--  	0.46	2.48	0.61	小金属	--  	0.000	
000999	华润三九	1.37	139088912	26.64	26.28	0	52662	0.45	26.30	26.68	26.10	--  	0.61	2.21	0.36	中成药	--  	-0.000	
601128	常熟银行	1.13	138504848	7.14	7.06	0	193384	0.14	7.06	7.27	7.03	--  	2.55	3.40	0.08	银行	--  	-0.000	
601901	方正证券	0.15	138273024	6.87	6.86	0	200107	0.15	6.83	7.00	6.81	--  	1.31	2.77	0.01	证券	--  	-0.000	
300619	金银河	3.48	136825600	47.29	45.70	0	28767	-0.05	45.85	49.69	45.70	--  	0.25	8.73	1.59	专用机械	--  	0.000	
300396	迪瑞医疗	9.99	136448752	43.82	39.84	0	31139	0.00	43.82	43.82	43.60	--  	0.50	0.55	3.98	医疗保健	--  	-0.000	
601555	东吴证券	0.83	136171456	9.72	9.64	0	139791	-0.09	9.61	9.89	9.58	--  	1.56	3.22	0.08	证券	--  	0.000	
600255	梦舟股份	4.78	134589328	3.73	3.56	0	368524	0.00	3.56	3.74	3.52	--  	0.56	6.18	0.17	铜	--  	0.000	
002431	棕榈股份	2.19	133712904	8.40	8.22	0	160482	0.00	8.22	8.50	8.15	--  	0.23	4.26	0.18	建筑施工	--  	-0.000	
601020	华钰矿业	4.55	133199256	20.67	19.77	0	65107	-0.42	19.52	20.98	19.52	--  	0.61	7.38	0.90	铅锌	--  	0.000	
603936	博敏电子	-3.47	133039920	27.85	28.85	0	44571	-0.17	31.74	31.74	27.11	--  	0.21	16.05	-1.00	元器件	--  	0.000	
300117	嘉寓股份	8.10	131679624	6.54	6.05	0	207826	0.77	6.03	6.57	6.03	--  	0.17	8.93	0.49	装修装饰	--  	-0.000	
300528	幸福蓝海	10.03	130449576	13.60	12.36	0	96754	0.00	12.31	13.60	12.25	--  	0.67	10.92	1.24	影视音像	--  	0.000	
300347	泰格医药	0.95	129561088	34.00	33.68	0	37377	-0.37	33.68	35.25	33.58	--  	0.30	4.96	0.32	医疗保健	--  	0.000	
600307	酒钢宏兴	1.42	126522960	2.86	2.82	0	444488	-0.34	2.81	2.88	2.80	--  	1.06	2.84	0.04	普钢	--  	-0.000	
002692	睿康股份	4.73	125461368	9.30	8.88	0	140258	0.54	8.88	9.30	8.82	--  	0.34	5.41	0.42	电气设备	--  	0.000	
002511	中顺洁柔	2.24	124622880	15.53	15.19	0	80697	0.06	15.19	16.30	14.95	--  	0.44	8.89	0.34	造纸	--  	-0.000	
02357	中航科工	7.07	122292520	4.240	3.960	1000	29180090	-0.24	3.970	4.270	3.970	--  	0.00	7.58	0.280	工业工程	--  	4.240	
300497	富祥股份	6.01	122163224	35.81	33.78	0	34508	0.06	33.78	35.86	33.65	--  	1.48	6.54	2.03	化学制药	--  	0.000	
002167	东方锆业	1.53	121150176	10.59	10.43	0	115078	0.00	10.35	10.67	10.32	--  	0.00	3.36	0.16	小金属	--  	0.000	
000655	金岭矿业	4.35	120822648	7.91	7.58	0	155078	-0.12	7.54	7.94	7.51	--  	1.32	5.67	0.33	普钢	--  	-0.000	
000686	东北证券	0.81	118630864	8.75	8.68	0	135093	0.11	8.67	8.87	8.65	--  	1.15	2.53	0.07	证券	--  	0.000	
600366	宁波韵升	2.61	117658352	16.88	16.45	0	70238	0.18	16.46	16.93	16.40	--  	1.22	3.22	0.43	电器仪表	--  	-0.000	
300133	华策影视	0.84	115425896	10.77	10.68	0	106637	-0.64	10.70	10.95	10.68	--  	0.28	2.53	0.09	影视音像	--  	0.000	
002276	万马股份	1.16	114402904	8.70	8.60	0	130274	0.00	8.63	8.93	8.55	--  	1.16	4.42	0.10	电气设备	--  	-0.000	
01060	阿里影业	6.93	112223152	1.080	1.010	10000	105760000	0.00	1.010	1.090	1.000	--  	0.00	8.91	0.070	媒体及娱乐	--  	1.080	
002865	钧达股份	3.72	110085120	21.74	20.96	0	51206	0.09	21.10	21.95	20.84	--  	0.24	5.30	0.78	汽车配件	--  	-0.000	
600139	西部资源	9.98	108643704	7.05	6.41	0	156183	0.00	6.38	7.05	6.37	--  	6.24	10.61	0.64	汽车整车	--  	0.000	
000750	国海证券	0.82	106120384	4.89	4.85	0	216221	0.00	4.85	4.99	4.83	--  	2.06	3.30	0.04	证券	--  	-0.000	
600637	东方明珠	0.72	105378712	16.69	16.57	0	62801	0.18	16.60	16.95	16.60	--  	2.05	2.11	0.12	影视音像	--  	0.000	
000796	凯撒旅游	5.05	103474472	13.94	13.27	0	75076	0.14	13.27	13.96	13.20	--  	0.75	5.73	0.67	旅游服务	--  	-0.000	
002736	国信证券	0.19	100359376	10.62	10.60	0	94169	0.00	10.56	10.82	10.45	--  	1.89	3.49	0.02	证券	--  	-0.000	
603131	上海沪工	1.55	100220264	20.97	20.65	0	46775	0.14	20.65	22.10	20.50	--  	0.85	7.75	0.32	专用机械	--  	-0.000	
000657	中钨高新	3.38	98061744	12.53	12.12	0	79249	0.00	12.09	12.65	12.00	--  	0.00	5.36	0.41	小金属	--  	-0.000	
600331	宏达股份	1.94	97571152	5.26	5.16	0	185719	-0.18	5.15	5.32	5.11	--  	5.91	4.07	0.10	铅锌	--  	0.000	
600508	上海能源	0.41	97404312	12.23	12.18	0	79733	-0.40	12.10	12.35	12.03	--  	0.82	2.63	0.05	煤炭开采	--  	-0.000	
002169	智光电气	3.71	96866528	5.31	5.12	0	184012	-0.37	5.12	5.51	5.10	--  	1.76	8.01	0.19	电气设备	--  	-0.000	
603777	来伊份	3.97	96570568	27.21	26.17	0	34873	0.04	26.01	28.79	26.01	--  	1.32	10.62	1.04	其他商业	--  	-0.000	
002175	东方网络	0.37	94966776	8.08	8.05	0	117283	-0.11	8.02	8.15	7.98	--  	0.48	2.11	0.03	电器仪表	--  	-0.000	
000150	宜华健康	0.70	92852448	30.28	30.07	0	30825	0.17	30.07	30.31	29.60	--  	0.67	2.36	0.21	医疗保健	--  	0.000	
603225	新凤鸣	1.33	92272408	35.13	34.67	0	26320	0.09	34.76	35.28	34.57	--  	0.00	2.05	0.46	化纤	--  	0.000	
002400	省广股份	2.73	91357880	5.27	5.13	0	173851	0.00	5.13	5.32	5.11	--  	0.57	4.09	0.14	广告包装	--  	-0.000	
601717	郑煤机	0.62	90995928	6.46	6.42	0	140756	-0.14	6.46	6.54	6.39	--  	0.17	2.34	0.04	工程机械	--  	0.000	
002227	奥 特 迅	3.81	89844880	18.54	17.86	0	48015	0.05	17.84	19.56	17.62	--  	0.06	10.86	0.68	电气设备	--  	0.000	
000603	盛达矿业	4.11	89460176	12.15	11.67	0	74114	-0.40	11.79	12.38	11.70	--  	4.28	5.83	0.48	铅锌	--  	-0.000	
601163	三角轮胎	0.69	89102928	20.31	20.17	0	43568	-0.04	20.18	20.67	20.18	--  	1.98	2.43	0.14	汽车配件	--  	-0.000	
002149	西部材料	4.88	88991768	9.67	9.22	0	93419	0.10	9.26	9.67	9.19	--  	0.00	5.21	0.45	小金属	--  	0.000	
300153	科泰电源	0.85	87886560	13.04	12.93	0	67180	0.00	12.85	13.38	12.70	--  	0.77	5.26	0.11	电气设备	--  	-0.000	
002494	华斯股份	5.20	85068672	9.10	8.65	0	95003	0.11	8.64	9.38	8.60	--  	0.12	9.02	0.45	服饰	--  	0.000	
600996	贵广网络	3.62	84422072	10.03	9.68	0	83006	-0.49	9.68	10.59	9.56	--  	1.14	10.64	0.35	影视音像	--  	-0.000	
300226	上海钢联	2.27	82851776	37.47	36.64	0	22060	0.05	36.64	37.90	36.56	--  	0.05	3.66	0.83	互联网	--  	0.000	
002284	亚太股份	3.45	81439424	9.00	8.70	0	90587	-0.10	8.80	9.11	8.79	--  	1.15	3.68	0.30	汽车配件	--  	0.000	
300426	唐德影视	4.51	80658304	19.91	19.05	0	40760	-0.04	19.15	20.19	18.80	--  	0.24	7.30	0.86	影视音像	--  	-0.000	
300519	新光药业	1.29	80637288	20.39	20.13	0	39183	-0.28	20.13	20.98	19.99	--  	1.24	4.92	0.26	中成药	--  	-0.000	
600236	桂冠电力	4.01	79848456	5.70	5.48	0	141593	-0.34	5.49	5.75	5.48	--  	2.37	4.93	0.22	水力发电	--  	-0.000	
002578	闽发铝业	3.08	79180512	4.69	4.55	0	170142	-0.20	4.52	4.79	4.45	--  	0.00	7.47	0.14	铝	--  	0.000	
600058	五矿发展	2.37	78434240	12.11	11.83	0	65076	0.17	11.80	12.20	11.77	--  	0.68	3.63	0.28	商贸代理	--  	-0.000	
300336	新文化	1.16	77301856	11.31	11.18	0	67842	0.09	11.13	11.58	11.12	--  	0.89	4.11	0.13	影视音像	--  	0.000	
603197	保隆科技	3.88	75750376	56.80	54.68	0	13535	0.05	54.70	56.99	54.35	--  	0.91	4.83	2.12	汽车配件	--  	-0.000	
000752	西藏发展	1.04	75716352	13.54	13.40	0	55722	0.30	13.30	13.80	13.30	--  	0.15	3.73	0.14	啤酒	--  	-0.000	
000065	北方国际	4.02	75554680	18.39	17.68	0	41498	0.05	17.69	18.42	17.69	--  	0.51	4.13	0.71	建筑施工	--  	-0.000	
000404	华意压缩	0.96	75535808	6.28	6.22	0	120361	0.00	6.23	6.30	6.19	--  	0.52	1.77	0.06	专用机械	--  	0.000	
603335	迪生力	1.50	75180400	11.52	11.35	0	65862	0.35	11.25	11.57	11.15	--  	0.00	3.70	0.17	汽车配件	--  	0.000	
02840	ＳＰＤＲ金ＥＴＦ	0.58	75164216	958.000	952.500	10	78550	-0.10	955.000	959.000	954.500	--  	0.00	0.47	5.500		--  	958.000	
002303	美盈森	0.45	74152744	6.74	6.71	0	111790	1.05	6.71	6.76	6.55	--  	0.33	3.13	0.03	造纸	--  	-0.000	
300683	海特生物	2.45	73888472	54.69	53.38	0	13538	-0.01	53.39	55.17	53.10	--  	0.00	3.88	1.31	生物制药	--  	-0.000	
300069	金利华电	0.09	73204776	34.02	33.99	0	20927	0.06	33.99	36.00	33.90	--  	0.15	6.18	0.03	电气设备	--  	0.000	
03167	南方中国新行业	0.87	71919280	75.300	74.650	50	956850	0.00	75.000	75.350	74.750	--  	0.00	0.80	0.650		--  	75.300	
600864	哈投股份	3.10	70814264	7.99	7.75	0	90065	0.63	7.70	8.02	7.66	--  	1.29	4.65	0.24	火力发电	--  	-0.000	
600101	明星电力	4.01	69198256	9.34	8.98	0	74446	0.21	9.14	9.56	9.14	--  	0.56	4.68	0.36	水力发电	--  	0.000	
603300	华铁科技	2.39	68346152	8.13	7.94	0	83844	-0.24	7.99	8.25	7.92	--  	0.44	4.16	0.19	钢加工	--  	0.000	
603976	正川股份	3.09	68260208	28.34	27.49	0	24428	-0.20	27.32	28.47	27.09	--  	0.00	5.02	0.85	医疗保健	--  	0.000	
002207	*ST准油	3.54	68106152	8.78	8.48	0	78433	0.23	8.66	8.89	8.48	--  	0.12	4.83	0.30	石油开采	--  	-0.000	
300382	斯莱克	0.46	67938360	15.28	15.21	0	44390	0.13	15.20	15.49	15.10	--  	2.63	2.56	0.07	专用机械	--  	-0.000	
01929	周大福	0.12	67764288	8.200	8.190	200	8293600	-0.73	8.200	8.270	8.100	--  	1.46	2.08	0.010	纺织服饰	--  	8.200	
002266	浙富控股	0.23	67506552	4.35	4.34	0	155383	0.46	4.33	4.40	4.30	--  	0.23	2.30	0.01	电气设备	--  	-0.000	
000552	靖远煤电	1.73	67504712	3.52	3.46	0	193225	0.00	3.44	3.54	3.43	--  	0.58	3.18	0.06	煤炭开采	--  	-0.000	
002885	京泉华	4.22	66657720	35.31	33.88	0	19143	0.23	33.80	35.32	33.80	--  	0.00	4.49	1.43	元器件	--  	0.000	
601900	南方传媒	4.07	66589900	11.77	11.31	0	57189	0.17	11.31	11.93	11.25	--  	0.85	6.01	0.46	出版业	--  	0.000	
002647	民盛金科	2.63	66578244	32.00	31.18	0	21646	3.90	30.63	32.00	29.58	--  	0.00	7.76	0.82	多元金融	--  	0.000	
603721	中广天择	2.70	66316020	27.78	27.05	0	23685	-0.06	27.00	28.87	26.86	--  	0.00	7.43	0.73	影视音像	--  	0.000	
300300	汉鼎宇佑	3.46	66122788	16.76	16.20	0	40372	-0.17	16.20	17.00	16.05	--  	0.06	5.86	0.56	软件服务	--  	0.000	
00530	高银金融	0.49	64620664	4.110	4.090	2000	15804000	-0.24	4.080	4.150	4.060	--  	0.00	2.20	0.020	其他金融	--  	4.110	
300160	秀强股份	2.52	63957216	7.73	7.54	0	82770	-0.25	7.54	7.92	7.47	--  	0.53	5.97	0.19	玻璃	--  	0.000	
002492	恒基达鑫	2.76	63754644	7.44	7.24	0	85970	0.13	7.30	7.51	7.30	--  	0.55	2.90	0.20	仓储物流	--  	0.000	
300616	尚品宅配	4.15	61729692	154.45	148.30	0	4010	0.17	148.90	156.96	148.60	--  	0.00	5.64	6.15	家居用品	--  	-0.000	
002607	亚夏汽车	0.25	61679996	4.04	4.03	0	151764	0.25	4.00	4.14	3.97	--  	0.69	4.22	0.01	汽车服务	--  	-0.000	
06169	宇华教育	4.23	61670204	3.700	3.550	2000	16428000	0.00	3.650	3.890	3.650	--  	1.16	6.76	0.150	支援服务	--  	3.700	
600980	北矿科技	3.93	61209528	15.34	14.76	0	40127	-0.06	14.74	15.50	14.73	--  	0.29	5.22	0.58	元器件	--  	0.000	
000962	东方钽业	2.76	60725976	8.56	8.33	0	71211	-0.11	8.29	8.62	8.27	--  	0.36	4.20	0.23	小金属	--  	0.000	
300441	鲍斯股份	1.05	60040860	23.95	23.70	0	24917	0.17	24.00	24.89	23.75	--  	0.63	4.81	0.25	机床制造	--  	0.000	
300284	苏交科	1.75	58459720	16.24	15.96	0	35965	0.12	15.93	16.47	15.86	--  	0.85	3.82	0.28	建筑施工	--  	-0.000	
300366	创意信息	4.47	57716620	11.68	11.18	0	50298	1.48	11.18	11.68	11.14	--  	0.45	4.83	0.50	软件服务	--  	0.000	
000708	大冶特钢	1.96	57599828	11.46	11.24	0	50520	0.00	11.25	11.52	11.25	--  	1.78	2.40	0.22	特种钢	--  	0.000	
600370	三房巷	1.95	57065984	3.14	3.08	0	180614	0.00	3.06	3.26	3.03	--  	0.65	7.47	0.06	纺织	--  	0.000	
603043	广州酒家	2.69	56167980	19.48	18.97	0	28901	0.00	18.94	19.69	18.80	--  	0.00	4.69	0.51	食品	--  	-0.000	
02068	中铝国际	23.76	55497864	3.750	3.030	1000	14694600	-1.32	3.030	4.340	3.030	--  	0.00	43.23	0.720	建筑	--  	3.750	
002873	新天药业	4.00	54872852	42.33	40.70	0	13019	-0.01	40.60	43.00	40.60	--  	0.00	5.90	1.63	中成药	--  	0.000	
600186	莲花健康	0.99	54046972	3.06	3.03	0	178260	0.66	3.01	3.06	2.99	--  	0.00	2.31	0.03	食品	--  	-0.000	
600826	兰生股份	2.31	53746816	13.27	12.97	0	40144	0.08	13.01	13.60	13.01	--  	4.63	4.55	0.30	商贸代理	--  	0.000	
600959	江苏有线	0.74	53144808	8.20	8.14	0	64457	0.24	8.12	8.38	8.10	--  	1.23	3.44	0.06	影视音像	--  	-0.000	
601595	上海电影	9.98	53143416	20.39	18.54	0	26427	0.00	18.60	20.39	18.46	--  	1.35	10.41	1.85	影视音像	--  	-0.000	
601588	北辰实业	0.53	52957596	5.74	5.71	0	92419	0.00	5.71	5.77	5.66	--  	1.05	1.93	0.03	区域地产	--  	-0.000	
000726	鲁 泰Ａ	1.22	52366176	10.81	10.68	0	48528	0.00	10.68	10.84	10.68	--  	4.68	1.50	0.13	纺织	--  	0.000	
300670	大烨智能	2.81	52198076	22.72	22.10	0	22854	-0.03	22.19	23.27	22.12	--  	0.00	5.20	0.62	电气设备	--  	-0.000	
300001	特锐德	0.95	51542152	13.75	13.62	0	37468	0.15	13.61	13.88	13.55	--  	0.15	2.42	0.13	电气设备	--  	0.000	
08227	西安海天天	11.67	51491204	7.750	6.940	1000	6786000	0.00	6.900	7.840	6.890	--  	0.00	13.69	0.810	信息器材	--  	7.750	
00839	中教控股	1.69	51322132	6.610	6.500	1000	7766000	-0.15	6.500	6.690	6.470	--  	0.00	3.38	0.110	支援服务	--  	6.610	
603577	汇金通	2.67	50447932	13.86	13.50	0	36689	0.43	13.56	14.03	13.36	--  	0.81	4.96	0.36	钢加工	--  	-0.000	
600936	广西广电	2.53	50232732	6.89	6.72	0	72530	0.44	6.70	7.09	6.65	--  	1.93	6.55	0.17	影视音像	--  	-0.000	
600475	华光股份	3.94	49689040	14.51	13.96	0	34654	0.14	14.00	14.61	13.96	--  	0.72	4.66	0.55	专用机械	--  	0.000	
300443	金雷风电	5.20	48891632	16.60	15.78	0	30055	0.06	15.75	17.35	15.71	--  	1.14	10.39	0.82	专用机械	--  	0.000	
600381	青海春天	2.69	48269936	10.68	10.40	0	45498	0.28	10.40	10.69	10.35	--  	0.00	3.27	0.28	医疗保健	--  	0.000	
600461	洪城水业	2.24	48073192	6.38	6.24	0	75455	-0.15	6.40	6.44	6.30	--  	2.88	2.24	0.14	水务	--  	0.000	
002847	盐津铺子	2.47	47336680	26.18	25.55	0	18005	0.04	25.60	27.48	25.08	--  	0.78	9.39	0.63	食品	--  	0.000	
600039	四川路桥	0.25	47075088	4.05	4.04	0	116449	0.00	4.05	4.07	4.00	--  	1.04	1.73	0.01	建筑施工	--  	0.000	
600269	赣粤高速	1.19	46895052	5.11	5.05	0	91936	0.20	5.08	5.12	5.08	--  	2.97	0.79	0.06	路桥	--  	0.000	
300632	光莆股份	3.09	46665732	22.37	21.70	0	20677	0.18	21.52	23.50	21.39	--  	0.00	9.72	0.67	半导体	--  	0.000	
300508	维宏股份	2.31	46623160	72.20	70.57	0	6438	0.00	70.58	73.48	70.58	--  	0.20	4.11	1.63	软件服务	--  	-0.000	
002867	周大生	1.35	46332392	27.70	27.33	0	16750	0.04	27.23	27.84	27.21	--  	2.20	2.31	0.37	服饰	--  	0.000	
603339	四方冷链	1.03	45970272	23.46	23.22	0	19417	-0.03	23.26	24.13	23.26	--  	0.78	3.75	0.24	专用机械	--  	-0.000	
000965	天保基建	1.63	45706600	5.60	5.51	0	81970	0.00	5.49	5.63	5.47	--  	0.22	2.90	0.09	区域地产	--  	-0.000	
600070	浙江富润	0.53	45589240	9.46	9.41	0	48450	-0.10	9.44	9.51	9.29	--  	1.06	2.34	0.05	纺织	--  	0.000	
002611	东方精工	0.46	45491604	12.98	12.92	0	35033	-0.07	12.90	13.07	12.81	--  	0.16	2.01	0.06	轻工机械	--  	-0.000	
603987	康德莱	2.90	44534608	12.43	12.08	0	36325	0.49	11.93	12.65	11.90	--  	0.83	6.21	0.35	医疗保健	--  	0.000	
002823	凯中精密	2.59	43726592	15.84	15.44	0	27537	-0.12	15.44	16.31	15.32	--  	0.89	6.41	0.40	机械基件	--  	0.000	
603269	海鸥股份	2.86	43565936	24.07	23.40	0	18468	0.59	23.32	24.29	23.03	--  	0.00	5.38	0.67	机械基件	--  	-0.000	
603358	华达科技	1.00	43515044	36.48	36.12	0	11858	-0.04	36.39	37.11	36.10	--  	1.88	2.80	0.36	汽车配件	--  	-0.000	
002659	中泰桥梁	4.32	43435992	12.55	12.03	0	34309	0.48	12.18	13.18	12.16	--  	0.02	8.48	0.52	建筑施工	--  	0.000	
01617	南方通信	6.71	43323404	5.250	4.920	4000	9036000	1.35	4.920	5.250	4.900	--  	0.00	7.11	0.330	信息器材	--  	5.250	
002590	万安科技	0.08	43206700	12.85	12.84	0	33368	-0.07	12.84	13.10	12.84	--  	0.19	2.02	0.01	汽车配件	--  	0.000	
002646	青青稞酒	1.53	43026960	15.30	15.07	0	28258	0.20	15.12	15.37	15.05	--  	1.13	2.12	0.23	白酒	--  	0.000	
01103	大生农业金融	8.47	42705224	0.640	0.590	8000	69606000	1.59	0.590	0.640	0.590	468800	0.00	8.47	0.050	石油天然气	776000	0.640	
603331	百达精工	2.40	42288576	19.64	19.18	0	21727	0.10	19.07	19.67	19.01	--  	0.00	3.44	0.46	专用机械	--  	-0.000	
300230	永利股份	4.35	41558352	13.68	13.11	0	30883	0.37	13.08	13.68	13.08	--  	0.85	4.58	0.57	塑料	--  	0.000	
002003	伟星股份	2.33	41405696	11.43	11.17	0	36420	0.09	11.20	11.45	11.16	--  	3.44	2.60	0.26	服饰	--  	0.000	
000959	首钢股份	1.20	41047472	5.89	5.82	0	69560	0.00	5.86	5.93	5.84	--  	0.17	1.55	0.07	普钢	--  	-0.000	
002454	松芝股份	0.62	40777424	11.42	11.35	0	35356	-0.25	11.30	11.64	11.30	--  	0.88	3.00	0.07	汽车配件	--  	0.000	
600193	创兴资源	3.04	40398520	5.42	5.26	0	75134	0.00	5.24	5.55	5.19	--  	0.58	6.84	0.16	装修装饰	--  	0.000	
300584	海辰药业	4.33	40108292	32.76	31.40	0	12163	0.15	31.65	33.80	31.40	--  	0.96	7.64	1.36	化学制药	--  	-0.000	
600992	贵绳股份	0.09	40045472	10.91	10.90	0	36496	-0.17	10.84	11.15	10.80	--  	0.28	3.21	0.01	钢加工	--  	-0.000	
002852	道道全	0.61	39748724	33.00	32.80	0	12014	0.00	32.47	33.63	32.35	--  	0.74	3.90	0.20	食品	--  	0.000	
00951	超威动力	2.20	39740300	4.190	4.100	1000	9446000	0.24	4.120	4.270	4.100	--  	0.00	4.15	0.090	工业工程	--  	4.190	
002788	鹭燕医药	1.97	39731360	29.57	29.00	0	13477	-0.02	29.15	29.83	28.91	--  	0.69	3.17	0.57	医药商业	--  	-0.000	
600064	南京高科	0.57	39696048	14.09	14.01	0	28081	-0.20	14.06	14.23	14.04	--  	2.86	1.36	0.08	园区开发	--  	0.000	
603679	华体科技	2.21	38997152	25.01	24.47	0	15726	0.77	24.17	25.37	24.11	--  	0.00	5.15	0.54	电气设备	--  	0.000	
00680	南海控股	3.92	38974076	0.265	0.255	50000	150103232	1.92	0.255	0.265	0.250	--  	0.00	5.88	0.010	媒体及娱乐	--  	0.265	
600612	老凤祥	1.27	38332128	40.82	40.31	0	9444	0.15	40.40	41.10	40.31	--  	2.48	1.96	0.51	服饰	--  	-0.000	
000571	新大洲Ａ	0.98	38316312	5.15	5.10	0	74799	0.19	5.10	5.18	5.07	--  	0.59	2.16	0.05	综合类	--  	0.000	
300625	三雄极光	0.16	37922728	24.62	24.58	0	15291	-0.03	24.43	25.05	24.43	--  	0.00	2.52	0.04	半导体	--  	0.000	
603009	北特科技	3.40	37392332	9.43	9.12	0	40442	0.32	9.10	9.62	9.01	--  	0.00	6.69	0.31	汽车配件	--  	0.000	
603908	牧高笛	5.25	37380532	36.86	35.02	0	10314	0.03	35.05	37.34	34.71	--  	1.14	7.51	1.84	纺织	--  	0.000	
600713	南京医药	0.65	37269192	6.24	6.20	0	60364	-0.15	6.20	6.29	6.12	--  	0.73	2.74	0.04	医药商业	--  	-0.000	
600961	株冶集团	3.32	36994752	8.40	8.13	0	44246	0.00	8.13	8.47	8.07	--  	1.85	4.92	0.27	铅锌	--  	-0.000	
002820	桂发祥	1.41	36148616	25.88	25.52	0	13846	0.08	25.35	27.00	25.35	--  	0.98	6.47	0.36	食品	--  	-0.000	
000030	富奥股份	1.13	35686540	8.07	7.98	0	44439	0.25	7.95	8.08	7.95	--  	2.51	1.63	0.09	汽车配件	--  	-0.000	
002469	三维工程	5.83	35161968	6.72	6.35	0	53487	0.75	6.45	6.72	6.37	--  	1.57	5.51	0.37	建筑施工	--  	-0.000	
600973	宝胜股份	5.06	35085684	4.98	4.74	0	71154	-0.19	4.74	5.05	4.74	--  	1.41	6.54	0.24	电气设备	--  	0.000	
000739	普洛药业	1.41	34944904	6.48	6.39	0	54259	-0.45	6.35	6.52	6.32	--  	1.05	3.13	0.09	化学制药	--  	0.000	
000716	黑芝麻	2.12	34863500	5.29	5.18	0	66170	0.00	5.18	5.32	5.18	--  	0.97	2.70	0.11	食品	--  	-0.000	
600638	新黄浦	0.14	34454608	14.56	14.54	0	23675	-0.06	14.54	14.75	14.45	--  	0.69	2.06	0.02	区域地产	--  	0.000	
603886	元祖股份	10.01	34370764	20.44	18.58	0	17195	0.00	18.50	20.44	18.43	--  	1.24	10.82	1.86	食品	--  	0.000	
603803	瑞斯康达	0.39	34204960	18.22	18.15	0	18653	-0.26	17.90	18.61	17.88	--  	0.00	4.02	0.07	通信设备	--  	-0.000	
00297	中化化肥	8.20	34028084	1.320	1.220	2000	26247478	0.00	1.230	1.330	1.220	--  	0.00	9.02	0.100	原材料	--  	1.320	
300328	宜安科技	3.29	33129762	9.74	9.43	0	34231	-0.19	9.43	9.91	9.42	--  	0.21	5.20	0.31	铝	--  	-0.000	
002732	燕塘乳业	1.82	33023408	27.41	26.92	0	12041	0.11	27.06	27.68	27.06	--  	0.56	2.30	0.49	乳制品	--  	-0.000	
01812	晨鸣纸业	3.11	32488886	13.920	13.500	500	2369000	0.58	13.560	13.920	13.520	--  	0.00	2.96	0.420	原材料	--  	13.920	
000662	天夏智慧	0.27	32428812	14.95	14.91	0	21825	0.00	14.89	14.99	14.74	--  	0.34	1.68	0.04	软件服务	--  	-0.000	
603958	哈森股份	0.87	31910470	13.94	13.82	0	22720	-0.06	13.84	14.27	13.73	--  	1.88	3.91	0.12	服饰	--  	-0.000	
603508	思维列控	0.58	31741730	38.30	38.08	0	8303	0.13	38.00	38.46	37.74	--  	0.61	1.89	0.22	软件服务	--  	-0.000	
603029	天鹅股份	1.15	31733424	20.19	19.96	0	15720	-0.19	19.83	20.75	19.65	--  	0.46	5.51	0.23	农用机械	--  	0.000	
603887	城地股份	3.64	31286268	25.35	24.46	0	12352	-0.19	24.46	26.50	24.35	--  	0.43	8.79	0.89	建筑施工	--  	0.000	
300533	冰川网络	1.34	30871432	50.50	49.83	0	6071	0.14	49.40	51.83	49.40	--  	1.40	4.88	0.67	软件服务	--  	0.000	
002767	先锋电子	3.19	30765990	21.00	20.35	0	14711	-0.37	20.22	21.60	20.01	--  	0.39	7.81	0.65	电器仪表	--  	0.000	
300489	中飞股份	3.41	30591474	20.29	19.62	0	15114	-0.09	19.26	20.62	19.26	--  	0.16	6.93	0.67	铝	--  	0.000	
002441	众业达	0.20	30182168	9.85	9.83	0	30436	-0.09	9.86	10.03	9.78	--  	0.81	2.54	0.02	批发业	--  	0.000	
002328	新朋股份	1.96	29622136	6.77	6.64	0	44051	0.15	6.63	6.80	6.60	--  	0.68	3.01	0.13	汽车配件	--  	-0.000	
002811	亚泰国际	1.57	29306034	19.46	19.16	0	15016	-0.25	19.08	19.94	19.02	--  	1.04	4.80	0.30	装修装饰	--  	-0.000	
08055	中国网络信息科技	1.67	29083586	0.305	0.300	8000	97221840	0.00	0.320	0.320	0.295	--  	0.00	8.33	0.005	软件服务	--  	0.305	
603701	德宏股份	1.96	28367156	19.28	18.91	0	14783	0.16	18.88	19.35	18.77	--  	0.66	3.07	0.37	汽车配件	--  	0.000	
02099	中国黄金国际	3.76	28174402	13.800	13.300	100	2070300	0.58	13.340	13.820	13.300	60070	0.00	3.91	0.500	黄金贵金属	4400	13.800	
002620	瑞和股份	0.64	28141050	9.45	9.39	0	29715	-0.20	9.37	9.56	9.37	--  	1.07	2.02	0.06	装修装饰	--  	-0.000	
600647	同达创业	4.89	27900616	18.65	17.78	0	15199	0.00	17.60	18.88	17.60	--  	0.59	7.20	0.87	综合类	--  	-0.000	
300531	优博讯	1.15	27232644	15.81	15.63	0	17133	-0.05	15.60	16.09	15.60	--  	0.27	3.13	0.18	软件服务	--  	0.000	
600689	上海三毛	0.18	27124208	11.32	11.30	0	23890	0.00	11.29	11.60	11.16	--  	0.44	3.89	0.02	纺织	--  	-0.000	
600792	云煤能源	1.90	27112348	4.28	4.20	0	64063	0.47	4.16	4.28	4.15	--  	0.00	3.10	0.08	焦炭加工	--  	0.000	
01338	霸王集团	29.44	26900980	0.255	0.197	2000	109428000	-1.92	0.231	0.260	0.218	--  	0.00	21.32	0.058	纺织服饰	--  	0.255	
300472	新元科技	1.75	26878430	29.15	28.65	0	9407	1.82	28.51	29.23	27.50	--  	0.12	6.04	0.50	专用机械	--  	-0.000	
002199	东晶电子	2.48	26718692	14.90	14.54	0	18038	0.34	14.39	15.13	14.39	--  	0.36	5.09	0.36	元器件	--  	-0.000	
601969	海南矿业	2.27	26697104	9.01	8.81	0	29918	0.00	8.83	9.08	8.72	--  	0.33	4.09	0.20	普钢	--  	0.000	
600476	湘邮科技	1.27	26496748	16.01	15.81	0	16595	-0.05	15.71	16.12	15.70	--  	0.00	2.66	0.20	软件服务	--  	0.000	
01233	时代地产	5.50	26418032	7.480	7.090	1000	3592000	-0.27	7.120	7.520	7.100	981220	0.00	5.92	0.390	地产	133000	7.480	
300281	金明精机	1.78	26151866	13.13	12.90	0	20213	-0.07	12.77	13.14	12.61	--  	0.34	4.11	0.23	专用机械	--  	0.000	
002105	信隆健康	0.93	25994412	6.54	6.48	0	39911	0.46	6.42	6.69	6.41	--  	0.70	4.32	0.06	文教休闲	--  	-0.000	
603017	中衡设计	3.61	25590858	15.22	14.69	0	16965	-0.12	14.59	15.45	14.50	--  	0.92	6.47	0.53	建筑施工	--  	0.000	
600088	中视传媒	2.81	25109602	13.17	12.81	0	19182	0.08	12.82	13.25	12.75	--  	0.20	3.90	0.36	影视音像	--  	0.000	
300473	德尔股份	1.85	24900040	39.62	38.90	0	6239	0.61	38.87	40.98	38.87	--  	0.67	5.42	0.72	汽车配件	--  	-0.000	
603985	恒润股份	1.01	24329064	36.99	36.62	0	6578	-0.15	36.64	37.38	36.33	--  	0.00	2.87	0.37	机械基件	--  	0.000	
300439	美康生物	0.42	23385122	19.00	18.92	0	12297	0.21	18.93	19.19	18.73	--  	0.32	2.43	0.08	医疗保健	--  	0.000	
300617	安靠智电	0.97	23150378	49.95	49.47	0	4624	0.00	49.40	50.75	49.30	--  	0.40	2.93	0.48	电气设备	--  	0.000	
600128	弘业股份	1.33	22974790	9.13	9.01	0	24935	-0.21	9.20	9.38	9.13	--  	0.55	2.77	0.12	商贸代理	--  	0.000	
02323	中国港桥	6.83	22877952	2.970	2.780	2000	8013000	6.07	2.710	2.980	2.700	10900	0.00	10.07	0.190	工业工程	4000	2.970	
300539	横河模具	1.75	22771658	11.07	10.88	0	20523	-0.08	10.92	11.21	10.85	--  	0.38	3.31	0.19	塑料	--  	-0.000	
01439	移动互联（中国）	1.89	22724982	2.160	2.120	5000	10675000	-0.92	2.110	2.180	2.100	--  	0.00	3.77	0.040	工用支援	--  	2.160	
002871	伟隆股份	1.94	22719806	34.61	33.95	0	6604	-0.13	33.80	34.70	33.71	--  	0.00	2.92	0.66	机械基件	--  	0.000	
000521	美菱电器	0.20	22611404	5.05	5.04	0	44681	-0.19	5.02	5.10	5.02	--  	1.19	1.59	0.01	家用电器	--  	0.000	
002381	双箭股份	1.98	22319930	7.73	7.58	0	28984	0.00	7.61	7.75	7.61	--  	1.32	1.85	0.15	橡胶	--  	0.000	
002574	明牌珠宝	1.08	20944636	7.46	7.38	0	28172	0.00	7.40	7.50	7.34	--  	0.68	2.17	0.08	服饰	--  	0.000	
603416	信捷电气	0.58	20832520	31.08	30.90	0	6688	-0.21	30.79	31.44	30.77	--  	0.42	2.17	0.18	电气设备	--  	-0.000	
300621	维业股份	1.48	20815432	19.20	18.92	0	10860	0.21	18.88	19.35	18.85	--  	0.00	2.64	0.28	装修装饰	--  	0.000	
000665	湖北广电	1.52	20458834	10.02	9.87	0	20448	0.00	9.87	10.07	9.87	--  	0.81	2.03	0.15	影视音像	--  	0.000	
603536	惠发股份	1.24	20443784	19.64	19.40	0	10385	-0.19	19.29	19.95	19.29	--  	0.00	3.40	0.24	食品	--  	-0.000	
300563	神宇股份	0.16	20417004	30.41	30.36	0	6679	-0.19	30.30	30.70	30.16	--  	0.66	1.78	0.05	通信设备	--  	-0.000	
00996	嘉年华国际	3.95	20397650	0.395	0.380	10000	53360000	5.33	0.380	0.395	0.375	--  	0.00	5.26	0.015	地产	--  	0.395	
603838	四通股份	2.44	20173836	12.17	11.88	0	16685	0.58	11.91	12.25	11.80	--  	0.59	3.79	0.29	陶瓷	--  	0.000	
300179	四方达	1.80	20024116	6.21	6.10	0	32391	0.16	6.10	6.24	6.10	--  	0.82	2.30	0.11	矿物制品	--  	0.000	
600615	丰华股份	1.68	19841608	13.31	13.09	0	15041	0.23	13.03	13.35	13.02	--  	0.00	2.52	0.22	小金属	--  	0.000	
300057	万顺股份	0.99	19821020	10.18	10.08	0	19424	-0.19	10.07	10.32	10.05	--  	0.40	2.68	0.10	广告包装	--  	0.000	
603665	康隆达	4.13	19684628	31.51	30.26	0	6356	0.25	30.03	31.57	30.03	--  	0.00	5.09	1.25	纺织	--  	0.000	
002851	麦格米特	0.03	18730166	34.02	34.01	0	5444	-0.11	34.09	34.79	34.01	--  	0.00	2.29	0.01	电气设备	--  	0.000	
002627	宜昌交运	1.04	18061248	18.39	18.20	0	9822	-0.04	18.10	18.48	18.10	--  	0.59	2.09	0.19	公共交通	--  	-0.000	
300549	优德精密	1.11	18014160	20.98	20.75	0	8546	-0.04	20.53	21.38	20.53	--  	0.48	4.10	0.23	专用机械	--  	-0.000	
300515	三德科技	0.26	18001992	11.50	11.47	0	15638	0.09	11.35	11.74	11.34	--  	0.87	3.49	0.03	电器仪表	--  	0.000	
01166	星凯控股	1.61	17466286	0.630	0.620	20000	28601552	1.61	0.610	0.630	0.600	--  	0.00	4.84	0.010	工业工程	--  	0.630	
00631	三一国际	8.33	17384506	1.560	1.440	1000	11413500	0.65	1.440	1.570	1.430	--  	0.00	9.72	0.120	工业工程	--  	1.560	
002205	国统股份	1.52	17169068	17.36	17.10	0	9899	0.17	17.10	17.51	17.01	--  	1.05	2.92	0.26	其他建材	--  	0.000	
600281	太化股份	1.83	17077584	5.55	5.45	0	31050	-0.71	5.41	5.67	5.38	--  	0.10	5.32	0.10	化工原料	--  	0.000	
300165	天瑞仪器	0.80	17068206	6.29	6.24	0	27150	-0.15	6.22	6.34	6.20	--  	0.40	2.24	0.05	电器仪表	--  	-0.000	
300610	晨化股份	0.84	17017276	16.81	16.67	0	10093	0.12	16.61	17.09	16.61	--  	0.40	2.88	0.14	化工原料	--  	-0.000	
600368	五洲交通	0.58	17008688	5.23	5.20	0	32672	0.19	5.19	5.24	5.16	--  	1.54	1.54	0.03	路桥	--  	0.000	
002107	沃华医药	5.54	17001800	12.20	11.56	0	14376	0.91	11.70	12.20	11.36	--  	0.87	7.27	0.64	中成药	--  	-0.000	
600469	风神股份	0.36	16423624	5.52	5.50	0	29726	0.00	5.50	5.58	5.49	--  	1.82	1.64	0.02	汽车配件	--  	-0.000	
600222	太龙药业	0.57	16410448	5.28	5.25	0	31085	0.00	5.24	5.32	5.23	--  	0.19	1.71	0.03	中成药	--  	0.000	
01786	铁建装备	2.16	16327271	1.890	1.850	500	8597000	-1.05	1.880	1.940	1.870	41705	0.00	3.78	0.040	工业工程	22000	1.890	
603656	泰禾光电	0.83	16145905	31.65	31.39	0	5109	0.35	31.22	31.87	31.09	--  	0.46	2.48	0.26	专用机械	--  	-0.000	
600853	龙建股份	0.21	15715396	4.81	4.80	0	32762	0.00	4.79	4.82	4.76	--  	0.35	1.25	0.01	建筑施工	--  	-0.000	
000589	黔轮胎Ａ	0.43	15669209	4.65	4.63	0	33664	0.00	4.63	4.68	4.62	--  	0.86	1.30	0.02	汽车配件	--  	0.000	
08200	修身堂	28.33	15494481	0.077	0.060	40000	227380000	14.93	0.060	0.079	0.057	--  	0.00	36.67	0.017	医疗服务	--  	0.077	
600078	澄星股份	1.35	14944166	5.26	5.19	0	28500	0.19	5.19	5.28	5.18	--  	0.58	1.93	0.07	化工原料	--  	0.000	
600192	长城电工	0.16	14673196	6.45	6.44	0	22818	0.16	6.43	6.47	6.40	--  	0.12	1.09	0.01	电气设备	--  	-0.000	
300490	华自科技	2.10	14652902	13.63	13.35	0	10828	0.29	13.07	13.67	13.07	--  	0.33	4.49	0.28	电气设备	--  	0.000	
03698	徽商银行	1.67	14399987	4.250	4.180	1000	3460000	1.19	4.180	4.250	4.070	--  	0.00	4.31	0.070	银行	--  	4.250	
601968	宝钢包装	0.79	14286046	5.12	5.08	0	27877	-0.18	5.08	5.17	5.05	--  	0.08	2.36	0.04	广告包装	--  	-0.000	
300421	力星股份	1.51	14042021	19.54	19.25	0	7200	-0.60	19.15	19.74	19.10	--  	2.03	3.32	0.29	机械基件	--  	0.000	
01140	东英金融投资	4.48	13891992	2.800	2.680	4000	5162963	2.94	2.630	2.860	2.600	655120	0.00	9.70	0.120	其他金融	236000	2.800	
03689	康华医疗	1.43	13535389	12.760	12.580	200	1074800	0.00	12.580	12.900	12.380	--  	0.00	4.13	0.180	医疗服务	--  	12.760	
06833	兴科蓉医药	2.90	13134361	0.710	0.690	4000	18736000	0.00	0.690	0.710	0.690	--  	0.00	2.90	0.020	医药医疗	--  	0.710	
00279	民众金融科技	4.08	13042562	0.510	0.490	20000	26403034	4.08	0.485	0.510	0.475	--  	0.00	7.14	0.020	其他金融	--  	0.510	
603006	联明股份	0.41	12860751	14.86	14.80	0	8563	-0.12	14.60	15.21	14.60	--  	1.42	4.12	0.06	汽车配件	--  	-0.000	
000668	荣丰控股	2.90	12444806	14.90	14.48	0	8449	0.00	14.47	15.08	14.39	--  	0.14	4.77	0.42	区域地产	--  	-0.000	
002295	精艺股份	1.28	12334388	11.85	11.70	0	10422	0.00	11.76	11.96	11.60	--  	0.34	3.08	0.15	铜	--  	0.000	
08102	利宝阁集团	7.41	12088151	0.435	0.405	10000	26900000	-1.14	0.405	0.520	0.400	--  	0.00	29.63	0.030	酒店及消闲	--  	0.435	
300509	新美星	1.23	11318622	24.68	24.38	0	4585	-0.03	24.39	25.00	24.22	--  	1.85	3.20	0.30	专用机械	--  	0.000	
00579	京能清洁能源	1.52	11276217	2.010	1.980	2000	5666000	0.50	1.980	2.010	1.970	--  	0.00	2.02	0.030	公用事业	--  	2.010	
002790	瑞尔特	0.08	11007856	26.25	26.23	0	4194	-0.07	26.20	26.50	26.03	--  	1.52	1.79	0.02	家居用品	--  	0.000	
600819	耀皮玻璃	0.18	10992560	5.46	5.45	0	20087	-0.17	5.46	5.50	5.42	--  	1.34	1.47	0.01	玻璃	--  	0.000	
600272	开开实业	2.20	10799632	10.68	10.45	0	10198	0.19	10.51	10.70	10.41	--  	0.29	2.78	0.23	中成药	--  	0.000	
300154	瑞凌股份	1.21	10676338	6.70	6.62	0	16094	0.60	6.56	6.72	6.56	--  	2.27	2.42	0.08	元器件	--  	-0.000	
00943	意科控股	20.27	10579340	0.089	0.074	8000	130896496	3.49	0.075	0.090	0.072	--  	0.00	24.32	0.015	家电及用品	--  	0.089	
01111	创兴银行	1.21	10551402	16.680	16.480	1000	634236	0.00	16.560	16.720	16.560	--  	0.90	0.97	0.200	银行	--  	16.680	
603208	江山欧派	0.77	10221104	41.86	41.54	0	2449	0.48	41.50	42.02	41.20	--  	0.99	1.97	0.32	家居用品	--  	0.000	
03683	荣丰联合控股	1.56	8984225	1.300	1.280	2500	7082500	4.00	1.270	1.300	1.240	--  	0.00	4.69	0.020	工用运输	--  	1.300	
08083	中国创新支付	3.90	8368871	0.400	0.385	4000	21121000	0.00	0.375	0.405	0.370	23500	0.00	9.09	0.015	软件服务	60000	0.400	
300530	达志科技	1.66	8220185	36.65	36.05	0	2249	0.00	35.68	36.98	35.68	--  	1.72	3.61	0.60	化工原料	--  	0.000	
08261	海天能源	1.59	8205841	0.320	0.315	8000	26096000	1.59	0.315	0.335	0.310	--  	0.00	7.94	0.005	公用事业	--  	0.320	
数据来源:通达信
