代码	名称	涨幅%%	总金额	现价	昨收	每手	总量	涨速%%	今开	最高	最低	抛空额	股息率%%	振幅%%	涨跌	细分行业	抛空量	按盘价	
02800	盈富基金	0.69	1095086848	29.250	29.050	500	37529660	0.00	29.050	29.350	29.000	515166912	0.00	1.20	0.200		17677000	29.250	
02822	南方Ａ５０	0.39	511545888	15.020	14.961	200	34038800	0.00	15.020	15.120	14.960	291820768	0.00	1.07	0.059		19419000	15.020	
02828	恒生Ｈ股	0.35	501261184	115.200	114.800	200	4346807	-0.26	114.800	115.800	114.400	150681168	0.00	1.22	0.400		1307600	115.200	
02823	安硕Ａ５０	0.28	437168992	14.560	14.520	100	29981126	0.00	14.600	14.660	14.520	63826212	0.00	0.96	0.040		4378700	14.560	
03188	华夏沪深三百	0.31	298595840	48.100	47.950	200	6198800	0.00	48.100	48.450	47.950	100140056	0.00	1.04	0.150		2079400	48.100	
00823	领展房产基金	0.79	260724352	70.150	69.600	500	3741533	0.14	69.150	70.200	69.150	17920900	0.00	1.51	0.550		257000	70.150	
07288	ＦＬ二南方国指	1.10	60653392	9.220	9.120	100	6609000	0.00	9.150	9.280	9.040	11708880	0.00	2.63	0.100		1280000	9.220	
07200	ＦＬ二南方恒指	1.29	24523682	11.020	10.880	100	2232200	-0.36	10.900	11.080	10.860	3586998	0.00	2.02	0.140		326700	11.020	
07300	ＦＩ南方恒指	-0.88	21241574	5.640	5.690	100	3757300	0.00	5.660	5.690	5.630	2804183	0.00	1.05	-0.050		495700	5.640	
00405	越秀房产信托基金	-0.19	18827968	5.130	5.140	1000	3671100	0.00	5.170	5.170	5.110	271660	0.00	1.17	-0.010		53000	5.130	
02778	冠君产业信托	0.71	16449417	5.700	5.660	1000	2903719	0.18	5.670	5.710	5.630	1296050	0.00	1.41	0.040		228000	5.700	
83188	华夏沪深三百－Ｒ	0.25	14738918	40.750	40.650	200	361370	0.00	41.400	41.400	40.600	2457410	0.00	1.97	0.100		60200	40.750	
07231	ＦＬ二未来恒指	1.41	13926109	11.500	11.340	100	1214600	-0.35	11.360	11.540	11.360	3432	0.00	1.59	0.160		300	11.500	
07230	ＦＬ二未来国指	0.95	12786197	9.570	9.480	100	1334300	-0.52	9.480	9.620	9.410	--  	0.00	2.22	0.090		--  	9.570	
07205	ＦＬ二　三星恒指	1.21	11022343	9.170	9.060	200	1212000	-0.33	9.080	9.200	9.040	4815750	0.00	1.77	0.110		531000	9.170	
03010	安硕亚洲除日	0.44	9514525	54.700	54.460	100	173547	-0.36	54.600	54.900	54.450	--  	0.00	0.83	0.240		--  	54.700	
07321	ＦＩ华夏恒指	-0.63	8960913	6.260	6.300	100	1430200	0.00	6.280	6.300	6.250	1299305	0.00	0.79	-0.040		207700	6.260	
07228	ＦＬ二　三星国指	1.05	8764910	7.690	7.610	200	1145000	-0.13	7.640	7.740	7.590	--  	0.00	1.97	0.080		--  	7.690	
07267	ＦＬ二华夏国指	0.79	7697291	10.160	10.080	100	759500	-0.39	10.220	10.240	9.990	1573604	0.00	2.48	0.080		155000	10.160	
07388	ＦＩ南方国指	-0.81	7290705	6.090	6.140	100	1194500	0.16	6.100	6.130	6.070	2958700	0.00	0.98	-0.050		485000	6.090	
03115	安硕恒生指数	0.72	7124330	104.400	103.650	10	68520	0.00	104.000	104.600	103.500	--  	0.00	1.06	0.750		--  	104.400	
00778	置富产业信托	0.53	6911051	9.560	9.510	1000	725000	0.31	9.500	9.570	9.490	1068520	0.00	0.84	0.050		112000	9.560	
87001	汇贤产业信托	0.00	6394332	3.100	3.100	1000	2058500	0.00	3.110	3.110	3.100	220790	0.00	0.32	0.000		71000	3.100	
07341	ＦＩ华夏国指	-0.59	6192619	6.760	6.800	100	916700	0.00	6.800	6.800	6.740	--  	0.00	0.88	-0.040		--  	6.760	
07221	ＦＬ二华夏恒指	1.00	5740381	12.180	12.060	100	472100	-0.16	12.160	12.260	12.080	--  	0.00	1.49	0.120		--  	12.180	
82822	南方Ａ５０－Ｒ	0.39	5541311	12.720	12.670	200	435358	0.00	12.940	12.940	12.660	3329792	0.00	2.21	0.050		261800	12.720	
02836	安硕印度	0.84	5486055	24.000	23.800	200	229518	0.00	23.200	24.050	23.200	23950	0.00	3.57	0.200		1000	24.000	
00808	泓富产业信托	0.30	4992950	3.310	3.300	1000	1513000	0.00	3.300	3.310	3.290	92400	0.00	0.61	0.010		28000	3.310	
07210	ＸＬ二易亚中概股	3.18	4945040	17.500	16.960	200	284000	0.00	17.320	17.560	17.320	1250640	0.00	1.42	0.540		72000	17.500	
02833	恒指ＥＴＦ	0.78	4606062	29.550	29.320	100	156260	0.00	29.700	29.700	29.350	--  	0.00	1.19	0.230		--  	29.550	
03161	易亚中概股	1.54	4524972	13.220	13.020	200	343000	0.00	13.200	13.240	13.180	264000	0.00	0.46	0.200		20000	13.220	
03073	ＳＰＤＲ大中华	0.00	4119846	40.500	40.500	200	101800	0.00	--  	40.500	--  	--  	0.00	0.00	0.000		--  	40.500	
00435	阳光房地产基金	0.19	4081140	5.220	5.210	1000	781000	-0.19	5.220	5.250	5.210	10440	0.00	0.77	0.010		2000	5.220	
02840	ＳＰＤＲ金ＥＴＦ	0.00	3103235	932.500	932.500	10	3334	0.05	931.000	932.500	929.500	--  	0.00	0.32	0.000		--  	932.500	
03110	未来恒生高股息率	0.00	3094760	29.000	29.000	100	106500	0.00	29.250	29.350	28.950	--  	0.00	1.38	0.000		--  	29.000	
07328	ＦＩ　三星国指	-0.59	2744800	5.080	5.110	200	540000	0.20	5.100	5.100	5.070	--  	0.00	0.59	-0.030		--  	5.080	
02838	恒生富时中国５０	0.10	2401280	200.200	200.000	100	12000	0.00	199.700	200.600	199.700	--  	0.00	0.45	0.200		--  	200.200	
03173	ＰＰ中国新经济	-0.74	1911640	8.050	8.110	500	236000	0.12	8.100	8.140	8.040	--  	0.00	1.23	-0.060		--  	8.050	
07336	ＦＩ未来恒指	-0.67	1828360	5.900	5.940	100	308000	-0.51	5.940	5.940	5.910	--  	0.00	0.51	-0.040		--  	5.900	
07312	ＦＩ　三星恒指	-0.42	1797846	4.720	4.740	200	380400	0.21	4.730	4.740	4.710	--  	0.00	0.63	-0.020		--  	4.720	
03140	领航标普５００	1.26	1755226	19.240	19.000	100	91361	-0.10	19.020	19.280	19.000	--  	0.00	1.47	0.240		--  	19.240	
03116	易亚富时黄金矿业	0.00	1667486	8.190	8.190	200	203200	0.12	8.220	8.230	8.180	206086	0.00	0.61	0.000		25200	8.190	
02846	安硕沪深三百	0.13	1508290	30.300	30.260	100	49400	0.00	30.400	30.750	30.250	--  	0.00	1.65	0.040		--  	30.300	
03095	价值中国Ａ股	-0.74	1492965	8.050	8.110	500	186000	0.00	8.050	8.060	7.970	694230	0.00	1.11	-0.060		86500	8.050	
02803	ＰＰ中国基石经济	-0.49	1405555	8.140	8.180	500	172000	0.00	8.180	8.190	8.130	--  	0.00	0.73	-0.040		--  	8.140	
01426	春泉产业信托	2.77	1377980	3.340	3.250	1000	413000	0.60	3.390	3.390	3.290	30230	0.00	3.08	0.090		9000	3.340	
03128	恒生Ａ股龙头	0.18	1362920	56.350	56.250	200	24200	-0.09	56.250	56.550	56.200	--  	0.00	0.62	0.100		--  	56.350	
02834	安硕纳指一百	1.00	1352682	12.100	11.980	100	111800	0.00	12.080	12.100	12.080	--  	0.00	0.17	0.120		--  	12.100	
03175	Ｆ三星原油期	0.33	1323960	12.080	12.040	200	109800	0.00	12.040	12.080	12.020	--  	0.00	0.50	0.040		--  	12.080	
03087	ＸＤＢ富时越南	2.56	1286128	240.800	234.800	10	5400	0.42	234.000	240.200	233.600	--  	0.00	2.81	6.000		--  	240.800	
02802	安硕亚洲新兴	0.20	1207120	55.400	55.290	200	21800	0.20	--  	55.400	--  	--  	0.00	0.00	0.110		--  	55.400	
03101	领航富时发展欧洲	0.31	1061368	19.720	19.660	100	53919	0.00	19.620	19.740	19.620	--  	0.00	0.61	0.060		--  	19.720	
03167	南方中国新行业	0.73	1026453	73.500	72.970	50	13950	-0.07	73.850	73.850	73.400	--  	0.00	0.62	0.530		--  	73.500	
07302	ＦＩ易方达恒指	-0.79	926170	5.000	5.040	100	184500	0.00	5.020	5.030	5.000	--  	0.00	0.60	-0.040		--  	5.000	
01881	富豪产业信托	0.84	860974	2.400	2.380	1000	360800	0.42	2.400	2.400	2.380	--  	0.00	0.84	0.020		--  	2.400	
03046	价值中国ＥＴＦ	0.00	848000	42.550	42.550	100	20000	0.35	42.400	42.400	42.400	--  	0.00	0.00	0.000		--  	42.550	
03147	南方中创业板	0.13	844274	7.570	7.560	200	111600	-0.13	7.540	7.600	7.540	--  	0.00	0.79	0.010		--  	7.570	
03015	ＸＤＢＮ５０印度	0.48	753600	1262.000	1256.000	5	600	0.48	1256.000	1256.000	1256.000	--  	0.00	0.00	6.000		--  	1262.000	
03081	价值黄金	0.00	689227	30.750	30.750	100	22494	0.00	30.700	30.750	30.600	--  	0.00	0.49	0.000		--  	30.750	
07362	ＦＩ未来国指	-0.47	667900	6.370	6.400	100	105000	0.16	6.380	6.390	6.360	--  	0.00	0.47	-0.030		--  	6.370	
02801	安硕中国ＥＴＦ	1.03	664020	27.350	27.070	200	24200	0.00	27.400	27.900	27.250	268030	0.00	2.40	0.280		9800	27.350	
03019	ＸＤＢ环球	0.55	648000	45.550	45.300	125	14250	0.33	45.500	45.500	45.400	--  	0.00	0.22	0.250		--  	45.550	
03126	领航富时日本	0.74	598260	27.050	26.850	100	22100	0.00	27.000	27.250	27.000	27250	0.00	0.93	0.200		1000	27.050	
03048	ＤＢ巴西	1.61	521445	34.800	34.250	50	15000	0.00	34.750	34.800	34.750	--  	0.00	0.15	0.550		--  	34.800	
82846	安硕沪深三百－Ｒ	0.75	521000	26.050	25.855	100	20000	0.00	26.050	26.050	26.050	--  	0.00	0.00	0.195		--  	26.050	
07331	ＦＩ华夏纳一百	-1.91	457860	11.280	11.500	100	40600	0.18	11.320	11.320	11.260	--  	0.00	0.52	-0.220		--  	11.280	
83095	价值中国Ａ股－Ｒ	0.29	457420	6.860	6.840	500	67000	0.00	6.810	6.860	6.770	--  	0.00	1.32	0.020		--  	6.860	
03146	安硕ＤＡＸ	1.10	438048	11.000	10.880	100	40000	0.00	10.920	11.000	10.920	--  	0.00	0.74	0.120		--  	11.000	
03027	ＸＤＢ俄罗斯	0.50	407763	20.200	20.100	125	20250	0.25	20.100	20.200	20.100	--  	0.00	0.50	0.100		--  	20.200	
03085	领航亚洲高股息率	0.44	318000	22.600	22.500	100	14148	0.00	22.500	22.600	22.450	--  	0.00	0.67	0.100		--  	22.600	
02805	领航富时亚洲	1.01	309040	24.950	24.700	100	12400	-0.20	24.800	25.200	24.700	49850	0.00	2.02	0.250		2000	24.950	
03141	ＢＭＯ亚洲投资债	0.00	280075	15.600	15.600	200	17955	0.00	15.600	15.600	15.600	--  	0.00	0.00	0.000		--  	15.600	
83146	安硕ＤＡＸ－Ｒ	1.09	277750	9.300	9.200	100	30000	-0.43	9.220	9.340	9.220	46550	0.00	1.30	0.100		5000	9.300	
83155	安硕ＥＳ５０－Ｒ	0.68	264950	8.850	8.790	100	30000	-0.23	8.790	8.870	8.790	44200	0.00	0.91	0.060		5000	8.850	
01275	开元产业信托	-0.84	258510	2.350	2.370	1000	110000	0.00	2.360	2.360	2.350	--  	0.00	0.42	-0.020		--  	2.350	
02843	东汇Ａ５０	0.13	240676	15.220	15.200	200	15800	0.00	15.240	15.240	15.220	--  	0.00	0.13	0.020		--  	15.220	
03170	安硕韩国二百	0.52	233800	11.680	11.620	100	20000	0.00	11.700	11.700	11.680	--  	0.00	0.17	0.060		--  	11.680	
00820	汇丰中国翔龙基金	-2.68	230460	10.900	11.200	500	21000	0.00	11.000	11.000	10.900	--  	0.00	0.89	-0.300		--  	10.900	
03040	未来ＭＳＣＩ中国	0.74	225955	33.950	33.700	100	6700	0.00	33.700	33.950	33.700	--  	0.00	0.74	0.250		--  	33.950	
03155	安硕ＥＳ５０	0.58	207600	10.420	10.360	100	20000	0.39	10.380	10.380	10.380	--  	0.00	0.00	0.060		--  	10.420	
83170	安硕韩国二百－Ｒ	0.51	197700	9.890	9.840	100	20000	0.00	9.880	9.890	9.880	--  	0.00	0.10	0.050		--  	9.890	
03020	ＸＤＢ美国	1.27	150390	557.000	550.000	15	270	0.00	557.000	557.000	557.000	--  	0.00	0.00	7.000		--  	557.000	
07261	ＦＬ二华夏纳一百	3.09	146575	26.650	25.850	100	5500	0.00	26.650	26.650	26.650	--  	0.00	0.00	0.800		--  	26.650	
02825	标智香港１００	0.00	115940	26.350	26.350	200	4400	0.00	26.350	26.350	26.350	--  	0.00	0.00	0.000		--  	26.350	
09146	安硕ＤＡＸ－Ｕ	1.44	113200	1.410	1.390	100	80000	0.00	1.400	1.430	1.400	49500	0.00	2.16	0.020		35000	1.410	
03143	ＢＭＯ香港银行股	0.87	98212	9.260	9.180	200	10600	0.00	9.260	9.270	9.260	--  	0.00	0.11	0.080		--  	9.260	
09836	安硕印度－Ｕ	1.32	92100	3.070	3.030	200	30000	0.33	3.060	3.080	3.060	--  	0.00	0.66	0.040		--  	3.070	
03070	平安香港高息股	0.50	89260	29.900	29.750	100	3000	0.00	29.700	29.900	29.700	--  	0.00	0.67	0.150		--  	29.900	
07242	ＦＬ二易方达恒指	1.17	85398	6.920	6.840	100	12400	-0.14	6.890	6.930	6.840	--  	0.00	1.32	0.080		--  	6.920	
09074	安硕ＭＳ台湾－Ｕ	0.00	82200	1.370	1.370	100	60000	0.00	1.370	1.370	1.370	--  	0.00	0.00	0.000		--  	1.370	
02824	力宝专选中港地产	0.29	76120	69.200	69.000	100	1100	0.00	69.200	69.200	69.200	--  	0.00	0.00	0.200		--  	69.200	
03024	标智上证５０	0.00	55335	26.350	26.350	100	2100	0.00	--  	26.350	--  	--  	0.00	0.00	0.000		--  	26.350	
02827	Ｘ标智沪深３００	0.00	48425	37.500	37.500	200	1285	0.00	37.850	37.850	37.500	--  	0.00	0.93	0.000		--  	37.500	
03049	ＸＤＢ沪深三百	0.00	36180	8.020	8.020	300	4500	-0.25	8.040	8.040	8.040	--  	0.00	0.00	0.000		--  	8.020	
02819	ＡＢＦ港债指数	0.00	35632	100.550	100.550	100	355	0.00	100.550	100.550	100.550	--  	0.00	0.00	0.000		--  	100.550	
83115	安硕恒生指数－Ｒ	0.68	35260	88.250	87.655	10	400	0.00	88.050	88.250	88.050	--  	0.00	0.23	0.595		--  	88.250	
03199	南方五年国债	0.17	33625	120.000	119.800	20	280	0.00	120.200	120.200	120.000	--  	0.00	0.17	0.200		--  	120.000	
03021	南方东英ＭＴ５０	-0.20	30315	5.060	5.070	300	6000	0.00	5.050	5.060	5.050	--  	0.00	0.20	-0.010		--  	5.060	
07322	ＸＩ未来标普	-0.99	30160	12.060	12.180	100	2500	0.00	12.080	12.080	12.060	--  	0.00	0.16	-0.120		--  	12.060	
02821	沛富基金	-0.09	28015	116.650	116.750	10	240	-0.09	116.500	116.750	116.500	--  	0.00	0.21	-0.100		--  	116.650	
83132	添富中证医药－Ｒ	-0.86	18380	18.380	18.540	200	1000	0.00	18.380	18.380	18.380	--  	0.00	0.00	-0.160		--  	18.380	
83107	添富主要消费－Ｒ	2.79	18340	18.400	17.900	200	1000	0.33	18.340	18.340	18.340	--  	0.00	0.00	0.500		--  	18.400	
09115	安硕恒生指数－Ｕ	0.74	12312	13.360	13.262	10	900	-2.34	13.680	13.680	13.680	--  	0.00	0.00	0.098		--  	13.360	
07202	ＦＬ二南方Ｎ５０	1.70	11324	19.100	18.780	100	600	-0.10	18.500	19.120	18.500	--  	0.00	3.30	0.320		--  	19.100	
83081	价值黄金－Ｒ	0.77	5225	26.100	25.900	100	200	0.00	26.100	26.100	26.100	5225	0.00	0.00	0.200		200	26.100	
03135	Ｆ南方东英原油	0.52	4650	7.750	7.710	300	600	0.00	7.750	7.750	7.750	--  	0.00	0.00	0.040		--  	7.750	
03162	安硕ＭＡ中国	-0.57	3480	8.700	8.750	100	400	0.00	8.700	8.700	8.700	--  	0.00	0.00	-0.050		--  	8.700	
09846	安硕沪深三百－Ｕ	0.18	3166	3.960	3.953	100	800	-0.50	3.940	3.980	3.940	2370	0.00	1.01	0.007		600	3.960	
03099	ＸＤＢ印尼	-0.16	3100	123.800	124.000	25	25	-0.16	124.000	124.000	124.000	--  	0.00	0.00	-0.200		--  	123.800	
09010	安硕亚洲除日－Ｕ	-0.13	2780	6.920	6.929	100	400	0.00	6.980	6.980	6.920	--  	0.00	0.87	-0.009		--  	6.920	
82833	恒指ＥＴＦ－Ｒ	0.01	2500	25.000	24.998	100	100	0.00	25.000	25.000	25.000	--  	0.00	0.00	0.002		--  	25.000	
82823	安硕Ａ５０－Ｒ	-0.89	1218	12.180	12.289	100	100	0.00	12.180	12.180	12.180	--  	0.00	0.00	-0.109		--  	12.180	
09847	安硕富时一百－Ｕ	-1.64	120	1.200	1.220	100	100	0.00	1.200	1.200	1.200	--  	0.00	0.00	-0.020		--  	1.200	
83150	嘉实中证五百－Ｒ	0.00	0	5.050	5.050	200	0	0.00	--  	5.050	--  	--  	0.00	0.00	0.000		--  	5.050	
83149	南方ＭＡ国际－Ｒ	0.00	0	11.680	11.680	200	0	0.00	--  	11.680	--  	--  	0.00	0.00	0.000		--  	11.680	
83147	南方中创业板－Ｒ	0.00	0	6.410	6.410	200	0	0.00	--  	6.410	--  	--  	0.00	0.00	0.000		--  	6.410	
83137	南方中华８０－Ｒ	0.00	0	31.050	31.050	200	0	0.00	--  	31.050	--  	--  	0.00	0.00	0.000		--  	31.050	
83136	嘉实明晟５０－Ｒ	0.00	0	14.220	14.220	200	0	0.00	--  	14.220	--  	--  	0.00	0.00	0.000		--  	14.220	
83129	南方三百精明－Ｒ	0.00	0	13.320	13.320	200	0	0.00	--  	13.320	--  	--  	0.00	0.00	0.000		--  	13.320	
83128	恒生Ａ股龙头－Ｒ	0.00	0	47.700	47.700	200	0	0.00	--  	47.700	--  	--  	0.00	0.00	0.000		--  	47.700	
83127	未来沪深三百－Ｒ	0.00	0	13.560	13.560	100	0	0.00	--  	13.560	--  	--  	0.00	0.00	0.000		--  	13.560	
83122	南方东英短债－Ｒ	0.00	0	148.450	148.450	10	0	0.00	--  	148.450	--  	--  	0.00	0.00	0.000		--  	148.450	
83120	易方达１２０－Ｒ	0.00	0	13.660	13.660	100	0	0.00	--  	13.660	--  	--  	0.00	0.00	0.000		--  	13.660	
83118	嘉实明晟Ａ股－Ｒ	0.00	0	13.760	13.760	100	0	0.00	--  	13.760	--  	--  	0.00	0.00	0.000		--  	13.760	
83100	易方达中一百－Ｒ	0.00	0	40.000	40.000	100	0	0.00	--  	40.000	--  	--  	0.00	0.00	0.000		--  	40.000	
83074	安硕ＭＳ台湾－Ｒ	0.00	0	9.090	9.090	100	0	0.00	--  	9.090	--  	--  	0.00	0.00	0.000		--  	9.090	
83012	东汇香港３５－Ｒ	0.21	0	18.680	18.640	500	0	0.00	--  	18.680	--  	--  	0.00	0.00	0.040		--  	18.680	
83010	安硕亚洲除日－Ｒ	0.43	0	46.050	45.855	100	0	0.00	--  	46.050	--  	--  	0.00	0.00	0.195		--  	46.050	
83008	添富沪深三百－Ｒ	0.00	0	17.660	17.660	200	0	0.00	--  	17.660	--  	--  	0.00	0.00	0.000		--  	17.660	
82847	安硕富时一百－Ｒ	0.00	0	7.970	7.970	100	0	0.00	--  	7.970	--  	--  	0.00	0.00	0.000		--  	7.970	
82843	东汇Ａ５０－Ｒ	0.16	0	12.880	12.860	200	0	0.00	--  	12.880	--  	--  	0.00	0.00	0.020		--  	12.880	
82836	安硕印度－Ｒ	1.00	0	20.250	20.050	200	0	0.00	--  	20.250	--  	--  	0.00	0.00	0.200		--  	20.250	
82834	安硕纳指一百－Ｒ	1.39	0	10.220	10.080	100	0	0.00	--  	10.220	--  	--  	0.00	0.00	0.140		--  	10.220	
82832	博时ＦＡ５０－Ｒ	0.00	0	6.500	6.500	100	0	0.00	--  	6.500	--  	--  	0.00	0.00	0.000		--  	6.500	
82828	恒生Ｈ股－Ｒ	0.52	0	97.500	97.000	200	0	0.00	--  	97.500	--  	--  	0.00	0.00	0.500		--  	97.500	
82811	海通沪深三百－Ｒ	0.00	0	14.460	14.460	200	0	0.00	--  	14.460	--  	--  	0.00	0.00	0.000		--  	14.460	
82808	易方达国债－Ｒ	0.00	0	109.950	109.950	10	0	0.00	--  	109.950	--  	--  	0.00	0.00	0.000		--  	109.950	
09834	安硕纳指一百－Ｕ	1.32	0	1.540	1.520	100	0	0.00	--  	1.540	--  	--  	0.00	0.00	0.020		--  	1.540	
09170	安硕韩国二百－Ｕ	0.00	0	1.480	1.480	100	0	0.00	--  	1.480	--  	--  	0.00	0.00	0.000		--  	1.480	
09155	安硕ＥＳ５０－Ｕ	0.00	0	1.330	1.330	100	0	0.00	--  	1.330	--  	--  	0.00	0.00	0.000		--  	1.330	
09081	价值黄金－Ｕ	0.00	0	4.050	4.050	100	0	0.00	--  	4.050	--  	--  	0.00	0.00	0.000		--  	4.050	
07335	ＦＩ南方Ｎ５０	-0.61	0	13.000	13.080	100	0	0.00	--  	13.000	--  	--  	0.00	0.00	-0.080		--  	13.000	
07315	ＦＩ未来东证	-0.42	0	7.180	7.210	200	0	0.00	--  	7.180	--  	--  	0.00	0.00	-0.030		--  	7.180	
07225	ＦＬ二未来东证	2.31	0	17.700	17.300	200	0	0.00	--  	17.700	--  	--  	0.00	0.00	0.400		--  	17.700	
07222	ＸＬ二未来标普	1.28	0	23.650	23.350	100	0	0.00	--  	23.650	--  	--  	0.00	0.00	0.300		--  	23.650	
04363	ＩＳ台湾基金ＴＲ	--  	0	0.000	--  	0	0	--  	--  	--  	--  	--  	0.00	--  	--  		--  	0.000	
04362	ＩＳ南韩基金ＴＲ	--  	0	0.000	--  	0	0	--  	--  	--  	--  	--  	0.00	--  	--  		--  	0.000	
03180	华夏中华八十	0.00	0	15.300	15.300	200	0	0.00	--  	15.300	--  	--  	0.00	0.00	0.000		--  	15.300	
03177	ＣＯＭＳ德高息股	0.71	0	169.200	168.000	20	0	0.00	--  	169.200	--  	--  	0.00	0.00	1.200		--  	169.200	
03171	ＣＯＭＳ德股	0.84	0	120.000	119.000	25	0	0.00	--  	120.000	--  	--  	0.00	0.00	1.000		--  	120.000	
03165	ＢＭＯ欧优股对冲	0.19	0	10.520	10.500	200	0	0.00	--  	10.520	--  	--  	0.00	0.00	0.020		--  	10.520	
03160	ＢＭＯ日股对冲	0.70	0	11.440	11.360	200	0	0.00	--  	11.440	--  	--  	0.00	0.00	0.080		--  	11.440	
03157	华夏港股通小型股	0.00	0	24.700	24.700	200	0	0.00	--  	24.700	--  	--  	0.00	0.00	0.000		--  	24.700	
03156	广发明晟Ａ国	-0.20	0	9.980	10.000	200	0	0.00	--  	9.980	--  	--  	0.00	0.00	-0.020		--  	9.980	
03153	未来亚洲医疗保健	0.00	0	11.880	11.880	200	0	0.00	--  	11.880	--  	--  	0.00	0.00	0.000		--  	11.880	
03150	嘉实中证五百	0.00	0	6.030	6.030	200	0	0.00	--  	6.030	--  	--  	0.00	0.00	0.000		--  	6.030	
03149	南方ＭＡ国际	0.00	0	13.820	13.820	200	0	0.00	--  	13.820	--  	--  	0.00	0.00	0.000		--  	13.820	
03145	ＢＭＯ亚洲高息股	0.00	0	9.880	9.880	200	0	0.00	--  	9.880	--  	--  	0.00	0.00	0.000		--  	9.880	
03137	南方中华８０	0.00	0	36.700	36.700	200	0	0.00	--  	36.700	--  	--  	0.00	0.00	0.000		--  	36.700	
03136	嘉实明晟５０	0.00	0	16.740	16.740	200	0	0.00	--  	16.740	--  	--  	0.00	0.00	0.000		--  	16.740	
03132	添富中证医药	0.00	0	21.950	21.950	200	0	0.00	--  	21.950	--  	--  	0.00	0.00	0.000		--  	21.950	
03129	南方三百精明	0.00	0	15.740	15.740	200	0	0.00	--  	15.740	--  	--  	0.00	0.00	0.000		--  	15.740	
03127	未来沪深三百	0.00	0	16.060	16.060	100	0	0.00	--  	16.060	--  	--  	0.00	0.00	0.000		--  	16.060	
03122	南方东英短债	0.00	0	175.550	175.550	10	0	0.00	--  	175.550	--  	--  	0.00	0.00	0.000		--  	175.550	
03121	ＢＭＯ亚太房地产	0.00	0	11.060	11.060	200	0	0.00	--  	11.060	--  	--  	0.00	0.00	0.000		--  	11.060	
03120	易方达１２０	0.00	0	15.800	15.800	100	0	0.00	--  	15.800	--  	--  	0.00	0.00	0.000		--  	15.800	
03118	嘉实明晟Ａ股	-0.24	0	16.420	16.460	100	0	0.00	--  	16.420	--  	--  	0.00	0.00	-0.040		--  	16.420	
03107	添富主要消费	0.00	0	21.300	21.300	200	0	0.00	--  	21.300	--  	--  	0.00	0.00	0.000		--  	21.300	
03102	易亚证券收益增长	0.00	0	10.680	10.680	200	0	0.00	--  	10.680	--  	--  	0.00	0.00	0.000		--  	10.680	
03100	易方达中一百	0.00	0	47.350	47.350	100	0	0.00	--  	47.350	--  	--  	0.00	0.00	0.000		--  	47.350	
03097	Ｆ未来原油	0.64	0	4.690	4.660	500	0	0.00	--  	4.690	--  	--  	0.00	0.00	0.030		--  	4.690	
03092	ＤＢ泰国	0.30	0	201.000	200.400	25	0	0.00	--  	201.000	--  	--  	0.00	0.00	0.600		--  	201.000	
03086	ＢＭＯ纳斯达克	1.85	0	13.180	12.940	200	0	0.00	--  	13.180	--  	--  	0.00	0.00	0.240		--  	13.180	
03084	价值日本ＥＴＦ	0.66	0	15.220	15.120	300	0	0.00	--  	15.220	--  	--  	0.00	0.00	0.100		--  	15.220	
03082	ＤＢ马来西亚	0.00	0	96.100	96.100	30	0	0.00	--  	96.100	--  	--  	0.00	0.00	0.000		--  	96.100	
03074	安硕ＭＳ台湾	0.00	0	10.700	10.700	100	0	0.00	--  	10.700	--  	--  	0.00	0.00	0.000		--  	10.700	
03065	ＤＢ新加坡	-0.35	0	11.300	11.340	500	0	0.00	--  	11.300	--  	--  	0.00	0.00	-0.040		--  	11.300	
03060	价值台湾ＥＴＦ	-0.25	0	40.400	40.500	100	0	0.00	--  	40.400	--  	--  	0.00	0.00	-0.100		--  	40.400	
03056	未来标普国际消费	0.72	0	35.000	34.750	500	0	0.00	--  	35.000	--  	--  	0.00	0.00	0.250		--  	35.000	
03055	ＤＢ中国	0.00	0	145.200	145.200	50	0	0.00	--  	145.200	--  	--  	0.00	0.00	0.000		--  	145.200	
03054	未来标普亚洲消费	0.00	0	25.150	25.150	500	0	0.00	--  	25.150	--  	--  	0.00	0.00	0.000		--  	25.150	
03043	ＤＢ太平洋	0.32	0	47.000	46.850	100	0	0.00	--  	47.000	--  	--  	0.00	0.00	0.150		--  	47.000	
03041	价值韩国ＥＴＦ	0.29	0	34.800	34.700	100	0	0.00	--  	34.800	--  	--  	0.00	0.00	0.100		--  	34.800	
03036	ＤＢ台湾	0.00	0	216.800	216.800	25	0	0.00	--  	216.800	--  	--  	0.00	0.00	0.000		--  	216.800	
03016	ＤＢ菲律宾	0.37	0	16.220	16.160	200	0	0.00	--  	16.220	--  	--  	0.00	0.00	0.060		--  	16.220	
03012	东汇香港３５	0.00	0	22.050	22.050	500	0	0.00	--  	22.050	--  	--  	0.00	0.00	0.000		--  	22.050	
03008	添富沪深三百	0.00	0	20.950	20.950	200	0	0.00	--  	20.950	--  	--  	0.00	0.00	0.000		--  	20.950	
03007	ＤＢ富时５０	0.00	0	305.400	305.400	10	0	0.00	--  	305.400	--  	--  	0.00	0.00	0.000		--  	305.400	
02848	ＤＢ韩国	0.08	0	621.500	621.000	10	0	0.00	--  	621.500	--  	--  	0.00	0.00	0.500		--  	621.500	
02847	安硕富时一百	0.00	0	9.420	9.420	100	0	0.00	--  	9.420	--  	--  	0.00	0.00	0.000		--  	9.420	
02839	标智港股内地地产	--  	0	0.000	--  	0	0	--  	--  	--  	--  	--  	0.00	--  	--  		--  	0.000	
02835	未来ＫＯＳＰＩ	0.19	0	25.850	25.800	500	0	0.00	--  	25.850	--  	--  	0.00	0.00	0.050		--  	25.850	
02832	博时ＦＡ５０	0.00	0	7.750	7.750	100	0	0.00	--  	7.750	--  	--  	0.00	0.00	0.000		--  	7.750	
02817	标智港股内地消费	--  	0	0.000	--  	0	0	--  	--  	--  	--  	--  	0.00	--  	--  		--  	0.000	
02811	海通沪深三百	0.00	0	17.100	17.100	200	0	0.00	--  	17.100	--  	--  	0.00	0.00	0.000		--  	17.100	
02808	易方达国债	0.00	0	128.650	128.650	10	0	0.00	--  	128.650	--  	--  	0.00	0.00	0.000		--  	128.650	
00625	睿富房地产基金	0.00	0	4.350	4.350	1000	0	0.00	--  	4.350	--  	--  	0.00	0.00	0.000		--  	4.350	
83199	南方五年国债－Ｒ	0.00	0	101.650	101.650	20	0	0.00	--  	101.650	--  	--  	0.00	0.00	0.000		--  	101.650	
83180	华夏中华八十－Ｒ	0.00	0	13.020	13.020	200	0	0.00	--  	13.020	--  	--  	0.00	0.00	0.000		--  	13.020	
83168	恒生人币金ＥＴＦ	0.00	0	23.200	23.200	100	0	0.00	--  	23.200	--  	--  	0.00	0.00	0.000		--  	23.200	
83162	安硕ＭＡ中国－Ｒ	-0.41	0	7.370	7.400	100	0	0.00	--  	7.370	--  	--  	0.00	0.00	-0.030		--  	7.370	
83156	广发明晟Ａ国－Ｒ	-0.12	0	8.460	8.470	200	0	0.00	--  	8.460	--  	--  	0.00	0.00	-0.010		--  	8.460	
数据来源:通达信
