HSI
00001
00002
00003
00004
00005
00006
00008
00010
00011
00012
00014
00016
00017
00019
00020
00023
00027
00035
00045
00059
00066
00078
00081
00083
00087
00101
00102
00123
00129
00135
00136
00139
00142
00144
00148
00151
00165
00168
00169
00175
00178
00182
00200
00207
00222
00257
00267
00268
00285
00286
00288
00291
00293
00308
00321
00322
00327
00338
00347
00354
00355
00358
00365
00368
00370
00371
00384
00386
00388
00390
00392
00400
00405
00412
00419
00425
00451
00460
00467
00489
00493
00494
00508
00511
00512
00520
00521
00522
00525
00546
00555
00570
00581
00586
00588
00598
00606
00612
00617
00651
00655
00656
00658
00659
00665
00669
00670
00672
00688
00696
00698
00700
00716
00719
00728
00750
00751
00753
00762
00763
00772
00778
00798
00799
00806
00811
00813
00816
00817
00818
00821
00823
00827
00836
00853
00857
00859
00867
00868
00877
00880
00881
00883
00884
00893
00895
00902
00914
00916
00919
00921
00931
00939
00941
00952
00953
00956
00956 
00960
00966
00968
00976
00981
00983
00992
00998
01003
01029
01030
01031
01033
01038
01039
01044
01053
01055
01065
01070
01071
01072
01086
01087
01088
01093
01097
01099
01103
01108
01109
01113
01114
01115
01117
01128
01132
01157
01171
01177
01186
01192
01196
01205
01211
01212
01233
01238
01288
01293
01297
01299
01308
01310
01313
01316
01317
01323
01327
01330
01333
01336
01337
01339
01340
01347
01357
01359
01360
01363
01367
01368
01381
01398
01415
01439
01448
01462
01478
01508
01509
01513
01515
01530
01532
01548
01610
01613
01618
01629
01658
01679
01728
01766
01776
01788
01789
01800
01812
01813
01816
01818
01828
01848
01886
01888
01898
01899
01910
01913
01918
01928
01929
01958
01972
01979
01980
01988
01997
02005
02006
02007
02009
02012
02018
02020
02039
02098
02099
02128
02186
02196
02198
02199
02202
02208
02213
02238
02269
02282
02313
02314
02318
02319
02328
02331
02333
02338
02342
02343
02358
02380
02382
02388
02389
02600
02601
02607
02628
02666
02688
02689
02727
02728
02768
02777
02778
02799
02800
02822
02823
02827
02828
02840
02858
02866
02869
02877
02883
02888
02899
03188
03301
03311
03318
03323
03326
03328
03333
03339
03368
03377
03380
03396
03606
03618
03686
03698
03799
03800
03808
03818
03823
03836
03839
03886
03888
03898
03918
03933
03968
03983
03988
03989
03993
06030
06060
06066
06198
06808
06823
06837
06839
06878
06881
06886
07200
07231
07267
07288
07300
07321
07341
07388
08001
08003
08005
08006
08007
08008
08009
08011
08013
08016
08018
08019
08020
08021
08022
08025
08026
08027
08028
08029
08030
08032
08033
08035
08037
08039
08041
08045
08046
08047
08048
08049
08050
08051
08052
08055
08056
08057
08059
08062
08063
08065
08066
08069
08070
08071
08072
08073
08078
08079
08080
08081
08083
08085
08086
08087
08088
08089
08090
08093
08095
08100
08101
08102
08106
08108
08109
08111
08112
08113
08116
08117
08118
08120
08121
08123
08126
08128
08129
08130
08131
08132
08133
08135
08137
08138
08139
08142
08143
08145
08147
08148
08149
08150
08152
08153
08155
08156
08157
08158
08159
08160
08161
08162
08163
08165
08166
08167
08170
08171
08172
08175
08176
08178
08179
08181
08182
08183
08186
08187
08188
08189
08190
08191
08192
08193
08195
08196
08197
08198
08199
08200
08201
08202
08203
08205
08206
08207
08211
08212
08213
08215
08217
08218
08220
08221
08222
08225
08226
08227
08228
08229
08230
08231
08232
08233
08235
08236
08237
08238
08239
08240
08242
08243
08245
08246
08247
08249
08250
08251
08252
08255
08256
08257
08258
08260
08261
08262
08265
08266
08267
08268
08269
08270
08271
08272
08273
08275
08278
08279
08280
08281
08282
08283
08286
08290
08291
08292
08293
08295
08296
08299
08300
08301
08307
08308
08309
08310
08311
08315
08317
08319
08320
08321
08325
08326
08328
08329
08331
08333
08337
08340
08342
08343
08345
08346
08347
08349
08351
08352
08355
08356
08358
08359
08360
08361
08362
08365
08366
08368
08369
08370
08373
08375
08376
08377
08383
08385
08392
08400
08402
08406
08407
08410
08411
08412
08413
08415
08416
08417
08419
08420
08421
08422
08423
08425
08426
08427
08428
08429
08430
08431
08432
08436
08437
08445
08446
08452
08455
08457
08460
08462
08463
08465
08469
08470
08471
08472
08476
08480
08481
08485
08491
08495
08501
08506
83188
87001
