1,00981,中芯国际,3284330752
2,01810,小米集团－Ｗ,2863009792
3,00700,腾讯控股,1633797632
4,02013,微盟集团,1556428160
5,03690,美团－Ｗ,1459376896
6,06969,思摩尔国际,1215256448
7,09880,优必选,1122225536
8,09988,阿里巴巴－Ｗ,955418560
9,02318,中国平安,643120256
10,00763,中兴通讯,614739008
11,00939,建设银行,610732352
12,00883,中国海洋石油,579171712
13,03896,金山云,549967168
14,01398,工商银行,623883904
15,02015,理想汽车－Ｗ,518433792
16,01347,华虹半导体,474795520
17,01211,比亚迪股份,443645184
18,02382,舜宇光学科技,425235264
19,00941,中国移动,440822976
20,00388,香港交易所,406178880
21,01585,雅迪控股,355528256
22,02228,晶泰控股－Ｐ,364331072
23,09868,小鹏汽车－Ｗ,386556928
24,00175,吉利汽车,364383424
25,06181,老铺黄金,324201344
26,01797,东方甄选,308415296
27,01024,快手－Ｗ,298831360
28,03988,中国银行,324382752
29,00285,比亚迪电子,281237504
30,02020,安踏体育,289553760
31,00857,中国石油股份,268608480
32,09923,移卡,302573056
33,00005,汇丰控股,265139776
34,09961,携程集团－Ｓ,259203280
35,01288,农业银行,259933664
36,00992,联想集团,258053184
37,09992,泡泡玛特,231485920
38,01088,中国神华,243171648
39,06862,海底捞,225329984
40,02269,药明生物,200691248
41,02498,速腾聚创,201799424
42,01918,融创中国,193523840
43,02202,万科企业,197662016
44,00020,商汤－Ｗ,177386640
45,02628,中国人寿,163944448
46,03968,招商银行,173783920
47,01299,友邦保险,159688768
48,09888,百度集团－ＳＷ,166172528
49,01801,信达生物,147795136
50,09618,京东集团－ＳＷ,152257600
51,01691,ＪＳ环球生活,136457744
52,00386,中国石油化工股份,134074272
53,00489,东风集团股份,144619680
54,01860,汇量科技,120735416
55,06690,海尔智家,125955136
56,06682,第四范式,121809592
57,01336,新华保险,114211240
58,00836,华润电力,113282760
59,06088,FIT HON TENG,109810496
60,03800,协鑫科技,100715128
61,09626,哔哩哔哩－Ｗ,102152696
62,09896,名创优品,100241064
63,09926,康方生物,103792152
64,02550,宜搜科技,94612008
65,01919,中远海控,90251976
66,02899,紫金矿业,93333568
67,01658,邮储银行,93965104
68,02313,申洲国际,92558240
69,02331,李宁,107363144
70,09633,农夫山泉,86928408
71,00688,中国海外发展,111724200
72,00780,同程旅行,84377528
73,00300,美的集团,77356744
74,00027,银河娱乐,98157264
75,03888,金山软件,75536280
76,03328,交通银行,73195576
77,06869,长飞光纤光缆,74923960
78,03998,波司登,75915952
79,01952,云顶新耀－Ｂ,71648152
80,03898,时代电气,69695352
81,01928,金沙中国有限公司,89808960
82,00291,华润啤酒,73095088
83,01114,BRILLIANCE CHI,74403960
84,02359,药明康德,68828088
85,06160,百济神州,68211216
86,00316,东方海外国际,65755172
87,01109,华润置地,80476016
88,01171,兖矿能源,70178552
89,09866,蔚来－ＳＷ,67736840
90,02233,西部水泥,64452956
91,02319,蒙牛乳业,66035352
92,09987,百胜中国,69130200
93,01378,中国宏桥,65027456
94,06099,招商证券,67472288
95,09999,网易－Ｓ,66022672
96,03738,阜博集团,67131432
97,09863,零跑汽车,64976836
98,00268,金蝶国际,63711316
99,01898,中煤能源,61654112
100,00135,昆仑能源,61278336
101,01093,石药集团,62662132
102,09676,十月稻田,62949148
103,00772,阅文集团,64966992
104,02338,潍柴动力,60366552
105,00788,中国铁塔,57944716
106,00998,中信银行,59243828
107,00728,中国电信,56766620
108,01119,创梦天地,55591108
109,02018,瑞声科技,56783108
110,03908,中金公司,54471336
111,02367,巨子生物,58468040
112,02357,中航科工,55432956
113,02601,中国太保,53378336
114,02727,上海电气,50575024
115,01128,永利澳门,53629884
116,01478,丘钛科技,52207568
117,01359,中国信达,50777864
118,06030,中信证券,52047708
119,01274,知行汽车科技,49466224
120,00819,天能动力,55311256
121,01766,中国中车,46817404
122,00960,龙湖集团,51833108
123,02688,新奥能源,48392952
124,00136,中国儒意,46939260
125,09899,网易云音乐,52508532
126,01635,大众公用,46862920
127,03993,洛阳钼业,46180528
128,02328,中国财险,54135000
129,00011,恒生银行,45542136
130,02443,汽车街,46147520
131,06855,亚盛医药－Ｂ,46267240
132,01357,美图公司,46724620
133,09959,联易融科技－Ｗ,42583584
134,01071,华电国际电力股份,41675248
135,06618,京东健康,47046484
136,02186,绿叶制药,43399712
137,01988,民生银行,41794120
138,00006,电能实业,41389144
139,02388,中银香港,45216060
140,01787,山东黄金,49040376
141,00669,创科实业,44581828
142,02556,迈富时,40956888
143,00354,中国软件国际,39898184
144,09660,地平线机器人－Ｗ,38238708
145,02238,广汽集团,46690224
146,02121,创新奇智,38147120
147,00017,新世界发展,41311880
148,00267,中信股份,40270520
149,02252,微创机器人－Ｂ,41223740
150,02600,中国铝业,41536596
151,06078,海吉亚医疗,36796040
152,00916,龙源电力,38159236
153,01341,昊天国际建投,40361760
154,00013,和黄医药,35452424
155,00001,长和,36977412
156,02171,科济药业－Ｂ,34248536
157,01548,金斯瑞生物科技,34457728
158,02057,中通快递－Ｗ,35451244
159,09636,九方智投控股,36389076
160,03669,永达汽车,36350040
161,02105,来凯医药－Ｂ,36130164
162,00189,东岳集团,33307522
163,00522,ASMPT,35032896
164,01177,中国生物制药,34876488
165,00968,信义光能,35924408
166,02380,中国电力,31886606
167,03692,翰森制药,31893280
168,00241,阿里健康,39748720
169,01816,中广核电力,34356208
170,00168,青岛啤酒股份,37067000
171,06881,中国银河,34735272
172,00762,中国联通,45399620
173,00016,新鸿基地产,29508662
174,06185,康希诺生物,29197380
175,01138,中远海能,29174430
176,03323,中国建材,27886676
177,02333,长城汽车,32791286
178,03759,康龙化成,28478788
179,01339,中国人民保险集团,34357544
180,03700,映宇宙,27888210
181,01772,赣锋锂业,29563724
182,03606,福耀玻璃,28043382
183,06186,中国飞鹤,31949460
184,01833,平安好医生,32513762
185,00902,华能国际电力股份,26152140
186,02400,心动公司,25222626
187,00358,江西铜业股份,26391720
188,02268,药明合联,24440950
189,01193,华润燃气,24991424
190,06865,福莱特玻璃,25977584
191,00384,中国燃气,25716714
192,00002,中电控股,31417280
193,01896,猫眼娱乐,26767052
194,01910,新秀丽,23665822
195,00914,海螺水泥,26159010
196,01385,上海复旦,25853568
197,02276,康耐特光学,25004324
198,02148,VESYNC,23597050
199,02196,复星医药,27249070
200,01800,中国交通建设,28749580
201,06098,碧桂园服务,25704260
202,01880,中国中免,25400910
203,00288,万洲国际,23299368
204,01456,国联证券,23539860
205,02016,浙商银行,23146930
206,01929,周大福,24654446
207,01818,招金矿业,55954664
208,09698,万国数据－ＳＷ,22621742
209,02158,医渡科技,24789620
210,00293,国泰航空,23544770
211,06818,中国光大银行,21284804
212,02607,上海医药,21518812
213,09922,九毛九,23062354
214,01769,思考乐教育,21113570
215,03347,泰格医药,21179364
216,01070,ＴＣＬ电子,22797504
217,02883,中海油田服务,23122440
218,00390,中国中铁,19687850
219,06886,HTSC,20410416
220,09911,赤子城科技,29239262
221,03808,中国重汽,21003224
222,06990,科伦博泰生物－Ｂ,20390756
223,01882,海天国际,19364016
224,03320,华润医药,18973928
225,00552,中国通信服务,18208440
226,02666,环球医疗,19400790
227,00853,微创医疗,18954348
228,01038,长江基建集团,21752306
229,00753,中国国航,19802440
230,01208,五矿资源,18503000
231,02602,万物云,18426044
232,01199,中远海运港口,17795672
233,02162,康诺亚－Ｂ,18741612
234,01876,百威亚太,18791550
235,09901,新东方－Ｓ,19892204
236,01179,华住集团－Ｓ,17488888
237,01958,北京汽车,18677846
238,00881,中升控股,21914598
239,01157,中联重科,17340190
240,09658,特海国际,21898394
241,06055,中烟香港,16801584
242,03900,绿城中国,17228084
243,00696,中国民航信息网络,16783544
244,00868,信义玻璃,17308832
245,02128,中国联塑,16369374
246,00548,深圳高速公路股份,16644627
247,02282,美高梅中国,18760096
248,06049,保利物业,16807108
249,01099,国药控股,15852120
250,01113,长实集团,17591878
251,01060,阿里影业,16247650
252,01579,颐海国际,15922395
253,01415,高伟电子,18892150
254,01526,瑞慈医疗,14746900
255,01186,中国铁建,17179444
256,01530,三生制药,15954479
257,06069,盛业,17569582
258,06936,顺丰控股,15555830
259,00995,安徽皖通高速公路,15892120
260,00322,康师傅控股,15375402
261,00576,浙江沪杭甬,18716864
262,02273,固生堂,15138625
263,02099,中国黄金国际,15240090
264,06060,众安在线,14930050
265,00019,太古股份公司Ａ,14425192
266,00123,越秀地产,15328510
267,00867,康哲药业,14312398
268,00570,中国中药,14093064
269,02618,京东物流,14926784
270,00177,江苏宁沪高速公路,13462040
271,01209,华润万象生活,14220624
272,02411,百果园集团,14048492
273,03618,重庆农村商业银行,14724161
274,01836,九兴控股,14757844
275,01798,大唐新能源,12823880
276,00921,海信家电,15142650
277,00066,港铁公司,12890362
278,00956,新天绿色能源,13040650
279,02465,龙蟠科技,12651970
280,01541,宜明昂科－Ｂ,12963560
281,00467,联合能源集团,12260650
282,02858,易鑫集团,26369556
283,03306,江南布衣,12192296
284,09858,优然牧业,12342002
285,02473,喜相逢集团（新）,12559650
286,06066,中信建投证券,12038790
287,00101,恒隆地产,11339005
288,01313,华润建材科技,14425320
289,00966,中国太平,11659315
290,01164,中广核矿业,11589578
291,06699,时代天使,10863940
292,00297,中化化肥,15548180
293,09869,海伦司,10977955
294,00144,招商局港口,11022200
295,03969,中国通号,12664067
296,09969,诺诚健华,11368373
297,01072,东方电气,11273284
298,06979,珍酒李渡,12302216
299,01558,东阳光长江药业,10580810
300,01951,锦欣生殖,10914030
301,00270,粤海投资,11897359
302,01735,中环新能源,10538838
303,00303,VTECH HOLDINGS,10532039
304,01308,海丰国际,10943173
305,06178,光大证券,10545442
306,01468,京基金融国际,10840700
307,09890,中旭未来,11518298
308,02469,粉笔,10836365
309,00152,深圳国际,10053900
310,02777,富力地产,9920956
311,02488,元征科技,10921060
312,06680,金力永磁,10911018
313,00220,统一企业中国,10314819
314,00392,北京控股,10281405
315,01913,普拉达,10401835
316,01329,首创钜大,9316580
317,01030,新城发展,10664423
318,01519,极兔速递－Ｗ,11913544
319,02432,越疆,9374135
320,01044,恒安国际,9567800
321,00596,浪潮数字企业,8979284
322,01052,越秀交通基建,9059088
323,00546,阜丰集团,9404904
324,01888,建滔积层板,10309744
325,01997,九龙仓置业,8527096
326,01992,复星旅游文化,8432236
327,02208,金风科技,8891745
328,00003,香港中华煤气,8583401
329,03933,联邦制药,9803400
330,00598,中国外运,8136680
331,01972,太古地产,8590180
332,00412,山高控股,9181870
333,02343,太平洋航运,8018913
334,00095,绿景中国地产,10365228
335,00317,中船防务,8443840
336,02533,黑芝麻智能,8081820
337,06806,申万宏源,11210413
338,01942,马可数字科技,8914620
339,00434,博雅互动,8312320
340,01066,威高股份,8502140
341,09860,艾迪康控股,7926248
342,00874,白云山,8120360
343,01318,毛戈平,9529910
344,01776,广发证券,7571494
345,02429,友宝在线,7694420
346,06110,滔搏,8187548
347,02255,海昌海洋公园,8626868
348,02155,森松国际,7270540
349,00553,南京熊猫电子股份,7504520
350,00991,大唐发电,7201540
351,06808,高鑫零售,8773035
352,09688,再鼎医药,7876563
353,02356,大新银行集团,7316873
354,00257,光大环境,7425220
355,02689,玖龙纸业,6921425
356,02669,中海物业,7765084
357,00012,恒基地产,6806756
358,01055,中国南方航空股份,7182424
359,03958,东方证券,12101618
360,00038,第一拖拉机股份,7611140
361,02562,狮腾控股,7435250
362,01316,耐世特,8063197
363,00828,王朝酒业,6429460
364,01448,福寿园,8127690
365,02169,沧港铁路,6684960
366,06198,青岛港,6303650
367,01368,特步国际,7460635
368,02477,经纬天地,6034560
369,00425,敏实集团,6486686
370,02423,贝壳－Ｗ,5885346
371,00586,海螺创业,5995487
372,00345,VITASOY INT'L,6716504
373,02563,华昊中天医药－Ｂ,5860610
374,02096,先声药业,5722530
375,01783,晋景新能,6065080
376,06837,海通证券,8184395
377,02593,草姬集团,5878376
378,06823,香港电讯－ＳＳ,5871967
379,01302,先健科技,6705883
380,00710,京东方精电,5657092
381,00751,创维集团,6765106
382,02611,国泰君安,8162528
383,00880,澳博控股,5804860
384,01799,新特能源,5282126
385,03650,KEEP,5432418
386,02150,奈雪的茶,5399630
387,00777,网龙,5145725
388,02431,佑驾创新,5588676
389,01907,中国旭阳集团,5227050
390,06821,凯莱英,5303029
391,03396,联想控股,5358515
392,00565,锦艺集团控股,5406900
393,01773,天立国际控股,5829180
394,01277,力量发展,4889531
395,01963,重庆银行,5088150
396,09995,荣昌生物,5552628
397,02142,和铂医药－Ｂ,4991670
398,00975,MONGOL MINING,4945470
399,00694,北京首都机场股份,5708518
400,09690,途虎－Ｗ,4908408
401,02419,德康农牧,4711310
402,03393,威胜控股,4641442
403,00081,中国海外宏洋集团,4594542
404,00839,中教控股,4811270
405,02638,港灯－ＳＳ,4545437
406,00142,第一太平,4896030
407,02588,中银航空租赁,4856773
408,00558,力劲科技,4902395
409,00148,建滔集团,5267585
410,00357,美兰空港,4495035
411,09966,康宁杰瑞制药－Ｂ,4495310
412,01788,国泰君安国际,4986270
413,00323,马鞍山钢铁股份,4621380
414,01675,亚信科技,5952055
415,01999,敏华控股,5137097
416,00338,上海石油化工股份,4278210
417,00440,大新金融,4906840
418,09979,绿城管理控股,5073960
419,01883,中信国际电讯,4168785
420,01516,融创服务,4247295
421,03996,中国能源建设,4041380
422,03931,中创新航,4221858
423,00590,六福集团,4084254
424,03360,远东宏信,4082780
425,02517,锅圈,4155240
426,01196,伟禄集团,3901800
427,03678,弘业期货,3891640
428,02001,新高教集团,3860420
429,02145,上美股份,3917530
430,00817,中国金茂,5219408
431,00909,明源云,4485740
432,02386,中石化炼化工程,4693500
433,01821,ESR,3748356
434,03380,龙光集团,4054000
435,00564,郑煤机,4127912
436,00008,电讯盈科,3938354
437,03877,中国船舶租赁,5064591
438,01258,中国有色矿业,4342340
439,01375,中州证券,3712790
440,02460,华润饮料,3935202
441,03866,青岛银行,3858350
442,00855,中国水务,4940200
443,00719,山东新华制药股份,3651220
444,03330,灵宝黄金,3776040
445,01877,君实生物,3832783
446,01428,耀才证券金融,3606220
447,01672,歌礼制药－Ｂ,3597233
448,00200,新濠国际发展,4282210
449,02342,京信通信,3569300
450,01513,丽珠医药,3550440
451,01310,香港宽频,4216260
452,01856,依波路,3390760
453,01908,建发国际集团,5071716
454,00670,中国东方航空股份,3422069
455,02866,中远海发,3382510
456,02479,天聚地合,3321820
457,00151,中国旺旺,3765760
458,03983,中海石油化学,3728540
459,00917,趣致集团,3559500
460,03978,卓越教育集团,3195620
461,01789,爱康医疗,3145016
462,00813,世茂集团,3218125
463,02039,中集集团,3322154
464,03939,万国黄金集团,3323040
465,00371,北控水务集团,3272950
466,01361,３６１度,3595753
467,09696,天齐锂业,3406180
468,01401,SPROCOMM INTEL,3200700
469,06616,环球新材国际,2987620
470,00856,伟仕佳杰,3000600
471,02582,国富氢能,2915820
472,03311,中国建筑国际,2901921
473,83690,美团－ＷＲ,3021430
474,00107,四川成渝高速公路,2923920
475,06196,郑州银行,2930190
476,02172,微创脑科学,3025250
477,00083,信和置业,3170789
478,00754,合生创展集团,2803776
479,01405,达势股份,3235845
480,02314,理文造纸,3000855
481,09885,药师帮,2906010
482,01508,中国再保险,2899781
483,00343,文化传信,2854495
484,06666,恒大物业,2666565
485,01618,中国中冶,2714260
486,03899,中集安瑞科,2885872
487,00551,裕元集团,2795901
488,00683,嘉里建设,2760960
489,00336,华宝国际,2611620
490,06963,阳光保险,2596080
491,00884,旭辉控股集团,2770155
492,00708,恒大汽车,3046004
493,00165,中国光大控股,2743808
494,01521,方达控股,2531420
495,02157,乐普生物－Ｂ,2636680
496,02633,雅各臣科研制药,2895740
497,01458,周黑鸭,2507610
498,00187,京城机电股份,2563060
499,01709,德林控股,4171780
500,06100,同道猎聘,3737336
501,00811,新华文轩,2665840
502,03709,赢家时尚,2418218
503,09997,康基医疗,2483955
504,00087,太古股份公司Ｂ,2437784
505,02869,绿城服务,2516560
506,00004,九龙仓集团,2335350
507,02616,基石药业－Ｂ,2516225
508,80700,腾讯控股－Ｒ,2277340
509,06660,艾美疫苗,2418822
510,01057,浙江世宝,2631820
511,03319,雅生活服务,2428300
512,00302,中手游,2219800
513,00626,大众金融控股,2172740
514,01528,红星美凯龙,2138900
515,00631,三一国际,2911398
516,00871,中国疏浚环保,2105240
517,09900,德益控股,2102440
518,01610,中粮家佳康,4172749
519,01681,康臣药业,2174055
520,01600,天伦燃气,2075745
521,02799,中信金融资产,2064045
522,01053,重庆钢铁股份,2082340
523,01515,华润医疗,2352798
524,02531,广联科技控股,2628200
525,01263,嗄芗团,2205068
526,80388,香港交易所－Ｒ,2193400
527,06655,华新水泥,2367953
528,89618,京东集团－ＳＷＲ,1974550
529,06127,昭衍新药,2433112
530,01729,汇聚科技,2752140
531,09956,安能物流,2106265
532,01117,现代牧业,1927784
533,01782,国际商业数字技术,1926700
534,02005,石四药集团,2127354
535,00667,中国东方教育,3967175
536,80992,联想集团－Ｒ,1871500
537,00945,宏利金融－Ｓ,1990868
538,06955,博安生物,2163948
539,01676,高地股份,1787060
540,00029,达力集团,1865240
541,02888,渣打集团,4119776
542,00085,中电华大科技,1882623
543,01153,佳源服务,1846880
544,00215,和记电讯香港,1755940
545,03339,中国龙工,1866085
546,01811,中广核新能源,1760520
547,01033,中石化油服,1711800
548,00990,荣晖国际,1714850
549,03668,兖煤澳大利亚,1788305
550,06086,方舟健客,1894950
551,01995,永升服务,1661300
552,00659,新创建集团,1693860
553,03613,同仁堂国药,1617106
554,03882,天彩控股,1614240
555,00439,光启科学,1583995
556,01651,津上机床中国,1707260
557,00632,中港石油,1734540
558,00179,德昌电机控股,1649143
559,00934,中石化冠德,1872680
560,01981,华夏控股,1535980
561,00314,思派健康,1635400
562,01733,易大宗,2347740
563,01257,中国光大绿色环保,1502449
564,00512,远大医药,1552503
565,00579,京能清洁能源,1667740
566,06601,朝云集团,1683960
567,00023,东亚银行,1412197
568,06608,百融云－Ｗ,1504687
569,02309,大象未来集团,1752760
570,01855,中庆股份,1374640
571,00799,IGG,1513873
572,02570,重塑能源,1635854
573,02362,金川国际,1380245
574,00398,东方表行集团,1494960
575,06826,昊海生物科技,1414720
576,02555,茶百道,1560636
577,00506,中国食品,1376900
578,00656,复星国际,1782956
579,03337,安东油田服务,1329060
580,02510,德翔海运,1633478
581,03918,金界控股,1293827
582,00347,鞍钢股份,1307422
583,02586,多点数智,1541560
584,00381,权识国际,1249505
585,06698,星空华文,1278812
586,02378,保诚,1369765
587,02490,乐舱物流,1483990
588,00119,保利置业集团,1450070
589,00830,中国建筑兴业,1212530
590,00639,首钢资源,1169460
591,00525,广深铁路股份,1358600
592,89988,阿里巴巴－ＷＲ,1213970
593,02522,一脉阳光,1859000
594,01606,国银金租,1161660
595,00014,希慎兴业,1143184
596,01870,益美国际控股,1119375
597,02722,重庆机电,1657800
598,00010,恒隆集团,1115160
599,02009,金隅集团,2439240
600,06908,宏光半导体,1234920
601,00895,东江环保,1080830
602,00327,百富环球,1197132
603,01936,利特米,1063200
604,01234,中国利郎,1055050
605,02598,连连数字,1048460
606,02487,科笛－Ｂ,1157230
607,01626,嘉耀控股,1463680
608,01425,捷隆控股,1034800
609,09699,顺丰同城,1142072
610,00951,超威动力,1040790
611,01112,Ｈ＆Ｈ国际控股,1110575
612,01640,瑞诚中国传媒,1171340
613,00328,ALCO HOLDINGS,1072460
614,01250,山高新能源,1281146
615,09879,米高集团,1072820
616,00363,上海实业控股,1224856
617,02285,泉峰控股,1016971
618,01969,中国春来,1034780
619,00226,力宝,992600
620,03990,美的置业,961731
621,01921,达力普控股,1504740
622,00341,大家乐集团,933746
623,01252,中国天瑞水泥,1054810
624,00460,四环医药,916480
625,02559,嘀嗒出行,926485
626,00033,INTL GENIUS,893640
627,09933,GHW INTL,1199680
628,82318,中国平安－Ｒ,888705
629,00493,国美零售,878135
630,02495,声通科技,894536
631,06128,烯石电车新材料,857484
632,02420,子不语,830360
633,00218,申万宏源香港,857800
634,00580,赛晶科技,861080
635,00999,小菜园,836624
636,00863,ＯＳＬ集团,853860
637,02453,美中嘉和,797636
638,03377,远洋集团,798376
639,02585,梦金园,816524
640,06993,蓝月亮集团,866250
641,01466,钱唐控股,791200
642,00866,中国秦发,787780
643,01725,洲际航天科技,1183448
644,00182,协合新能源,800800
645,03383,雅居乐集团,1369360
646,01815,金猫银猫,777161
647,01086,好孩子国际,785145
648,00666,瑞浦兰钧,827868
649,00418,方正控股,791200
650,02161,健倍苗苗,772388
651,80175,吉利汽车－Ｒ,877680
652,02068,中铝国际,761440
653,80016,新鸿基地产－Ｒ,734750
654,01666,同仁堂科技,727995
655,01686,新意网集团,733108
656,03600,现代牙科,768820
657,02038,富智康集团,715493
658,01746,万顺集团控股,704532
659,89888,百度集团－ＳＷＲ,860185
660,01083,港华智慧能源,699330
661,01837,五谷磨房,718080
662,00468,纷美包装,705210
663,02402,亿华通,684285
664,01108,凯盛新能,692780
665,01477,欧康维视生物－Ｂ,826000
666,00258,汤臣集团,1105960
667,01247,米格国际控股,666900
668,01051,国际资源,998856
669,06622,兆科眼科－Ｂ,687805
670,02422,润歌互动,661560
671,00114,HERALD HOLD,660100
672,09878,汇通达网络,734758
673,09985,卫龙美味,681305
674,00861,神州控股,698288
675,03868,信义能源,644328
676,01813,合景泰富集团,638955
677,00533,金利来集团,612120
678,00650,普达特科技,625754
679,00410,ＳＯＨＯ中国,617225
680,81024,快手－ＷＲ,600570
681,01586,力鸿检验,600000
682,00842,理士国际,600660
683,09993,金辉控股,613510
684,00256,冠城钟表珠宝,650820
685,80291,华润啤酒－Ｒ,588950
686,03828,明辉国际,586790
687,00769,中国稀土,579320
688,09986,大山教育,613600
689,01268,美东汽车,832260
690,02877,神威药业,954040
691,02025,瑞丰动力,559300
692,00517,中远海运国际,554569
693,02549,卡罗特,585595
694,81810,小米集团－ＷＲ,652230
695,01865,卓航控股,578940
696,00810,中国铸晨８１,570336
697,02218,安德利果汁,539165
698,02156,建发物业,534170
699,02878,晶门半导体,554430
700,06669,先瑞达医疗－Ｂ,582060
701,01133,哈尔滨电气,589080
702,06683,巨星传奇,957510
703,02192,医脉通,659865
704,00623,中视金桥,633980
705,01854,中国万天控股,1131700
706,02337,众诚能源,605030
707,03883,中国奥园,524528
708,00732,信利国际,609240
709,02385,读书郎,479987
710,02219,朝聚眼科,535505
711,09996,沛嘉医疗－Ｂ,469800
712,02291,心泰医疗,467840
713,09898,微博－ＳＷ,542303
714,80941,中国移动－Ｒ,464925
715,00272,瑞安房地产,480020
716,01244,思路迪医药股份,471005
717,01966,中骏集团控股,529444
718,06959,长久股份,531703
719,01280,奇点国峰,449540
720,00399,领航医药生物科技,463875
721,00887,英皇钟表珠宝,457900
722,02209,蠢隹毓,505770
723,02678,天虹国际集团,496059
724,09666,金科服务,431939
725,01905,海通恒信,427380
726,03848,浩森金融科技,468550
727,02407,高视医疗,467768
728,01330,绿色动力环保,639460
729,01007,龙辉国际控股,476276
730,03309,希玛医疗,414040
731,01728,正通汽车,448742
732,09936,稀美资源,454200
733,02668,百德国际,407950
734,09955,智云健康,485823
735,06996,德琪医药－Ｂ,400515
736,03301,融信中国,435460
737,02350,数科集团,534975
738,00986,中国环保能源,389208
739,02137,腾盛博药－Ｂ,396675
740,81211,比亚迪股份－Ｒ,507200
741,02212,高鹏矿业,376350
742,00581,中国东方集团,375860
743,02251,鹰瞳科技－Ｂ,375688
744,01899,兴达国际,418970
745,00655,香港华人有限公司,370152
746,01970,IMAX CHINA,370535
747,06918,奇士达,1660174
748,03369,秦港股份,452041
749,02283,东江集团控股,404100
750,80883,中国海洋石油－Ｒ,354000
751,00535,金地商置,387028
752,80020,商汤－ＷＲ,350960
753,01523,珩湾科技,350118
754,00727,皇冠环球集团,355770
755,01611,新火科技控股,341975
756,01890,中国科培,340320
757,01382,互太纺织,339780
758,01662,义合控股,349520
759,00116,周生生,337420
760,00520,呷哺呷哺,441015
761,00290,国富创新,363440
762,06610,飞天云动,332080
763,00090,普星能量,325000
764,00743,亚洲水泥（中国）,388640
765,00108,国锐生活,327060
766,00133,招商局中国基金,313560
767,00737,湾区发展,308885
768,01167,加科思－Ｂ,392871
769,00933,非凡领越,303680
770,09977,凤祥股份,303200
771,02880,辽港股份,302060
772,09930,宏信建发,302330
773,03382,天津港发展,490888
774,00697,首程控股,398596
775,02551,晶科电子股份,419320
776,00173,嘉华国际,309260
777,00052,大快活集团,287040
778,01121,金阳新能源,314160
779,01552,BHCC HOLDING,285065
780,01065,天津创业环保股份,282860
781,82388,中银香港－Ｒ,329700
782,00709,佐丹奴国际,278620
783,00451,协鑫新能源,273280
784,00207,大悦城地产,292626
785,01104,亚太资源,269032
786,01638,佳兆业集团,276171
787,01571,信邦控股,265279
788,01084,绿新亲水胶体,266420
789,01866,中国心连心化肥,574390
790,02886,滨海投资,262480
791,00806,惠理集团,265420
792,01645,海纳智能,259840
793,02489,集海资源,258600
794,02256,和誉－Ｂ,493370
795,00604,深圳控股,264795
796,09913,智勤控股,251280
797,01301,德基科技控股,249280
798,09668,渤海银行,253079
799,01848,中国飞机租赁,254375
800,00041,鹰君,272220
801,02518,汽车之家－Ｓ,239390
802,02459,升能集团,325318
803,01475,日清食品,240490
804,01755,新城悦服务,233380
805,02373,美丽田园医疗健康,510060
806,01593,辰林教育,331600
807,06978,永泰生物－Ｂ,227310
808,02160,心通医疗－Ｂ,227780
809,09989,海普瑞,525530
810,01239,TEAMWAY INTL GP,214760
811,02535,泓基集团,214500
812,02438,出门问问,423260
813,00873,世茂服务,212188
814,02798,久泰邦达能源,376450
815,02315,百奥赛图－Ｂ,208795
816,01812,晨鸣纸业,367055
817,01830,完美医疗,208300
818,02566,九源基因,232648
819,00716,胜狮货柜,221480
820,01660,兆邦基生活,230216
821,02486,普乐师集团控股,214356
822,02921,今海医疗科技,200400
823,00532,WKK INTL (HOLD),199800
824,01220,志道国际,616200
825,02281,兴泸水务,199200
826,00373,联合集团,198780
827,03838,中国淀粉,232385
828,06639,瑞尔集团,212745
829,00636,嘉里物流,306835
830,02390,知乎－Ｗ,192145
831,00690,联康生物科技集团,189780
832,00538,味千（中国）,192060
833,01161,奥思集团,187140
834,01599,城建设计,222670
835,01665,槟杰科达,183520
836,01091,南方锰业,231450
837,01238,宝龙地产,180595
838,01858,春立医疗,489061
839,01200,美联集团,178900
840,02153,达丰设备,178260
841,01050,嘉利国际,177580
842,09877,健世科技－Ｂ,248098
843,01372,中国碳中和,610885
844,01979,天宝集团,172000
845,00484,云游控股,174240
846,02126,药明巨诺－Ｂ,172240
847,00235,中策资本控股,169410
848,00149,中国农产品交易,169160
849,00752,PICO FAR EAST,168420
850,00259,亿都（国际控股）,166860
851,00906,中粮包装,163870
852,01758,博骏教育,158896
853,02519,傲基股份,158730
854,00511,电视广播,240428
855,06626,越秀服务,174518
856,02190,归创通桥－Ｂ,194550
857,09669,北森控股,198032
858,02399,中国安储能源,155340
859,00618,北大资源,152746
860,01184,S.A.S. DRAGON,151200
861,00321,德永佳集团,166470
862,00588,北京北辰实业股份,149740
863,01010,天玺曜１１,149430
864,00330,思捷环球,162498
865,03833,新疆新鑫矿业,145290
866,00261,ＧＢＡ集团,143332
867,01820,济丰包装,142740
868,06138,哈尔滨银行,147370
869,00621,坛金矿业,142290
870,02187,智欣集团控股,142020
871,00703,FUTURE BRIGHT,141960
872,00845,恒盛地产,154901
873,03318,中国波顿,140760
874,01180,汇彩控股,139840
875,01283,高集团控股,173950
876,01982,南旋控股,138329
877,09908,嘉兴燃气,152000
878,01020,赛伯乐国际控股,136632
879,00536,贸易通,134360
880,01878,南戈壁,253086
881,02136,利福中国,190985
882,02030,卡宾,133730
883,00058,新威国际,131500
884,03316,滨江服务,290415
885,00480,香港兴业国际,127656
886,01349,复旦张江,352380
887,00605,中国金融投资管理,125560
888,00145,信能低碳,175704
889,06968,港龙中国地产,199985
890,01380,中国金石,121250
891,02197,三叶草生物－Ｂ,193261
892,02552,华领医药－Ｂ,121100
893,01683,旷逸国际,145744
894,02149,贝克微,117895
895,00035,远东发展,127895
896,01578,天津银行,117210
897,00184,激成投资,117200
898,02405,力盟科技,117040
899,02003,维信金科,116630
900,81299,友邦保险－Ｒ,116370
901,00366,陆氏集团（越南）,113960
902,00127,华人置业,113070
903,00746,理文化工,112300
904,01176,珠光控股,112090
905,00331,丰盛生活服务,112000
906,01253,中国绿地博大绿泽,111888
907,03737,中智药业,121970
908,00092,冠军科技集团,109924
909,00950,李氏大药厂,109830
910,00030,云白国际,108704
911,01400,满地科技股份,109920
912,00289,WING ON CO,108000
913,06123,圆通国际快递,148960
914,03818,中国动向,227305
915,02529,泓盈城市服务,118560
916,02347,友和集团,136580
917,02322,新质数字,104560
918,00113,迪生创建,138955
919,01228,北海康成－Ｂ,106262
920,00305,五菱汽车,116300
921,01226,中国投融资,104000
922,01906,博尼控股,106250
923,00826,天工国际,105780
924,00031,航天控股,101910
925,01023,时代集团控股,105780
926,01068,雨润食品,100542
927,06068,光正教育,100468
928,01762,万咖壹联,149696
929,03332,中生联合,108520
930,00775,长江生命科技,106830
931,03680,瑞和数智,179420
932,01785,成都高速,96760
933,00139,中达集团控股,102531
934,00353,能源国际投资,94780
935,00547,数字王国,94550
936,01696,复锐医疗科技,100068
937,01205,中信资源,94260
938,02355,宝业集团,93420
939,00362,中国天化工,105250
940,01718,宏基集团控股,183275
941,01188,正道集团,92656
942,00348,中国智能健康,117400
943,00601,稀镁科技,91470
944,00124,粤海置地,90520
945,00242,信德集团,110040
946,09663,国鸿氢能,90130
947,00698,通达集团,88840
948,02789,远大中国,194218
949,01875,东曜药业－Ｂ,87500
950,09990,祖龙娱乐,116890
951,00228,中能控股,95684
952,00069,香格里拉（亚洲）,105900
953,02033,时计宝,84500
954,00815,中国白银集团,91200
955,01181,唐宫中国,84136
956,01525,建桥教育,83105
957,00308,香港中旅,84800
958,00673,中国卫生集团,165690
959,00393,旭日企业,80880
960,02507,西锐,80440
961,01122,庆铃汽车股份,82420
962,00899,中加国信,81030
963,02516,泛远国际,79920
964,01183,澳能建设,83370
965,00554,汉思集团控股,94262
966,09991,宝尊电商－Ｗ,80530
967,00346,延长石油国际,76600
968,01765,希教国际控股,93762
969,06811,太兴集团,76330
970,01522,京投交通科技,75440
971,00106,朗诗绿色管理,75436
972,00526,利时集团控股,105702
973,01802,文业集团,74482
974,09916,兴业物联,76190
975,02051,５１信用卡,72110
976,01760,英恒科技,70580
977,00103,首佳科技,100290
978,09939,开拓药业－Ｂ,68150
979,00723,信保环球控股,67500
980,02696,复宏汉霖,66790
981,06989,卓越商企服务,66540
982,01786,铁建装备,66500
983,00178,莎莎国际,104940
984,03300,中国玻璃,65700
985,02147,正味集团,65124
986,01132,橙天嘉禾,102845
987,00382,中汇集团,64580
988,03329,交银国际,77160
989,00628,通通ＡＩ社交,64300
990,01796,METASPACEX,64200
991,02168,佳兆业美好,63973
992,01203,广南（集团）,63740
993,01373,国际家居零售,65720
994,01469,结好金融,62480
995,02230,羚邦集团,63340
996,00088,TAI CHEUNG HOLD,61740
997,00026,中华汽车,61140
998,09686,熙康云医院,60175
999,01440,应星控股,59850
1000,02198,中国三江化工,59460
1001,01911,华兴资本控股,66301
1002,00419,弘毅文化集团,68310
1003,02217,谭仔国际,67840
1004,00993,华融金控,127140
1005,00816,金茂服务,140515
1006,00915,道和环球,57965
1007,06036,光丽科技,61100
1008,09616,东软教育,57552
1009,02499,佛朗斯股份,56908
1010,01588,畅捷通,56208
1011,06609,心玮医疗－Ｂ,55843
1012,00167,IDT INT'L,55750
1013,00717,英皇资本,55206
1014,01217,中国创新投资,55200
1015,02779,中国新华教育,54600
1016,02101,福禄控股,180095
1017,02111,超盈国际控股,54160
1018,02410,同源康医药－Ｂ,54000
1019,01563,友联国际教育租赁,53950
1020,00878,金朝阳集团,94250
1021,02112,恩典生命科技,53860
1022,01358,普华和顺,73300
1023,01546,德莱建业,52560
1024,02511,君圣泰医药－Ｂ,52030
1025,00508,鼎亿集团投资,51950
1026,02203,脑洞科技,54090
1027,00050,香港小轮（集团）,55620
1028,00713,世界（集团）,50900
1029,01869,猫屎咖啡控股,50400
1030,01110,金活医药集团,49680
1031,01120,雅视光学,49400
1032,09919,艾德韦宣集团,65780
1033,00156,力宝华润,48160
1034,02503,中深建业,50120
1035,03315,金邦达宝嘉,47520
1036,01036,万科海外,47360
1037,00757,阳光能源,46867
1038,00900,AEON CREDIT,46720
1039,00595,AV CONCEPT HOLD,46694
1040,09886,叮当健康,46858
1041,00662,亚洲金融,46340
1042,01705,宾仕国际,46240
1043,01137,香港科技探索,92400
1044,06288,FAST RETAIL-DRS,45810
1045,00356,鼎立资本,211530
1046,02139,甘肃银行,45750
1047,01872,冠C控股,45650
1048,02166,芯智控股,64560
1049,01937,佳辰控股,45385
1050,01027,中国集成控股,45325
1051,00315,数码通电讯,49255
1052,03633,中裕能源,633052
1053,00360,新焦点,44756
1054,00976,齐合环保,44160
1055,02480,绿竹生物－Ｂ,44000
1056,01410,安领国际,43800
1057,82333,长城汽车－Ｒ,43690
1058,02505,ＥＤＡ集团控股,45860
1059,00432,盈大地产,43451
1060,01726,HKE HOLDINGS,136550
1061,02502,金源氢化,42470
1062,00918,龙翼航空科技,47004
1063,06822,科劲国际,42270
1064,02127,汇森股份,41802
1065,00376,云锋金融,41600
1066,00055,中星集团控股,41017
1067,01973,天图投资,52404
1068,00214,汇汉控股,40430
1069,01126,德林国际,40080
1070,03773,银盛数惠,45800
1071,02000,晨讯科技,50370
1072,00062,载通,39888
1073,00510,时富金融服务集团,39060
1074,00738,莱尔斯丹,39000
1075,03662,星悦康旅,52655
1076,00408,叶氏化工集团,38580
1077,01471,众淼控股,44120
1078,02409,洲际船务,38320
1079,01857,中国光大水务,94870
1080,02237,中国石墨,37600
1081,00980,联华超市,36870
1082,00567,大昌微线集团,36640
1083,01045,亚太卫星,36436
1084,00712,卡姆丹克太阳能,36170
1085,00280,景福集团,36850
1086,00837,谭木匠,40950
1087,01497,燕之屋,35060
1088,01613,协同通信,34800
1089,02738,华津国际控股,38820
1090,00497,资本策略地产,34400
1091,02329,国瑞健康,34160
1092,01572,中国艺术金融,64640
1093,00875,从玉智农,33580
1094,01780,荣尊国际控股,33250
1095,01102,环能国际,32828
1096,00681,中民控股,32452
1097,00486,俄铝,32190
1098,03768,滇池水务,33890
1099,01223,新沣集团,39900
1100,01413,铸帝控股,69320
1101,00635,彩星集团,31360
1102,01489,GC CONSTRUCTION,31200
1103,00253,顺豪控股,31160
1104,01278,中国新城镇,31000
1105,01950,帝王实业控股,30484
1106,01657,桦欣控股,30465
1107,01143,中国储能科技发展,33000
1108,00128,安宁控股,30240
1109,01748,信源企业集团,30180
1110,03813,宝胜国际,29995
1111,00922,安贤园中国,29600
1112,09639,荣利营造,44100
1113,00420,福田实业,29360
1114,00099,王氏国际,29360
1115,00776,帝国科技集团,28700
1116,03893,易纬集团,28620
1117,02138,医思健康,79930
1118,00400,硬蛋创新,34500
1119,01925,旷世芳香,28160
1120,06830,华众车载,64760
1121,02699,新明中国,27856
1122,00860,ＡＰＯＬＬＯ出行,30931
1123,00204,资本界金控,27580
1124,00458,联亚集团,27500
1125,00171,银建国际,34580
1126,00609,天德化工,27360
1127,02415,梅斯健康,27228
1128,01348,甏锔豢毓,27174
1129,00515,中华银科技,27640
1130,02660,禅游科技,27100
1131,01085,亨鑫科技,26700
1132,00021,大中华控股,26320
1133,02545,中赣通信,63040
1134,02223,卡撒天娇,26000
1135,02122,凯知乐国际,25932
1136,01715,火山邑动国际控股,25340
1137,01912,康特隆,26605
1138,06838,盈利时,25160
1139,02930,中国水业集团股权,25400
1140,02683,华新手袋国际控股,24500
1141,00829,神冠控股,24360
1142,02008,凤凰卫视,24300
1143,00809,大成生化科技,25452
1144,02211,大健康国际,53335
1145,00078,REGAL INT'L,22940
1146,01233,时代中国控股,22850
1147,06998,嘉和生物－Ｂ,30010
1148,02163,远大住工,22434
1149,03303,巨涛海洋石油服务,21900
1150,00893,中国铁钛,21859
1151,02175,中国通才教育,21300
1152,09680,如祺出行,21260
1153,00433,北方矿业,21200
1154,00166,新时代集团控股,21192
1155,01978,叙福楼集团,20770
1156,00028,天安,20580
1157,01647,雄岸科技,20295
1158,00222,闽信集团,20000
1159,06696,多想云,24800
1160,06868,天福,19850
1161,00733,合富辉煌,19660
1162,01111,华视集团控股,66000
1163,01957,大人国际,19450
1164,01502,金融街物业,19390
1165,02298,都市丽人,19645
1166,03399,粤运交通,37400
1167,06877,CLSA PREMIUM,19860
1168,02297,润迈德－Ｂ,20800
1169,01202,四威科技,19100
1170,00518,同得仕（集团）,19040
1171,02567,七牛智能,23750
1172,00730,首惠产业金融,18576
1173,01809,浦林成山,33350
1174,00487,实德环球,18464
1175,00045,大酒店,30750
1176,00240,利基控股,18400
1177,00702,中国油气控股,19780
1178,02483,Ｋ  ＣＡＳＨ集团,18360
1179,00603,中油燃气,18260
1180,00430,东方兴业控股,25060
1181,00236,香港生力啤,18200
1182,00199,德祥地产,20875
1183,02125,稻草熊娱乐,18020
1184,01317,枫叶教育,17920
1185,06122,九台农商银行,32680
1186,00264,中联发展控股,52320
1187,01920,中国网成,17400
1188,00120,COSMOPOL INT'L,17132
1189,02536,百乐皇宫,29330
1190,00668,东银国际控股,16750
1191,01165,顺风清洁能源,16740
1192,00994,中天顺联,16720
1193,01850,鸿盛昌资源,16560
1194,00086,新鸿基公司,24550
1195,01643,现代中药集团,16380
1196,01827,卓珈控股,16350
1197,02368,鹰美,16200
1198,00286,爱帝宫,16200
1199,06093,和泓服务,16160
1200,00337,绿地香港,44135
1201,09600,新纽科技,15876
1202,00928,帝王国际投资,25044
1203,02339,京西国际,15774
1204,01916,江西银行,24975
1205,02246,快狗打车,15596
1206,01842,植华集团,15400
1207,00206,华商能源,15000
1208,00521,CWT INT'L,15000
1209,06858,本间高尔夫,14980
1210,06922,康沣生物－Ｂ,14680
1211,00959,世纪娱乐国际,14840
1212,00591,中国高精密,14406
1213,03928,S&T HLDGS,14300
1214,02521,升辉清洁,14250
1215,00978,招商局置地,14040
1216,00731,建发新胜,14040
1217,00574,百信国际,14030
1218,02451,绿源集团控股,13800
1219,00767,中基长寿科学,13700
1220,00542,中国文旅农业,13600
1221,01622,力高集团,14316
1222,01399,锐信控股,12932
1223,00064,结好控股,12800
1224,02576,太美医疗科技,22120
1225,01985,美高域,15000
1226,02120,康宁医院,12500
1227,00365,芯成科技,54120
1228,00147,国际商业结算,25315
1229,02772,中梁控股,24001
1230,03788,中国罕王,11550
1231,03913,合景悠活,12800
1232,00237,安全货仓,11400
1233,00677,金源发展国际实业,11390
1234,02232,晶苑国际,24085
1235,01123,中港照相,10900
1236,03326,保发集团,10866
1237,00401,万嘉集团,10800
1238,02528,尚晋国际控股,28180
1239,01592,基石控股,10400
1240,01895,鑫苑服务,10250
1241,01961,多牛科技,12280
1242,00862,远见控股,10090
1243,00061,绿领控股,10080
1244,02131,云想科技,9980
1245,00355,世纪城市国际,9927
1246,01943,金石控股集团,21970
1247,06623,陆控,9750
1248,03698,徽商银行,12130
1249,01418,盛诺集团,14500
1250,01148,新晨动力,9450
1251,02048,易居企业控股,9442
1252,02235,微泰医疗－Ｂ,9404
1253,00807,上海实业环境,9370
1254,01281,鑫达投资控股,9378
1255,01292,长安民生物流,9200
1256,01698,腾讯音乐－ＳＷ,9100
1257,01419,盈健医疗,9020
1258,00630,隽泰控股,9000
1259,00674,中国唐商,8888
1260,01568,承达集团,11580
1261,01727,河北建设,8800
1262,00340,潼关黄金,8650
1263,01271,佳明集团控股,8620
1264,00471,中播数据,8520
1265,01777,花样年控股,8466
1266,06668,星盛商业,8350
1267,00897,位元堂,8330
1268,01130,中国环境资源,8318
1269,02279,雍禾医疗,8300
1270,06108,新锐医药,8224
1271,01808,企展控股,8200
1272,01009,国际娱乐,8200
1273,00707,亚洲电视控股,8192
1274,00931,中国港能,8140
1275,02931,中国前沿科技集团,8110
1276,00104,ASIA COMM HOLD,8110
1277,02265,鸿承环保科技,12150
1278,06988,乐享集团,9537
1279,01846,德视佳,7964
1280,00889,连达科技控股,7962
1281,01690,立基工程控股,7920
1282,00882,天津发展,209840
1283,09960,康圣环球,52020
1284,01141,民银资本,8240
1285,06866,佐力小贷,7410
1286,01427,中国天保集团,7572
1287,03989,首创环境,16510
1288,00201,华大酒店,7138
1289,00279,裕承科金,7033
1290,01082,源宇宙教育,6880
1291,03628,仁恒实业控股,12880
1292,00672,众安集团,6863
1293,01142,能源及能量环球,6860
1294,03368,百盛集团,6851
1295,01499,欧科云链,6780
1296,00232,大陆航空科技控股,17222
1297,09928,时代邻里,6700
1298,03623,中国金融发展,6520
1299,00587,海螺环保,6490
1300,06829,龙升集团控股,6300
1301,01628,禹洲集团,6150
1302,09978,方圆生活服务,6100
1303,01001,沪港联合,6100
1304,01685,博耳电力,6150
1305,02216,也┮搅疲Ｂ,12685
1306,01695,椰丰集团,5810
1307,03798,家乡互动,5760
1308,01098,路劲,5750
1309,02497,富景中国控股,5700
1310,00057,震雄集团,5680
1311,01680,澳门励骏,5600
1312,01620,富盈环球集团,9100
1313,01689,华禧控股,5500
1314,01767,TS WONDERS,98930
1315,00997,普汇中金国际,5424
1316,00691,山水水泥,5210
1317,03313,雅高控股,5200
1318,01580,大森控股,5100
1319,01127,狮子山集团,5080
1320,01867,标准发展集团,4980
1321,09983,建业新生活,4880
1322,01416,CTR HOLDINGS,4800
1323,02925,超大现代,4800
1324,03321,伟鸿集团控股,4775
1325,01069,中国健康科技集团,8448
1326,01873,维亚生物,33030
1327,00858,精优药业,4700
1328,01650,HYGIEIA GROUP,4592
1329,01682,杭品生活科技,4508
1330,01170,信星集团,4460
1331,09963,高科桥,4270
1332,02392,玄武云,4250
1333,02188,泰坦能源技术,4200
1334,01949,佰达国际控股,7628
1335,00686,北京能源国际,4080
1336,02540,乐思集团,73350
1337,02306,乐华娱乐,36570
1338,01532,中国派对文化,3780
1339,00476,科轩动力控股,3650
1340,00117,天利控股集团,3646
1341,01265,天津津燃公用,3640
1342,01379,温岭工量刃具,3620
1343,02239,国微控股,3520
1344,01909,火岩控股,3454
1345,01980,天鸽互动,3360
1346,03708,中国供应链产业,3350
1347,00244,先施,3296
1348,01736,中国育儿网络,3240
1349,00334,华显光电,3168
1350,06628,创胜集团－Ｂ,3135
1351,00332,元亨燃气,3000
1352,00910,中国三迪,2961
1353,06878,鼎丰集团汽车,2848
1354,00295,江山控股,2800
1355,00611,中国核能科技,4160
1356,02012,阳光油砂,2750
1357,02433,中天湖南集团,3772
1358,01335,顺泰控股,14948
1359,00185,正商实业,2660
1360,00397,嬴集团,2640
1361,01376,RAFFLESINTERIOR,2592
1362,02439,中宝新材,28050
1363,01251,华油能源,2500
1364,09958,力天影业,5232
1365,06882,东瀛游,2480
1366,01300,俊知集团,2380
1367,01080,胜利管道,2295
1368,02358,久融控股,2240
1369,00164,中国宝力科技,2225
1370,00255,龙记集团,4220
1371,02250,小黄鸭德盈,2110
1372,00840,天业节水,2100
1373,00952,华富建业金融,2050
1374,00612,鼎益丰控股,2048
1375,00339,中国科创产业投资,2010
1376,01894,恒益控股,2000
1377,01450,交个朋友控股,4000
1378,03322,永嘉集团,1970
1379,01722,建鹏控股,1960
1380,06686,诺亚控股,1900
1381,01917,豆盟科技,1881
1382,01150,米兰站,1840
1383,02108,K2 F&B,1760
1384,02371,创联控股,1748
1385,01105,星岛,1726
1386,00658,中国高速传动,28900
1387,00616,高山企业,4200
1388,01343,伟源控股,1670
1389,00911,前海健康,1640
1390,06999,领地控股,1609
1391,01742,HPC HOLDINGS,1600
1392,02193,万景控股,1572
1393,02116,江苏创新,27100
1394,00196,宏华集团,1476
1395,00296,英皇娱乐酒店,1475
1396,02107,第一服务控股,99413
1397,01270,朗廷－ＳＳ,20390
1398,00771,自动系统,1380
1399,00852,海峡石油化工,1356
1400,01756,中国职业教育,1320
1401,02312,中国金融租赁,1320
1402,00768,开明投资,1260
1403,00736,中国置业投资,1254
1404,00146,TAI PING CARPET,1170
1405,01843,快餐帝国,1168
1406,01633,上谕集团,1143
1407,01945,清科创业,1140
1408,06820,友谊时光,1140
1409,06611,三巽集团,1110
1410,00075,渝太地产,1099
1411,00183,宏辉集团,1080
1412,00254,国家联合资源,1080
1413,06911,澜沧古茶,1054
1414,01470,富一国际控股,1040
1415,00188,新华汇富金融,1025
1416,00059,天誉置业,1012
1417,01338,霸王集团,1000
1418,00718,太和控股,990
1419,03886,康健国际医疗,976
1420,00543,太平洋网络,1414
1421,06889,DYNAM JAPAN,1509
1422,01986,彩客新能源,880
1423,01029,铁货,858
1424,02221,创业集团控股,848
1425,02310,时代环球集团,840
1426,00276,蒙古能源,840
1427,00722,联合医务,800
1428,01243,宏安地产,740
1429,01147,伊登软件,730
1430,00380,中国管业,688
1431,00311,联泰控股,684
1432,02926,天臣控股,681
1433,03363,正业国际,680
1434,01793,伟工控股,680
1435,02078,荣阳实业,636
1436,00894,万裕科技,600
1437,09857,柠萌影视,576
1438,02370,力高健康生活,530
1439,00159,布莱克万矿业,481
1440,01312,华控康泰,468
1441,01443,富临集团控股,460
1442,06058,兴证国际,448
1443,00245,中薇金融,440
1444,01968,兴纺控股,416
1445,00653,卓悦控股,400
1446,01446,鸿福堂,360
1447,01432,中国圣牧,338
1448,01215,开源控股,320
1449,06828,北京燃气蓝天,304
1450,01616,一元宇宙,300
1451,01063,新确科技,292
1452,01389,美捷汇控股,264
1453,00082,疯狂体育,216
1454,02257,圣诺医药－Ｂ,8900
1455,01778,彩生活,176
1456,00063,中亚烯谷集团,136
1457,01393,恒鼎实业,123
1458,00572,未来世界控股,97
1459,01967,信恳智能,73
1460,00865,建德国际控股,136
1461,02363,通达宏泰,63
1462,01101,华荣能源,60
1463,00197,亨泰,44
1464,00076,谊砾控股,3
1465,00913,港湾数字,0
1466,01738,飞尚无烟煤, - 
1467,01739,齐屹科技, - 
1468,01740,新石文化, - 
1469,01741,成志控股, - 
1470,01631,REF HOLDINGS, - 
1471,01743,苍南仪表, - 
1472,01745,驴迹科技, - 
1473,01630,建成控股, - 
1474,01747,HOME CONTROL, - 
1475,01629,冠均国际控股, - 
1476,01749,杉杉品牌, - 
1477,01750,全达电器集团控股, - 
1478,01751,景联集团, - 
1479,01752,澳洲成峰高教, - 
1480,01753,兑吧, - 
1481,01627,安保工程控股, - 
1482,01623,海隆控股, - 
1483,01757,俊裕地基, - 
1484,01621,域高国际控股, - 
1485,01759,中油洁能控股, - 
1486,01619,天合化工, - 
1487,01761,宝宝树集团, - 
1488,01617,南方通信, - 
1489,01763,中国同辐,37368
1490,01639,安捷利实业, - 
1491,01615,奥邦建筑, - 
1492,01612,永胜医疗,6320
1493,01609,创建集团控股, - 
1494,01771,新丰泰集团, - 
1495,01608,伟能集团, - 
1496,01601,中关村科技租赁, - 
1497,01775,精英汇集团, - 
1498,01598,２１世纪教育, - 
1499,01597,纳泉能源科技, - 
1500,00067,旭光高新材料, - 
1501,01591,汛和集团, - 
1502,01781,新昌创展控股, - 
1503,01589,中国物流资产, - 
1504,01587,欣融国际, - 
1505,09909,宝龙商业,20970
1506,01583,亲亲食品, - 
1507,01582,华营建筑, - 
1508,01581,进升集团控股, - 
1509,01649,内蒙古能建, - 
1510,01790,达力环保, - 
1511,01792,CMON, - 
1512,01655,OKURA HOLDINGS, - 
1513,01795,亚东集团, - 
1514,01577,汇鑫小贷, - 
1515,01576,齐鲁高速, - 
1516,01575,皇庭智家, - 
1517,00137,金辉集团, - 
1518,01573,南方能源, - 
1519,00068,利兴发展, - 
1520,01570,伟业控股, - 
1521,01803,北京体育文化, - 
1522,01806,汇付天下, - 
1523,01569,民生教育, - 
1524,01566,华夏文化科技, - 
1525,01565,成实外教育, - 
1526,01561,联洋智能控股, - 
1527,00138,中建富通, - 
1528,01559,均安控股, - 
1529,01557,剑虹集团控股, - 
1530,01556,建业建荣, - 
1531,01817,慕尚集团控股, - 
1532,01555,ＭＩ能源, - 
1533,01819,富贵鸟, - 
1534,01553,迈科管业, - 
1535,01551,广州农商银行, - 
1536,01822,中木国际, - 
1537,01823,华昱高速, - 
1538,01825,STERLING GP, - 
1539,01826,丰展控股, - 
1540,01549,永丰集团控股, - 
1541,01828,大昌行集团, - 
1542,01829,中国机械工程, - 
1543,01547,IBI GROUP HLDGS, - 
1544,01831,十方控股, - 
1545,01832,海天地悦旅, - 
1546,01545,设计都会, - 
1547,01835,瑞威资管, - 
1548,01543,中盈盛达融资担保, - 
1549,01542,台州水务, - 
1550,01838,CHINAPROPERTIES, - 
1551,01839,中集车辆, - 
1552,01841,优越集团控股, - 
1553,01540,澳狮环球, - 
1554,01539,知行集团控股, - 
1555,01737,亚洲实业集团, - 
1556,01538,中奥到家, - 
1557,01847,云南建投混凝土, - 
1558,01536,煜荣集团, - 
1559,01849,秀商时代控股, - 
1560,01533,庄园牧场, - 
1561,01851,银杏教育, - 
1562,01853,春城热力, - 
1563,01529,乐氏国际控股, - 
1564,01527,天洁环境, - 
1565,09918,丽年国际, - 
1566,01520,天机控股（新）, - 
1567,00070,金粤控股, - 
1568,01859,煜盛文化, - 
1569,01518,新世纪医疗, - 
1570,01861,保宝龙科技, - 
1571,01862,景瑞控股, - 
1572,01863,中国龙天集团, - 
1573,01509,和美医疗, - 
1574,01501,瑛泰医疗, - 
1575,00060,香港食品投资, - 
1576,01868,同方友友, - 
1577,01500,现恒建筑, - 
1578,01498,培力农本方, - 
1579,01871,向中国际, - 
1580,01496,亚积邦租赁, - 
1581,01495,集一控股, - 
1582,01492,中地乳业, - 
1583,01490,车市科技, - 
1584,01488,百福控股, - 
1585,09889,东莞农商银行, - 
1586,01486,思城控股, - 
1587,01483,网誉科技, - 
1588,01481,竣球控股, - 
1589,01884,ＥＰＲＩＮＴ集团, - 
1590,01885,中国优材, - 
1591,01886,汇源果汁, - 
1592,01480,恩达集团控股, - 
1593,01889,三爱健康集团, - 
1594,00072,超媒体控股, - 
1595,01891,兴合控股, - 
1596,01476,恒投证券, - 
1597,01473,环联连讯, - 
1598,01472,生兴控股, - 
1599,01897,美亨实业, - 
1600,01463,C-LINK SQ, - 
1601,01462,金诚控股, - 
1602,01900,中国智能交通, - 
1603,01901,飞扬集团, - 
1604,01902,银城国际控股, - 
1605,01903,JBB BUILDERS, - 
1606,01461,中泰期货, - 
1607,01460,扬科集团, - 
1608,01459,巨匠建设, - 
1609,01455,科利实业控股,3200
1610,01452,迪诺斯环保, - 
1611,01451,万成集团股份, - 
1612,01449,立德教育, - 
1613,01447,新福港, - 
1614,01717,澳优, - 
1615,01915,泰和小贷, - 
1616,01716,毛记葵涌, - 
1617,01442,鹰辉物流, - 
1618,01439,移动互联（中国）, - 
1619,01433,常达控股, - 
1620,01656,亿仕登控股, - 
1621,01431,原生态牧业, - 
1622,01922,瑞森生活服务, - 
1623,01430,苏创燃气, - 
1624,01927,久久王, - 
1625,00056,联合地产（香港）, - 
1626,01429,天任集团, - 
1627,01930,勋龙, - 
1628,01931,华检医疗, - 
1629,01932,中漆集团, - 
1630,01933,元力控股, - 
1631,01935,嘉宏教育, - 
1632,01421,工盖有限公司, - 
1633,01420,川控股, - 
1634,01938,珠江钢管, - 
1635,01939,东京中央拍卖, - 
1636,01940,CGII HLDGS, - 
1637,01941,烨星集团, - 
1638,00073,亚洲果业, - 
1639,01412,隽思集团, - 
1640,01408,濠江机电, - 
1641,01947,美皓集团, - 
1642,01948,优矩控股, - 
1643,01407,交运燃气, - 
1644,01406,清晰医疗, - 
1645,01402,超智能控股, - 
1646,01845,维港环保科技, - 
1647,01953,RIMBACO, - 
1648,01955,庄臣控股, - 
1649,01397,碧瑶绿色集团, - 
1650,01396,粤港湾控股, - 
1651,01959,世纪联合控股, - 
1652,01960,TBKS HLDGS, - 
1653,01395,强泰环保,10595
1654,01962,训修实业, - 
1655,09929,澳达控股, - 
1656,01965,朗诗绿色生活, - 
1657,01652,福森药业, - 
1658,01632,民商创科, - 
1659,01713,四川能投发展,8560
1660,01388,安莉芳控股, - 
1661,01387,中国地利, - 
1662,01971,弘阳服务, - 
1663,01386,国投集团控股, - 
1664,01383,LET GROUP, - 
1665,01975,新兴印刷, - 
1666,01977,安乐工程, - 
1667,01381,粤丰环保, - 
1668,00077,进智公共交通, - 
1669,01371,中国生态旅游,1660
1670,01370,奥威控股, - 
1671,01369,五洲国际, - 
1672,01983,泸州银行, - 
1673,01367,广州基金国际控股, - 
1674,01712,龙资源,62780
1675,00054,合和实业, - 
1676,01366,江南集团, - 
1677,01989,松龄护老集团, - 
1678,01990,兴华港口, - 
1679,01991,大洋集团, - 
1680,01365,润东汽车, - 
1681,01993,雅仕维, - 
1682,01363,中滔环保, - 
1683,01996,弘阳地产, - 
1684,09882,永联丰控股, - 
1685,01998,飞克国际, - 
1686,01362,新龙移动, - 
1687,01360,诺发集团, - 
1688,01355,^F国际, - 
1689,02002,阳光纸业, - 
1690,01353,诺奇, - 
1691,01351,辉煌明天,374
1692,02006,锦江资本, - 
1693,02007,碧桂园, - 
1694,00079,世纪建业, - 
1695,01346,利华控股集团, - 
1696,02010,瑞年国际, - 
1697,02011,进腾集团, - 
1698,01345,上海先锋控股, - 
1699,01340,惠生国际, - 
1700,02014,浩泽净水, - 
1701,09938,华和控股,14600
1702,01337,雷蛇, - 
1703,02017,沧海控股, - 
1704,01333,中国忠旺, - 
1705,02019,德信中国, - 
1706,01328,金涌投资, - 
1707,02022,游莱互动, - 
1708,01327,励时集团, - 
1709,00053,国浩集团, - 
1710,02028,映美控股, - 
1711,01326,传递娱乐, - 
1712,01323,华盛国际控股, - 
1713,01322,创达科技控股, - 
1714,01321,中国新城市, - 
1715,01319,霭华押业信贷, - 
1716,00080,中国新经济投资, - 
1717,00051,海港企业, - 
1718,86618,京东健康－Ｒ, - 
1719,02060,浦江国际, - 
1720,02066,盛京银行, - 
1721,01315,绿色经济, - 
1722,01314,翠华控股, - 
1723,01711,欧化, - 
1724,02080,奥克斯国际, - 
1725,02083,大自然家居, - 
1726,02086,高维科技, - 
1727,02088,西王置业, - 
1728,01710,致丰工业电子, - 
1729,02098,卓尔智联, - 
1730,01305,伟志控股, - 
1731,02100,百奥家庭互动, - 
1732,01303,汇力资源, - 
1733,00048,中国汽车内饰, - 
1734,02103,新力控股集团, - 
1735,00141,天禧海嘉控股, - 
1736,01298,云能国际, - 
1737,01297,中国擎天软件, - 
1738,02110,天成控股, - 
1739,01659,海天能源, - 
1740,01296,国电科环, - 
1741,02113,世纪集团国际, - 
1742,02115,捷芯隆, - 
1743,01293,广汇宝信, - 
1744,02117,大唐集团控股, - 
1745,02118,天山发展控股, - 
1746,02119,捷荣国际控股, - 
1747,01290,中国汇融, - 
1748,01289,盛力达科技, - 
1749,01286,鹰普精密, - 
1750,02123,金盾控股, - 
1751,01285,嘉士利集团, - 
1752,01284,新传企划, - 
1753,01282,中泽丰, - 
1754,01273,香港信贷, - 
1755,02129,LEGION CONSO, - 
1756,01272,大唐环境, - 
1757,01723,港亚控股, - 
1758,02132,誉龇峥毓,1272
1759,02133,信盛矿业, - 
1760,02135,瑞丽医美, - 
1761,00047,合兴集团, - 
1762,01269,首控集团, - 
1763,01266,西王特钢, - 
1764,01262,蜡笔小新食品, - 
1765,00084,宝光实业, - 
1766,01259,未来发展控股, - 
1767,02146,荣万家, - 
1768,01255,ＴＡＴＡ健康, - 
1769,01249,通力电子, - 
1770,01246,保集健康, - 
1771,01245,NIRAKU, - 
1772,09689,金泰丰国际控股, - 
1773,01708,三宝科技, - 
1774,01241,双桦控股, - 
1775,01240,青建国际, - 
1776,01237,中科生物, - 
1777,01236,国农控股, - 
1778,02159,麦迪卫康, - 
1779,01235,专业旅运, - 
1780,01232,金轮天地控股, - 
1781,01231,新矿资源, - 
1782,01230,雅士利国际, - 
1783,02165,领悦服务集团, - 
1784,00046,科联系统, - 
1785,02167,天润云, - 
1786,01229,南南资源, - 
1787,01227,国盛投资, - 
1788,02170,贝康医疗－Ｂ, - 
1789,09677,威海银行, - 
1790,01225,隆成金融, - 
1791,00132,兴业控股, - 
1792,02176,赛迪顾问, - 
1793,02177,优趣汇控股, - 
1794,02178,百勤油服, - 
1795,02179,瑞科生物－Ｂ, - 
1796,02180,万宝盛华, - 
1797,02181,迈博药业－Ｂ, - 
1798,02182,天长集团, - 
1799,02183,三盛控股, - 
1800,02185,百心安－Ｂ, - 
1801,01224,中渝置地, - 
1802,00044,香港飞机工程, - 
1803,01222,WANG ON GROUP, - 
1804,02189,嘉涛（香港）控股, - 
1805,01221,SINO HOTELS, - 
1806,01219,天喔国际, - 
1807,01218,永义国际,29760
1808,01216,中原银行, - 
1809,01213,万保刚集团, - 
1810,00043,卜蜂国际, - 
1811,01212,利福国际, - 
1812,01210,克莉丝汀, - 
1813,02200,浩沙国际, - 
1814,00042,东北电气, - 
1815,01207,上置集团, - 
1816,02205,康桥悦生活, - 
1817,02207,融信服务, - 
1818,01206,同方泰德, - 
1819,01204,博维智慧, - 
1820,02210,京城佳业, - 
1821,01201,天臣控股, - 
1822,01198,皇朝家居, - 
1823,02213,益华控股, - 
1824,02215,德信服务集团, - 
1825,01197,中国恒石, - 
1826,01195,京维集团, - 
1827,01194,湾区黄金, - 
1828,01192,泰山石化, - 
1829,01707,致浩达控股, - 
1830,02222,雷士国际, - 
1831,01191,中国中石控股, - 
1832,02225,今海医疗科技, - 
1833,02226,老恒和酿造, - 
1834,02227,守益控股, - 
1835,01190,航标控股, - 
1836,02229,长港敦信, - 
1837,01189,大湾区聚变力量, - 
1838,02231,景业名邦集团, - 
1839,01187,汉唐国际控股, - 
1840,01185,中国航天万源, - 
1841,00089,大生地产, - 
1842,00040,金山科技工业, - 
1843,01182,胜龙国际, - 
1844,01178,汇银控股集团, - 
1845,01175,鲜驰达控股, - 
1846,02245,力勤资源, - 
1847,01174,太平洋恩利, - 
1848,09638,法拉帝, - 
1849,01173,威高国际, - 
1850,01172,融太集团,10700
1851,01169,海尔电器, - 
1852,01168,百仕达控股, - 
1853,00039,中国北大荒, - 
1854,02258,华滋国际海洋, - 
1855,02260,环龙控股, - 
1856,02262,梁志天设计集团, - 
1857,02263,富石金融, - 
1858,01166,星凯控股, - 
1859,02266,黎氏企业, - 
1860,01163,虎视传媒, - 
1861,01162,莹岚集团, - 
1862,02270,德商产投服务, - 
1863,02271,众安智慧生活, - 
1864,01160,金石资本集团, - 
1865,01159,智数科技集团, - 
1866,02277,华融投资股份, - 
1867,02278,海蓝控股, - 
1868,01158,开元酒店, - 
1869,02280,慧聪集团, - 
1870,01156,CHINANEWENERGY, - 
1871,01155,星辰通信, - 
1872,01152,正乾金融控股, - 
1873,01151,依利安达, - 
1874,02286,辰兴发展, - 
1875,02288,宏基资本, - 
1876,02289,创美药业, - 
1877,00037,远东酒店实业, - 
1878,02292,晋安实业, - 
1879,02293,百本医护, - 
1880,02295,丰城控股, - 
1881,02296,华记环球集团, - 
1882,01149,中国安芯, - 
1883,01706,双运控股, - 
1884,00131,卓能（集团）, - 
1885,02300,澳科控股, - 
1886,02302,中核国际, - 
1887,02303,恒兴黄金, - 
1888,01146,汇成国际控股, - 
1889,02307,锦兴国际控股, - 
1890,02308,研祥智能, - 
1891,00036,远东控股国际, - 
1892,84602,ICBC CNHPREF1-R, - 
1893,01145,勇利投资, - 
1894,00130,慕诗国际, - 
1895,09968,汇景控股, - 
1896,01140,华科智能投资,29740
1897,02317,味丹国际, - 
1898,01139,华多利集团, - 
1899,01135,ASIA SATELLITE, - 
1900,02320,合丰集团, - 
1901,02321,双财庄, - 
1902,01134,恒发光学, - 
1903,02323,融科控股, - 
1904,02324,首都创投, - 
1905,01131,鸿宝资源, - 
1906,02326,新源万恒控股, - 
1907,02327,美瑞健康国际, - 
1908,01129,中国水业集团－新, - 
1909,01125,丽丰控股, - 
1910,02330,中国上城, - 
1911,01124,沿海家园, - 
1912,00091,金禧国际控股, - 
1913,02336,硕奥国际, - 
1914,01118,高力集团, - 
1915,00034,九龙建业, - 
1916,01116,MAYER HOLDINGS, - 
1917,02340,N柏控股, - 
1918,02341,中怡国际, - 
1919,01115,西藏水资源, - 
1920,01107,当代置业, - 
1921,01636,中国金属利用, - 
1922,02346,星宇控股, - 
1923,01106,铭霖控股, - 
1924,02348,东瑞制药, - 
1925,02349,中国城市基础设施, - 
1926,01103,大生农业金融, - 
1927,02352,东原仁知服务, - 
1928,01732,象兴国际, - 
1929,01100,飞达控股, - 
1930,00129,泛海集团,3600
1931,01097,有线宽频, - 
1932,01096,中能国际控股, - 
1933,02360,优品３６０, - 
1934,02361,中康控股, - 
1935,01094,承辉国际, - 
1936,01731,其利工业集团, - 
1937,02366,星美文化旅游, - 
1938,01090,大明国际, - 
1939,01089,乐游科技控股, - 
1940,02369,酷派集团, - 
1941,01703,维力生活科技, - 
1942,01087,威讯控股, - 
1943,02372,伟立控股, - 
1944,01079,松景科技, - 
1945,02376,鲁商服务, - 
1946,02377,博奇环保, - 
1947,01076,博华太平洋, - 
1948,02379,中国清洁能源科技, - 
1949,01075,首都信息,34430
1950,02381,蚬壳电业, - 
1951,01073,大禹金融, - 
1952,02383,ＴＯＭ集团, - 
1953,00093,零在科技金融, - 
1954,01064,中华国际, - 
1955,00032,港通控股, - 
1956,02389,北京健康, - 
1957,01653,MOS HOUSE, - 
1958,02391,涂鸦智能－Ｗ, - 
1959,01062,国开国际投资, - 
1960,02393,巨星医疗控股, - 
1961,02398,友佳国际, - 
1962,01061,亿胜生物科技, - 
1963,01059,看通集团, - 
1964,01058,南粤控股, - 
1965,01049,时富投资, - 
1966,01048,煜新控股, - 
1967,01047,毅兴行, - 
1968,01046,寰宇娱乐文化, - 
1969,01043,光宇国际集团科技, - 
1970,01041,林达控股, - 
1971,02416,易点云,29845
1972,02418,德银天下, - 
1973,01039,畅由国际集团, - 
1974,01037,云智汇科技, - 
1975,09608,宋都服务, - 
1976,01035,ＢＢＩ生命科学, - 
1977,01034,富汇国际集团控股, - 
1978,02425,澳亚集团, - 
1979,02427,GUANZE MEDICAL, - 
1980,01031,金利丰金融, - 
1981,01702,东光化工, - 
1982,01028,千百度, - 
1983,01025,嘉艺控股, - 
1984,02436,凌雄科技, - 
1985,00143,国安国际, - 
1986,01022,飞鱼科技, - 
1987,02440,濠强萍, - 
1988,02442,怡俊集团控股, - 
1989,01021,麦达斯控股－Ｓ, - 
1990,02448,恒宇集团, - 
1991,00094,绿心集团, - 
1992,01019,康宏环球, - 
1993,01013,伟俊集团控股, - 
1994,02455,润华服务, - 
1995,02457,步阳国际, - 
1996,02458,望尘科技控股, - 
1997,01011,泰凌医药, - 
1998,01008,力图控股, - 
1999,01006,长寿花食品, - 
2000,02468,创益太阳能, - 
2001,01005,MATRIX HOLDINGS, - 
2002,07855,TECHSTARACQ-Z, - 
2003,01004,中国智慧能源, - 
2004,01003,欢喜传媒, - 
2005,01002,威铖国际, - 
2006,02481,慧居科技, - 
2007,01000,北青传媒, - 
2008,00096,YUSEI, - 
2009,00996,嘉年华国际, - 
2010,00097,恒基发展,315
2011,00989,华音国际控股, - 
2012,00988,丝路物流控股, - 
2013,00987,中国再生能源投资, - 
2014,07841,汇德收购－Ｚ, - 
2015,02496,友芝友生物－Ｂ,5440
2016,00985,中誉集团, - 
2017,00984,永旺, - 
2018,00983,瑞安建业, - 
2019,02500,启明医疗－Ｂ, - 
2020,02501,迈越科技, - 
2021,00982,华发物业服务, - 
2022,00979,绿色能源科技集团, - 
2023,09982,中原建业, - 
2024,00974,中国顺客隆, - 
2025,02509,荃信生物－Ｂ, - 
2026,00973,L'OCCITANE, - 
2027,00970,新耀莱, - 
2028,02512,云工场, - 
2029,02515,天津建发, - 
2030,00969,华联国际, - 
2031,00967,桑德国际, - 
2032,00958,华能新能源, - 
2033,00954,常茂生物, - 
2034,02520,山西安装, - 
2035,00953,邵氏兄弟控股, - 
2036,00948,阿尔法企业, - 
2037,00947,摩比发展, - 
2038,00943,中证国际, - 
2039,07836,AQUILA ACQ-Z, - 
2040,00940,中国动物保健品, - 
2041,00938,民生国际, - 
2042,07827,VISION DEAL-Z, - 
2043,07801,INTERRA ACQ-Z, - 
2044,00936,佳兆业资本, - 
2045,00935,龙翔集团, - 
2046,00932,顺腾国际控股, - 
2047,00929,国际精密, - 
2048,00098,兴发铝业,235610
2049,00927,富士高实业, - 
2050,00126,佳宁娜, - 
2051,00926,碧生源, - 
2052,00925,北京建设, - 
2053,00924,坤集团, - 
2054,00923,综合环保集团, - 
2055,00919,现代健康科技, - 
2056,09906,宏力医疗管理, - 
2057,00912,信佳国际, - 
2058,01701,途屹控股, - 
2059,00907,高雅光学, - 
2060,00905,胡桃资本, - 
2061,00025,CHEVALIER INT'L, - 
2062,00904,中绿, - 
2063,00903,冠捷科技, - 
2064,01721,FSM HOLDINGS, - 
2065,02599,祥生控股集团, - 
2066,00898,万事昌国际, - 
2067,00024,宝威控股, - 
2068,00896,兴胜创建, - 
2069,02606,蓝光嘉宝服务, - 
2070,01700,华地国际控股, - 
2071,02608,阳光１００中国, - 
2072,00891,利邦, - 
2073,00888,贝森金融, - 
2074,00886,银基集团, - 
2075,02623,爱德新能源, - 
2076,00885,仁天科技控股, - 
2077,00877,昂纳科技集团, - 
2078,00876,佳兆业健康,3000
2079,00872,泰坦智华科技, - 
2080,02662,美好发展, - 
2081,02663,应力控股, - 
2082,00869,彩星玩具, - 
2083,01730,LHN, - 
2084,00864,永利地产发展, - 
2085,00859,中昌国际控股, - 
2086,02680,创控股, - 
2087,02682,润利海事, - 
2088,00854,威雅利, - 
2089,02686,亚美能源, - 
2090,00125,新兴光学, - 
2091,00851,盛源控股, - 
2092,00850,久康国际, - 
2093,02698,魏桥纺织, - 
2094,00848,茂业国际, - 
2095,02700,格林国际控股, - 
2096,02708,艾伯科技, - 
2097,02718,东正金融, - 
2098,00847,哈萨克矿业－Ｓ, - 
2099,00846,明发集团, - 
2100,02728,金泰能源控股, - 
2101,00844,广泰国际控股, - 
2102,02768,佳源国际控股, - 
2103,00841,木薯资源, - 
2104,00838,亿和控股,34840
2105,00835,亚洲煤业, - 
2106,02788,精熙国际, - 
2107,00834,康大食品, - 
2108,00833,华讯, - 
2109,00100,白马户外媒体, - 
2110,00831,利亚零售, - 
2111,02863,高丰集团控股, - 
2112,00827,玖源集团, - 
2113,02868,首创置业, - 
2114,00825,新世界百货中国, - 
2115,00822,嘉瑞国际, - 
2116,00821,汇盈控股, - 
2117,00818,高阳科技, - 
2118,02881,武汉有机, - 
2119,02882,金至尊集团, - 
2120,00814,北京京客隆, - 
2121,02885,彼岸控股, - 
2122,00812,西证国际证券, - 
2123,00804,鼎石资本, - 
2124,02889,镍资源国际, - 
2125,02892,万城控股, - 
2126,02898,盛禾生物－Ｂ, - 
2127,00803,昌兴国际, - 
2128,02900,乐舱物流（一千）, - 
2129,02901,鳄鱼恤（旧）, - 
2130,02902,北京能源国际－旧, - 
2131,02903,冠C控股股权, - 
2132,02904,乐氏国际控股－旧, - 
2133,02905,创控股股权, - 
2134,02906,京玖康疗－旧, - 
2135,02907,高地股份股权, - 
2136,02908,科轩动力控股－旧, - 
2137,02909,龙升集团控股－旧, - 
2138,02910,天机控股（旧）, - 
2139,02911,铁货股权, - 
2140,02912,京基金融国际股权, - 
2141,02913,龙升集团控股股权, - 
2142,02914,美捷汇控股（旧）, - 
2143,02915,未来世界控股－旧, - 
2144,02916,玮俊生物科技－旧, - 
2145,02917,港誉智慧城市－旧, - 
2146,02918,喜相逢集团（旧）, - 
2147,02919,保德国际发展－旧, - 
2148,02920,中国水业集团－旧, - 
2149,00802,中国钱包, - 
2150,02922,亚洲果业（旧）, - 
2151,02923,远东控股国际, - 
2152,02924,金石资本集团股权, - 
2153,00801,金卫医疗, - 
2154,01699,普甜食品, - 
2155,02927,信能低碳股权, - 
2156,02928,海鑫集团（旧）, - 
2157,02929,冠军科技集团－旧, - 
2158,00800,Ａ８新媒体, - 
2159,00798,中电光谷, - 
2160,02932,绿色经济股权, - 
2161,02933,火山邑动国际－旧, - 
2162,02934,晋景新能（一万）, - 
2163,02935,瑞丽医美股权, - 
2164,02936,通达宏泰股权, - 
2165,02937,国华（旧）, - 
2166,02938,中国环境资源－旧, - 
2167,02939,华润啤酒－二千, - 
2168,02940,星凯控股（旧）, - 
2169,02941,工盖有限公司股权, - 
2170,02942,TEAMWAY INT RTS, - 
2171,02943,爱帝宫股权, - 
2172,02944,钧濠集团（旧）, - 
2173,02945,亨泰股权, - 
2174,02946,胡桃资本股权, - 
2175,02947,长久股份（五百）, - 
2176,02948,恒宇集团（旧）, - 
2177,02949,北大资源（旧）, - 
2178,02950,前海健康（旧）, - 
2179,02951,永联丰控股（旧）, - 
2180,02952,恒宇集团股权, - 
2181,02953,瀛晟科学（旧）, - 
2182,02954,冠C控股（旧）, - 
2183,02955,复兴亚洲（旧）, - 
2184,02956,神话世界（旧）, - 
2185,02957,中木国际（旧）, - 
2186,02958,蜡笔小新食品－旧, - 
2187,02959,中国上城股权, - 
2188,02960,五矿资源股权, - 
2189,02961,首都信息（旧）, - 
2190,02962,中国天弓控股－旧, - 
2191,02963,神话世界股权, - 
2192,02964,世纪阳光（旧）, - 
2193,02965,泰凌医药（旧）, - 
2194,02966,COSMOPOL-OLD, - 
2195,02967,国富创新（四万）, - 
2196,02968,星光文化（旧）, - 
2197,02969,博尼控股股权, - 
2198,02970,璋利国际（旧）, - 
2199,02971,爱帝宫（旧）, - 
2200,02972,中庆股份（旧）, - 
2201,02973,三爱健康集团－旧, - 
2202,02974,亚洲电视控股股权, - 
2203,02975,科轩动力控股股权, - 
2204,02976,蒙古能源（旧）, - 
2205,02977,京基金融国际－旧, - 
2206,02978,五龙电动车股权, - 
2207,02979,中国长远, - 
2208,02980,英皇国际股权, - 
2209,02981,卓航控股（旧）, - 
2210,02982,中播数据（旧）, - 
2211,02983,汛和集团（旧）, - 
2212,02984,卓航控股股权, - 
2213,02985,华邦科技（旧）, - 
2214,02986,京西国际股权, - 
2215,02987,恒嘉融资租赁－旧, - 
2216,02988,卓悦控股（旧）, - 
2217,02989,信保环球控股－旧, - 
2218,02990,皇冠环球集团股权, - 
2219,02991,首佳科技股权, - 
2220,02992,粤港湾控股股权, - 
2221,02993,德泰新能源（旧）, - 
2222,02994,珩湾科技（八千）, - 
2223,02995,首钢资源股权, - 
2224,02996,弘海高新资源－旧, - 
2225,02997,嘉进投资国际－旧, - 
2226,02998,创控股（旧）, - 
2227,02999,嘉艺控股（旧）, - 
2228,00102,凯升控股, - 
2229,00794,锦胜集团（控股）, - 
2230,03302,精技集团, - 
2231,00789,雅天妮集团,65700
2232,00787,利标品牌, - 
2233,03308,金鹰商贸集团, - 
2234,00784,凌锐控股, - 
2235,00770,SHANGHAI GROWTH, - 
2236,00766,中盈集团控股, - 
2237,00765,PERFECTECH INTL, - 
2238,00764,永恒策略, - 
2239,00761,百营环球资源, - 
2240,00760,新天地产集团, - 
2241,00759,CEC INT'L HOLD, - 
2242,00758,新华联资本, - 
2243,00756,森美控股, - 
2244,00755,大方广瑞德, - 
2245,00750,水发兴业能源, - 
2246,00747,渖阳公用发展股份, - 
2247,00745,中国国家文化产业, - 
2248,00735,中国电力清洁能源, - 
2249,03331,维达国际, - 
2250,00022,茂盛控股, - 
2251,03333,中国恒大, - 
2252,03335,ＤＢＡ电讯, - 
2253,03336,巨腾国际, - 
2254,00729,五龙电动车, - 
2255,00726,筑友智造科技, - 
2256,03344,共享集团, - 
2257,00725,恒都集团, - 
2258,03348,中国鹏飞集团, - 
2259,03355,先进半导体, - 
2260,03358,荣威国际, - 
2261,00724,瑞鑫国际集团, - 
2262,01661,中国前沿科技集团, - 
2263,03366,华侨城（亚洲）, - 
2264,00721,中国金融国际, - 
2265,00720,意达利控股, - 
2266,01697,山东国信, - 
2267,03378,厦门港务, - 
2268,00715,中泛控股, - 
2269,00711,亚洲联合基建控股, - 
2270,00706,美丽中国控股, - 
2271,03389,亨得利, - 
2272,03390,满贯集团, - 
2273,00705,鼎和矿业, - 
2274,03395,吉星新能源, - 
2275,00704,和嘉控股, - 
2276,03398,华鼎控股, - 
2277,00701,CNT GROUP, - 
2278,06966,中国万桐园, - 
2279,03601,鲁大师, - 
2280,03603,信基沙溪, - 
2281,00699,神州租车, - 
2282,03608,永盛新材料, - 
2283,03611,花房集团, - 
2284,00695,东吴水泥, - 
2285,03616,恒达集团控股, - 
2286,00693,陈唱国际, - 
2287,00692,神舟乐园, - 
2288,03626,HSSP INTL, - 
2289,00018,东方企控集团, - 
2290,00689,长盈集团（控股）, - 
2291,03636,保利文化, - 
2292,03638,亨利加集团,18400
2293,03639,亿达中国, - 
2294,00685,世界华文媒体, - 
2295,03658,新希望服务, - 
2296,03660,奇富科技－Ｓ, - 
2297,00684,亚伦国际, - 
2298,03663,协众国际控股, - 
2299,03666,上海小南国, - 
2300,00682,超大现代, - 
2301,00680,南海控股, - 
2302,00679,亚洲联网科技, - 
2303,00678,云顶香港, - 
2304,03681,中国抗体－Ｂ, - 
2305,03683,荣丰亿控股, - 
2306,03686,祈福生活服务, - 
2307,03688,莱蒙国际, - 
2308,03689,康华医疗, - 
2309,00676,创信国际, - 
2310,00675,坚宝国际, - 
2311,00665,海通国际, - 
2312,03699,光大永年, - 
2313,00663,金山能源, - 
2314,00661,中国大冶有色金属, - 
2315,00660,玮俊生物科技, - 
2316,03718,北控城市资源, - 
2317,03728,正利控股, - 
2318,00657,环科国际, - 
2319,01663,汉港控股, - 
2320,00651,中海重工, - 
2321,00648,京玖康疗－新, - 
2322,00647,JOYCE BOUTIQUE, - 
2323,03777,中国光纤, - 
2324,03778,中国织材控股, - 
2325,00646,中国环保科技, - 
2326,03789,御佳控股, - 
2327,00645,安域亚洲, - 
2328,03799,达利食品, - 
2329,00643,恒富控股, - 
2330,06958,正荣服务, - 
2331,00641,中国恒天立信国际, - 
2332,03816,ＫＦＭ金德, - 
2333,00640,星谦发展, - 
2334,03822,三和建筑集团, - 
2335,03823,德普科技, - 
2336,00638,建溢集团, - 
2337,03830,童园国际, - 
2338,00637,利记, - 
2339,03836,和谐汽车, - 
2340,00015,盈信控股, - 
2341,03839,正大企业国际, - 
2342,00633,中国全通, - 
2343,03860,ＥＰＳ创健科技, - 
2344,09998,光荣控股, - 
2345,00629,悦达国际控股, - 
2346,03869,弘和仁爱医疗, - 
2347,00627,日本共生, - 
2348,03878,VICON HOLDINGS, - 
2349,00622,威华达控股, - 
2350,00620,大唐西市, - 
2351,01667,迪米生活控股, - 
2352,00619,南华金融, - 
2353,03889,大成糖业, - 
2354,00617,百利保控股, - 
2355,00613,梧桐国际, - 
2356,00610,WAI KEE HOLD, - 
2357,00608,达利国际, - 
2358,00607,丰盛控股, - 
2359,03903,瀚华金控, - 
2360,00606,中骏商管, - 
2361,00602,佳华百货控股, - 
2362,00600,中国基建投资, - 
2363,03919,金力集团, - 
2364,00599,怡邦行控股, - 
2365,00593,梦东方, - 
2366,00592,BOSSINI INT'L, - 
2367,03938,ＬＦＧ投资控股, - 
2368,00105,凯联国际酒店, - 
2369,03948,伊泰煤炭, - 
2370,80011,恒生银行－Ｒ, - 
2371,03963,融众金融, - 
2372,03966,中国宝丰国际, - 
2373,00589,建中建设, - 
2374,00585,意力国际, - 
2375,00583,长城环亚控股, - 
2376,00582,神话世界, - 
2377,00578,融信资源, - 
2378,00577,南岸集团, - 
2379,00575,励晶太平洋,3700
2380,03991,长虹佳华, - 
2381,03992,创毅控股, - 
2382,00573,稻香控股, - 
2383,02345,上海集优, - 
2384,03997,电讯首科, - 
2385,06939,美佳音控股, - 
2386,03999,大成食品, - 
2387,04601,BOC 2014 PREF, - 
2388,04603,ICBC USDPREF1, - 
2389,04604,ICBC EURPREF1, - 
2390,04605,BOCOM 15USDPREF, - 
2391,04606,CCB 15USDPREF, - 
2392,04607,CINDA 16USDPREF, - 
2393,04608,HSBNK 16USDPREF, - 
2394,04609,CMBC 16USDPREF, - 
2395,04610,CZB 17USDPREF, - 
2396,04611,BQD 17USDPREF, - 
2397,04612,PSBC 17USDPREF, - 
2398,04613,ZZBNK 17USDPREF, - 
2399,04614,CMB 17USDPREF, - 
2400,04615,BOJZ 17USDPREF, - 
2401,04616,BCQ 17USDPREF, - 
2402,04617,ZYBNK 18USDPREF, - 
2403,04618,GRCB 19USDPREF, - 
2404,04619,BOC 20USDPREF, - 
2405,04620,ICBC 20USDPREF, - 
2406,04621,CINDA 21USDPREF, - 
2407,00571,丰德丽控股, - 
2408,06933,新娱科控股, - 
2409,06929,业聚医疗, - 
2410,06038,信越控股, - 
2411,00569,中国自动化, - 
2412,00568,山东墨龙, - 
2413,01693,璋利国际, - 
2414,00566,汉能薄膜发电, - 
2415,06063,智中国际, - 
2416,00563,上实城市开发, - 
2417,00560,珠江船务, - 
2418,00559,德泰新能源集团, - 
2419,00557,天元医疗, - 
2420,06080,荣智控股, - 
2421,06083,环宇物流（亚洲）, - 
2422,00556,泛亚环保, - 
2423,00555,御泰中彩控股, - 
2424,06090,胜捷企业, - 
2425,00550,律齐文化, - 
2426,00544,大同集团, - 
2427,01692,登辉控股, - 
2428,06928,万马控股, - 
2429,00540,迅捷环球控股, - 
2430,00539,冠华国际控股, - 
2431,06111,大发地产, - 
2432,06113,UTS MARKETING, - 
2433,06116,拉夏贝尔, - 
2434,06117,日照港裕廊, - 
2435,06118,奥星生命科技,2260
2436,06119,天源集团, - 
2437,00531,顺诚, - 
2438,00530,高银金融, - 
2439,00529,SIS INT'L, - 
2440,00528,金达控股, - 
2441,06133,维太创科, - 
2442,00527,瑞风新能源, - 
2443,00524,长城天下, - 
2444,06139,金茂酒店－ＳＳ, - 
2445,06158,正荣地产, - 
2446,00519,实力建业,50970
2447,06161,泰加保险, - 
2448,06162,天瑞汽车内饰, - 
2449,06163,彭顺国际, - 
2450,06166,中国宏泰发展, - 
2451,06168,优通未来, - 
2452,06169,宇华教育, - 
2453,00513,恒和集团, - 
2454,00122,鳄鱼恤, - 
2455,06182,乙德投资控股, - 
2456,06183,中国绿宝, - 
2457,00009,金奥国际, - 
2458,00509,世纪阳光, - 
2459,06188,迪信通, - 
2460,06189,爱得威建设集团, - 
2461,06190,九江银行, - 
2462,06193,泰林科建, - 
2463,00503,朗生医药, - 
2464,00500,先丰服务集团, - 
2465,06199,贵州银行, - 
2466,00499,青岛控股, - 
2467,06299,FAST RE-DRS-OLD, - 
2468,06600,赛生药业, - 
2469,00498,蓝河控股, - 
2470,06606,诺辉健康, - 
2471,06919,人瑞人才, - 
2472,00496,卡森国际, - 
2473,00495,PALADIN, - 
2474,00494,利丰, - 
2475,00491,英皇文化产业, - 
2476,00488,丽新发展, - 
2477,00485,中国华星, - 
2478,00483,包浩斯国际, - 
2479,00482,圣马丁国际, - 
2480,00479,华建控股, - 
2481,06633,青瓷游戏, - 
2482,06638,金融壹账通, - 
2483,00475,中发展控股, - 
2484,00474,信铭生命科技, - 
2485,06657,百望股份, - 
2486,00472,新丝路文旅, - 
2487,06661,湖州燃气, - 
2488,06663,国际永胜集团, - 
2489,00469,凯普松国际, - 
2490,06667,美因基因, - 
2491,00465,富通科技, - 
2492,00464,中国智能科技, - 
2493,06677,远洋服务, - 
2494,00462,天然乳品, - 
2495,00121,卜蜂莲花, - 
2496,00007,智富资源投资, - 
2497,00459,g联控股, - 
2498,06689,洪九果品, - 
2499,00118,大同机械, - 
2500,00150,HYPEBEAST, - 
2501,00456,新城市建设发展, - 
2502,06913,华南职业教育, - 
2503,06805,金茂源环保, - 
2504,00455,天大药业, - 
2505,00450,鸿兴印刷集团, - 
2506,00449,志高控股, - 
2507,06812,永顺控股香港, - 
2508,06816,瑞港建设, - 
2509,00445,中集天达, - 
2510,06819,中智全球, - 
2511,00444,SINCEREWATCH HK, - 
2512,00442,域能控股, - 
2513,00153,中国赛特, - 
2514,00438,彩虹新能源, - 
2515,00436,新宇环保, - 
2516,01720,普天通信集团, - 
2517,00431,大中华金融, - 
2518,00428,中国天弓控股,7900
2519,06833,兴科蓉医药, - 
2520,06836,甘露国际发展, - 
2521,00426,万华媒体, - 
2522,00423,经济日报集团, - 
2523,00422,越南制造加工出口, - 
2524,00109,天成国际, - 
2525,80737,湾区发展－Ｒ, - 
2526,06860,指尖悦动, - 
2527,00417,谢瑞麟, - 
2528,06863,辉山乳业, - 
2529,01560,星星集团, - 
2530,00416,锦州银行, - 
2531,00413,南华集团控股, - 
2532,00411,南顺（香港）, - 
2533,00406,有利集团, - 
2534,00404,新昌集团控股, - 
2535,06880,腾邦控股, - 
2536,00403,星光集团, - 
2537,00402,天下图控股, - 
2538,06885,金马能源, - 
2539,00110,中国长远, - 
2540,06888,英达公路再生科技, - 
2541,00395,环球智能控股, - 
2542,06909,百得利控股, - 
2543,06893,衍生集团, - 
2544,06896,金嗓子, - 
2545,06898,中国铝罐, - 
2546,06899,联众, - 
2547,06900,上坤地产, - 
2548,00391,美亚娱乐资讯, - 
2549,00389,通天酒业, - 
2550,00387,力丰（集团）, - 
2551,00385,建联集团, - 
2552,00383,天安卓健, - 
2553,01668,华南城, - 
2554,00379,恒嘉融资租赁, - 
2555,00378,五龙动力, - 
2556,00377,中国华君, - 
2557,00375,YGM TRADING, - 
2558,00374,四洲集团, - 
2559,00372,保德国际发展－新, - 
2560,00370,国华, - 
2561,00369,永泰地产, - 
2562,00111,信达国际控股, - 
2563,00367,庄士机构国际, - 
2564,00364,区块链集团, - 
2565,00361,顺龙控股, - 
2566,00112,勒泰集团, - 
2567,82331,李宁－Ｒ, - 
2568,00359,海升果汁, - 
2569,00352,富阳, - 
2570,00351,亚洲能源物流, - 
2571,00342,新海能源, - 
2572,02152,苏新服务, - 
2573,00335,美建集团, - 
2574,00333,黛丽斯国际, - 
2575,00329,东建国际, - 
2576,00326,中国星集团, - 
2577,00318,黄河实业, - 
2578,00313,裕田中国, - 
2579,00312,岁宝百货, - 
2580,01669,环球信贷集团, - 
2581,00310,嘉进投资国际, - 
2582,00115,钧濠集团, - 
2583,00307,优派能源发展, - 
2584,00306,冠忠巴士集团, - 
2585,00301,三和精化, - 
2586,82020,安踏体育－Ｒ, - 
2587,00299,宝新置地, - 
2588,00298,庄士中国, - 
2589,00294,长江制衣, - 
2590,00292,泛海酒店, - 
2591,00287,永发置业, - 
2592,00282,壹传媒, - 
2593,00281,川河集团, - 
2594,02299,百宏实业, - 
2595,00278,华厦置业, - 
2596,00277,太兴置业, - 
2597,01671,天保能源, - 
2598,00275,凯华集团, - 
2599,00274,复兴亚洲, - 
2600,00273,茂宸集团, - 
2601,00271,亚证地产, - 
2602,00269,中国资源交通, - 
2603,00266,天德地产, - 
2604,00265,港誉智慧城市－新, - 
2605,00263,高富集团控股, - 
2606,00262,迪臣发展国际, - 
2607,00260,幸福控股, - 
2608,00252,华信地产财务, - 
2609,00251,爪哇控股, - 
2610,00250,中国数码信息, - 
2611,00248,香港通讯国际控股, - 
2612,00247,TST PROPERTIES, - 
2613,00246,瑞金矿业, - 
2614,01673,华章科技, - 
2615,02076,ＢＯＳＳ直聘－Ｗ, - 
2616,00243,QPL INT'L,3060
2617,00239,白花油,12400
2618,00238,长兴国际, - 
2619,00234,新世纪集团, - 
2620,00233,铭源医疗, - 
2621,00231,平安证券集团控股, - 
2622,00230,五矿地产, - 
2623,00229,利民实业, - 
2624,02199,维珍妮, - 
2625,00227,第一上海, - 
2626,00225,博富临置业, - 
2627,00224,建生国际, - 
2628,01417,浦江中国, - 
2629,00223,易生活控股, - 
2630,00687,泰升集团, - 
2631,02450,淮北绿金股份,2610
2632,02130,嘉泓物流, - 
2633,00221,易易壹金融, - 
2634,00219,顺豪物业, - 
2635,00217,中国诚通发展集团, - 
2636,00216,建业实业, - 
2637,02558,晋商银行, - 
2638,00213,NATIONAL ELEC H, - 
2639,00212,NANYANG HOLD, - 
2640,00211,STYLAND HOLD, - 
2641,01026,环球实业科技, - 
2642,00210,达芙妮国际, - 
2643,00209,瀛晟科学, - 
2644,00208,保利达资产, - 
2645,00205,财讯传媒, - 
2646,00202,润中国际控股, - 
2647,00198,星美控股, - 
2648,01637,顺兴集团控股, - 
2649,00195,绿科科技国际, - 
2650,00194,廖创兴企业, - 
2651,00193,冠中地产, - 
2652,00505,兴业合金, - 
2653,01334,瑞昌国际控股, - 
2654,00191,丽新国际, - 
2655,00190,香港建设（控股）, - 
2656,00186,敏捷控股, - 
2657,82939,华润啤酒－Ｒ二千, - 
2658,02023,中国绿岛科技, - 
2659,00181,闽港控股, - 
2660,00180,开达集团, - 
2661,00176,先机企业集团, - 
2662,00174,盛洋投资, - 
2663,00320,金宝通, - 
2664,00172,金榜集团, - 
2665,06890,康利国际控股, - 
2666,00169,万达酒店发展, - 
2667,00163,英皇国际, - 
2668,00162,世纪金花, - 
2669,06033,电讯数码控股, - 
2670,00161,中航国际控股, - 
2671,00160,汉国置业, - 
2672,02325,云康集团, - 
2673,00065,弘海高新资源, - 
2674,00158,万邦投资, - 
2675,00157,自然美, - 
2676,00155,中国源畅, - 
2677,06136,康达环保,30050
2678,00901,金石投资集团, - 
2679,00154,北京控股环境集团, - 
2680,00071,美丽华酒店, - 
2681,02421,嘉创地产, - 
2682,01719,中国通商集团, - 
2683,01332,透云生物, - 
2684,01678,中创环球, - 
2685,01260,皓天财经集团, - 
2686,00368,德合集团, - 
2687,02236,惠生工程, - 
2688,02031,澳至尊, - 
2689,02195,盈汇企业控股,41405
2690,06839,云南水务, - 
2691,01987,BENG SOON MACH, - 
2692,02102,德利机械, - 
2693,00797,第七大道, - 
2694,00832,建业地产, - 
2695,00396,兴利（香港）控股, - 
2696,02482,维天运通, - 
2697,00309,新华通讯频媒, - 
2698,00908,珠海控股投资, - 
2699,01679,瑞斯康集团, - 
2700,01354,经发物业, - 
2701,01596,翼辰实业, - 
