00968
00390
00728
00753
02727
03918
00916
00101
01357
01898
01519
00856
03396
00267
00788
06881
01579
02607
06865
01888
02618
06066
00826
01618
01816
01709
00902
03323
01766
01339
01208
02600
00546
00992
00023
00189
00975
03800
00857
00293
00975
06066
00966
06655
02208
01258
03993
00836
01099
00883
01072
00175
01193
01776
02533
01928
01364
02285
01882
03908
03808
00914
06690
06680
01044
00291
00148
01378
06603
06030
01818
00440
02899
02388
03858
06936
00358
01113
01088
01209
00763
03939
00772
00285
09896
03898
01336
01772
00001
00168
09633
02565
02631
00303
02688
00002
00941
01024
00522
00016
00011
02057
02099
02888
09626
09992
09899
02097
00388
01341
00147
00990
01033
02009
03996
00297
01053
01277
01516
00565
00464
01313
03877
02722
06883
00991
02343
00525
02068
00323
00639
02005
02429
01811
00670
06110
02380
02233
01055
01071
01969
00257
03320
00598
01800
01186
00855
02883
02386
01263
00576
00548
06198
00384
01876
01712
03613
01799
01735
00819
00999
09956
00083
02356
02488
02477
00995
06669
01836
02328
06886
01308
01698
02076
02097
00604
02799
06666
02866
00817
00119
01610
01606
01691
09922
01958
03983
00081
01030
01907
00371
01883
02016
00579
01773
00806
01798
02314
03319
00861
09858
00880
09979
02550
02517
06818
00839
02238
01662
01515
01349
03969
01083
06963
06186
00386
03988
00956
01999
01052
00552
00315
02128
02869
02669
00187
00123
00553
01288
00151
02689
00200
00008
01789
01398
01199
00327
03618
02666
00354
01456
03328
00998
00003
00270
00135
00667
00038
00719
01157
00636
02510
02877
01138
00762
00177
01428
03311
00696
00322
01171
00811
00960
01070
01919
06862
02192
09699
01112
00551
03393
00363
02580
02338
00010
02319
00144
00041
01478
01910
00874
03306
02038
02865
02628
00004
01997
00921
09688
06826
00066
03668
01109
00392
06049
09698
09901
02018
03968
02423
02643
02318
02648
09866
02582
00019
02313
06682
02588
00300
00325
00669
09898
02506
01211
09618
09999
00388
09961
00700
09899
02007
02438
00815
00451
01725
00838
03380
00338
03868
00581
02160
01508
00460
03681
03669
02489
00580
02309
02137
01302
00950
02411
00290
00326
00347
00570
02197
01228
09993
02013
01375
00694
01448
00136
00400
03339
00340
02216
01873
02342
06993
02186
06806
09959
03833
01164
00336
06628
01988
00568
01114
01108
02126
02357
02552
00751
00259
00656
01611
01361
01066
00376
06088
03738
09996
02158
01686
02232
00434
03360
02157
01911
02616
03958
03709
01866
01177
02121
02185
00631
03899
02555
00017
01477
09997
00868
00489
01939
01093
01931
02586
09923
01672
02155
00586
06178
09885
00165
03677
01196
02228
02172
02465
02096
01133
09966
06078
09890
01585
00881
00116
01541
00853
02257
02142
00666
02611
02105
00014
02410
02333
00863
09878
01548
00268
01681
02603
06060
02256
02171
03330
06960
02190
00013
02196
02245
03759
01877
02252
06613
02402
02273
02590
01651
01513
00425
06693
03931
02373
03692
01415
02269
02610
01787
02050
01385
09696
02627
06185
01952
06699
06609
09863
02629
09636
02162
09887
06855
01299
02696
02419
02268
00981
01347
01276
02382
09868
01801
06821
03690
09995
02359
09888
09880
09988
01304
06160
06990
09678
03750
09999
01762
01951
00020
02559
02443
06616
06996
02039
01316
00777
01858
00317
06099
02522
09969
01860
02509
06168
02507
01405
00005
09926
