01066
00376
00434
02477
00863
02171
06960
01651
02007
00815
00451
01725
03380
02160
02722
00460
03669
01302
00290
02309
02137
02411
01618
01873
00826
00400
02013
00340
01811
03833
00412
02126
00751
03738
01208
01911
02185
01712
00017
01866
02600
02121
00489
01931
09956
09923
09885
00189
03393
00041
00853
09966
02257
09878
02522
06060
02603
03330
02190
01797
02245
02590
02252
01818
06693
00358
06613
02899
03858
02373
03692
01787
02591
01772
06609
02629
09887
09636
00522
00981
01347
01801
09678
01341
01060
00838
00565
01508
01606
02489
00371
00579
00020
06110
06993
02186
00390
00568
02357
02202
01361
02232
03360
00101
00546
01735
01898
01171
00023
01196
02172
02228
03993
02562
02105
01910
01908
01681
00268
02328
03908
00763
06936
03939
03898
01336
02318
01299
03606
00325
00005
00011
02617
09888
09926
02057
01304
09992
00700
00147
00031
02255
02799
01359
01610
03877
03681
00580
00697
01030
00570
01773
02858
00323
02469
01375
02550
00670
01709
02517
00839
09959
00909
06186
01055
00386
01071
00257
00799
06628
02128
00123
03323
01368
01263
06996
01339
01128
01686
00576
00667
00384
09676
02616
01138
01357
01428
00868
00819
01167
01519
01939
00322
00696
06683
03396
01672
06608
02460
02155
01126
02473
06865
09985
02096
02465
06066
00867
00777
02338
06078
01929
01729
02142
01478
06099
06969
01833
02256
01072
02038
09969
09690
06886
02533
01860
06127
00780
00914
00590
01044
00013
02196
02315
06603
02601
01877
02402
02509
03888
00425
03931
02388
00772
00179
02610
02269
09896
02018
03347
02627
06887
06869
06185
02565
01952
09866
02507
06699
06618
06682
09863
02588
02162
02400
06855
01024
02382
09868
02145
06821
02359
09995
09880
06160
09899
00388
03750
00813
02343
01515
06806
01988
00902
06881
02582
02688
02099
03996
01053
00464
00326
00694
00136
01164
01114
02727
02552
00008
01789
01310
00631
02598
01093
00357
00116
01548
01776
02273
02076
02438
03800
00581
00991
00950
00347
01798
02197
01816
02342
00968
01788
03998
03320
00656
01611
02158
06088
01157
03709
03899
00916
01177
01799
02356
00083
01675
00293
01070
06069
06178
03677
00165
01133
06669
01585
01541
00144
00881
01258
02333
02410
00836
00564
01088
01415
00285
02276
02050
01385
09696
00002
02313
02268
01276
03690
02888
09988
06990
09939
00512
02577
