代码	名称	涨幅%%	总金额	涨跌	买价	卖价	总量	现量	涨速%%	换手%%	今开	
02318	中国平安	0.79	6837499904	0.700	89.650	89.700	76085416	8793500	-0.28	          1.02	88.450	
601318	中国平安	0.03	4999966720	0.02	70.50	70.52	701326	12	-0.12	          0.65	70.70	
02007	碧桂园	4.68	3116067328	0.740	16.540	16.560	189753888	78145000	0.12	          0.87	15.980	
600728	佳都科技	2.33	2409915392	0.25	10.96	10.98	2141124	97	-0.26	         15.53	10.88	
00006	电能实业	3.26	2122800000	2.250	71.200	71.250	29579374	3866000	-0.56	          1.39	69.150	
00005	汇丰控股	0.72	1702687360	0.550	76.900	76.950	22136320	1914800	0.20	          0.11	76.250	
600585	海螺水泥	1.03	1587094528	0.35	34.29	34.34	465255	664	0.18	          1.16	33.88	
600570	恒生电子	0.78	1570657536	0.41	52.79	52.81	290338	36	0.08	          4.70	54.35	
600048	保利地产	0.14	1406306304	0.02	14.60	14.61	955963	53	0.21	          0.81	14.53	
300168	万达信息	1.83	1318443008	0.31	17.24	17.25	761435	10022	-0.05	          7.44	16.95	
002694	顾地科技	0.07	1132585472	0.01	13.83	13.84	821125	7413	0.00	         16.60	14.03	
603712	七一二	9.98	1058532096	2.26	24.90	--  	425524	7	0.00	         42.55	24.90	
00175	吉利汽车	0.57	1058443008	0.150	26.400	26.450	40179792	14372000	0.76	          0.45	26.500	
02601	中国太保	0.87	1047647680	0.350	40.450	40.500	25618476	5850200	-0.37	          0.92	39.800	
601601	中国太保	1.19	1008177280	0.48	40.75	40.76	244669	25	-0.28	          0.39	40.55	
002226	江南化工	9.91	947574912	0.69	7.64	7.65	1268507	13253	-0.12	         13.92	6.95	
000672	上峰水泥	0.22	946022784	0.03	13.71	13.72	683696	12556	0.00	          8.40	13.79	
03333	中国恒大	0.00	932163456	0.000	26.000	26.050	35981804	13345000	0.00	          0.27	25.850	
002405	四维图新	1.22	926779392	0.29	24.13	24.14	381697	3110	0.08	          3.72	23.91	
00001	长和	0.30	908625728	0.300	98.850	98.900	9210827	2279000	0.30	          0.24	98.000	
002137	麦达数字	10.00	868875712	1.08	11.88	--  	762079	573	0.00	         26.22	10.42	
000151	中成股份	9.98	860634240	1.47	16.20	--  	543634	1629	0.00	         20.40	15.61	
600581	八一钢铁	1.32	852923776	0.20	15.33	15.34	545065	78	0.13	          7.11	15.91	
300300	汉鼎宇佑	2.72	788967360	0.57	21.49	21.50	362418	5238	0.14	          9.45	21.08	
000423	东阿阿胶	1.05	758112640	0.64	61.37	61.38	122602	636	-0.02	          1.88	62.10	
000936	华西股份	4.89	755820800	0.39	8.36	8.37	902162	7113	-0.35	         12.06	8.23	
000917	电广传媒	10.00	752270848	0.78	8.57	8.58	896484	9271	0.12	          6.92	7.84	
600029	南方航空	0.00	727793408	0.00	11.33	11.34	637029	130	-0.25	          0.91	11.37	
002268	卫 士 通	0.07	726380800	0.02	28.00	28.02	253026	4131	-0.56	          3.66	28.35	
00019	太古股份公司Ａ	0.87	717121856	0.700	81.550	81.600	8782852	5104000	-0.37	          0.97	81.750	
600207	安彩高科	2.44	706906944	0.24	10.04	10.06	690796	148	-0.39	         10.01	9.80	
002354	天神娱乐	1.51	694515584	0.28	18.77	18.78	366280	3195	0.00	          7.05	18.42	
601155	新城控股	2.39	694467200	0.87	37.31	37.35	185199	74	0.00	          2.57	36.69	
00884	旭辉控股集团	4.31	690597952	0.310	7.480	7.510	92784632	29814000	0.13	          1.22	7.260	
300367	东方网力	1.71	689678272	0.28	16.70	16.71	410819	4565	-0.17	          7.48	16.42	
002184	海得控制	1.32	678654464	0.24	18.49	18.50	359616	5328	-0.04	         26.47	17.80	
600577	精达股份	3.82	673434176	0.18	4.87	4.88	1364217	36	0.41	          6.98	4.72	
00914	海螺水泥	3.02	664673152	1.300	44.350	44.400	15126140	3068000	0.34	          1.16	42.600	
001979	招商蛇口	0.85	660803904	0.19	22.46	22.47	291556	3084	-0.03	          1.53	22.22	
300253	卫宁健康	2.27	654783552	0.21	9.45	9.46	680536	3927	-0.41	          5.69	9.40	
600895	张江高科	10.03	653228928	1.33	14.59	--  	457405	128	0.00	          2.95	13.38	
300477	合纵科技	10.00	652158848	2.95	32.45	--  	211197	318	0.00	         17.46	29.16	
600158	中体产业	4.03	617879424	0.51	13.20	13.21	473175	84	0.23	          7.20	12.69	
600380	健康元	2.18	612814784	0.27	12.67	12.68	481813	62	-0.07	          3.08	12.48	
01109	华润置地	0.88	596930624	0.250	28.700	28.750	20772206	6518000	-0.52	          0.30	28.050	
600635	大众公用	10.06	590528192	0.47	5.14	--  	1161122	219	0.00	          4.80	4.79	
002655	共达电声	8.57	586205248	0.86	10.88	10.89	544533	6360	0.74	         15.13	10.07	
01093	石药集团	1.06	581753536	0.210	20.000	20.050	29196880	10422000	0.86	          0.47	20.000	
600705	中航资本	3.47	570135104	0.19	5.67	5.68	1001462	105	-0.17	          1.31	5.50	
00688	中国海外发展	0.54	555370816	0.150	28.050	28.100	19788628	6772000	0.00	          0.18	27.700	
002208	合肥城建	10.02	552223104	1.50	16.47	--  	336982	743	0.00	         10.55	16.36	
600876	洛阳玻璃	2.63	548587456	0.53	20.71	20.72	262116	30	0.15	         10.01	21.47	
300612	宣亚国际	4.86	544175296	2.42	52.24	52.25	104654	1275	0.27	         33.70	50.40	
002922	伊戈尔	10.01	540403776	2.91	31.97	--  	171793	245	0.00	         52.06	30.90	
00762	中国联通	1.47	532872800	0.140	9.670	9.680	54773576	7448000	0.00	          0.18	9.760	
00960	龙湖地产	1.28	523274816	0.300	23.750	23.800	22021324	14025000	0.63	          0.37	23.350	
600848	上海临港	4.81	512988032	1.16	25.21	25.29	201482	3	-0.15	          5.04	25.99	
000996	中国中期	4.65	498252832	0.74	16.65	16.66	302427	5938	0.06	          8.77	15.93	
002246	北化股份	4.21	496855040	0.48	11.87	11.88	421957	3211	0.25	         10.20	11.30	
600797	浙大网新	1.73	480022944	0.21	12.37	12.38	385401	6	-0.07	          4.59	12.15	
00268	金蝶国际	5.97	479067776	0.400	7.100	7.110	68062824	1598000	-0.70	          2.34	6.750	
603126	中材节能	6.52	478884640	0.63	10.29	10.30	476242	32	0.39	          7.80	9.68	
00002	中电控股	0.82	473906752	0.650	79.400	79.550	5979404	2411500	0.44	          0.24	78.600	
01113	长实集团	0.14	469409088	0.100	69.950	70.000	6709946	2382000	0.00	          0.18	69.100	
002273	水晶光电	2.64	462922976	0.56	21.80	21.81	213878	4273	0.09	          3.47	21.21	
300465	高伟达	5.02	461235296	0.51	10.66	10.67	426429	5153	-0.46	         15.85	10.43	
300688	创业黑马	10.00	460352832	5.95	65.44	--  	73326	279	0.00	         43.13	60.42	
300344	太空板业	3.53	458938304	0.37	10.83	10.84	421541	7550	0.09	         21.81	10.36	
600721	百花村	0.75	457446368	0.08	10.80	10.88	423104	19	0.94	         13.98	10.88	
02777	富力地产	3.10	453282016	0.600	19.960	20.050	22773344	8660800	-0.70	          2.24	19.200	
000839	中信国安	1.95	447963200	0.15	7.85	7.86	569232	4214	0.00	          1.45	7.72	
002517	恺英网络	0.00	429516992	0.00	20.00	20.01	213475	6011	0.35	          3.66	20.18	
002280	联络互动	2.31	426842880	0.17	7.51	7.52	564633	6298	0.27	          3.05	7.29	
601116	三江购物	10.01	423240320	1.81	19.89	--  	214916	2	0.00	          5.35	19.89	
00813	世茂房地产	6.91	422916192	1.500	23.150	23.200	18458720	2317500	0.43	          0.54	21.500	
002923	润都股份	9.99	421477568	3.68	40.50	--  	105939	292	0.00	         42.38	36.33	
300221	银禧科技	5.34	414973280	0.90	17.73	17.74	233432	1548	0.34	          5.79	16.90	
03883	中国奥园	4.76	414148544	0.340	7.480	7.490	55220480	27347000	-0.27	          2.06	7.210	
000987	越秀金控	2.85	413430304	0.32	11.55	11.56	354691	4479	-0.51	          6.59	11.30	
002038	双鹭药业	4.63	404288448	1.50	33.91	33.92	118271	908	0.21	          2.09	33.95	
000625	长安汽车	1.74	403598176	0.21	12.27	12.28	329223	4850	0.16	          0.88	12.18	
000613	大东海A	10.01	401728032	0.92	10.11	--  	410162	31	0.00	         15.44	9.35	
600801	华新水泥	0.40	400499584	0.06	15.14	15.15	262622	27	0.33	          2.70	15.08	
002472	双环传动	5.70	389613728	0.57	10.56	10.57	372098	3054	0.09	          6.83	9.90	
03323	中国建材	0.24	380086496	0.020	8.380	8.390	45128428	5314000	-0.36	          1.57	8.320	
000957	中通客车	2.95	379696256	0.32	11.15	11.16	344843	5585	0.18	          7.23	10.63	
300731	科创新源	1.46	379219648	0.52	36.17	36.18	106877	1200	-0.02	         48.58	34.00	
000935	四川双马	1.90	371054112	0.35	18.80	18.81	194691	2910	-0.15	          3.09	18.45	
300267	尔康制药	3.88	367269120	0.25	6.69	6.70	531830	2896	0.15	          4.57	6.67	
300020	银江股份	10.02	366608224	1.11	12.19	--  	309898	2482	0.00	          5.01	11.23	
01966	中骏置业	6.48	365940608	0.280	4.590	4.600	79819504	3285000	0.00	          2.09	4.360	
600383	金地集团	0.56	365485088	0.07	12.50	12.51	292068	36	0.08	          0.65	12.41	
600770	综艺股份	5.97	358897920	0.42	7.45	7.46	484942	186	0.27	          3.73	7.04	
600466	蓝光发展	4.37	357564288	0.43	10.27	10.29	350975	127	0.00	          3.98	9.83	
600783	鲁信创投	5.78	355525664	0.78	14.26	14.27	247561	20	0.07	          3.33	13.55	
002702	海欣食品	10.06	352169920	0.51	5.58	--  	656644	3346	0.00	         22.15	5.29	
002088	鲁阳节能	5.77	344313664	0.86	15.77	15.78	223079	1733	0.45	         10.67	15.01	
300236	上海新阳	0.06	343831328	0.02	34.11	34.12	101199	2274	0.00	          5.70	33.90	
600535	天士力	1.85	342894400	0.73	40.19	40.20	84623	13	0.42	          0.82	39.80	
002877	智能自控	2.62	341846272	0.78	30.56	30.57	110932	2123	-0.67	         36.30	30.16	
03888	金山软件	0.51	341220320	0.150	29.350	29.450	11585420	785000	-0.68	          0.84	29.100	
002475	立讯精密	0.00	341152640	0.00	25.61	25.62	132273	855	-0.07	          0.42	25.79	
002913	奥士康	6.06	337251520	2.48	43.40	43.41	78722	1101	-0.24	         21.86	40.77	
002422	科伦药业	3.66	336619200	1.10	31.14	31.15	108275	535	0.16	          1.05	30.31	
600100	同方股份	2.52	335835296	0.26	10.54	10.55	319464	220	-0.37	          1.08	10.29	
600213	亚星客车	10.03	332848320	1.04	11.41	--  	305520	3	0.00	         13.89	10.50	
000882	华联股份	10.09	326351808	0.32	3.49	--  	965319	7339	0.00	          4.34	3.29	
600398	海澜之家	0.16	321836544	0.02	12.39	12.40	256466	70	0.00	          0.57	12.36	
600645	中源协和	6.72	320021536	1.53	24.28	24.29	131627	2	-0.32	          3.43	23.05	
000155	川化股份	1.63	319441120	0.12	7.49	7.50	431560	9775	-0.26	          4.60	7.35	
00817	中国金茂	1.22	317310880	0.060	4.960	4.970	63776804	25164000	-0.40	          0.55	4.920	
002153	石基信息	0.33	316873472	0.09	27.65	27.66	112980	980	0.00	          2.33	28.01	
01233	时代中国控股	2.84	316864096	0.340	--  	--  	25725576	585000	0.33	          1.40	12.000	
002737	葵花药业	3.90	314956800	1.49	39.69	39.70	78553	454	0.05	          5.97	40.27	
300015	爱尔眼科	1.78	313959872	0.69	39.55	39.56	79496	544	0.03	          0.66	38.88	
601086	国芳集团	3.49	310203776	0.32	9.46	9.47	323952	221	-0.10	         20.25	9.27	
600325	华发股份	0.86	308938656	0.07	8.22	8.23	373906	30	-0.11	          1.95	8.19	
000530	大冷股份	3.70	304974080	0.21	5.87	5.88	518906	6643	-0.50	          8.74	5.70	
300390	天华超净	10.02	304724224	0.98	10.76	--  	287174	440	0.00	         15.49	10.30	
00384	中国燃气	3.90	301809088	0.950	25.250	25.300	12083105	2544200	0.40	          0.24	24.050	
600332	白云山	0.41	301517408	0.11	26.92	26.93	111071	1	-0.03	          1.04	27.38	
000963	华东医药	1.29	296490208	0.79	62.01	62.03	47726	216	-0.05	          0.55	61.41	
002076	雪 莱 特	6.73	292640064	0.37	5.87	5.88	505910	10318	0.34	         10.72	5.46	
601801	皖新传媒	4.66	287129728	0.47	10.53	10.54	271965	22	-0.08	          1.37	10.07	
002611	东方精工	1.27	284413536	0.19	15.14	15.15	185871	3079	-0.12	          5.27	15.50	
600868	梅雁吉祥	0.42	282952640	0.02	4.82	4.83	583170	117	0.00	          3.07	4.81	
000806	银河生物	3.19	277939904	0.23	7.43	7.44	372780	6139	-0.12	          5.34	7.26	
03383	雅居乐集团	3.70	277328800	0.540	15.080	15.140	18568396	7068000	0.80	          0.47	14.400	
01169	海尔电器	3.05	274936768	0.850	28.700	28.750	9656712	3146000	0.88	          0.34	27.600	
002358	森源电气	2.43	272157728	0.41	17.27	17.28	158168	1237	-0.11	          1.74	16.91	
002407	多氟多	0.87	271600288	0.16	18.63	18.64	144766	2105	0.00	          2.69	18.48	
01813	合景泰富	7.60	270758368	0.920	13.000	13.020	21173060	3563500	0.46	          0.67	11.940	
002680	长生生物	4.01	270470272	0.68	17.65	17.66	154389	1808	-0.27	          3.85	16.96	
000671	阳 光 城	1.20	269013472	0.10	8.41	8.42	317688	4465	-0.23	          0.98	8.32	
300490	华自科技	7.24	268748224	1.13	16.74	16.75	163058	1404	-0.05	         17.92	15.50	
002912	中新赛克	4.76	265726704	6.07	133.51	133.57	20396	526	-0.01	         12.21	126.84	
600192	长城电工	10.02	263308784	0.62	6.81	--  	402877	30	0.00	          9.12	6.54	
03669	永达汽车	2.88	261957856	0.260	--  	--  	28313106	1249000	-0.11	          1.54	9.140	
300078	思创医惠	0.10	261784048	0.01	10.01	10.02	255579	3056	-0.19	          4.95	10.37	
00656	复星国际	0.81	261388144	0.140	17.360	17.380	15034523	4069500	1.16	          0.18	17.320	
002066	瑞泰科技	1.91	260739296	0.20	10.68	10.69	239477	2263	0.19	         10.37	10.78	
600335	国机汽车	4.68	260324992	0.48	10.73	10.75	241513	15	0.28	          2.35	10.30	
002657	中科金财	2.83	259834384	0.58	21.07	21.08	120631	1294	-0.08	          4.38	21.20	
300099	精准信息	0.70	259306480	0.05	7.23	7.24	356400	6683	-0.54	          9.09	7.25	
002410	广联达	0.42	257721248	0.10	23.78	23.79	106465	837	-0.24	          1.23	23.75	
06869	长飞光纤光缆	3.00	256790320	1.200	41.150	41.200	6272416	381000	0.49	          1.78	40.400	
300207	欣旺达	0.60	254891632	0.07	11.67	11.68	214759	1323	0.17	          1.82	11.80	
603776	永安行	7.64	253590656	4.31	60.65	60.67	42132	1	-0.12	         17.55	58.15	
600422	昆药集团	2.76	253074944	0.26	9.67	9.68	262356	48	-0.09	          3.88	9.42	
603881	数据港	1.93	252995008	0.77	40.38	40.50	60393	15	-0.31	          4.72	42.48	
600760	中航沈飞	0.50	252144832	0.15	30.33	30.34	82186	4	-0.12	          2.38	30.35	
002666	德联集团	1.00	250343056	0.07	7.08	7.09	352081	4374	0.00	          7.93	6.96	
01030	新城发展控股	5.02	248878096	0.360	7.520	7.530	33492324	2060000	0.27	          0.57	7.200	
002264	新 华 都	9.95	243937552	0.81	8.95	--  	272612	159	0.00	          4.74	8.95	
002296	辉煌科技	10.00	243920272	0.66	7.26	--  	338295	806	0.00	         10.70	6.75	
600755	厦门国贸	1.01	242388736	0.10	9.95	9.96	242876	25	0.00	          1.34	9.86	
02331	李宁	1.68	240729600	0.140	8.440	8.460	28663222	4704500	1.08	          1.32	8.310	
300324	旋极信息	1.99	238788848	0.33	16.88	16.89	141631	1706	0.00	          2.09	16.50	
000016	深康佳Ａ	5.84	235746112	0.37	6.70	6.71	357616	3712	0.45	          2.24	6.34	
300647	超频三	5.26	234791296	1.21	24.20	24.21	99570	2095	0.08	         33.19	22.50	
002369	卓翼科技	2.47	234245952	0.22	9.12	9.13	256099	3116	-0.10	          6.10	8.92	
300727	润禾材料	2.75	233535968	0.90	33.59	33.60	69515	1094	-0.46	         28.49	32.65	
002004	华邦健康	3.54	232375616	0.24	7.02	7.03	329765	3660	-0.27	          1.98	6.93	
002638	勤上股份	0.18	230232304	0.01	5.51	5.52	409144	3409	0.00	          4.18	5.49	
000009	中国宝安	1.76	228125936	0.11	6.37	6.38	356732	2422	0.00	          1.68	6.23	
300122	智飞生物	0.03	223699664	0.01	31.18	31.25	70426	604	-0.05	          0.81	31.50	
002195	二三四五	0.17	223212848	0.01	5.93	5.94	374470	3600	0.17	          1.19	5.93	
600085	同仁堂	1.24	221395600	0.41	33.48	33.50	66127	100	0.06	          0.48	33.09	
600604	市北高新	3.31	220195744	0.23	7.18	7.19	306199	5	0.14	          2.94	6.96	
600726	华电能源	5.96	219284432	0.19	3.38	3.39	642242	20	0.00	          4.18	3.29	
002915	中欣氟材	1.45	216663936	0.50	34.91	34.92	62011	1094	-0.02	         22.15	34.35	
002382	蓝帆医疗	4.29	215706240	0.76	18.46	18.47	117534	889	-0.15	          2.42	17.98	
002861	瀛通通讯	6.27	215205344	1.80	30.49	30.50	71739	1060	0.96	         23.38	28.42	
00008	电讯盈科	2.86	214582448	0.130	4.670	4.680	45991800	26458000	0.21	          0.60	4.560	
000810	创维数字	10.01	212567648	0.81	8.90	--  	255204	343	0.00	          2.58	7.95	
300649	杭州园林	5.30	212303024	1.81	35.93	35.94	59754	1243	-0.05	         18.67	34.70	
002670	国盛金控	2.36	210450208	0.38	16.46	16.47	127557	1691	-0.11	          2.59	16.19	
002285	世联行	1.09	210112448	0.11	10.22	10.23	204592	2745	0.10	          1.20	10.15	
03377	远洋集团	4.43	209864544	0.260	6.110	6.130	34552492	14427500	1.49	          0.46	5.900	
300496	中科创达	0.32	208763296	0.10	31.19	31.20	65894	757	0.00	          2.95	31.70	
002714	牧原股份	1.57	206816768	0.77	49.71	49.72	41267	499	-0.01	          0.69	48.59	
600229	城市传媒	4.67	204812960	0.42	9.42	9.43	220074	58	-0.20	          5.12	9.10	
002433	太安堂	3.83	204072016	0.32	8.66	8.67	234215	1909	0.00	          3.39	8.34	
300725	药石科技	1.30	200292080	1.30	101.25	101.26	19597	241	-0.41	         10.69	99.99	
002401	中远海科	3.77	199389584	0.45	12.40	12.41	163599	3858	-0.07	          5.44	11.90	
600633	浙数文化	2.81	199160848	0.39	14.25	14.26	139142	10	-0.13	          1.08	13.92	
00751	创维数码	5.33	198344848	0.200	3.940	3.950	49766164	5026000	0.00	          1.63	3.900	
002026	山东威达	9.96	198235552	0.73	8.06	--  	245950	816	0.00	          6.78	8.06	
002510	天汽模	3.37	198137168	0.19	5.81	5.82	343280	4861	0.00	          4.81	5.61	
601002	晋亿实业	1.17	196916160	0.10	8.64	8.65	226429	74	0.23	          2.86	8.57	
002458	益生股份	1.43	196684608	0.21	14.89	14.90	131209	2643	-0.19	          7.51	14.79	
01628	禹洲地产	2.26	196025104	0.120	5.420	5.440	35921000	5134000	-1.45	          0.86	5.300	
600053	九鼎投资	10.00	195669792	2.24	24.63	--  	80716	1	0.00	          1.86	22.57	
300100	双林股份	10.01	195337280	1.54	16.92	--  	120136	1031	0.00	          3.11	15.46	
600202	哈空调	3.20	195289520	0.27	8.72	8.73	227644	2	-0.67	          5.94	8.44	
002631	德尔未来	4.59	193773648	0.46	10.47	10.48	189587	3588	0.19	          2.94	9.95	
002203	海亮股份	3.57	192808464	0.32	9.27	9.28	210403	7011	0.00	          1.42	8.96	
300685	艾德生物	6.49	190339392	6.60	108.29	108.30	17658	149	0.13	          8.83	102.08	
600415	小商品城	3.33	189851264	0.18	5.59	5.60	338746	31	-0.17	          0.62	5.44	
600062	华润双鹤	2.21	189745536	0.52	24.04	24.05	79490	5	-0.03	          1.16	23.50	
600209	罗顿发展	0.40	189276912	0.04	10.01	10.03	186306	15	-0.19	          4.37	9.98	
000507	珠海港	1.38	189144096	0.13	9.54	9.55	197666	2712	0.00	          2.56	9.46	
601919	中远海控	1.59	189069632	0.10	6.40	6.41	295326	42	-0.15	          0.39	6.30	
600210	紫江企业	3.14	188248448	0.15	4.93	4.94	381614	10	-0.19	          2.52	4.78	
600072	中船科技	1.91	187061888	0.24	12.84	12.85	146283	134	0.31	          2.43	12.50	
02799	中国华融	0.81	184776880	0.030	3.720	3.730	49591456	25748000	0.27	          0.20	3.740	
600037	歌华有线	0.98	184618608	0.13	13.38	13.39	137994	27	-0.21	          1.18	13.24	
300601	康泰生物	2.69	184147312	1.41	53.90	53.91	34106	154	-0.18	          2.13	52.48	
01313	华润水泥控股	2.39	183826080	0.160	6.840	6.850	27084100	4184000	0.74	          0.41	6.720	
002018	华信国际	1.14	183375312	0.06	5.34	5.35	342151	4057	-0.18	          1.50	5.24	
002547	春兴精工	0.00	183312032	0.00	9.20	9.21	198705	3274	0.00	          2.48	9.21	
601117	中国化学	1.40	182361088	0.10	7.24	7.25	252460	20	0.14	          0.51	7.13	
002313	日海通讯	4.06	182179600	1.15	29.50	29.54	61984	344	0.34	          1.99	28.38	
300479	神思电子	3.46	181238912	0.67	20.01	20.02	89149	893	-0.04	         10.13	19.65	
002266	浙富控股	5.32	181018336	0.21	4.15	4.16	438010	8725	0.24	          2.72	3.95	
603225	新凤鸣	2.21	180032880	0.84	38.77	38.78	46583	7	0.03	          6.03	37.94	
002488	金固股份	3.65	179201264	0.52	14.74	14.75	122043	1701	0.14	          3.17	14.28	
600825	新华传媒	9.96	178349280	0.56	6.18	--  	294017	21	0.00	          2.81	5.75	
300428	四通新材	9.99	176823936	1.72	18.94	--  	94424	184	0.00	          8.21	17.50	
002711	欧浦智网	0.39	176724608	0.04	10.19	10.20	173414	3546	-0.38	          1.66	10.17	
01638	佳兆业集团	8.49	176001904	0.360	4.600	4.610	38973704	1670000	0.22	          0.64	4.260	
000829	天音控股	4.20	174288304	0.40	9.93	9.94	175989	3396	-0.19	          1.85	9.47	
300723	一品红	4.05	173827168	1.43	36.77	36.78	47133	618	-0.04	         11.78	35.19	
300231	银信科技	0.10	173723904	0.01	9.57	9.58	178097	3156	-0.61	          6.67	9.60	
300365	恒华科技	0.82	173144144	0.32	39.10	39.11	43390	200	-0.22	          4.20	38.99	
01055	中国南方航空股份	0.40	173031808	0.040	10.080	10.160	17045370	3590000	0.79	          0.56	10.020	
000851	高鸿股份	3.81	172765728	0.31	8.44	8.45	203964	2622	-0.11	          3.45	8.18	
600136	当代明诚	2.88	172443936	0.47	16.76	16.77	102995	4	0.24	          3.35	16.30	
600191	华资实业	5.13	172409824	0.40	8.18	8.19	210736	373	0.49	          4.35	7.84	
03799	达利食品	0.27	171323264	0.020	7.530	7.540	22712816	7150500	-0.13	          0.17	7.640	
002697	红旗连锁	1.54	170451184	0.09	5.92	5.93	285804	1741	-0.49	          3.31	5.91	
600611	大众交通	3.46	169423712	0.17	5.08	5.09	334279	30	0.40	          2.14	4.93	
000800	一汽轿车	1.19	169257072	0.13	11.05	11.06	153498	3059	0.00	          1.09	10.94	
00012	恒基地产	0.77	168860448	0.400	52.400	52.450	3218517	987000	-0.10	          0.08	51.800	
002054	德美化工	1.71	168825200	0.13	7.72	7.73	217455	3742	0.26	          6.91	7.57	
600865	百大集团	10.03	168503664	0.74	8.12	--  	211460	30	0.00	          5.62	7.43	
002821	凯莱英	0.45	167737520	0.30	66.89	66.90	24986	238	0.00	          2.09	67.07	
000909	数源科技	10.04	165894384	1.00	10.96	--  	152717	364	0.00	          4.91	9.94	
300733	西菱动力	1.15	165719936	0.27	23.70	23.71	68781	974	0.04	         17.20	23.24	
600827	百联股份	2.68	165184736	0.31	11.87	11.88	138847	1	-0.07	          0.90	11.74	
600406	国电南瑞	0.48	164965168	0.08	16.70	16.72	97993	60	-0.05	          0.44	16.60	
002901	大博医疗	4.06	164756512	1.34	34.32	34.33	47700	430	0.03	         11.90	33.12	
300002	神州泰岳	0.42	163298864	0.03	7.10	7.11	231123	4865	-0.27	          1.67	7.07	
002013	中航机电	1.90	161666448	0.20	10.74	10.75	149343	1345	0.00	          0.71	10.64	
03908	中金公司	0.00	161473936	0.000	16.800	16.820	9541428	1167600	-0.12	          0.63	16.780	
002390	信邦制药	2.81	160786624	0.23	8.42	8.43	192367	4268	-0.23	          1.88	8.21	
300700	岱勒新材	2.86	160205776	1.79	64.28	64.30	25171	245	0.08	         12.22	62.45	
600133	东湖高新	3.55	159854768	0.33	9.61	9.62	168093	4	0.10	          3.12	9.28	
002012	凯恩股份	0.49	159560656	0.04	8.15	8.16	193912	2905	-0.23	          4.15	8.14	
00148	建滔化工	1.37	159379232	0.600	44.250	44.300	3637859	2041000	2.08	          0.34	43.250	
600560	金自天正	9.98	159053360	1.07	11.79	--  	136622	64	0.00	          6.11	10.72	
300302	同有科技	1.03	158767264	0.11	10.79	10.80	143628	2863	-0.73	          5.87	10.71	
002581	未名医药	2.55	158704176	0.40	16.07	16.08	96846	980	0.25	          2.42	15.73	
002429	兆驰股份	2.37	158127952	0.08	3.44	3.45	458674	4988	0.00	          1.15	3.36	
002467	二六三	1.26	157686896	0.09	7.24	7.25	215793	3515	-0.13	          3.43	7.17	
601607	上海医药	0.00	157048576	0.00	23.23	23.24	66880	12	0.13	          0.35	23.17	
600446	金证股份	1.43	157035648	0.23	16.30	16.34	95782	15	1.05	          1.20	16.41	
002903	宇环数控	2.42	156636384	0.94	39.83	39.84	39233	725	-0.27	         15.69	39.28	
600580	卧龙电气	3.28	156511600	0.27	8.48	8.50	184441	10	-0.11	          1.66	8.24	
603181	皇马科技	6.18	155772608	1.28	21.96	21.98	71187	2	0.09	         14.24	20.80	
000555	神州信息	10.01	154682848	1.04	11.43	--  	137978	859	0.00	          1.51	10.37	
00177	江苏宁沪高速公路	6.61	154544352	0.740	11.900	11.940	13312988	3930000	3.29	          1.09	11.280	
600120	浙江东方	4.02	154031920	0.88	22.79	22.80	68225	56	0.35	          1.35	21.90	
002044	美年健康	2.06	152856592	0.50	24.78	24.79	61610	569	-0.03	          0.58	24.46	
002251	步 步 高	1.10	152317248	0.17	15.59	15.60	96569	1063	-0.12	          1.27	15.51	
000890	法 尔 胜	1.82	149517712	0.13	7.27	7.28	204884	2364	0.28	          5.40	7.00	
600846	同济科技	0.00	148887680	0.00	9.05	9.06	163702	20	0.00	          2.62	9.06	
02688	新奥能源	0.64	148387568	0.400	62.600	62.650	2371540	1290000	0.24	          0.22	62.950	
600368	五洲交通	2.26	147776928	0.12	5.44	5.45	267733	120	-0.17	          3.21	5.50	
002419	天虹股份	0.40	147502912	0.08	19.88	19.89	73313	389	-0.09	          0.92	19.90	
600208	新湖中宝	0.65	146999104	0.03	4.63	4.64	316210	13	0.22	          0.37	4.60	
00881	中升控股	3.12	146857360	0.650	21.450	21.500	6869701	1089500	0.94	          0.30	21.000	
02666	环球医疗	5.50	146049248	0.360	6.890	6.910	21484200	1322500	0.44	          1.25	6.550	
603000	人民网	0.61	145567248	0.07	11.43	11.45	126528	50	-0.16	          1.14	11.38	
601200	上海环境	2.20	145415888	0.47	21.81	21.82	67191	10	0.23	          1.00	21.38	
603626	科森科技	3.62	145161696	0.94	26.88	26.90	54373	16	0.30	          4.81	25.91	
603938	三孚股份	2.23	144929568	0.74	33.99	34.00	41582	3	0.27	         11.07	33.64	
600283	钱江水利	4.11	141969584	0.53	13.42	13.43	105964	5	-0.21	          3.00	13.00	
002760	凤形股份	1.93	141587696	0.47	24.80	24.81	57367	1797	0.20	         12.55	24.01	
300277	海联讯	1.69	141578912	0.18	10.82	10.83	130768	1983	0.00	          3.91	10.60	
300655	晶瑞股份	3.01	141447744	0.92	31.44	31.48	45485	428	-0.75	         20.62	29.58	
300223	北京君正	0.11	141049888	0.03	27.75	27.76	49682	923	0.14	          5.04	27.86	
002642	荣之联	0.25	140669232	0.03	11.99	12.00	116013	1225	0.08	          2.34	11.99	
600105	永鼎股份	4.99	140640736	0.28	5.89	5.90	243048	5	0.17	          3.19	5.55	
300715	凯伦股份	10.00	140464992	3.65	40.14	--  	35819	40	0.00	         19.90	36.53	
300093	金刚玻璃	3.02	139955040	0.28	9.54	9.55	145803	2403	0.00	          6.77	9.19	
000723	美锦能源	0.00	138234464	0.00	5.63	5.64	245158	9784	0.36	          2.27	5.64	
02638	港灯－ＳＳ	1.76	138164096	0.130	--  	--  	18453758	10000	0.40	          0.21	7.400	
06823	香港电讯－ＳＳ	1.22	137778016	0.120	--  	--  	13884088	8000	0.30	          0.18	9.800	
300687	赛意信息	3.44	137177088	1.87	56.23	56.30	24338	481	-0.31	         12.17	54.06	
01972	太古地产	4.48	136636624	1.250	29.100	29.150	4726913	1364200	0.34	          0.08	28.500	
601258	庞大集团	0.86	136173856	0.02	2.35	2.36	580827	15	-0.41	          0.89	2.34	
06808	高鑫零售	0.11	134821920	0.010	8.860	8.870	15189090	2931500	0.00	          0.16	8.860	
03319	雅生活服务	9.45	134095736	1.060	--  	--  	11172600	3750	0.99	          2.58	11.440	
002867	周大生	5.05	133030000	1.63	33.89	33.90	38919	350	-0.14	          5.06	32.15	
002244	滨江集团	1.34	132183200	0.10	7.57	7.58	174942	935	-0.12	          0.65	7.48	
000712	锦龙股份	1.49	132084896	0.22	15.01	15.02	87251	857	-0.19	          0.97	14.81	
002052	同洲电子	4.56	131822312	0.22	5.03	5.04	262943	2869	0.40	          4.22	4.88	
300398	飞凯材料	0.00	129961824	0.00	21.30	21.33	58962	436	-0.27	          1.62	22.60	
601311	骆驼股份	2.82	129769760	0.37	13.49	13.50	97993	155	0.60	          1.16	13.04	
002795	永和智控	3.42	128500912	0.51	15.41	15.42	83836	1438	0.06	         13.15	15.10	
002444	巨星科技	0.24	127169632	0.03	12.74	12.75	98966	874	-0.07	          0.98	12.69	
000592	平潭发展	1.76	127146672	0.08	4.63	4.64	274587	6461	0.22	          1.44	4.58	
002585	双星新材	3.79	127037552	0.27	7.39	7.40	174496	5626	0.27	          2.51	7.17	
300691	联合光电	7.35	126817080	4.52	65.93	66.00	19506	382	-0.38	          9.11	61.60	
002029	七 匹 狼	2.58	126520560	0.24	9.54	9.55	132870	1542	-0.09	          1.76	9.39	
002677	浙江美大	2.13	126360448	0.37	17.72	17.73	71728	835	-0.05	          2.54	17.36	
002860	星帅尔	8.18	126346056	3.18	42.04	42.06	30370	327	-0.01	         19.98	38.60	
002011	盾安环境	4.41	126028176	0.30	7.10	7.11	178100	1926	0.00	          2.12	6.80	
300308	中际旭创	3.01	123833440	2.30	78.70	78.75	15758	98	0.17	          0.73	75.73	
002921	联诚精密	10.00	123201920	3.00	33.00	--  	38315	199	0.00	         19.16	30.06	
002261	拓维信息	1.30	121658192	0.09	6.99	7.00	172982	1855	-0.42	          1.79	6.88	
300213	佳讯飞鸿	1.52	121568112	0.12	8.03	8.04	150663	1912	-0.11	          4.10	7.90	
002590	万安科技	2.75	121434632	0.31	11.57	11.58	104165	869	0.09	          2.39	11.26	
02098	卓尔集团	3.07	121279088	0.280	9.390	10.000	13394000	100000	3.19	          0.12	9.100	
603833	欧派家居	3.46	121172968	4.87	145.71	145.78	8388	3	-0.03	          2.02	139.80	
600977	中国电影	0.35	120954776	0.06	17.13	17.14	70431	1	-0.11	          1.25	17.14	
002511	中顺洁柔	1.71	120695560	0.26	15.49	15.50	77461	668	0.00	          1.06	15.27	
600771	广誉远	0.62	120024352	0.28	45.31	45.32	26512	132	0.09	          0.99	45.02	
000007	全新好	5.36	118910120	0.73	14.35	14.36	83453	1155	-0.41	          2.70	13.67	
600822	上海物贸	0.00	118887808	0.00	13.11	13.12	89409	52	-0.07	          2.26	13.15	
603180	金牌厨柜	1.67	118040904	2.77	168.55	168.60	6975	5	-0.03	          4.10	165.81	
03380	龙光地产	2.97	115935768	0.360	12.480	12.500	9327112	1276000	0.32	          0.17	12.240	
002813	路畅科技	5.45	115639120	1.54	29.79	29.80	39118	440	-0.09	         13.04	27.90	
600571	信雅达	9.98	115616040	0.96	10.58	--  	110713	4	0.00	          2.61	10.00	
603922	金鸿顺	10.00	115591040	2.33	25.63	--  	46361	22	0.00	         14.49	23.30	
02607	上海医药	2.49	114715056	0.500	20.550	20.600	5600251	1336600	0.73	          0.61	20.200	
300351	永贵电器	3.05	114409840	0.43	14.55	14.56	79121	1412	0.48	          3.33	14.16	
002672	东江环保	3.07	112950144	0.45	15.09	15.10	75034	903	0.00	          1.38	14.73	
600528	中铁工业	1.28	112689144	0.15	11.86	11.90	94832	12	0.51	          0.65	11.73	
600175	美都能源	0.86	112648776	0.04	4.67	4.68	238901	4	0.00	          0.97	4.61	
600636	*ST爱富	2.76	112629400	0.42	15.66	15.68	71981	135	0.06	          1.69	15.15	
000626	远大控股	2.89	112180184	0.36	12.81	12.82	87454	1229	-0.07	          2.16	12.45	
002481	双塔食品	0.67	112083048	0.03	4.49	4.50	247650	3307	0.00	          2.20	4.44	
000818	方大化工	0.40	112027328	0.05	12.64	12.65	88545	1332	0.24	          1.28	12.58	
002245	澳洋顺昌	0.85	111754336	0.08	9.47	9.48	117489	546	-0.10	          1.29	9.42	
600373	中文传媒	0.31	111544512	0.05	16.19	16.26	68287	19	0.06	          0.50	16.38	
02233	西部水泥	5.76	109080072	0.080	1.450	1.470	75595152	7312000	0.68	          1.39	1.400	
000953	*ST河化	3.18	108952128	0.27	8.76	8.77	126562	2007	-0.10	          4.30	8.40	
300145	中金环境	0.53	108366864	0.06	11.31	11.32	95591	619	-0.08	          1.29	11.36	
300602	飞荣达	3.98	107885472	2.57	67.20	67.33	16059	39	-0.21	          5.21	64.75	
600810	神马股份	1.86	107611544	0.18	9.85	9.86	108991	57	-0.19	          2.46	9.65	
03808	中国重汽	7.16	107421640	0.680	10.160	10.180	10833053	2310500	2.00	          0.39	9.500	
002717	岭南股份	2.28	106997624	0.61	27.34	27.35	39370	457	0.04	          1.75	26.81	
002476	宝莫股份	9.94	106814552	0.53	5.86	--  	182522	1328	0.00	          3.16	5.78	
002531	天顺风能	2.95	106556024	0.21	7.34	7.35	145911	2219	0.00	          0.82	7.13	
603030	全筑股份	6.21	106210968	0.47	8.06	8.07	131828	36	0.37	          5.38	7.60	
002783	凯龙股份	3.19	105973736	0.57	18.41	18.42	56682	793	0.11	          5.30	18.00	
002224	三 力 士	2.86	104869304	0.22	7.89	7.90	130208	964	0.13	          2.77	7.68	
300096	易联众	0.00	104402704	0.00	12.64	12.65	82310	379	0.00	          2.13	12.63	
002850	科达利	1.92	104148808	1.08	57.28	57.29	18057	210	0.03	          2.92	56.20	
002339	积成电子	3.53	104101416	0.30	8.80	8.81	118422	1826	0.11	          3.91	8.45	
00535	金地商置	0.97	104010448	0.010	1.030	1.040	100298000	422000	0.00	          0.63	1.030	
603600	永艺股份	8.18	103969024	0.99	13.05	13.07	81755	14	-0.37	          3.27	11.97	
300246	宝莱特	4.30	103052848	0.78	18.89	18.90	53658	338	0.00	          4.98	18.50	
002577	雷柏科技	2.24	102443112	0.34	15.49	15.50	65678	991	-0.18	          2.34	15.14	
002630	华西能源	2.45	101880160	0.29	12.10	12.11	85048	1629	0.08	          1.41	11.84	
601238	广汽集团	1.83	101850872	0.41	22.84	22.85	44707	8	0.35	          0.10	22.45	
600644	乐山电力	7.15	101783928	0.43	6.45	6.46	156044	27	0.00	          2.90	6.60	
000656	金科股份	1.36	101743464	0.07	5.21	5.22	195812	2004	0.19	          0.37	5.13	
002367	康力电梯	9.97	101410368	1.00	11.03	--  	91941	2299	0.00	          1.77	11.03	
603707	健友股份	3.65	101398016	1.13	32.02	32.06	31519	1	0.03	          4.96	30.93	
300075	数字政通	0.18	101310536	0.03	16.29	16.30	61882	759	0.00	          2.26	16.30	
600495	晋西车轴	0.72	100439568	0.04	5.59	5.60	178638	6	0.54	          1.48	5.55	
03396	联想控股	7.36	100046976	1.900	27.650	27.700	3652900	1044800	0.18	          0.93	25.800	
00392	北京控股	1.64	99949448	0.700	43.400	43.450	2316635	1036000	0.70	          0.18	43.200	
002643	万润股份	1.18	99266888	0.13	11.17	11.18	88586	465	-0.08	          1.01	11.11	
002311	海大集团	1.63	99236720	0.37	23.07	23.08	43263	320	0.22	          0.28	22.71	
000848	承德露露	1.49	99225216	0.14	9.54	9.55	103033	326	0.10	          1.05	9.63	
300461	田中精机	10.00	99177240	5.01	55.13	--  	18385	19	0.00	          7.80	50.21	
002070	*ST众和	1.98	99027112	0.08	4.12	4.13	238048	1663	0.24	          4.20	4.05	
603721	中广天择	3.21	98630104	0.81	26.05	26.08	38182	14	-0.07	         15.27	25.40	
002550	千红制药	2.59	98245704	0.15	5.95	5.96	164352	695	-0.16	          1.82	5.81	
300616	尚品宅配	2.43	98243296	4.83	203.38	203.39	4821	43	0.00	          1.30	198.56	
000923	河北宣工	0.80	98234200	0.18	22.70	22.71	43190	858	0.04	          2.18	22.45	
002234	民和股份	0.35	98214320	0.04	11.59	11.60	83299	1344	-0.50	          4.04	11.80	
300571	平治信息	2.72	98027408	1.94	73.33	73.35	13245	160	0.16	          3.79	72.00	
300256	星星科技	2.46	97820456	0.17	7.07	7.08	137919	1185	0.00	          3.48	6.95	
300291	华录百纳	2.08	97534528	0.25	12.28	12.29	79916	2407	0.00	          1.34	11.95	
00874	白云山	1.91	97483688	0.450	23.950	24.000	4084532	636000	0.84	          1.86	24.000	
002372	伟星新材	1.09	96548304	0.23	21.29	21.30	45554	642	0.05	          0.51	21.23	
00709	佐丹奴国际	1.83	96415928	0.080	4.430	4.440	21857182	11330000	-0.45	          1.39	4.330	
300420	五洋停车	3.01	96324784	0.23	7.86	7.87	123213	1845	0.00	          4.94	7.70	
00178	莎莎国际	1.38	95808752	0.060	4.410	4.420	21699644	1190000	0.45	          0.71	4.360	
00551	裕元集团	0.30	95537552	0.100	33.650	33.700	2835499	849500	0.60	          0.17	33.650	
603313	梦百合	3.35	93840168	0.81	25.01	25.02	37137	6	-0.43	          4.51	24.20	
603365	水星家纺	5.62	93343864	1.36	25.56	25.58	36471	1	-0.26	          5.47	24.21	
002299	圣农发展	0.76	93186408	0.11	14.55	14.56	63785	1489	0.07	          1.58	14.44	
000710	贝瑞基因	2.16	92560144	0.98	46.33	46.34	19855	243	-0.01	          1.31	45.33	
002177	御银股份	0.38	92543480	0.02	5.23	5.24	176845	2601	0.00	          2.93	5.19	
300157	恒泰艾普	0.57	91562528	0.04	7.01	7.02	129654	2973	0.29	          2.11	6.94	
600476	湘邮科技	5.00	91558680	0.77	16.18	16.19	57998	4	0.56	          3.60	15.75	
300167	迪威迅	4.15	91349688	0.35	8.77	8.78	106030	4015	-0.22	          3.53	8.40	
600386	北巴传媒	9.96	91155568	0.49	5.41	--  	170412	15	0.00	          2.11	4.92	
01186	中国铁建	0.36	90669504	0.030	8.270	8.280	10965044	4536500	0.24	          0.53	8.300	
600565	迪马股份	0.25	90600328	0.01	4.09	4.10	220360	3749	0.25	          0.93	4.06	
300339	润和软件	0.57	90128112	0.06	10.57	10.58	84650	587	-0.08	          1.64	10.45	
002492	恒基达鑫	0.78	89657520	0.05	6.42	6.43	136508	596	0.47	          3.87	6.46	
300322	硕贝德	1.90	89625616	0.18	9.63	9.64	92628	1450	0.21	          2.50	9.57	
600064	南京高科	1.47	88555744	0.20	13.83	13.84	63866	28	-0.28	          0.83	13.62	
300620	光库科技	2.21	88187016	0.80	36.90	36.97	23618	194	-0.07	         10.74	36.00	
000628	高新发展	4.76	88079472	0.41	9.02	9.03	98972	3341	0.78	          5.27	8.72	
002897	意华股份	0.70	87752824	0.26	37.19	37.20	23445	268	-0.02	          8.79	36.85	
000821	京山轻机	1.87	86940432	0.23	12.51	12.52	68987	491	0.08	          2.00	12.20	
01530	三生制药	0.24	86776496	0.040	16.640	16.660	5233935	1003000	0.24	          0.21	16.640	
01009	国际娱乐	1.83	84548784	0.040	--  	--  	36716000	10000	-1.77	          2.68	2.190	
03360	远东宏信	4.56	84456440	0.360	8.260	8.270	10313082	2244000	-0.48	          0.26	7.930	
002486	嘉麟杰	1.25	84298376	0.06	4.86	4.87	171984	1595	0.00	          2.13	4.84	
600328	兰太实业	1.21	84188512	0.12	10.04	10.05	83295	5	0.10	          1.90	10.02	
000931	中 关 村	3.24	83927112	0.21	6.69	6.70	125271	1411	0.30	          1.78	6.49	
002329	皇氏集团	1.13	83705576	0.07	6.29	6.30	130761	1510	-0.15	          2.31	6.43	
00081	中国海外宏洋集团	1.39	83155168	0.060	4.380	4.400	18880316	670000	-0.23	          0.55	4.370	
002432	九安医疗	2.03	82364600	0.18	9.04	9.05	91248	2257	0.11	          2.11	9.00	
601777	力帆股份	2.48	81537776	0.16	6.60	6.61	124219	20	-0.74	          1.00	6.47	
00338	上海石油化工股份	0.41	81499848	0.020	4.860	4.870	16773447	5062000	0.62	          0.48	4.810	
300554	三超新材	7.12	81181136	5.44	81.82	81.88	10141	111	0.23	          7.80	76.81	
300497	富祥股份	2.65	80316720	1.22	47.18	47.20	17090	382	0.38	          2.90	45.98	
000532	华金资本	10.00	79735008	1.21	13.31	--  	59906	1339	0.00	          1.74	13.31	
300298	三诺生物	1.85	79305992	0.40	22.01	22.02	35858	207	-0.04	          0.89	21.77	
002773	康弘药业	2.48	79068120	1.35	55.79	55.80	14092	207	0.04	          2.00	54.66	
000736	中交地产	2.64	78835728	0.47	18.30	18.31	43257	1340	-0.04	          1.46	17.82	
600288	大恒科技	3.94	78286848	0.31	8.17	8.18	95719	20	0.00	          2.19	7.84	
002043	兔 宝 宝	1.66	77875744	0.19	11.66	11.67	66972	594	0.17	          0.93	11.55	
601000	唐山港	0.20	77825584	0.01	5.06	5.07	153352	3	0.20	          0.36	5.06	
01112	Ｈ＆Ｈ国际控股	4.16	77672504	2.150	53.800	53.850	1449000	175000	0.37	          0.23	52.300	
01727	河北建设	4.33	76870480	0.210	--  	--  	15770500	500	0.20	          3.42	4.900	
603396	金辰股份	5.94	76657128	2.16	38.55	38.58	20115	5	0.60	         10.65	36.55	
600637	东方明珠	0.59	76445032	0.10	16.92	16.93	44949	20	-0.05	          0.21	16.85	
300633	开立医疗	0.66	75953480	0.18	27.56	27.57	26900	152	0.04	          6.72	27.85	
00215	和记电讯香港	3.27	75514032	0.090	2.830	2.840	27028192	1656000	0.35	          0.56	2.730	
002277	友阿股份	1.41	75502832	0.07	5.04	5.05	148453	1051	-0.19	          1.05	5.08	
002400	省广股份	0.58	75224336	0.03	5.22	5.23	142957	2862	-0.18	          0.87	5.18	
002469	三维工程	1.68	75177800	0.10	6.06	6.07	125583	3392	0.17	          2.71	5.92	
002544	杰赛科技	0.14	74884008	0.02	14.44	14.45	51240	418	0.00	          1.00	14.55	
002885	京泉华	3.76	74700776	1.22	33.66	33.67	22063	253	-0.20	         11.03	32.95	
000701	厦门信达	2.35	74566704	0.20	8.70	8.71	85678	418	-0.10	          2.27	8.46	
00777	网龙	3.41	74358568	0.750	22.700	22.750	3253390	117000	0.00	          0.61	21.800	
002131	利欧股份	0.00	74347216	0.00	2.68	2.69	275072	3056	0.00	          0.81	2.70	
300527	华舟应急	2.16	73891824	0.53	25.06	25.07	29414	266	0.00	          2.05	24.59	
603826	坤彩科技	2.50	73266280	0.36	14.72	14.74	49809	36	-0.40	          5.53	14.33	
002104	恒宝股份	0.12	72258440	0.01	8.04	8.05	88750	746	-0.24	          1.57	8.14	
300205	天喻信息	0.11	71702048	0.01	8.96	8.97	78356	816	-0.10	          1.84	9.18	
603806	福斯特	5.35	71107472	1.75	34.50	34.54	20687	3	0.15	          0.51	33.55	
002681	奋达科技	0.57	70875696	0.06	10.59	10.60	66359	1019	0.00	          0.91	10.54	
002334	英威腾	0.58	70591032	0.05	8.64	8.65	81135	810	0.00	          1.42	8.67	
000546	金圆股份	0.44	70513320	0.07	15.99	16.00	43793	561	0.00	          0.78	15.96	
600520	文一科技	0.22	70350048	0.04	18.47	18.48	37653	15	0.00	          2.38	18.66	
600533	栖霞建设	1.36	70296560	0.06	4.45	4.46	156566	37	0.22	          1.49	4.38	
300349	金卡智能	1.77	70271408	0.66	37.86	37.87	18738	627	0.08	          1.00	37.30	
00606	中国粮油控股	2.88	70007528	0.100	3.560	3.570	19791424	4693000	1.42	          0.38	3.480	
002021	中捷资源	2.00	69795320	0.08	4.07	4.08	170697	921	0.00	          2.48	3.99	
01066	威高股份	5.11	69708736	0.270	5.530	5.550	12744852	3672000	1.65	          0.68	5.320	
600736	苏州高新	3.69	69549008	0.23	6.47	6.48	108893	256	0.31	          0.96	6.20	
000788	北大医药	2.06	69349080	0.16	7.92	7.93	86985	356	-0.12	          1.56	7.97	
002106	莱宝高科	1.47	69160568	0.12	8.26	8.27	83911	699	0.00	          1.19	8.15	
002094	青岛金王	0.33	69053392	0.07	21.24	21.25	32339	425	-0.04	          0.92	21.20	
01778	彩生活	6.72	68848952	0.410	6.510	6.570	10827195	203000	-0.61	          0.82	6.100	
00410	ＳＯＨＯ中国	1.25	68824888	0.060	4.860	4.870	14163548	7141000	0.41	          0.27	4.820	
600162	香江控股	0.93	68469320	0.03	3.24	3.25	211348	37	0.00	          0.89	3.22	
000407	胜利股份	5.10	68444888	0.32	6.60	6.61	105732	3744	-0.29	          1.43	6.26	
000927	一汽夏利	0.68	68250400	0.03	4.44	4.45	153736	1818	0.23	          0.96	4.40	
300319	麦捷科技	3.65	68022184	0.26	7.38	7.39	91586	1455	-0.13	          1.94	7.11	
002020	京新药业	0.82	67953680	0.09	11.08	11.09	61014	411	0.00	          1.19	11.08	
601949	中国出版	1.36	67841760	0.09	6.73	6.74	100633	10	-0.14	          2.76	6.61	
600595	中孚实业	0.45	67570976	0.02	4.47	4.48	150744	10	0.45	          0.87	4.44	
600361	华联综超	2.64	67517824	0.13	5.06	5.07	132328	39	0.00	          1.99	4.97	
300690	双一科技	5.22	67486384	2.72	54.87	54.88	12421	202	0.13	          7.16	52.38	
000697	炼石有色	0.64	67079560	0.12	18.78	18.79	35483	349	-0.04	          0.78	18.60	
002316	键桥通讯	5.10	67020948	0.50	10.29	10.30	63772	253	0.00	          2.02	9.95	
000676	智度股份	3.29	66628068	0.39	12.25	12.27	54849	591	-0.40	          1.73	11.79	
600006	东风汽车	1.33	66543560	0.07	5.34	5.35	125471	331	0.19	          0.63	5.25	
000759	中百集团	0.98	66514048	0.08	8.25	8.26	79761	1164	-0.23	          1.17	8.30	
002010	传化智联	2.24	66372252	0.36	16.40	16.41	40874	608	0.00	          0.99	16.11	
600704	物产中大	0.45	66370000	0.03	6.65	6.66	99280	6	0.15	          0.74	6.65	
600710	ST常林	2.49	66023568	0.17	7.01	7.02	94652	13	0.14	          1.48	6.91	
300624	万兴科技	10.00	65578800	8.06	88.62	--  	7400	34	0.00	          3.70	88.62	
03339	中国龙工	5.14	65544576	0.170	3.450	3.480	19050000	4551000	0.87	          0.45	3.350	
000078	海王生物	0.33	65480396	0.02	6.00	6.01	108571	1005	-0.16	          0.58	5.98	
603168	莎普爱思	3.23	65411052	0.44	14.05	14.06	46912	72	0.14	          2.05	13.60	
01882	海天国际	5.04	65408484	1.200	24.950	25.000	2646033	1090000	0.20	          0.17	23.650	
600128	弘业股份	2.94	64970196	0.28	9.80	9.81	66647	20	0.00	          2.70	9.50	
002549	凯美特气	5.72	64935760	0.36	6.65	6.66	98092	2326	-0.14	          1.58	6.32	
300279	和晶科技	0.61	64703328	0.08	13.20	13.21	48652	1219	0.08	          1.67	13.19	
300701	森霸股份	4.26	64175708	1.44	35.24	35.25	18419	345	-0.33	          9.21	33.67	
002317	众生药业	0.89	64152980	0.10	11.28	11.29	56532	753	-0.25	          0.87	11.17	
002349	精华制药	2.96	63767428	0.24	8.33	8.34	76598	705	0.12	          0.99	8.13	
002713	东易日盛	3.69	63419036	0.97	27.28	27.29	23593	1761	0.78	          3.15	26.21	
02280	慧聪集团	14.09	63304664	0.710	5.730	5.750	11397500	218500	0.52	          1.02	5.100	
000637	茂化实华	4.30	63034880	0.23	5.57	5.58	113636	6133	0.54	          3.10	5.33	
603717	天域生态	2.07	62868044	0.47	23.14	23.15	27287	9	0.00	          6.32	22.66	
600315	上海家化	0.40	62286400	0.14	35.11	35.18	17711	100	-0.10	          0.26	35.31	
002609	捷顺科技	0.67	62164700	0.10	14.94	14.95	41289	663	-0.06	          1.12	14.91	
002421	达实智能	0.38	61961400	0.02	5.32	5.33	115768	1150	-0.18	          0.67	5.37	
000971	高升控股	0.00	61335140	0.00	12.45	12.46	49082	338	-0.07	          1.69	12.40	
600619	海立股份	3.36	61184836	0.36	11.08	11.09	55591	10	0.09	          1.21	10.68	
600624	复旦复华	1.46	60736776	0.09	6.22	6.23	97177	10	-0.15	          1.42	6.14	
300642	透景生命	0.82	60699136	0.81	99.33	99.40	6093	98	-0.14	          4.06	98.01	
300069	金利华电	1.21	60618720	0.35	29.31	29.32	20856	375	0.10	          2.27	29.00	
300309	吉艾科技	1.39	60182100	0.33	24.00	24.01	25127	407	0.08	          0.58	23.67	
000567	海德股份	0.89	60152188	0.23	26.18	26.19	22960	271	0.00	          1.53	26.28	
00279	民众金融科技	0.00	59813324	0.000	1.500	1.510	39396000	3300000	-0.66	          0.25	1.510	
600483	福能股份	3.16	59757564	0.23	7.50	7.51	79554	10	-0.39	          0.63	7.36	
01199	中远海运港口	3.49	59726544	0.250	7.400	7.410	8147319	4614000	2.21	          0.27	7.180	
000635	英 力 特	2.66	59057452	0.36	13.89	13.90	41983	507	-0.06	          1.39	13.56	
002534	杭锅股份	3.97	58913568	0.38	9.96	9.97	59771	1214	0.10	          0.83	9.60	
00696	中国民航信息网络	1.92	58570660	0.500	26.550	26.600	2214809	908000	0.57	          0.24	26.100	
00152	深圳国际	0.26	58535884	0.040	15.680	15.700	3739485	1174500	0.51	          0.18	15.660	
00069	香格里拉（亚洲）	0.45	58090160	0.080	17.800	17.820	3262724	1018000	-0.11	          0.09	17.700	
600750	江中药业	0.91	58038096	0.22	24.45	24.47	23663	1	0.08	          0.79	24.23	
600730	中国高科	1.79	57635952	0.11	6.25	6.26	92731	375	0.32	          1.58	6.14	
603737	三棵树	3.64	57400832	2.49	70.85	70.95	8122	2	-0.05	          2.49	69.12	
002837	英维克	0.89	57381924	0.18	20.33	20.35	28171	570	0.30	          4.18	20.19	
002468	申通快递	0.75	57192020	0.19	25.43	25.45	22520	476	0.04	          0.68	25.28	
603165	荣晟环保	1.81	57185172	0.89	50.01	50.05	11407	1	-0.07	          3.60	49.41	
300074	华平股份	3.32	56296172	0.26	8.07	8.08	70508	2406	-0.11	          1.78	7.83	
002297	博云新材	0.00	56077024	0.00	7.97	7.98	70032	1298	-0.12	          1.76	7.97	
300143	星普医科	3.79	55705292	0.91	24.93	24.94	22585	461	-0.23	          1.64	24.16	
600083	博信股份	5.51	55705028	1.09	20.86	20.87	26620	8	0.00	          1.17	19.71	
01368	特步国际	7.03	55220668	0.270	4.110	4.120	13527091	297500	0.00	          0.61	3.880	
603011	合锻智能	2.46	55203480	0.21	8.75	8.76	63193	20	0.69	          1.53	8.60	
300680	隆盛科技	10.02	55199412	2.66	29.21	--  	19547	3095	0.00	         11.50	26.56	
603758	秦安股份	0.77	55140188	0.10	12.95	13.00	42058	32	0.62	          7.01	12.81	
002703	浙江世宝	2.46	55014260	0.17	7.08	7.09	77458	661	0.14	          1.72	6.88	
600814	杭州解百	3.26	54983632	0.25	7.90	7.91	68948	41	0.00	          0.96	7.78	
601127	小康股份	1.16	54882856	0.23	20.06	20.07	27277	7	0.10	          1.52	19.75	
002393	力生制药	3.39	54471032	0.99	30.16	30.17	18174	410	0.20	          1.00	29.22	
600240	华业资本	1.07	54277544	0.09	8.47	8.48	63811	10	0.00	          0.45	8.38	
002554	惠博普	0.24	54235252	0.01	4.15	4.16	129182	1642	0.00	          1.97	4.18	
300130	新国都	1.23	54011072	0.30	24.64	24.68	21680	276	0.00	          1.38	25.01	
300374	恒通科技	0.07	53752360	0.01	13.93	13.94	37983	440	-0.06	          2.61	14.05	
603088	宁波精达	1.48	53562640	0.40	27.51	27.54	19552	6	0.22	          2.44	26.98	
002077	大港股份	3.80	53553524	0.41	11.21	11.22	48118	410	0.09	          1.29	10.67	
000404	华意压缩	1.56	53542324	0.09	5.87	5.88	91656	1759	0.00	          1.32	5.74	
002728	特一药业	2.30	53195116	0.42	18.67	18.68	27725	230	-0.26	          2.34	18.45	
00241	阿里健康	0.73	52588556	0.030	4.130	4.140	12605000	2484000	-0.72	          0.13	4.130	
002250	联化科技	0.00	52568152	0.00	10.74	10.75	48545	371	-0.27	          0.65	10.67	
300160	秀强股份	1.05	52492344	0.07	6.71	6.75	78257	5368	0.75	          1.32	6.67	
600462	九有股份	10.00	52431048	0.47	5.17	--  	101414	80	0.00	          1.90	5.17	
300163	先锋新材	0.96	52293492	0.05	5.24	5.25	100043	2783	-0.18	          3.03	5.16	
600088	中视传媒	1.27	52155692	0.16	12.78	12.79	40628	55	-0.22	          1.23	12.56	
600749	西藏旅游	0.13	51995380	0.02	15.63	15.64	32430	2	-0.25	          1.71	15.78	
000045	深纺织Ａ	0.23	51667952	0.02	8.76	8.77	58978	1301	-0.33	          1.29	8.65	
300227	光韵达	0.30	51442548	0.06	20.01	20.06	25552	207	0.35	          1.88	19.99	
000550	江铃汽车	1.59	51373636	0.30	19.15	19.16	27016	975	-0.09	          0.52	18.85	
002570	贝因美	0.19	51054488	0.01	5.36	5.37	94601	1144	0.00	          0.93	5.36	
000620	新华联	3.11	50925488	0.19	6.29	6.30	81082	899	0.16	          0.44	6.14	
603368	柳州医药	1.90	50357848	0.89	47.69	47.70	10560	3	-0.14	          0.72	46.99	
002318	久立特材	0.89	49600996	0.06	6.77	6.78	72748	1378	0.30	          0.89	6.68	
603035	常熟汽饰	1.10	49509548	0.15	13.84	13.85	35558	8	-0.13	          2.06	13.72	
01980	天鸽互动	0.43	49455684	0.030	6.990	7.000	7015558	2466000	-1.41	          0.55	6.960	
603358	华达科技	3.89	49345808	1.25	33.38	33.40	14765	1	-0.35	          2.10	32.30	
603777	来伊份	2.70	49251900	0.60	22.80	22.81	21588	41	-0.12	          2.77	22.25	
002057	中钢天源	1.95	49022884	0.23	11.99	12.00	41030	2015	0.33	          2.06	11.68	
002806	华锋股份	6.74	48991532	1.16	18.36	18.37	27291	781	-0.53	          4.86	17.43	
002242	九阳股份	1.03	48907216	0.18	17.56	17.59	27707	116	-0.05	          0.36	17.43	
002031	巨轮智能	0.00	48585068	0.00	2.82	2.83	171205	2138	-0.34	          0.89	2.83	
603528	多伦科技	2.77	48565952	0.23	8.51	8.52	57253	15	-0.11	          3.05	8.31	
002017	东信和平	1.19	48538516	0.09	7.67	7.68	62086	613	0.00	          1.80	7.67	
01363	中滔环保	2.67	48265580	0.040	1.540	1.550	31594488	5198000	-0.65	          0.50	1.500	
002452	长高集团	1.33	47773100	0.08	6.07	6.08	78401	771	0.16	          2.05	6.00	
00819	天能动力	4.33	47487276	0.330	7.940	7.950	6042734	654000	0.76	          0.54	7.700	
300609	汇纳科技	0.65	47158176	0.20	31.11	31.13	14886	139	0.10	          2.81	30.92	
603039	泛微网络	4.39	46572824	3.53	83.95	83.99	5565	6	1.00	          2.06	79.99	
600744	华银电力	1.69	45992904	0.06	3.59	3.60	126693	40	0.28	          1.53	3.48	
300575	中旗股份	4.65	45938128	1.97	44.38	44.39	10403	328	-0.01	          3.02	42.67	
000716	黑芝麻	3.65	45854956	0.19	5.39	5.40	85458	4090	-0.36	          1.47	5.22	
600555	海航创新	2.72	45729248	0.11	4.16	4.17	110945	30	0.24	          1.14	4.05	
00672	众安房产	6.15	45710664	0.040	--  	--  	66014200	65000	1.47	          1.13	0.720	
002441	众业达	0.64	45398612	0.06	9.38	9.39	47992	403	0.21	          1.22	9.31	
601028	玉龙股份	5.79	45352312	0.46	8.39	8.40	55096	57	0.48	          0.70	7.95	
601928	凤凰传媒	1.44	45225440	0.11	7.76	7.77	58104	83	-0.25	          0.23	7.71	
002830	名雕股份	3.47	45107744	0.62	18.47	18.48	24571	386	-0.15	          6.17	17.88	
01893	中材股份	2.59	44775816	0.180	--  	--  	6329907	1000	1.28	          0.54	6.900	
000972	*ST中基	3.62	44759876	0.14	4.01	4.02	112433	1591	0.25	          1.46	3.87	
600757	长江传媒	0.88	44544656	0.06	6.89	6.90	64267	4	0.00	          0.53	6.86	
300712	永福股份	0.83	44284672	0.17	20.70	20.71	21132	538	-0.09	          6.03	20.60	
600980	北矿科技	0.56	44192824	0.08	14.35	14.36	30730	7	0.07	          2.14	14.11	
600235	民丰特纸	4.46	43570528	0.27	6.32	6.33	69470	45	-0.15	          1.98	6.06	
300440	运达科技	2.01	42763772	0.18	9.13	9.14	46861	523	0.00	          2.32	8.90	
601929	吉视传媒	0.70	42542140	0.02	2.86	2.87	147517	35	0.00	          0.47	2.85	
300112	万讯自控	1.08	42527484	0.11	10.31	10.33	40810	604	-0.18	          2.34	10.20	
600203	福日电子	2.02	42400284	0.16	8.06	8.07	52396	25	0.00	          1.45	8.04	
06088	FIT HON TENG	1.99	42079688	0.090	4.600	4.610	9146591	442000	0.22	          0.14	4.550	
300350	华鹏飞	0.81	42062936	0.06	7.46	7.47	56000	324	-0.26	          2.38	7.41	
002636	金安国纪	0.29	42001240	0.04	13.87	13.88	30084	299	0.07	          1.22	13.83	
002335	科华恒盛	0.93	41733308	0.26	28.18	28.19	14746	127	0.00	          0.66	27.98	
600830	香溢融通	0.29	41494232	0.02	7.01	7.03	58878	8	-0.13	          1.30	7.04	
600059	古越龙山	0.00	41446632	0.00	8.55	8.58	47862	18	0.00	          0.59	8.60	
000088	盐 田 港	0.26	41419396	0.02	7.74	7.75	52891	2721	0.00	          0.27	7.76	
002328	新朋股份	3.11	41372376	0.20	6.63	6.64	62799	2103	0.45	          1.93	6.41	
002115	三维通信	2.02	41306936	0.17	8.58	8.59	48536	3066	0.35	          1.41	8.41	
600648	外高桥	0.82	41150332	0.15	18.43	18.45	22310	6	0.05	          0.24	18.29	
601900	南方传媒	1.33	41025492	0.14	10.68	10.70	38408	177	0.56	          2.19	10.52	
600137	浪莎股份	0.53	40979144	0.12	22.56	22.59	17947	6	-0.30	          1.85	22.52	
300729	乐歌股份	0.25	40829076	0.07	28.21	28.22	14376	234	-0.41	          6.69	28.11	
600562	国睿科技	0.90	40771440	0.18	20.17	20.18	20057	23	-0.04	          0.61	20.20	
01789	爱康医疗	2.39	40605060	0.100	--  	--  	9506000	20000	0.23	          0.92	4.180	
600082	海泰发展	3.25	40596464	0.18	5.71	5.72	71145	98	0.00	          1.12	5.52	
600238	海南椰岛	0.41	40587532	0.03	7.32	7.33	55334	5	0.00	          1.24	7.30	
300237	美晨生态	1.15	40564960	0.17	14.92	14.93	27247	419	-0.39	          0.42	14.75	
600767	*ST运盛	3.75	40528460	0.23	6.36	6.37	64908	10	0.16	          1.90	6.12	
000767	漳泽电力	1.05	40251464	0.03	2.88	2.89	139595	596	-0.34	          0.48	2.82	
600371	万向德农	4.31	40158112	0.40	9.67	9.68	41929	37	-0.09	          1.86	9.31	
600131	岷江水电	3.07	40032308	0.19	6.37	6.38	63288	2	0.00	          1.59	6.22	
01828	大昌行集团	0.71	39865816	0.030	4.280	4.300	9257020	304000	0.00	          0.50	4.270	
002159	三特索道	5.25	39737816	0.95	19.03	19.04	21001	381	-0.20	          1.52	18.48	
603060	国检集团	3.67	39527560	0.74	20.88	20.90	19124	16	0.38	          3.00	20.30	
300026	红日药业	0.51	39409060	0.02	3.96	3.97	99099	643	-0.24	          0.43	3.95	
603118	共进股份	0.91	39325772	0.07	7.71	7.75	50754	60	0.78	          0.65	7.67	
600869	智慧能源	2.38	39200096	0.13	5.60	5.61	70741	73	0.00	          0.32	5.47	
000760	斯太尔	2.16	39015588	0.11	5.20	5.21	74587	800	-0.18	          1.14	5.12	
002529	海源机械	2.13	38889028	0.34	16.33	16.34	23930	358	0.12	          1.20	15.99	
000416	民生控股	4.28	38859616	0.24	5.85	5.86	65988	721	-0.33	          1.24	5.62	
600420	现代制药	1.20	38749224	0.14	11.79	11.80	32766	16	0.00	          0.57	11.67	
300494	盛天网络	0.00	38672204	0.00	15.73	15.74	24480	294	-0.12	          2.86	15.71	
002561	徐家汇	0.89	38614268	0.10	11.30	11.31	34098	586	0.00	          0.86	11.26	
603258	电魂网络	2.88	38234640	0.79	28.17	28.18	13755	2	1.40	          2.06	27.61	
002214	大立科技	0.15	38207488	0.01	6.74	6.75	56326	571	0.00	          1.55	6.75	
600090	同济堂	0.66	38025808	0.05	7.66	7.67	49583	600	-0.25	          0.71	7.62	
000922	*ST佳电	0.69	38021976	0.05	7.30	7.31	52438	2133	0.55	          1.15	7.28	
600094	大名城	0.28	37874944	0.02	7.29	7.30	51935	3	-0.13	          0.23	7.27	
002090	金智科技	4.14	37734824	0.84	21.14	21.15	18104	224	0.19	          0.87	20.30	
01060	阿里影业	0.00	37698472	0.000	1.050	1.060	35660256	15450000	0.95	          0.14	1.050	
000659	*ST中富	3.43	37616212	0.12	3.61	3.62	104957	758	0.28	          0.82	3.50	
002674	兴业科技	2.04	37438964	0.21	10.50	10.52	35434	436	-0.37	          1.47	10.31	
603767	中马传动	3.08	37376244	0.41	13.73	13.74	27371	81	-0.42	          5.13	13.28	
002518	科士达	1.01	37265648	0.17	17.01	17.02	21941	96	-0.11	          0.40	16.90	
01327	时间由你	29.27	36986820	0.024	--  	--  	360142016	20000	0.95	         10.42	0.082	
002546	新联电子	0.87	36905172	0.04	4.63	4.64	79188	1935	0.00	          1.01	4.58	
03606	福耀玻璃	1.07	36642656	0.350	33.100	33.150	1108768	519200	0.76	          0.22	33.450	
600211	西藏药业	1.87	36583968	0.64	34.86	34.98	10433	4	-0.08	          0.72	34.40	
002375	亚厦股份	0.74	36307312	0.05	6.82	6.83	53028	947	0.00	          0.45	6.79	
00308	香港中旅	0.68	36036912	0.020	2.960	2.970	12081000	1320000	0.00	          0.22	2.930	
600323	瀚蓝环境	0.92	35486900	0.13	14.22	14.23	24814	5	0.00	          0.32	14.11	
600732	ST新梅	5.00	35453372	0.32	6.72	--  	53270	38	0.00	          1.19	6.36	
300164	通源石油	2.30	35406132	0.15	6.66	6.67	54250	3688	1.06	          1.72	6.51	
600351	亚宝药业	1.18	35359840	0.09	7.69	7.70	45961	57	0.39	          0.66	7.59	
000918	嘉凯城	0.28	35321460	0.02	7.08	7.09	49911	636	0.14	          0.28	7.07	
000819	岳阳兴长	3.23	35279828	0.32	10.21	10.22	34760	728	-0.09	          1.28	9.88	
603866	桃李面包	1.34	35235288	0.58	44.00	44.06	7915	32	-0.13	          1.34	43.20	
300506	名家汇	0.29	34775764	0.06	20.64	20.65	16799	458	-0.09	          1.27	20.68	
603359	东珠景观	0.65	34640876	0.21	32.61	32.63	10597	7	-0.08	          1.86	32.40	
600517	置信电气	0.19	34519776	0.01	5.18	5.20	66300	4	-0.18	          0.53	5.15	
603823	百合花	2.51	34403696	0.36	14.70	14.72	23205	10	-0.06	          3.30	14.35	
600532	宏达矿业	0.45	34106936	0.04	8.86	8.87	38310	90	1.12	          0.97	8.88	
300598	诚迈科技	2.29	34075940	0.55	24.54	24.55	13804	343	0.00	          2.85	24.45	
603387	基蛋生物	0.28	33794904	0.15	54.50	54.58	6163	3	0.02	          1.87	54.16	
600468	百利电气	2.63	33744256	0.15	5.85	5.86	57138	4	-0.16	          0.72	5.66	
01483	誉宴集团	19.21	33473522	0.390	--  	--  	13370000	12000	2.54	          2.40	2.270	
002775	文科园林	1.57	33465742	0.29	18.72	18.76	17963	193	0.00	          1.47	18.54	
600101	明星电力	0.48	33394540	0.04	8.34	8.35	39823	15	-0.23	          1.23	8.31	
300019	硅宝科技	0.10	33320944	0.01	9.62	9.63	34484	497	0.00	          1.68	9.59	
00337	绿地香港	1.74	32884502	0.070	4.090	4.110	7966000	383000	0.00	          0.29	4.010	
01068	雨润食品	15.89	32834802	0.170	1.230	1.250	26732000	12000	-1.59	          1.47	1.060	
002344	海宁皮城	0.16	32679478	0.01	6.38	6.39	50955	443	0.00	          0.40	6.39	
300147	香雪制药	0.00	32678886	0.00	8.89	8.90	36716	371	-0.10	          0.56	8.87	
601999	出版传媒	3.54	32646388	0.25	7.32	7.33	44675	6	-0.13	          0.81	7.07	
01234	中国利郎	2.86	32538802	0.240	8.640	8.710	3746000	264000	-0.35	          0.31	8.460	
000607	华媒控股	3.53	32456506	0.19	5.56	5.57	58447	808	0.36	          0.66	5.39	
601566	九牧王	0.26	32385700	0.04	15.36	15.38	21094	1	-0.18	          0.37	15.32	
300595	欧普康视	0.74	32256874	0.42	56.92	56.93	5639	38	0.00	          0.74	56.45	
600400	红豆股份	2.67	32072368	0.17	6.54	6.55	49435	5	0.15	          0.34	6.34	
00272	瑞安房地产	0.44	31802076	0.010	2.290	2.300	13848773	4242000	0.00	          0.17	2.270	
00604	深圳控股	0.00	31763656	0.000	3.380	3.390	9392614	3548000	0.00	          0.12	3.390	
600107	美尔雅	0.72	31704336	0.09	12.62	12.63	25203	29	0.08	          0.70	12.41	
600676	交运股份	1.35	31552380	0.08	6.01	6.02	52351	4	0.00	          0.54	5.93	
002564	天沃科技	0.24	31535976	0.02	8.24	8.25	38176	135	-0.11	          0.67	8.18	
300259	新天科技	0.84	31498862	0.08	9.56	9.57	32521	192	0.00	          0.99	9.48	
603388	元成股份	3.98	31456812	0.65	16.99	17.00	18654	2	0.12	          3.73	16.40	
600184	光电股份	4.12	31411674	0.68	17.17	17.18	18444	14	0.12	          0.44	16.51	
600854	春兰股份	2.47	31368072	0.12	4.98	4.99	63353	15	0.20	          1.22	4.87	
300389	艾比森	0.91	31177986	0.13	14.43	14.48	21381	386	-0.34	          1.52	14.30	
603345	安井食品	1.71	31160900	0.44	26.12	26.17	11985	5	0.11	          0.98	25.75	
002567	唐人神	0.46	30991690	0.03	6.57	6.58	46653	331	0.00	          0.74	6.58	
03958	东方证券	0.26	30981626	0.020	7.680	7.700	4049720	1613600	1.32	          0.39	7.620	
600831	广电网络	1.38	30904072	0.11	8.08	8.09	38269	5	0.12	          0.68	7.94	
02005	石四药集团	0.48	30861422	0.030	6.280	6.300	4900957	1186000	-0.48	          0.16	6.200	
300193	佳士科技	0.00	30770718	0.00	7.77	7.78	39520	726	0.00	          0.87	7.80	
000421	南京公用	3.72	30672256	0.20	5.58	5.59	55398	560	-0.35	          0.97	5.38	
603989	艾华集团	1.50	30463988	0.56	37.74	37.90	8029	1	0.34	          0.95	37.39	
002003	伟星股份	0.25	30333708	0.03	11.83	11.84	25305	122	0.08	          0.53	11.78	
002574	明牌珠宝	1.16	30321014	0.08	6.95	6.96	43287	581	-0.13	          0.82	6.90	
01003	欢喜传媒	2.51	30278802	0.050	--  	--  	15130000	10000	0.49	          0.55	2.000	
603017	中衡设计	1.21	30164534	0.17	14.25	14.26	20915	15	0.00	          0.77	13.97	
603999	读者传媒	2.62	30156460	0.19	7.45	7.46	40367	9	-0.12	          1.75	7.23	
600530	交大昂立	0.54	30150736	0.03	5.53	5.54	54482	9	0.18	          0.70	5.51	
002667	鞍重股份	2.91	30080702	0.39	13.80	13.81	21874	442	0.00	          2.34	13.24	
601588	北辰实业	1.09	30037874	0.05	4.62	4.63	64798	30	0.00	          0.24	4.62	
03818	中国动向	3.95	29892450	0.060	1.570	1.580	19357936	2256000	1.28	          0.34	1.520	
601799	星宇股份	1.35	29876668	0.70	52.27	52.54	5678	9	0.23	          0.21	52.01	
00102	凯升控股	5.00	29700942	0.050	--  	--  	28142000	50000	-0.94	          1.89	1.000	
600655	豫园股份	0.20	29695358	0.02	9.89	9.90	30036	6	0.00	          0.21	9.87	
002820	桂发祥	3.40	29608114	0.81	24.59	24.60	12079	234	0.12	          1.41	23.79	
603628	清源股份	2.12	29420128	0.24	11.52	11.53	25455	19	0.17	          2.87	11.39	
002314	南山控股	1.49	29410582	0.09	6.14	6.15	47821	589	0.16	          0.65	6.06	
300427	红相股份	1.05	29291516	0.16	15.31	15.34	19029	157	0.66	          1.71	15.19	
603638	艾迪精密	2.42	29154308	0.78	33.02	33.03	8903	10	0.15	          1.55	32.29	
000881	中广核技	0.16	29114834	0.02	12.33	12.34	23492	129	-0.07	          0.76	12.38	
02888	渣打集团	0.06	29093990	0.050	83.800	83.950	346596	1500	-0.06	          0.01	83.700	
000609	中迪投资	2.63	28819790	0.24	9.36	9.37	30785	181	-0.20	          1.14	9.18	
300470	日机密封	1.51	28523154	0.60	40.37	40.40	7038	63	-0.06	          1.12	39.80	
000536	华映科技	0.70	28520904	0.03	4.28	4.29	66639	582	0.23	          0.33	4.27	
002216	三全食品	0.76	28519084	0.06	7.93	7.94	36177	616	0.00	          0.63	7.86	
02869	绿城服务	2.72	28519002	0.170	6.410	6.420	4522000	498000	0.79	          0.16	6.240	
000698	沈阳化工	0.18	28373296	0.01	5.53	5.54	51108	2017	-0.17	          1.18	5.52	
002880	卫光生物	1.49	28090698	0.74	50.43	50.44	5545	74	-0.03	          2.05	49.85	
000601	韶能股份	0.57	28003874	0.04	7.06	7.07	39530	365	-0.13	          0.37	6.97	
000739	普洛药业	0.52	27981884	0.03	5.80	5.81	48142	599	0.00	          0.42	5.75	
600551	时代出版	0.58	27884946	0.07	12.17	12.18	22901	23	0.00	          0.45	12.08	
603007	花王股份	1.65	27704868	0.22	13.55	13.57	20622	3	0.00	          1.06	13.21	
03899	中集安瑞科	1.34	27474922	0.090	6.790	6.810	4012000	1446000	-1.31	          0.21	7.000	
002291	星期六	2.20	27408414	0.14	6.51	6.52	42194	959	0.15	          1.16	6.36	
00330	思捷环球	0.00	27169810	0.000	3.000	3.010	9038041	3005800	0.00	          0.48	3.040	
600639	浦东金桥	1.59	27139400	0.25	15.92	15.93	17006	4	-0.05	          0.24	15.71	
603738	泰晶科技	1.08	27072256	0.28	26.19	26.20	10327	1	0.00	          2.46	26.00	
002816	和科达	3.96	26907936	0.64	16.79	16.80	16279	925	-0.11	          2.54	16.12	
600781	辅仁药业	1.29	26839120	0.24	18.84	18.92	14240	20	0.11	          0.80	18.50	
600638	新黄浦	0.52	26820078	0.08	15.56	15.57	17238	10	0.06	          0.31	15.43	
002459	天业通联	0.16	26816510	0.02	12.60	12.61	21308	650	0.40	          0.55	12.58	
002768	国恩股份	0.36	26732556	0.09	25.24	25.26	10609	154	-0.11	          1.22	25.15	
300442	普丽盛	3.86	26620218	0.72	19.37	19.38	13688	286	-0.09	          2.36	18.65	
603726	朗迪集团	3.87	26590978	1.05	28.18	28.20	9512	3	-0.06	          4.02	27.17	
000785	武汉中商	1.28	26462372	0.12	9.48	9.49	27834	928	-0.41	          1.11	9.39	
002181	粤 传 媒	2.03	26452226	0.09	4.51	4.52	58890	730	0.00	          0.52	4.43	
603839	安正时尚	2.51	26327596	0.56	22.81	22.86	11490	10	0.09	          1.54	22.13	
002551	尚荣医疗	0.50	26282640	0.04	7.99	8.00	32749	494	0.38	          0.80	7.97	
600861	北京城乡	3.37	25930554	0.29	8.88	8.89	29295	31	0.11	          0.92	8.62	
600310	桂东电力	0.36	25914812	0.02	5.55	5.57	46424	182	0.00	          0.56	5.56	
600824	益民集团	1.58	25740928	0.07	4.49	4.50	57554	50	0.00	          0.55	4.42	
002046	轴研科技	0.24	25725424	0.02	8.45	8.46	30455	415	0.24	          0.89	8.37	
002325	洪涛股份	0.21	25167738	0.01	4.69	4.70	53285	780	0.00	          0.58	4.68	
600590	泰豪科技	0.82	25132604	0.08	9.83	9.84	25544	10	0.00	          0.50	9.75	
002781	奇信股份	0.00	25005812	0.00	20.72	20.73	12007	251	0.00	          1.30	20.78	
300022	吉峰农机	0.00	24944234	0.00	5.07	5.08	48861	1373	0.00	          1.52	5.08	
002087	新野纺织	0.18	24560672	0.01	5.53	5.54	44375	703	0.18	          0.54	5.52	
601858	中国科传	0.73	24383148	0.07	9.68	9.69	24971	5	0.10	          1.91	9.58	
000403	ST生化	0.06	24382844	0.02	31.94	31.95	7658	361	0.00	          0.29	32.00	
300264	佳创视讯	3.69	24342162	0.23	6.45	6.46	37798	680	0.16	          1.19	6.26	
000539	粤电力Ａ	0.64	24219108	0.03	4.71	4.72	51412	749	0.00	          0.20	4.67	
00372	保德国际发展	3.85	24142032	0.020	--  	--  	42516196	40000	0.00	          2.52	0.520	
300654	世纪天鸿	0.79	24056428	0.25	31.70	31.73	7575	243	0.03	          3.24	31.48	
601137	博威合金	0.45	23988754	0.05	11.04	11.05	21653	10	-0.08	          0.38	10.95	
600375	华菱星马	0.00	23933000	0.00	5.08	5.09	47067	12	0.00	          0.85	5.08	
00364	区块链集团	14.08	23778908	0.030	--  	--  	96266680	80000	0.83	          8.12	0.218	
600218	全柴动力	1.43	23764864	0.09	6.38	6.39	37559	2	0.31	          1.02	6.27	
300177	中海达	0.49	23601354	0.05	10.18	10.19	23115	204	-0.09	          0.73	10.13	
002351	漫步者	0.37	23500798	0.03	8.14	8.15	28623	617	-0.11	          0.96	8.14	
601968	宝钢包装	1.28	23460030	0.06	4.72	4.73	49257	13	0.00	          1.57	4.67	
000719	中原传媒	0.58	23405586	0.05	8.71	8.72	26744	41	0.00	          0.40	8.67	
300516	久之洋	2.28	23382778	0.91	40.88	40.96	5707	39	0.00	          1.21	40.27	
600543	莫高股份	4.50	23380596	0.40	9.29	9.30	25792	182	1.75	          0.80	8.88	
600327	大东方	1.60	23344490	0.11	6.96	6.97	33722	140	0.00	          0.59	6.87	
600020	中原高速	0.00	23287318	0.00	4.78	4.79	48435	30	0.00	          0.22	4.79	
603218	日月股份	0.36	23245864	0.07	19.26	19.28	12032	5	-0.15	          1.21	19.07	
00179	德昌电机控股	2.24	23209398	0.700	31.900	31.950	730084	490000	1.91	          0.08	31.250	
000920	南方汇通	0.83	23158854	0.07	8.47	8.48	27320	441	-0.23	          0.65	8.35	
000692	惠天热电	2.69	23114310	0.11	4.19	4.20	55979	2503	0.24	          1.05	4.10	
00821	汇盈控股	12.78	22907282	0.230	--  	--  	11516000	40000	1.50	          1.45	1.760	
600469	风神股份	0.75	22893732	0.04	5.33	5.34	42469	26	0.00	          0.76	5.35	
00951	超威动力	0.79	22865984	0.040	5.080	5.100	4491983	356000	-0.39	          0.41	5.050	
002207	*ST准油	0.25	22844178	0.02	8.06	8.07	28454	553	0.00	          1.29	8.05	
002170	芭田股份	2.85	22830784	0.16	5.77	5.78	39838	793	0.00	          0.57	5.62	
01622	力高集团	3.59	22790062	0.110	3.170	3.200	7214000	452000	-0.94	          0.20	3.060	
002838	道恩股份	2.44	22661080	1.12	47.00	47.01	4855	66	0.00	          1.29	45.88	
000850	华茂股份	1.63	22635626	0.07	4.35	4.36	51677	259	0.23	          0.55	4.29	
002015	霞客环保	1.98	22472740	0.12	6.16	6.17	36445	1081	-0.31	          0.91	6.08	
002620	瑞和股份	2.00	22401406	0.18	9.18	9.19	24495	438	0.00	          0.81	8.96	
00934	中石化冠德	1.88	22337902	0.090	4.870	4.880	4572000	438000	0.41	          0.18	4.790	
002536	西泵股份	1.71	21891866	0.24	14.30	14.31	15335	463	-0.13	          0.50	14.07	
600653	申华控股	0.85	21844284	0.02	2.36	2.37	93328	2	0.43	          0.53	2.34	
601106	*ST一重	0.27	21792692	0.01	3.64	3.65	59576	37	0.27	          0.09	3.64	
603568	伟明环保	0.74	21771484	0.16	21.91	21.92	9882	15	0.18	          0.76	21.80	
01862	景瑞控股	1.35	21686512	0.040	--  	--  	7121000	2000	0.33	          0.55	3.010	
002290	中科新材	2.26	21592964	0.26	11.73	11.74	18352	229	0.00	          1.12	11.59	
002628	成都路桥	1.40	21460770	0.09	6.52	6.53	32671	304	0.00	          0.45	6.46	
603665	康隆达	3.27	21448272	1.18	37.29	37.30	5893	48	1.09	          1.58	36.07	
002169	智光电气	0.62	21426684	0.03	4.89	4.90	43603	324	-0.19	          0.66	4.86	
300399	京天利	0.47	21290360	0.08	17.07	17.08	12353	128	-0.28	          1.70	16.97	
600250	南纺股份	6.48	21239776	0.55	9.05	9.07	24102	9	-0.98	          0.93	8.47	
00286	同佳健康	0.00	21057340	0.000	--  	--  	22921010	30000	-1.11	          0.76	0.900	
000419	通程控股	0.36	21017118	0.02	5.56	5.57	37562	964	-0.17	          0.69	5.52	
600796	钱江生化	2.65	20912482	0.17	6.60	6.61	31980	119	0.61	          1.06	6.37	
000967	盈峰环境	0.25	20783980	0.02	8.06	8.07	25776	180	0.12	          0.35	8.05	
000908	景峰医药	1.08	20711976	0.06	5.60	5.61	36798	215	-0.17	          0.67	5.53	
300082	奥克股份	1.20	20510442	0.08	6.75	6.76	30575	735	0.00	          0.45	6.69	
600379	宝光股份	1.08	20384696	0.10	9.45	9.46	21350	1	-0.73	          0.91	9.36	
603129	春风动力	2.09	20266848	0.48	23.46	23.50	8680	1	-0.03	          2.60	22.97	
300265	通光线缆	2.73	20247160	0.21	7.91	7.92	25680	172	0.13	          0.76	7.70	
300106	西部牧业	0.29	20054680	0.02	6.83	6.84	29195	613	-0.28	          1.39	6.77	
01098	路劲	0.97	19963480	0.160	16.600	16.660	1206000	148000	0.36	          0.16	16.400	
600505	西昌电力	3.09	19896130	0.20	6.66	6.67	30124	20	0.15	          0.83	6.48	
01848	中国飞机租赁	0.12	19848844	0.010	8.090	8.140	2421000	3000	0.49	          0.36	8.160	
01665	槟杰科达	3.03	19797800	0.040	--  	--  	14692000	16000	0.00	          0.92	1.330	
002875	安奈儿	0.39	19613080	0.09	23.28	23.29	8374	97	0.04	          3.35	23.00	
300254	仟源医药	2.08	19496178	0.19	9.30	9.31	20941	137	0.00	          1.39	9.04	
01448	福寿园	0.14	19487722	0.010	7.100	7.140	2722070	462000	-0.28	          0.13	7.090	
600587	新华医疗	1.13	19483422	0.16	14.27	14.29	13620	16	-0.06	          0.34	14.20	
002255	海陆重工	2.08	19416908	0.13	6.38	6.39	30415	197	0.00	          0.62	6.26	
603316	诚邦股份	3.11	19387880	0.38	12.57	12.58	15478	30	0.00	          3.05	12.26	
300391	康跃科技	2.27	19142788	0.30	13.50	13.51	14202	103	0.00	          2.30	13.20	
01720	普天通信集团	6.47	19065360	0.110	--  	--  	10772000	8000	0.56	          0.98	1.700	
600973	宝胜股份	2.04	18997988	0.09	4.49	4.50	42551	50	0.22	          0.48	4.41	
000595	*ST宝实	1.82	18986764	0.08	4.48	4.49	42235	881	0.22	          0.57	4.39	
600680	*ST上普	3.42	18980778	0.22	6.62	6.63	28679	25	0.15	          1.11	6.41	
002305	南国置业	0.26	18867554	0.01	3.92	3.93	47686	891	0.00	          0.32	3.93	
00558	力劲科技	7.14	18798750	0.120	--  	--  	10680000	20000	1.12	          0.90	1.720	
300453	三鑫医疗	2.46	18783824	0.32	13.33	13.34	14108	218	0.15	          1.98	13.18	
002824	和胜股份	0.67	18768054	0.10	15.01	15.02	12433	120	-0.06	          1.68	14.85	
01569	民生教育	5.81	18697660	0.090	1.620	1.630	11562000	300000	0.61	          0.29	1.550	
603803	瑞斯康达	0.61	18545078	0.10	16.43	16.44	11242	3	0.12	          1.98	16.34	
002829	星网宇达	2.45	18475432	0.61	25.46	25.48	7261	220	-0.23	          1.23	24.95	
002835	同为股份	2.48	18339994	0.24	9.90	9.91	18586	461	-0.19	          2.56	9.72	
600540	*ST新赛	1.15	18217588	0.05	4.38	4.39	41532	3	0.00	          0.88	4.34	
00547	数字王国	2.26	18136470	0.004	0.180	0.181	101040000	2650000	0.00	          0.41	0.176	
000058	深 赛 格	0.00	17685366	0.00	6.57	6.58	26807	1199	0.00	          0.50	6.58	
000679	大连友谊	1.41	17604752	0.09	6.49	6.50	26923	342	-0.14	          0.76	6.42	
002800	天顺股份	3.10	17444732	0.79	26.29	26.30	6663	231	0.19	          1.91	25.57	
000721	西安饮食	1.83	17426900	0.09	5.02	5.03	35007	1434	0.00	          0.80	4.90	
000504	南华生物	0.12	17331078	0.03	24.34	24.37	7067	43	0.16	          0.23	24.43	
603226	菲林格尔	2.97	17290548	0.77	26.70	26.71	6521	15	0.07	          3.01	25.95	
603855	华荣股份	1.47	17248926	0.15	10.31	10.34	16642	2	0.39	          2.01	10.18	
000502	绿景控股	1.34	17225794	0.12	9.08	9.09	18819	81	0.00	          1.03	8.97	
300126	锐奇股份	0.16	17194054	0.01	6.16	6.18	27837	303	0.00	          1.32	6.17	
002200	云投生态	0.83	17178606	0.08	9.70	9.71	17628	174	0.00	          1.25	9.58	
000617	中油资本	0.00	16961788	0.00	13.92	13.94	12105	136	-0.06	          0.42	13.99	
000803	*ST金宇	4.52	16855198	0.99	22.89	22.90	7496	167	0.48	          0.59	21.90	
002613	北玻股份	2.77	16734418	0.09	3.33	3.34	50617	949	0.00	          0.94	3.25	
300673	佩蒂股份	0.55	16614593	0.25	45.66	45.70	3645	30	-0.01	          1.82	45.48	
600106	重庆路桥	0.24	16587685	0.01	4.11	4.12	40273	79	-0.23	          0.40	4.10	
600746	江苏索普	0.24	16573780	0.02	8.45	8.46	19685	20	0.00	          0.65	8.49	
002708	光洋股份	2.83	16139024	0.16	5.82	5.83	28080	748	0.17	          1.17	5.66	
600152	维科精华	1.70	16118339	0.11	6.58	6.59	24535	8	-0.29	          0.84	6.45	
03969	中国通号	0.00	15799593	0.000	6.050	6.060	2611142	1475000	1.00	          0.13	6.100	
603928	兴业股份	1.28	15798428	0.18	14.16	14.20	11182	38	-0.34	          1.78	14.00	
000551	创元科技	0.83	15599901	0.06	7.24	7.25	21443	719	-0.13	          0.54	7.16	
03836	和谐汽车	0.00	15538508	0.000	5.500	5.510	2837000	77000	0.18	          0.18	5.600	
300023	宝德股份	1.30	15502253	0.12	9.37	9.38	16549	162	0.00	          1.26	9.13	
01985	美高域	2.50	15479641	0.040	--  	--  	9162000	40000	-0.61	          3.05	1.610	
603067	振华股份	1.52	15318474	0.17	11.32	11.33	13609	12	0.35	          1.22	11.10	
002420	毅昌股份	2.20	15273998	0.10	4.63	4.64	33295	1350	0.65	          0.85	4.51	
06885	金马能源	14.29	15261641	0.480	--  	--  	4279000	73000	0.79	          3.16	3.380	
000153	丰原药业	1.05	15163145	0.08	7.70	7.71	19647	423	0.00	          0.63	7.56	
603339	四方冷链	0.22	15092738	0.05	22.32	22.34	6760	14	1.00	          1.19	22.27	
002238	天威视讯	0.80	15082160	0.07	8.85	8.86	16955	438	-0.22	          0.27	8.77	
002324	普利特	1.27	14973410	0.30	24.01	24.02	6259	198	1.31	          0.39	23.90	
600302	标准股份	1.63	14835038	0.09	5.60	5.61	26403	67	-0.35	          0.76	5.51	
00563	上实城市开发	0.52	14752321	0.010	1.930	1.940	7592000	708000	0.52	          0.16	1.920	
603389	亚振家居	0.72	14430806	0.08	11.21	11.22	12878	35	-0.08	          2.05	11.04	
300439	美康生物	0.11	14423073	0.02	18.66	18.74	7672	65	0.00	          0.70	18.60	
002490	*ST墨龙	1.12	14413809	0.05	4.52	4.53	32013	2425	0.22	          1.03	4.46	
600805	悦达投资	0.18	14323777	0.01	5.55	5.56	25695	27	0.18	          0.30	5.55	
603567	珍宝岛	1.37	14283255	0.19	14.02	14.03	10136	5	0.07	          0.37	13.91	
000835	长城动漫	0.26	14238085	0.02	7.66	7.67	18470	192	0.00	          0.61	7.66	
002758	华通医药	2.14	14218022	0.19	9.04	9.05	15875	171	0.11	          1.28	8.84	
603090	宏盛股份	2.41	14210568	0.40	17.01	17.02	8386	1	0.00	          2.06	16.49	
300330	华虹计通	2.37	14207719	0.23	9.92	9.93	14439	265	0.51	          0.86	9.75	
01333	中国忠旺	1.70	14186290	0.070	4.180	4.190	3422352	1269600	2.20	          0.06	4.150	
600889	南京化纤	0.00	14175247	0.00	7.24	7.25	19588	6	0.14	          0.64	7.23	
002231	奥维通信	1.50	14161315	0.13	8.78	8.79	16227	986	0.23	          0.56	8.56	
000809	*ST新城	0.29	14004098	0.01	3.41	3.42	41147	341	0.00	          0.50	3.38	
300042	朗科科技	1.37	13991951	0.34	25.20	25.21	5532	14	-0.11	          0.49	25.11	
600613	神奇制药	1.55	13961922	0.12	7.86	7.87	17837	5	-0.24	          0.37	7.70	
03306	江南布衣	1.86	13928011	0.300	--  	--  	847500	1500	0.37	          0.16	16.140	
000565	渝三峡Ａ	1.10	13926340	0.07	6.41	6.42	21611	207	-0.30	          0.50	6.34	
002144	宏达高科	0.08	13711959	0.01	13.01	13.02	10505	141	0.00	          0.77	13.00	
600167	联美控股	0.89	13695478	0.22	24.96	24.97	5487	3	-0.03	          0.26	24.80	
601218	吉鑫科技	0.31	13624516	0.01	3.25	3.26	41569	15	0.00	          0.42	3.25	
603669	灵康药业	0.64	13603105	0.11	17.39	17.40	7740	12	0.29	          0.90	17.34	
01310	香港宽频	0.55	13600358	0.050	9.070	9.100	1495573	388000	0.55	          0.15	9.050	
603101	汇嘉时代	1.56	13588180	0.19	12.37	12.38	10920	48	-0.23	          1.52	12.27	
002462	嘉事堂	0.29	13526807	0.07	24.25	24.31	5554	42	0.21	          0.22	24.40	
00440	大新金融	1.11	13467506	0.550	50.250	50.300	269344	48400	0.00	          0.08	49.500	
002187	广百股份	0.40	13461831	0.04	10.03	10.04	13358	105	0.00	          0.39	9.99	
002199	东晶电子	2.05	13459744	0.29	14.40	14.41	9430	547	0.00	          0.43	14.15	
002186	全 聚 德	0.94	13393030	0.15	16.10	16.12	8350	238	-0.18	          0.27	16.00	
300095	华伍股份	1.44	13343810	0.10	7.02	7.03	19100	162	0.00	          0.84	6.90	
600675	中华企业	0.00	13296126	0.00	5.56	5.57	23838	21	0.18	          0.13	5.58	
600168	武汉控股	0.51	13271553	0.04	7.90	7.91	16785	50	0.00	          0.24	7.87	
600981	汇鸿集团	3.12	13254335	0.16	5.28	5.29	25291	79	0.19	          1.05	5.14	
300421	力星股份	0.28	13236814	0.05	17.80	17.81	7459	236	0.17	          0.61	17.65	
002483	润邦股份	2.37	13162898	0.11	4.75	4.76	27797	560	0.00	          0.48	4.66	
000570	苏常柴Ａ	1.17	13088265	0.06	5.17	5.18	25400	371	-0.18	          0.62	5.12	
300396	迪瑞医疗	0.35	13081470	0.14	40.21	40.22	3236	63	0.00	          0.24	40.06	
01963	重庆银行	0.29	13047741	0.020	6.850	6.870	1913000	492000	0.88	          0.12	6.850	
002096	南岭民爆	1.21	13034728	0.09	7.51	7.52	17363	403	0.00	          0.47	7.41	
002119	康强电子	0.06	13016186	0.01	18.05	18.06	7188	50	0.00	          0.36	17.92	
06116	拉夏贝尔	1.18	12953363	0.100	8.410	8.540	1547000	200	1.18	          0.72	8.340	
600821	津劝业	0.95	12879826	0.06	6.39	6.40	20152	10	-0.15	          0.48	6.36	
300313	天山生物	1.50	12856323	0.15	10.14	10.15	12675	594	-0.19	          0.69	10.02	
00419	华谊腾讯娱乐	1.32	12788188	0.005	0.385	0.390	33047500	3760000	-1.28	          0.24	0.375	
000753	漳州发展	0.58	12670782	0.02	3.47	3.48	36415	649	-0.28	          0.41	3.45	
002621	三垒股份	0.14	12666436	0.02	14.48	14.49	8662	124	-0.95	          0.44	14.47	
000880	潍柴重机	1.42	12654365	0.13	9.27	9.28	13635	169	-0.10	          1.01	9.08	
603178	圣龙股份	1.90	12643770	0.24	12.87	12.88	9839	40	-0.07	          1.97	12.63	
002395	双象股份	2.11	12618769	0.25	12.10	12.11	10477	275	0.17	          0.59	11.85	
002272	川润股份	1.63	12556912	0.08	4.99	5.00	25169	363	-0.19	          0.79	4.91	
002381	双箭股份	0.26	12522992	0.02	7.66	7.67	16294	487	0.00	          0.78	7.64	
600819	耀皮玻璃	0.60	12506637	0.03	5.05	5.06	24757	1	-0.19	          0.33	4.98	
000429	粤高速Ａ	0.13	12488225	0.01	7.99	8.00	15587	122	0.25	          0.33	8.01	
002627	宜昌交运	1.39	12411878	0.25	18.20	18.24	6817	44	-0.04	          0.52	18.06	
601208	东材科技	0.53	12373795	0.03	5.65	5.66	21887	33	0.18	          0.35	5.61	
002763	汇洁股份	0.32	12361516	0.04	12.59	12.64	9751	75	0.00	          0.84	12.55	
300092	科新机电	0.69	12316593	0.05	7.33	7.34	16794	378	0.00	          1.01	7.18	
00061	绿领控股	1.20	12310820	0.005	--  	--  	28900100	30000	1.20	          0.40	0.430	
300448	浩云科技	2.07	12262082	0.41	20.15	20.18	6112	173	-0.34	          0.75	19.65	
00024	宝威控股	8.06	12217091	0.025	--  	--  	37318000	2000	1.52	          0.75	0.315	
603608	天创时尚	0.97	12166772	0.10	10.44	10.45	11607	40	0.00	          0.91	10.31	
300261	雅本化学	0.25	12098212	0.02	7.96	7.97	15059	257	0.00	          0.29	7.91	
603266	天龙股份	1.33	11943088	0.31	23.54	23.59	5038	3	-0.20	          2.02	23.19	
002779	中坚科技	1.01	11695308	0.18	17.95	17.98	6475	40	-0.27	          1.60	17.99	
002819	东方中科	0.00	11652937	0.00	27.40	27.42	4242	144	0.00	          0.96	27.98	
600578	京能电力	0.00	11307519	0.00	3.48	3.49	32191	10	0.00	          0.07	3.50	
600723	首商股份	0.38	11296978	0.03	7.82	7.83	14331	2	0.00	          0.22	7.85	
01679	瑞斯康集团	5.00	11287651	0.170	--  	--  	3285000	2500	-0.28	          0.41	3.400	
002539	云图控股	1.28	11255361	0.07	5.55	5.56	20307	497	0.18	          0.44	5.47	
002623	亚玛顿	1.23	11165463	0.23	18.98	18.99	5875	188	0.00	          0.37	18.62	
600573	惠泉啤酒	0.00	11117531	0.00	7.82	7.83	14204	6	0.00	          0.57	7.84	
06066	中信建投证券	2.79	10649961	0.190	6.970	6.990	1535180	807000	2.64	          0.12	6.870	
002498	汉缆股份	0.33	10580665	0.01	3.04	3.05	34695	264	0.33	          0.11	3.04	
002686	亿利达	0.83	10524804	0.09	10.86	10.87	9697	27	0.18	          0.30	10.84	
601007	金陵饭店	1.16	10469877	0.12	10.47	10.48	10014	1	0.10	          0.33	10.37	
600965	福成股份	0.00	10267304	0.00	10.30	10.32	9891	3	-0.09	          0.19	10.30	
002059	云南旅游	1.08	10096724	0.08	7.49	7.50	13471	478	-0.12	          0.18	7.41	
03329	交银国际	0.44	9854264	0.010	2.290	2.300	4314295	21000	-0.43	          0.16	2.280	
00636	嘉里物流	3.90	9846446	0.420	11.180	11.200	893001	528000	3.90	          0.05	10.820	
600336	澳柯玛	0.00	9823203	0.00	4.41	4.42	22158	2	-0.22	          0.30	4.39	
01230	雅士利国际	2.82	9746640	0.050	1.810	1.830	5362000	471000	0.00	          0.11	1.760	
300260	新莱应材	0.30	9622131	0.04	13.55	13.64	7001	334	-0.80	          0.69	13.61	
00737	合和公路基建	0.00	9422880	0.000	4.750	4.760	1979728	715500	-0.21	          0.06	4.760	
300179	四方达	1.14	9399640	0.07	6.20	6.21	15174	334	0.16	          0.47	6.14	
603023	威帝股份	1.35	9194044	0.10	7.54	7.55	12182	5	-0.25	          0.96	7.42	
000695	滨海能源	2.89	9134806	0.26	9.25	9.26	9866	103	0.11	          0.44	9.02	
600091	ST明科	1.96	9020359	0.09	4.68	4.69	19322	5	0.00	          0.57	4.60	
00053	国浩集团	0.57	8953800	0.600	--  	--  	85000	1000	0.00	          0.03	106.000	
300301	长方集团	0.17	8718294	0.01	5.74	5.75	15209	526	0.17	          0.30	5.73	
600982	宁波热电	0.25	8681437	0.01	3.99	4.00	21668	31	-0.24	          0.29	3.98	
01686	新意网集团	3.42	8571026	0.180	--  	--  	1590300	12000	0.18	          0.07	5.260	
600896	览海投资	0.49	8527007	0.03	6.18	6.20	13705	40	0.32	          0.24	6.16	
600714	金瑞矿业	0.74	8438908	0.06	8.15	8.18	10338	94	-0.11	          0.36	8.03	
600778	友好集团	0.41	8342823	0.02	4.95	4.96	16779	15	0.00	          0.54	4.96	
002083	孚日股份	0.17	8286228	0.01	6.05	6.06	13667	31	0.00	          0.16	6.05	
00434	博雅互动	3.97	8185411	0.120	--  	--  	2635000	1000	0.64	          0.34	3.030	
01661	智美体育	1.30	7991011	0.010	0.770	0.780	10242000	132000	-1.27	          0.64	0.770	
600370	三房巷	0.31	7929128	0.01	3.19	3.20	24781	8	0.31	          0.31	3.20	
002615	哈尔斯	0.00	7924797	0.00	7.57	7.58	10457	373	0.13	          0.44	7.59	
03389	亨得利	3.70	7909901	0.015	0.415	0.420	19180000	3488000	1.20	          0.41	0.405	
600461	洪城水业	0.65	7886394	0.04	6.17	6.18	12816	30	0.16	          0.22	6.13	
300218	安利股份	1.77	7474989	0.14	8.02	8.03	9291	194	-0.49	          0.43	7.89	
600608	*ST沪科	0.37	7325711	0.03	8.16	8.17	8963	55	0.12	          0.28	8.13	
00116	周生生	1.59	7175981	0.280	17.400	17.880	404000	4000	0.68	          0.06	17.600	
01565	成实外教育	0.00	7122291	0.000	--  	--  	1470000	100000	0.00	          0.05	4.840	
00596	浪潮国际	2.82	7020941	0.070	--  	--  	2774000	38000	0.39	          0.29	2.460	
01312	同方康泰	4.94	6941251	0.020	--  	--  	16458000	6000	-1.16	          0.31	0.410	
002552	宝鼎科技	1.02	6767357	0.09	8.92	8.93	7567	147	-0.10	          0.38	8.83	
03728	正利控股	3.53	6558201	0.015	--  	--  	14880000	200000	0.00	          1.49	0.430	
02488	元征科技	2.78	6545666	0.250	--  	--  	721000	1000	1.54	          0.44	9.020	
002700	新疆浩源	0.32	6381377	0.03	9.29	9.30	6829	228	-0.10	          0.22	9.26	
002559	亚威股份	0.00	6359600	0.00	8.33	8.34	7597	299	0.00	          0.25	8.33	
01536	煜荣集团	1.13	6304461	0.020	--  	--  	3546000	30000	0.00	          0.93	1.770	
300472	新元科技	0.00	6195408	0.00	24.29	24.30	2540	4	-0.03	          0.76	24.95	
00436	新宇环保	2.74	6086001	0.020	--  	--  	8220000	100000	0.00	          0.27	0.720	
002750	龙津药业	0.48	6050434	0.04	8.40	8.41	7177	193	0.12	          0.32	8.50	
002134	*ST普林	0.90	6035770	0.07	7.87	7.88	7685	89	0.00	          0.31	7.75	
数据来源:通达信
