代码	名称	涨幅%%	总金额	涨跌	买价	卖价	总量	现量	涨速%%	换手%%	今开	
02318	中国平安	0.79	6837499904	0.700	89.650	89.700	76085416	8793500	-0.28	          1.02	88.450	
601318	中国平安	0.03	4999966720	0.02	70.50	70.52	701326	12	-0.12	          0.65	70.70	
00939	建设银行	0.12	3747137024	0.010	8.500	8.510	442109248	178107000	0.35	          0.18	8.430	
02007	碧桂园	4.68	3116067328	0.740	16.540	16.560	189753888	78145000	0.12	          0.87	15.980	
600728	佳都科技	2.33	2409915392	0.25	10.96	10.98	2141124	97	-0.26	         15.53	10.88	
002340	格林美	0.74	2334058496	0.06	8.17	8.18	2874161	42984	0.12	          9.23	8.10	
600570	恒生电子	0.78	1570657536	0.41	52.79	52.81	290338	36	0.08	          4.70	54.35	
00941	中国移动	0.49	1544634496	0.350	72.250	72.300	21432552	9328500	0.42	          0.10	71.950	
600048	保利地产	0.14	1406306304	0.02	14.60	14.61	955963	53	0.21	          0.81	14.53	
300168	万达信息	1.83	1318443008	0.31	17.24	17.25	761435	10022	-0.05	          7.44	16.95	
002694	顾地科技	0.07	1132585472	0.01	13.83	13.84	821125	7413	0.00	         16.60	14.03	
603712	七一二	9.98	1058532096	2.26	24.90	--  	425524	7	0.00	         42.55	24.90	
00175	吉利汽车	0.57	1058443008	0.150	26.400	26.450	40179792	14372000	0.76	          0.45	26.500	
02601	中国太保	0.87	1047647680	0.350	40.450	40.500	25618476	5850200	-0.37	          0.92	39.800	
601601	中国太保	1.19	1008177280	0.48	40.75	40.76	244669	25	-0.28	          0.39	40.55	
00001	长和	0.30	908625728	0.300	98.850	98.900	9210827	2279000	0.30	          0.24	98.000	
002137	麦达数字	10.00	868875712	1.08	11.88	--  	762079	573	0.00	         26.22	10.42	
000151	中成股份	9.98	860634240	1.47	16.20	--  	543634	1629	0.00	         20.40	15.61	
600581	八一钢铁	1.32	852923776	0.20	15.33	15.34	545065	78	0.13	          7.11	15.91	
300300	汉鼎宇佑	2.72	788967360	0.57	21.49	21.50	362418	5238	0.14	          9.45	21.08	
000423	东阿阿胶	1.05	758112640	0.64	61.37	61.38	122602	636	-0.02	          1.88	62.10	
00019	太古股份公司Ａ	0.87	717121856	0.700	81.550	81.600	8782852	5104000	-0.37	          0.97	81.750	
600207	安彩高科	2.44	706906944	0.24	10.04	10.06	690796	148	-0.39	         10.01	9.80	
002354	天神娱乐	1.51	694515584	0.28	18.77	18.78	366280	3195	0.00	          7.05	18.42	
601155	新城控股	2.39	694467200	0.87	37.31	37.35	185199	74	0.00	          2.57	36.69	
00884	旭辉控股集团	4.31	690597952	0.310	7.480	7.510	92784632	29814000	0.13	          1.22	7.260	
300367	东方网力	1.71	689678272	0.28	16.70	16.71	410819	4565	-0.17	          7.48	16.42	
002184	海得控制	1.32	678654464	0.24	18.49	18.50	359616	5328	-0.04	         26.47	17.80	
001979	招商蛇口	0.85	660803904	0.19	22.46	22.47	291556	3084	-0.03	          1.53	22.22	
300253	卫宁健康	2.27	654783552	0.21	9.45	9.46	680536	3927	-0.41	          5.69	9.40	
600158	中体产业	4.03	617879424	0.51	13.20	13.21	473175	84	0.23	          7.20	12.69	
600380	健康元	2.18	612814784	0.27	12.67	12.68	481813	62	-0.07	          3.08	12.48	
603269	海鸥股份	3.06	603401536	1.29	43.40	43.50	150513	1	6.01	         65.81	42.58	
01109	华润置地	0.88	596930624	0.250	28.700	28.750	20772206	6518000	-0.52	          0.30	28.050	
600635	大众公用	10.06	590528192	0.47	5.14	--  	1161122	219	0.00	          4.80	4.79	
01093	石药集团	1.06	581753536	0.210	20.000	20.050	29196880	10422000	0.86	          0.47	20.000	
600705	中航资本	3.47	570135104	0.19	5.67	5.68	1001462	105	-0.17	          1.31	5.50	
00688	中国海外发展	0.54	555370816	0.150	28.050	28.100	19788628	6772000	0.00	          0.18	27.700	
002208	合肥城建	10.02	552223104	1.50	16.47	--  	336982	743	0.00	         10.55	16.36	
600876	洛阳玻璃	2.63	548587456	0.53	20.71	20.72	262116	30	0.15	         10.01	21.47	
002922	伊戈尔	10.01	540403776	2.91	31.97	--  	171793	245	0.00	         52.06	30.90	
00960	龙湖地产	1.28	523274816	0.300	23.750	23.800	22021324	14025000	0.63	          0.37	23.350	
000868	安凯客车	2.16	513800064	0.16	7.56	7.57	682800	8447	0.00	          9.82	7.30	
000996	中国中期	4.65	498252832	0.74	16.65	16.66	302427	5938	0.06	          8.77	15.93	
002246	北化股份	4.21	496855040	0.48	11.87	11.88	421957	3211	0.25	         10.20	11.30	
01038	长江基建集团	0.53	492932032	0.350	66.800	66.900	7380415	1065000	0.15	          0.28	66.800	
600797	浙大网新	1.73	480022944	0.21	12.37	12.38	385401	6	-0.07	          4.59	12.15	
603126	中材节能	6.52	478884640	0.63	10.29	10.30	476242	32	0.39	          7.80	9.68	
00002	中电控股	0.82	473906752	0.650	79.400	79.550	5979404	2411500	0.44	          0.24	78.600	
01113	长实集团	0.14	469409088	0.100	69.950	70.000	6709946	2382000	0.00	          0.18	69.100	
600721	百花村	0.75	457446368	0.08	10.80	10.88	423104	19	0.94	         13.98	10.88	
02777	富力地产	3.10	453282016	0.600	19.960	20.050	22773344	8660800	-0.70	          2.24	19.200	
002742	三圣股份	1.02	439780000	0.26	25.66	25.68	173155	4971	1.22	          6.49	26.16	
601116	三江购物	10.01	423240320	1.81	19.89	--  	214916	2	0.00	          5.35	19.89	
00813	世茂房地产	6.91	422916192	1.500	23.150	23.200	18458720	2317500	0.43	          0.54	21.500	
03883	中国奥园	4.76	414148544	0.340	7.480	7.490	55220480	27347000	-0.27	          2.06	7.210	
000987	越秀金控	2.85	413430304	0.32	11.55	11.56	354691	4479	-0.51	          6.59	11.30	
002038	双鹭药业	4.63	404288448	1.50	33.91	33.92	118271	908	0.21	          2.09	33.95	
000613	大东海A	10.01	401728032	0.92	10.11	--  	410162	31	0.00	         15.44	9.35	
002229	鸿博股份	2.61	393782176	0.31	12.17	12.18	327287	6063	-0.15	          8.87	11.75	
03323	中国建材	0.24	380086496	0.020	8.380	8.390	45128428	5314000	-0.36	          1.57	8.320	
000957	中通客车	2.95	379696256	0.32	11.15	11.16	344843	5585	0.18	          7.23	10.63	
300731	科创新源	1.46	379219648	0.52	36.17	36.18	106877	1200	-0.02	         48.58	34.00	
01966	中骏置业	6.48	365940608	0.280	4.590	4.600	79819504	3285000	0.00	          2.09	4.360	
002702	海欣食品	10.06	352169920	0.51	5.58	--  	656644	3346	0.00	         22.15	5.29	
002088	鲁阳节能	5.77	344313664	0.86	15.77	15.78	223079	1733	0.45	         10.67	15.01	
300236	上海新阳	0.06	343831328	0.02	34.11	34.12	101199	2274	0.00	          5.70	33.90	
600535	天士力	1.85	342894400	0.73	40.19	40.20	84623	13	0.42	          0.82	39.80	
002422	科伦药业	3.66	336619200	1.10	31.14	31.15	108275	535	0.16	          1.05	30.31	
600213	亚星客车	10.03	332848320	1.04	11.41	--  	305520	3	0.00	         13.89	10.50	
002189	利达光电	0.42	326395104	0.08	19.21	19.22	170941	2747	-0.09	          8.60	19.00	
000882	华联股份	10.09	326351808	0.32	3.49	--  	965319	7339	0.00	          4.34	3.29	
600398	海澜之家	0.16	321836544	0.02	12.39	12.40	256466	70	0.00	          0.57	12.36	
000155	川化股份	1.63	319441120	0.12	7.49	7.50	431560	9775	-0.26	          4.60	7.35	
00817	中国金茂	1.22	317310880	0.060	4.960	4.970	63776804	25164000	-0.40	          0.55	4.920	
01233	时代中国控股	2.84	316864096	0.340	--  	--  	25725576	585000	0.33	          1.40	12.000	
002737	葵花药业	3.90	314956800	1.49	39.69	39.70	78553	454	0.05	          5.97	40.27	
300015	爱尔眼科	1.78	313959872	0.69	39.55	39.56	79496	544	0.03	          0.66	38.88	
300390	天华超净	10.02	304724224	0.98	10.76	--  	287174	440	0.00	         15.49	10.30	
00384	中国燃气	3.90	301809088	0.950	25.250	25.300	12083105	2544200	0.40	          0.24	24.050	
600332	白云山	0.41	301517408	0.11	26.92	26.93	111071	1	-0.03	          1.04	27.38	
000963	华东医药	1.29	296490208	0.79	62.01	62.03	47726	216	-0.05	          0.55	61.41	
002611	东方精工	1.27	284413536	0.19	15.14	15.15	185871	3079	-0.12	          5.27	15.50	
03383	雅居乐集团	3.70	277328800	0.540	15.080	15.140	18568396	7068000	0.80	          0.47	14.400	
002358	森源电气	2.43	272157728	0.41	17.27	17.28	158168	1237	-0.11	          1.74	16.91	
01813	合景泰富	7.60	270758368	0.920	13.000	13.020	21173060	3563500	0.46	          0.67	11.940	
002680	长生生物	4.01	270470272	0.68	17.65	17.66	154389	1808	-0.27	          3.85	16.96	
300490	华自科技	7.24	268748224	1.13	16.74	16.75	163058	1404	-0.05	         17.92	15.50	
002912	中新赛克	4.76	265726704	6.07	133.51	133.57	20396	526	-0.01	         12.21	126.84	
600192	长城电工	10.02	263308784	0.62	6.81	--  	402877	30	0.00	          9.12	6.54	
00656	复星国际	0.81	261388144	0.140	17.360	17.380	15034523	4069500	1.16	          0.18	17.320	
002066	瑞泰科技	1.91	260739296	0.20	10.68	10.69	239477	2263	0.19	         10.37	10.78	
06869	长飞光纤光缆	3.00	256790320	1.200	41.150	41.200	6272416	381000	0.49	          1.78	40.400	
603881	数据港	1.93	252995008	0.77	40.38	40.50	60393	15	-0.31	          4.72	42.48	
002666	德联集团	1.00	250343056	0.07	7.08	7.09	352081	4374	0.00	          7.93	6.96	
01030	新城发展控股	5.02	248878096	0.360	7.520	7.530	33492324	2060000	0.27	          0.57	7.200	
00753	中国国航	0.51	239733568	0.060	11.720	11.740	20612456	6312000	0.34	          0.45	11.760	
000016	深康佳Ａ	5.84	235746112	0.37	6.70	6.71	357616	3712	0.45	          2.24	6.34	
02313	申洲国际	0.50	235599936	0.400	80.050	80.100	2945385	864000	-0.06	          0.20	79.450	
002638	勤上股份	0.18	230232304	0.01	5.51	5.52	409144	3409	0.00	          4.18	5.49	
002249	大洋电机	1.86	227831392	0.13	7.11	7.12	323496	2927	0.14	          2.37	7.03	
300122	智飞生物	0.03	223699664	0.01	31.18	31.25	70426	604	-0.05	          0.81	31.50	
600085	同仁堂	1.24	221395600	0.41	33.48	33.50	66127	100	0.06	          0.48	33.09	
600726	华电能源	5.96	219284432	0.19	3.38	3.39	642242	20	0.00	          4.18	3.29	
000810	创维数字	10.01	212567648	0.81	8.90	--  	255204	343	0.00	          2.58	7.95	
00293	国泰航空	1.80	210532528	0.260	14.680	14.700	14350564	1470000	-0.27	          0.36	14.500	
002670	国盛金控	2.36	210450208	0.38	16.46	16.47	127557	1691	-0.11	          2.59	16.19	
03377	远洋集团	4.43	209864544	0.260	6.110	6.130	34552492	14427500	1.49	          0.46	5.900	
600229	城市传媒	4.67	204812960	0.42	9.42	9.43	220074	58	-0.20	          5.12	9.10	
002433	太安堂	3.83	204072016	0.32	8.66	8.67	234215	1909	0.00	          3.39	8.34	
00751	创维数码	5.33	198344848	0.200	3.940	3.950	49766164	5026000	0.00	          1.63	3.900	
002510	天汽模	3.37	198137168	0.19	5.81	5.82	343280	4861	0.00	          4.81	5.61	
601002	晋亿实业	1.17	196916160	0.10	8.64	8.65	226429	74	0.23	          2.86	8.57	
002458	益生股份	1.43	196684608	0.21	14.89	14.90	131209	2643	-0.19	          7.51	14.79	
01628	禹洲地产	2.26	196025104	0.120	5.420	5.440	35921000	5134000	-1.45	          0.86	5.300	
300100	双林股份	10.01	195337280	1.54	16.92	--  	120136	1031	0.00	          3.11	15.46	
600202	哈空调	3.20	195289520	0.27	8.72	8.73	227644	2	-0.67	          5.94	8.44	
002631	德尔未来	4.59	193773648	0.46	10.47	10.48	189587	3588	0.19	          2.94	9.95	
300685	艾德生物	6.49	190339392	6.60	108.29	108.30	17658	149	0.13	          8.83	102.08	
600415	小商品城	3.33	189851264	0.18	5.59	5.60	338746	31	-0.17	          0.62	5.44	
600062	华润双鹤	2.21	189745536	0.52	24.04	24.05	79490	5	-0.03	          1.16	23.50	
000507	珠海港	1.38	189144096	0.13	9.54	9.55	197666	2712	0.00	          2.56	9.46	
601919	中远海控	1.59	189069632	0.10	6.40	6.41	295326	42	-0.15	          0.39	6.30	
600072	中船科技	1.91	187061888	0.24	12.84	12.85	146283	134	0.31	          2.43	12.50	
02799	中国华融	0.81	184776880	0.030	3.720	3.730	49591456	25748000	0.27	          0.20	3.740	
600037	歌华有线	0.98	184618608	0.13	13.38	13.39	137994	27	-0.21	          1.18	13.24	
300601	康泰生物	2.69	184147312	1.41	53.90	53.91	34106	154	-0.18	          2.13	52.48	
01313	华润水泥控股	2.39	183826080	0.160	6.840	6.850	27084100	4184000	0.74	          0.41	6.720	
600691	阳煤化工	2.22	182873120	0.08	3.67	3.68	496994	30	0.27	          2.83	3.61	
002488	金固股份	3.65	179201264	0.52	14.74	14.75	122043	1701	0.14	          3.17	14.28	
002711	欧浦智网	0.39	176724608	0.04	10.19	10.20	173414	3546	-0.38	          1.66	10.17	
01638	佳兆业集团	8.49	176001904	0.360	4.600	4.610	38973704	1670000	0.22	          0.64	4.260	
600136	当代明诚	2.88	172443936	0.47	16.76	16.77	102995	4	0.24	          3.35	16.30	
600191	华资实业	5.13	172409824	0.40	8.18	8.19	210736	373	0.49	          4.35	7.84	
03799	达利食品	0.27	171323264	0.020	7.530	7.540	22712816	7150500	-0.13	          0.17	7.640	
002697	红旗连锁	1.54	170451184	0.09	5.92	5.93	285804	1741	-0.49	          3.31	5.91	
600611	大众交通	3.46	169423712	0.17	5.08	5.09	334279	30	0.40	          2.14	4.93	
000800	一汽轿车	1.19	169257072	0.13	11.05	11.06	153498	3059	0.00	          1.09	10.94	
00012	恒基地产	0.77	168860448	0.400	52.400	52.450	3218517	987000	-0.10	          0.08	51.800	
002821	凯莱英	0.45	167737520	0.30	66.89	66.90	24986	238	0.00	          2.09	67.07	
002013	中航机电	1.90	161666448	0.20	10.74	10.75	149343	1345	0.00	          0.71	10.64	
002012	凯恩股份	0.49	159560656	0.04	8.15	8.16	193912	2905	-0.23	          4.15	8.14	
00148	建滔化工	1.37	159379232	0.600	44.250	44.300	3637859	2041000	2.08	          0.34	43.250	
600560	金自天正	9.98	159053360	1.07	11.79	--  	136622	64	0.00	          6.11	10.72	
002429	兆驰股份	2.37	158127952	0.08	3.44	3.45	458674	4988	0.00	          1.15	3.36	
600446	金证股份	1.43	157035648	0.23	16.30	16.34	95782	15	1.05	          1.20	16.41	
002733	雄韬股份	1.42	156111888	0.22	15.66	15.68	100903	1188	-0.24	          3.24	15.14	
600779	水井坊	0.68	150541184	0.31	46.01	46.02	32711	2	0.00	          0.67	45.70	
000890	法 尔 胜	1.82	149517712	0.13	7.27	7.28	204884	2364	0.28	          5.40	7.00	
000980	众泰汽车	0.37	149255296	0.04	10.87	10.88	137906	2273	0.18	          2.61	10.80	
02688	新奥能源	0.64	148387568	0.400	62.600	62.650	2371540	1290000	0.24	          0.22	62.950	
300228	富瑞特装	0.86	147548448	0.09	10.55	10.56	142598	4104	0.00	          3.55	10.37	
002419	天虹股份	0.40	147502912	0.08	19.88	19.89	73313	389	-0.09	          0.92	19.90	
600208	新湖中宝	0.65	146999104	0.03	4.63	4.64	316210	13	0.22	          0.37	4.60	
02666	环球医疗	5.50	146049248	0.360	6.890	6.910	21484200	1322500	0.44	          1.25	6.550	
603000	人民网	0.61	145567248	0.07	11.43	11.45	126528	50	-0.16	          1.14	11.38	
600283	钱江水利	4.11	141969584	0.53	13.42	13.43	105964	5	-0.21	          3.00	13.00	
300277	海联讯	1.69	141578912	0.18	10.82	10.83	130768	1983	0.00	          3.91	10.60	
300655	晶瑞股份	3.01	141447744	0.92	31.44	31.48	45485	428	-0.75	         20.62	29.58	
300093	金刚玻璃	3.02	139955040	0.28	9.54	9.55	145803	2403	0.00	          6.77	9.19	
300687	赛意信息	3.44	137177088	1.87	56.23	56.30	24338	481	-0.31	         12.17	54.06	
01972	太古地产	4.48	136636624	1.250	29.100	29.150	4726913	1364200	0.34	          0.08	28.500	
03319	雅生活服务	9.45	134095736	1.060	--  	--  	11172600	3750	0.99	          2.58	11.440	
002244	滨江集团	1.34	132183200	0.10	7.57	7.58	174942	935	-0.12	          0.65	7.48	
000712	锦龙股份	1.49	132084896	0.22	15.01	15.02	87251	857	-0.19	          0.97	14.81	
002052	同洲电子	4.56	131822312	0.22	5.03	5.04	262943	2869	0.40	          4.22	4.88	
601311	骆驼股份	2.82	129769760	0.37	13.49	13.50	97993	155	0.60	          1.16	13.04	
002359	北讯集团	0.46	127580880	0.12	26.35	26.37	48609	639	0.15	          0.69	26.14	
603369	今世缘	0.18	126766224	0.03	17.06	17.07	74205	300	0.18	          0.59	17.17	
002029	七 匹 狼	2.58	126520560	0.24	9.54	9.55	132870	1542	-0.09	          1.76	9.39	
002677	浙江美大	2.13	126360448	0.37	17.72	17.73	71728	835	-0.05	          2.54	17.36	
300308	中际旭创	3.01	123833440	2.30	78.70	78.75	15758	98	0.17	          0.73	75.73	
300213	佳讯飞鸿	1.52	121568112	0.12	8.03	8.04	150663	1912	-0.11	          4.10	7.90	
02098	卓尔集团	3.07	121279088	0.280	9.390	10.000	13394000	100000	3.19	          0.12	9.100	
603833	欧派家居	3.46	121172968	4.87	145.71	145.78	8388	3	-0.03	          2.02	139.80	
03380	龙光地产	2.97	115935768	0.360	12.480	12.500	9327112	1276000	0.32	          0.17	12.240	
600418	江淮汽车	0.12	114996432	0.01	8.23	8.24	139576	7	0.00	          0.96	8.18	
300351	永贵电器	3.05	114409840	0.43	14.55	14.56	79121	1412	0.48	          3.33	14.16	
002481	双塔食品	0.67	112083048	0.03	4.49	4.50	247650	3307	0.00	          2.20	4.44	
000818	方大化工	0.40	112027328	0.05	12.64	12.65	88545	1332	0.24	          1.28	12.58	
02233	西部水泥	5.76	109080072	0.080	1.450	1.470	75595152	7312000	0.68	          1.39	1.400	
000953	*ST河化	3.18	108952128	0.27	8.76	8.77	126562	2007	-0.10	          4.30	8.40	
300145	中金环境	0.53	108366864	0.06	11.31	11.32	95591	619	-0.08	          1.29	11.36	
300602	飞荣达	3.98	107885472	2.57	67.20	67.33	16059	39	-0.21	          5.21	64.75	
600810	神马股份	1.86	107611544	0.18	9.85	9.86	108991	57	-0.19	          2.46	9.65	
03808	中国重汽	7.16	107421640	0.680	10.160	10.180	10833053	2310500	2.00	          0.39	9.500	
002476	宝莫股份	9.94	106814552	0.53	5.86	--  	182522	1328	0.00	          3.16	5.78	
002531	天顺风能	2.95	106556024	0.21	7.34	7.35	145911	2219	0.00	          0.82	7.13	
603030	全筑股份	6.21	106210968	0.47	8.06	8.07	131828	36	0.37	          5.38	7.60	
00535	金地商置	0.97	104010448	0.010	1.030	1.040	100298000	422000	0.00	          0.63	1.030	
603600	永艺股份	8.18	103969024	0.99	13.05	13.07	81755	14	-0.37	          3.27	11.97	
002089	新 海 宜	0.95	103910416	0.06	6.36	6.37	165418	4520	0.31	          1.77	6.25	
300246	宝莱特	4.30	103052848	0.78	18.89	18.90	53658	338	0.00	          4.98	18.50	
002630	华西能源	2.45	101880160	0.29	12.10	12.11	85048	1629	0.08	          1.41	11.84	
600644	乐山电力	7.15	101783928	0.43	6.45	6.46	156044	27	0.00	          2.90	6.60	
002367	康力电梯	9.97	101410368	1.00	11.03	--  	91941	2299	0.00	          1.77	11.03	
600495	晋西车轴	0.72	100439568	0.04	5.59	5.60	178638	6	0.54	          1.48	5.55	
002070	*ST众和	1.98	99027112	0.08	4.12	4.13	238048	1663	0.24	          4.20	4.05	
603721	中广天择	3.21	98630104	0.81	26.05	26.08	38182	14	-0.07	         15.27	25.40	
300616	尚品宅配	2.43	98243296	4.83	203.38	203.39	4821	43	0.00	          1.30	198.56	
000923	河北宣工	0.80	98234200	0.18	22.70	22.71	43190	858	0.04	          2.18	22.45	
002234	民和股份	0.35	98214320	0.04	11.59	11.60	83299	1344	-0.50	          4.04	11.80	
300571	平治信息	2.72	98027408	1.94	73.33	73.35	13245	160	0.16	          3.79	72.00	
300291	华录百纳	2.08	97534528	0.25	12.28	12.29	79916	2407	0.00	          1.34	11.95	
00874	白云山	1.91	97483688	0.450	23.950	24.000	4084532	636000	0.84	          1.86	24.000	
002372	伟星新材	1.09	96548304	0.23	21.29	21.30	45554	642	0.05	          0.51	21.23	
00178	莎莎国际	1.38	95808752	0.060	4.410	4.420	21699644	1190000	0.45	          0.71	4.360	
00551	裕元集团	0.30	95537552	0.100	33.650	33.700	2835499	849500	0.60	          0.17	33.650	
600838	上海九百	1.24	94382128	0.11	9.01	9.02	104377	20	0.22	          2.60	8.88	
002812	创新股份	0.20	94039056	0.25	123.55	123.60	7589	71	-0.24	          1.21	123.31	
603313	梦百合	3.35	93840168	0.81	25.01	25.02	37137	6	-0.43	          4.51	24.20	
002265	西仪股份	0.56	93517008	0.07	12.54	12.55	74472	1716	-0.07	          2.46	12.50	
002299	圣农发展	0.76	93186408	0.11	14.55	14.56	63785	1489	0.07	          1.58	14.44	
002177	御银股份	0.38	92543480	0.02	5.23	5.24	176845	2601	0.00	          2.93	5.19	
600476	湘邮科技	5.00	91558680	0.77	16.18	16.19	57998	4	0.56	          3.60	15.75	
002665	首航节能	0.15	90591464	0.01	6.47	6.48	140072	1335	0.15	          0.90	6.45	
002492	恒基达鑫	0.78	89657520	0.05	6.42	6.43	136508	596	0.47	          3.87	6.46	
000628	高新发展	4.76	88079472	0.41	9.02	9.03	98972	3341	0.78	          5.27	8.72	
000797	中国武夷	0.52	87138512	0.05	9.74	9.75	90324	782	0.10	          0.90	9.49	
01530	三生制药	0.24	86776496	0.040	16.640	16.660	5233935	1003000	0.24	          0.21	16.640	
300568	星源材质	1.18	86491056	0.36	30.78	30.79	28228	247	-0.02	          2.18	30.43	
01009	国际娱乐	1.83	84548784	0.040	--  	--  	36716000	10000	-1.77	          2.68	2.190	
03360	远东宏信	4.56	84456440	0.360	8.260	8.270	10313082	2244000	-0.48	          0.26	7.930	
300585	奥联电子	1.65	84087408	0.28	17.23	17.24	48645	844	-0.11	          5.81	17.03	
601777	力帆股份	2.48	81537776	0.16	6.60	6.61	124219	20	-0.74	          1.00	6.47	
00338	上海石油化工股份	0.41	81499848	0.020	4.860	4.870	16773447	5062000	0.62	          0.48	4.810	
300497	富祥股份	2.65	80316720	1.22	47.18	47.20	17090	382	0.38	          2.90	45.98	
000532	华金资本	10.00	79735008	1.21	13.31	--  	59906	1339	0.00	          1.74	13.31	
300298	三诺生物	1.85	79305992	0.40	22.01	22.02	35858	207	-0.04	          0.89	21.77	
000736	中交地产	2.64	78835728	0.47	18.30	18.31	43257	1340	-0.04	          1.46	17.82	
601000	唐山港	0.20	77825584	0.01	5.06	5.07	153352	3	0.20	          0.36	5.06	
01112	Ｈ＆Ｈ国际控股	4.16	77672504	2.150	53.800	53.850	1449000	175000	0.37	          0.23	52.300	
01727	河北建设	4.33	76870480	0.210	--  	--  	15770500	500	0.20	          3.42	4.900	
300633	开立医疗	0.66	75953480	0.18	27.56	27.57	26900	152	0.04	          6.72	27.85	
00215	和记电讯香港	3.27	75514032	0.090	2.830	2.840	27028192	1656000	0.35	          0.56	2.730	
002469	三维工程	1.68	75177800	0.10	6.06	6.07	125583	3392	0.17	          2.71	5.92	
00777	网龙	3.41	74358568	0.750	22.700	22.750	3253390	117000	0.00	          0.61	21.800	
603826	坤彩科技	2.50	73266280	0.36	14.72	14.74	49809	36	-0.40	          5.53	14.33	
300357	我武生物	0.98	73097336	0.54	55.48	55.49	13279	73	-0.15	          0.94	54.16	
002695	煌上煌	0.62	72672352	0.10	16.31	16.32	44668	843	0.00	          0.99	16.21	
300205	天喻信息	0.11	71702048	0.01	8.96	8.97	78356	816	-0.10	          1.84	9.18	
300349	金卡智能	1.77	70271408	0.66	37.86	37.87	18738	627	0.08	          1.00	37.30	
00867	康哲药业	0.47	68953632	0.080	17.180	17.200	4015591	1695000	0.23	          0.16	17.300	
01778	彩生活	6.72	68848952	0.410	6.510	6.570	10827195	203000	-0.61	          0.82	6.100	
00410	ＳＯＨＯ中国	1.25	68824888	0.060	4.860	4.870	14163548	7141000	0.41	          0.27	4.820	
600162	香江控股	0.93	68469320	0.03	3.24	3.25	211348	37	0.00	          0.89	3.22	
000927	一汽夏利	0.68	68250400	0.03	4.44	4.45	153736	1818	0.23	          0.96	4.40	
300319	麦捷科技	3.65	68022184	0.26	7.38	7.39	91586	1455	-0.13	          1.94	7.11	
000676	智度股份	3.29	66628068	0.39	12.25	12.27	54849	591	-0.40	          1.73	11.79	
600006	东风汽车	1.33	66543560	0.07	5.34	5.35	125471	331	0.19	          0.63	5.25	
000759	中百集团	0.98	66514048	0.08	8.25	8.26	79761	1164	-0.23	          1.17	8.30	
002010	传化智联	2.24	66372252	0.36	16.40	16.41	40874	608	0.00	          0.99	16.11	
600710	ST常林	2.49	66023568	0.17	7.01	7.02	94652	13	0.14	          1.48	6.91	
300624	万兴科技	10.00	65578800	8.06	88.62	--  	7400	34	0.00	          3.70	88.62	
603168	莎普爱思	3.23	65411052	0.44	14.05	14.06	46912	72	0.14	          2.05	13.60	
01882	海天国际	5.04	65408484	1.200	24.950	25.000	2646033	1090000	0.20	          0.17	23.650	
600128	弘业股份	2.94	64970196	0.28	9.80	9.81	66647	20	0.00	          2.70	9.50	
600315	上海家化	0.40	62286400	0.14	35.11	35.18	17711	100	-0.10	          0.26	35.31	
002609	捷顺科技	0.67	62164700	0.10	14.94	14.95	41289	663	-0.06	          1.12	14.91	
000720	新能泰山	0.44	61621128	0.02	4.58	4.59	134303	648	0.00	          1.56	4.53	
600619	海立股份	3.36	61184836	0.36	11.08	11.09	55591	10	0.09	          1.21	10.68	
600624	复旦复华	1.46	60736776	0.09	6.22	6.23	97177	10	-0.15	          1.42	6.14	
300642	透景生命	0.82	60699136	0.81	99.33	99.40	6093	98	-0.14	          4.06	98.01	
300309	吉艾科技	1.39	60182100	0.33	24.00	24.01	25127	407	0.08	          0.58	23.67	
00696	中国民航信息网络	1.92	58570660	0.500	26.550	26.600	2214809	908000	0.57	          0.24	26.100	
00152	深圳国际	0.26	58535884	0.040	15.680	15.700	3739485	1174500	0.51	          0.18	15.660	
00069	香格里拉（亚洲）	0.45	58090160	0.080	17.800	17.820	3262724	1018000	-0.11	          0.09	17.700	
600730	中国高科	1.79	57635952	0.11	6.25	6.26	92731	375	0.32	          1.58	6.14	
600083	博信股份	5.51	55705028	1.09	20.86	20.87	26620	8	0.00	          1.17	19.71	
01368	特步国际	7.03	55220668	0.270	4.110	4.120	13527091	297500	0.00	          0.61	3.880	
601127	小康股份	1.16	54882856	0.23	20.06	20.07	27277	7	0.10	          1.52	19.75	
300130	新国都	1.23	54011072	0.30	24.64	24.68	21680	276	0.00	          1.38	25.01	
002077	大港股份	3.80	53553524	0.41	11.21	11.22	48118	410	0.09	          1.29	10.67	
600462	九有股份	10.00	52431048	0.47	5.17	--  	101414	80	0.00	          1.90	5.17	
000652	泰达股份	0.22	52116512	0.01	4.58	4.59	113813	616	0.22	          0.77	4.58	
600749	西藏旅游	0.13	51995380	0.02	15.63	15.64	32430	2	-0.25	          1.71	15.78	
002831	裕同科技	0.02	51793448	0.01	55.80	55.82	9336	47	0.18	          0.78	55.35	
000045	深纺织Ａ	0.23	51667952	0.02	8.76	8.77	58978	1301	-0.33	          1.29	8.65	
01980	天鸽互动	0.43	49455684	0.030	6.990	7.000	7015558	2466000	-1.41	          0.55	6.960	
000010	美丽生态	1.25	49359132	0.06	4.84	4.85	101909	1366	0.00	          1.95	4.86	
002242	九阳股份	1.03	48907216	0.18	17.56	17.59	27707	116	-0.05	          0.36	17.43	
600626	申达股份	1.02	48651096	0.07	6.92	6.93	70819	7	-0.42	          1.00	6.77	
00451	协鑫新能源	1.89	48377664	0.010	0.540	0.550	93837056	17276000	1.89	          0.49	0.530	
01363	中滔环保	2.67	48265580	0.040	1.540	1.550	31594488	5198000	-0.65	          0.50	1.500	
00819	天能动力	4.33	47487276	0.330	7.940	7.950	6042734	654000	0.76	          0.54	7.700	
600744	华银电力	1.69	45992904	0.06	3.59	3.60	126693	40	0.28	          1.53	3.48	
00672	众安房产	6.15	45710664	0.040	--  	--  	66014200	65000	1.47	          1.13	0.720	
01893	中材股份	2.59	44775816	0.180	--  	--  	6329907	1000	1.28	          0.54	6.900	
000972	*ST中基	3.62	44759876	0.14	4.01	4.02	112433	1591	0.25	          1.46	3.87	
06088	FIT HON TENG	1.99	42079688	0.090	4.600	4.610	9146591	442000	0.22	          0.14	4.550	
000767	漳泽电力	1.05	40251464	0.03	2.88	2.89	139595	596	-0.34	          0.48	2.82	
600131	岷江水电	3.07	40032308	0.19	6.37	6.38	63288	2	0.00	          1.59	6.22	
01828	大昌行集团	0.71	39865816	0.030	4.280	4.300	9257020	304000	0.00	          0.50	4.270	
603060	国检集团	3.67	39527560	0.74	20.88	20.90	19124	16	0.38	          3.00	20.30	
002274	华昌化工	0.68	39316028	0.05	7.35	7.36	53924	615	-0.13	          1.10	7.25	
600420	现代制药	1.20	38749224	0.14	11.79	11.80	32766	16	0.00	          0.57	11.67	
002561	徐家汇	0.89	38614268	0.10	11.30	11.31	34098	586	0.00	          0.86	11.26	
600090	同济堂	0.66	38025808	0.05	7.66	7.67	49583	600	-0.25	          0.71	7.62	
000922	*ST佳电	0.69	38021976	0.05	7.30	7.31	52438	2133	0.55	          1.15	7.28	
000659	*ST中富	3.43	37616212	0.12	3.61	3.62	104957	758	0.28	          0.82	3.50	
600662	强生控股	0.20	37479144	0.01	5.02	5.03	74050	60	-0.19	          0.70	5.01	
002674	兴业科技	2.04	37438964	0.21	10.50	10.52	35434	436	-0.37	          1.47	10.31	
600211	西藏药业	1.87	36583968	0.64	34.86	34.98	10433	4	-0.08	          0.72	34.40	
600689	上海三毛	0.80	35572452	0.08	10.12	10.13	35176	10	0.10	          2.31	9.90	
600732	ST新梅	5.00	35453372	0.32	6.72	--  	53270	38	0.00	          1.19	6.36	
000918	嘉凯城	0.28	35321460	0.02	7.08	7.09	49911	636	0.14	          0.28	7.07	
000819	岳阳兴长	3.23	35279828	0.32	10.21	10.22	34760	728	-0.09	          1.28	9.88	
300506	名家汇	0.29	34775764	0.06	20.64	20.65	16799	458	-0.09	          1.27	20.68	
600517	置信电气	0.19	34519776	0.01	5.18	5.20	66300	4	-0.18	          0.53	5.15	
600532	宏达矿业	0.45	34106936	0.04	8.86	8.87	38310	90	1.12	          0.97	8.88	
600101	明星电力	0.48	33394540	0.04	8.34	8.35	39823	15	-0.23	          1.23	8.31	
00337	绿地香港	1.74	32884502	0.070	4.090	4.110	7966000	383000	0.00	          0.29	4.010	
01068	雨润食品	15.89	32834802	0.170	1.230	1.250	26732000	12000	-1.59	          1.47	1.060	
02778	冠君产业信托	0.88	32586870	0.050	--  	--  	5701071	2076000	0.18	--  	5.660	
01234	中国利郎	2.86	32538802	0.240	8.640	8.710	3746000	264000	-0.35	          0.31	8.460	
000576	广东甘化	0.77	32525436	0.16	21.01	21.02	15575	897	0.38	          0.36	20.85	
601566	九牧王	0.26	32385700	0.04	15.36	15.38	21094	1	-0.18	          0.37	15.32	
00272	瑞安房地产	0.44	31802076	0.010	2.290	2.300	13848773	4242000	0.00	          0.17	2.270	
600107	美尔雅	0.72	31704336	0.09	12.62	12.63	25203	29	0.08	          0.70	12.41	
600676	交运股份	1.35	31552380	0.08	6.01	6.02	52351	4	0.00	          0.54	5.93	
002564	天沃科技	0.24	31535976	0.02	8.24	8.25	38176	135	-0.11	          0.67	8.18	
300259	新天科技	0.84	31498862	0.08	9.56	9.57	32521	192	0.00	          0.99	9.48	
603609	禾丰牧业	0.22	31074812	0.02	9.22	9.24	33946	3	0.11	          0.41	9.20	
600277	亿利洁能	0.34	31037068	0.02	5.87	5.88	52647	25	0.00	          0.20	5.90	
03958	东方证券	0.26	30981626	0.020	7.680	7.700	4049720	1613600	1.32	          0.39	7.620	
600285	羚锐制药	0.21	30735656	0.02	9.53	9.54	32310	51	0.00	          0.60	9.49	
603017	中衡设计	1.21	30164534	0.17	14.25	14.26	20915	15	0.00	          0.77	13.97	
600509	天富能源	0.65	29952030	0.04	6.21	6.22	48244	70	0.16	          0.53	6.18	
03818	中国动向	3.95	29892450	0.060	1.570	1.580	19357936	2256000	1.28	          0.34	1.520	
00102	凯升控股	5.00	29700942	0.050	--  	--  	28142000	50000	-0.94	          1.89	1.000	
600655	豫园股份	0.20	29695358	0.02	9.89	9.90	30036	6	0.00	          0.21	9.87	
600609	金杯汽车	0.88	29632456	0.05	5.70	5.71	52449	40	0.00	          0.48	5.56	
300427	红相股份	1.05	29291516	0.16	15.31	15.34	19029	157	0.66	          1.71	15.19	
603638	艾迪精密	2.42	29154308	0.78	33.02	33.03	8903	10	0.15	          1.55	32.29	
000881	中广核技	0.16	29114834	0.02	12.33	12.34	23492	129	-0.07	          0.76	12.38	
002216	三全食品	0.76	28519084	0.06	7.93	7.94	36177	616	0.00	          0.63	7.86	
000601	韶能股份	0.57	28003874	0.04	7.06	7.07	39530	365	-0.13	          0.37	6.97	
000739	普洛药业	0.52	27981884	0.03	5.80	5.81	48142	599	0.00	          0.42	5.75	
600638	新黄浦	0.52	26820078	0.08	15.56	15.57	17238	10	0.06	          0.31	15.43	
002459	天业通联	0.16	26816510	0.02	12.60	12.61	21308	650	0.40	          0.55	12.58	
600310	桂东电力	0.36	25914812	0.02	5.55	5.57	46424	182	0.00	          0.56	5.56	
600824	益民集团	1.58	25740928	0.07	4.49	4.50	57554	50	0.00	          0.55	4.42	
002046	轴研科技	0.24	25725424	0.02	8.45	8.46	30455	415	0.24	          0.89	8.37	
002087	新野纺织	0.18	24560672	0.01	5.53	5.54	44375	703	0.18	          0.54	5.52	
000403	ST生化	0.06	24382844	0.02	31.94	31.95	7658	361	0.00	          0.29	32.00	
000539	粤电力Ａ	0.64	24219108	0.03	4.71	4.72	51412	749	0.00	          0.20	4.67	
300189	神农基因	1.09	24214544	0.04	3.70	3.71	66379	4361	0.82	          0.75	3.63	
00372	保德国际发展	3.85	24142032	0.020	--  	--  	42516196	40000	0.00	          2.52	0.520	
300654	世纪天鸿	0.79	24056428	0.25	31.70	31.73	7575	243	0.03	          3.24	31.48	
00364	区块链集团	14.08	23778908	0.030	--  	--  	96266680	80000	0.83	          8.12	0.218	
00179	德昌电机控股	2.24	23209398	0.700	31.900	31.950	730084	490000	1.91	          0.08	31.250	
000692	惠天热电	2.69	23114310	0.11	4.19	4.20	55979	2503	0.24	          1.05	4.10	
000982	*ST 中绒	0.93	23079866	0.03	3.25	3.26	71242	755	0.31	          0.39	3.23	
00821	汇盈控股	12.78	22907282	0.230	--  	--  	11516000	40000	1.50	          1.45	1.760	
00951	超威动力	0.79	22865984	0.040	5.080	5.100	4491983	356000	-0.39	          0.41	5.050	
002207	*ST准油	0.25	22844178	0.02	8.06	8.07	28454	553	0.00	          1.29	8.05	
01622	力高集团	3.59	22790062	0.110	3.170	3.200	7214000	452000	-0.94	          0.20	3.060	
00400	科通芯城	1.62	20260090	0.070	4.390	4.400	4686000	305000	-0.23	          0.32	4.300	
01098	路劲	0.97	19963480	0.160	16.600	16.660	1206000	148000	0.36	          0.16	16.400	
600505	西昌电力	3.09	19896130	0.20	6.66	6.67	30124	20	0.15	          0.83	6.48	
01848	中国飞机租赁	0.12	19848844	0.010	8.090	8.140	2421000	3000	0.49	          0.36	8.160	
01665	槟杰科达	3.03	19797800	0.040	--  	--  	14692000	16000	0.00	          0.92	1.330	
01720	普天通信集团	6.47	19065360	0.110	--  	--  	10772000	8000	0.56	          0.98	1.700	
00558	力劲科技	7.14	18798750	0.120	--  	--  	10680000	20000	1.12	          0.90	1.720	
01569	民生教育	5.81	18697660	0.090	1.620	1.630	11562000	300000	0.61	          0.29	1.550	
000504	南华生物	0.12	17331078	0.03	24.34	24.37	7067	43	0.16	          0.23	24.43	
000803	*ST金宇	4.52	16855198	0.99	22.89	22.90	7496	167	0.48	          0.59	21.90	
600556	ST慧球	1.32	16789984	0.08	6.14	6.15	27483	215	0.33	          0.70	6.07	
00041	鹰君	0.12	16604293	0.050	42.150	42.450	390518	1000	-0.12	          0.06	42.450	
600746	江苏索普	0.24	16573780	0.02	8.45	8.46	19685	20	0.00	          0.65	8.49	
06885	金马能源	14.29	15261641	0.480	--  	--  	4279000	73000	0.79	          3.16	3.380	
002403	爱仕达	1.11	15212309	0.13	11.82	11.83	12883	216	-0.16	          0.45	11.75	
00563	上实城市开发	0.52	14752321	0.010	1.930	1.940	7592000	708000	0.52	          0.16	1.920	
000004	国农科技	0.44	14398603	0.10	22.55	22.80	6376	1065	0.88	          0.77	22.58	
00426	万华媒体	5.38	14392621	0.070	--  	--  	10514000	2000	0.74	          2.62	1.330	
002231	奥维通信	1.50	14161315	0.13	8.78	8.79	16227	986	0.23	          0.56	8.56	
600167	联美控股	0.89	13695478	0.22	24.96	24.97	5487	3	-0.03	          0.26	24.80	
01310	香港宽频	0.55	13600358	0.050	9.070	9.100	1495573	388000	0.55	          0.15	9.050	
002187	广百股份	0.40	13461831	0.04	10.03	10.04	13358	105	0.00	          0.39	9.99	
01635	大众公用	3.53	13428741	0.110	3.230	3.240	4138000	20000	-0.31	          0.78	3.090	
300421	力星股份	0.28	13236814	0.05	17.80	17.81	7459	236	0.17	          0.61	17.65	
08176	超人智能	3.27	13102575	0.360	--  	--  	1063700	5000	-1.22	          0.22	10.800	
01963	重庆银行	0.29	13047741	0.020	6.850	6.870	1913000	492000	0.88	          0.12	6.850	
002096	南岭民爆	1.21	13034728	0.09	7.51	7.52	17363	403	0.00	          0.47	7.41	
06116	拉夏贝尔	1.18	12953363	0.100	8.410	8.540	1547000	200	1.18	          0.72	8.340	
600819	耀皮玻璃	0.60	12506637	0.03	5.05	5.06	24757	1	-0.19	          0.33	4.98	
06128	泛亚国际	0.29	11702601	0.010	--  	--  	3388000	66000	-0.29	          0.78	3.460	
00853	微创医疗	0.51	11539350	0.040	7.890	7.930	1459000	228000	0.38	          0.10	7.970	
002686	亿利达	0.83	10524804	0.09	10.86	10.87	9697	27	0.18	          0.30	10.84	
600272	开开实业	1.17	10217407	0.11	9.47	9.51	10793	95	-0.10	          0.67	9.32	
01230	雅士利国际	2.82	9746640	0.050	1.810	1.830	5362000	471000	0.00	          0.11	1.760	
300260	新莱应材	0.30	9622131	0.04	13.55	13.64	7001	334	-0.80	          0.69	13.61	
600444	国机通用	0.14	9282248	0.02	13.94	13.95	6618	3	-0.06	          0.63	13.87	
603838	四通股份	0.18	8942333	0.02	11.21	11.23	7979	13	0.27	          0.82	11.11	
01224	中渝置地	6.04	8790080	0.110	--  	--  	4625000	165000	1.05	          0.12	1.830	
300301	长方集团	0.17	8718294	0.01	5.74	5.75	15209	526	0.17	          0.30	5.73	
01686	新意网集团	3.42	8571026	0.180	--  	--  	1590300	12000	0.18	          0.07	5.260	
002083	孚日股份	0.17	8286228	0.01	6.05	6.06	13667	31	0.00	          0.16	6.05	
00434	博雅互动	3.97	8185411	0.120	--  	--  	2635000	1000	0.64	          0.34	3.030	
03389	亨得利	3.70	7909901	0.015	0.415	0.420	19180000	3488000	1.20	          0.41	0.405	
600608	*ST沪科	0.37	7325711	0.03	8.16	8.17	8963	55	0.12	          0.28	8.13	
00116	周生生	1.59	7175981	0.280	17.400	17.880	404000	4000	0.68	          0.06	17.600	
00596	浪潮国际	2.82	7020941	0.070	--  	--  	2774000	38000	0.39	          0.29	2.460	
03728	正利控股	3.53	6558201	0.015	--  	--  	14880000	200000	0.00	          1.49	0.430	
08462	桥英控股	2.13	6432151	0.040	--  	--  	3450000	10000	0.00	          0.57	1.850	
00436	新宇环保	2.74	6086001	0.020	--  	--  	8220000	100000	0.00	          0.27	0.720	
00435	阳光房地产基金	0.37	6044801	0.020	--  	--  	1131000	485000	0.37	--  	5.340	
002134	*ST普林	0.90	6035770	0.07	7.87	7.88	7685	89	0.00	          0.31	7.75	
00856	伟仕佳杰	1.80	5917441	0.080	--  	--  	1314000	2000	0.44	          0.09	4.470	
03699	光大永年	12.39	5890021	0.140	--  	--  	4700000	2000	0.79	          1.06	1.160	
00353	能源国际投资	1.92	5822193	0.005	--  	--  	22994000	20000	0.00	          0.63	0.255	
01206	同方泰德	0.88	5313181	0.020	--  	--  	2338000	6000	0.44	          0.30	2.280	
01575	慕容控股	2.96	5275861	0.050	--  	--  	3082000	70000	2.35	          0.31	1.700	
00503	朗生医药	6.00	5223120	0.090	--  	--  	3350000	5000	0.00	          0.81	1.500	
01637	顺兴集团控股	4.60	5004760	0.040	--  	--  	5456000	10000	0.00	          1.36	0.870	
603158	腾龙股份	0.05	4968935	0.01	18.51	18.52	2691	1	0.60	          0.26	18.50	
08136	英马斯集团	6.25	4691100	0.025	--  	--  	10780000	20000	0.00	          1.08	0.380	
83115	安硕恒生指数－Ｒ	0.38	4567140	0.350	--  	--  	50000	1700	0.00	--  	91.300	
00076	南海石油	3.33	4427684	0.002	--  	--  	72086144	200000	1.64	          1.45	0.059	
00496	卡森国际	7.50	4389290	0.120	--  	--  	2609000	2000	-1.71	          0.18	1.600	
08065	高萌科技	1.10	4384000	0.005	--  	--  	9095000	80000	0.00	          2.27	0.455	
00480	香港兴业国际	0.41	4357412	0.020	4.830	4.840	901256	216800	0.21	          0.07	4.800	
02283	东江集团控股	0.76	4208500	0.050	--  	--  	626000	6000	0.15	          0.08	6.600	
01678	中创环球	2.04	4031982	0.004	--  	--  	21010000	50000	3.09	          0.97	0.191	
00943	意科控股	0.97	4029641	0.002	--  	--  	18883000	8000	0.00	          0.26	0.203	
00355	世纪城市国际	2.60	3837278	0.020	--  	--  	4781843	8000	0.00	          0.15	0.770	
02327	美瑞健康国际	2.20	3718470	0.010	--  	--  	8004000	30000	1.09	          0.22	0.455	
00622	威华达控股	1.96	3654861	0.010	--  	--  	7040514	117000	0.00	          0.24	0.510	
06166	中国宏泰发展	0.44	3629440	0.020	--  	--  	794000	4000	-0.65	          0.05	4.550	
01262	蜡笔小新食品	6.35	3624370	0.040	--  	--  	5543000	5000	0.00	          0.42	0.630	
06080	荣智控股	1.35	3607080	0.010	--  	--  	4842000	102000	0.00	          0.52	0.700	
01107	当代置业	2.66	3551940	0.050	--  	--  	1846640	2000	0.00	          0.07	1.850	
00398	东方表行集团	3.37	3477464	0.070	--  	--  	1627200	2000	0.47	          0.29	2.100	
00052	FAIRWOOD HOLD	0.47	3346625	0.150	--  	--  	104500	7500	1.41	          0.08	32.000	
03399	粤运交通	1.55	3316880	0.080	--  	--  	640000	1000	0.00	          0.31	5.110	
00335	美建集团	1.85	3287500	0.020	--  	--  	3016000	4000	0.00	          0.11	1.090	
00715	中泛控股	1.82	3210800	0.010	0.550	0.560	5830000	56000	1.82	          0.04	0.550	
06878	鼎丰集团控股	1.82	3197740	0.010	--  	--  	5772000	300000	0.00	          0.13	0.550	
01122	庆铃汽车股份	1.56	2952460	0.040	--  	--  	1136000	10000	0.77	          0.09	2.570	
03336	巨腾国际	3.21	2913412	0.070	--  	--  	1306375	924000	3.21	          0.11	2.190	
00395	中国智能集团	6.61	2844280	0.008	--  	--  	22924000	1584000	5.74	          0.48	0.120	
00071	美丽华酒店	1.28	2826327	0.200	--  	--  	179680	20000	0.00	          0.03	15.560	
01300	俊知集团	0.90	2791360	0.010	--  	--  	2462000	6000	0.00	          0.14	1.120	
02337	众诚能源	0.72	2788570	0.030	--  	--  	663000	10000	0.00	          0.28	4.180	
00488	丽新发展	3.29	2766643	0.440	13.760	13.800	202631	45300	2.83	          0.03	13.420	
00082	第一视频	1.35	2759267	0.003	--  	--  	12140000	152000	-0.44	          0.37	0.222	
01349	复旦张江	0.83	2688430	0.030	--  	--  	740000	8000	-1.63	          0.22	3.600	
06889	DYNAM JAPAN	0.37	2582167	0.040	--  	--  	238339	200	0.00	          0.03	10.800	
02225	KAKIKO GROUP	3.02	2559100	0.070	--  	--  	1100000	5000	1.27	          0.09	2.360	
00098	兴发铝业	0.83	2471930	0.050	--  	--  	406000	1000	0.00	          0.10	6.010	
03040	未来ＭＳＣＩ中国	0.13	2315235	0.050	--  	--  	60800	100	-0.13	--  	38.100	
02025	瑞丰动力	4.23	2247380	0.060	--  	--  	1554000	20000	0.68	          0.19	1.420	
01539	汇能集团	2.07	2225660	0.030	--  	--  	1414000	6000	0.00	          0.28	1.450	
00104	ASIA COMM HOLD	3.85	2183245	0.015	--  	--  	5356000	5000	1.25	          0.34	0.390	
00432	盈大地产	2.35	2162450	0.070	--  	--  	720000	1000	-0.65	          0.18	2.960	
01045	亚太卫星	0.27	2152427	0.010	--  	--  	588872	20000	-0.27	          0.06	3.660	
00271	亚证地产	3.40	1998621	0.080	--  	--  	835065	3000	0.41	          0.07	2.400	
01281	隆基泰和智慧能源	2.29	1895280	0.040	--  	--  	1048000	70000	0.00	          0.08	1.850	
01617	南方通信	2.56	1701538	0.110	--  	--  	391100	4000	2.33	          0.03	4.290	
00484	云游控股	1.24	1689304	0.120	--  	--  	171200	100	-0.30	          0.12	9.790	
01881	富豪产业信托	0.82	1685020	0.020	--  	--  	683600	2000	0.41	--  	2.450	
08018	汇财金融投资	2.35	1436013	0.004	--  	--  	7605500	280000	0.00	          0.60	0.188	
01426	春泉产业信托	0.59	1418130	0.020	--  	--  	419000	2000	0.88	--  	3.390	
00952	中国泛海金融	0.94	1314200	0.010	--  	--  	1240000	10000	0.00	          0.02	1.070	
00680	南海控股	0.43	1299150	0.001	0.233	0.234	5600000	3900000	0.87	          0.01	0.229	
01520	华信金融投资	1.96	1296150	0.010	--  	--  	2550000	6000	-3.70	          0.15	0.500	
00229	利民实业	2.80	1260264	0.030	--  	--  	1151400	10000	0.00	          0.24	1.080	
00706	美丽中国控股	5.41	1241570	0.004	--  	--  	16140000	50000	0.00	          0.17	0.073	
00062	载通	0.22	1080680	0.050	--  	--  	46800	400	-0.22	          0.01	23.000	
01509	和美医疗	0.36	1057950	0.010	--  	--  	382000	1000	0.71	          0.05	2.660	
00044	香港飞机工程	0.32	1048440	0.150	--  	--  	22400	800	0.21	          0.01	46.750	
00573	稻香控股	2.03	990420	0.030	--  	--  	660000	10000	0.67	          0.06	1.480	
08437	德斯控股	6.52	977240	0.030	--  	--  	2064000	16000	0.00	          0.34	0.460	
00703	FUTURE BRIGHT	2.60	950340	0.020	--  	--  	1218000	12000	-1.25	          0.18	0.760	
08456	民信国际控股	5.95	934880	0.025	--  	--  	2160000	4000	2.30	          0.54	0.420	
03709	珂莱蒂尔	0.58	914400	0.050	--  	--  	106000	47000	0.00	          0.02	8.600	
03161	易亚中概股	1.21	903600	0.180	--  	--  	60000	13200	0.00	--  	15.060	
00756	森美控股	1.15	887080	0.010	--  	--  	1028000	16000	0.00	          0.08	0.860	
00091	标准资源控股	2.17	789300	0.001	--  	--  	16750000	25000	2.17	          0.35	0.046	
02326	新源万恒控股	2.34	755320	0.004	0.172	0.175	4410000	10000	0.57	          0.02	0.171	
00743	亚洲水泥（中国）	0.62	748970	0.020	--  	--  	232000	4000	0.00	          0.01	3.230	
00408	叶氏化工集团	3.05	735360	0.090	--  	--  	244000	8000	2.70	          0.04	2.950	
00050	香港小轮（集团）	0.11	720310	0.010	--  	--  	80000	4000	0.11	          0.02	9.010	
08356	中国新华电视	1.01	717550	0.001	--  	--  	7070000	120000	-0.99	          0.17	0.102	
00296	英皇娱乐酒店	1.78	715000	0.030	--  	--  	420000	5000	0.58	          0.03	1.690	
03737	中智药业	0.56	697500	0.010	--  	--  	390400	3000	0.00	          0.05	1.740	
00167	IDT INT'L	9.74	690714	0.019	--  	--  	3368000	4000	0.00	          0.13	0.195	
06163	彭顺国际	2.21	687480	0.060	--  	--  	252000	4000	-1.07	          0.10	2.720	
08362	运兴泰集团	3.94	672240	0.005	--  	--  	5240000	400000	1.54	          0.37	0.130	
03315	金邦达宝嘉	1.38	666070	0.030	--  	--  	304000	2000	0.00	          0.04	2.180	
08340	域高金融	1.05	658950	0.005	--  	--  	1380000	10000	0.00	          0.22	0.490	
01046	寰宇国际金融	7.58	647050	0.050	--  	--  	935000	5000	1.43	          0.10	0.670	
01314	翠华控股	0.85	631460	0.010	--  	--  	534000	82000	0.00	          0.04	1.180	
08255	神州数字	1.11	621060	0.010	--  	--  	678000	6000	0.00	          0.14	0.910	
01372	比速科技	1.07	589620	0.060	--  	--  	104000	2000	0.00	          0.05	5.680	
00187	京城机电股份	2.29	568820	0.050	2.130	2.230	268000	8000	1.83	          0.27	2.100	
08510	TOPSTANDARDCORP	0.42	564152	0.001	--  	--  	2368000	64000	0.00	          0.30	0.236	
08423	CHI HO DEV	1.74	526000	0.020	--  	--  	460000	10000	0.86	          0.06	1.120	
02016	浙商银行	2.51	471800	0.120	4.800	4.900	99000	2000	3.38	          0.00	4.740	
08091	奥传思维控股	1.23	468670	0.002	--  	--  	2860000	10000	3.12	          0.40	0.160	
02286	辰兴发展	2.99	434860	0.060	--  	--  	212000	2000	0.00	          0.04	2.000	
02378	保诚	0.66	423000	1.400	--  	--  	2000	1000	0.00	          0.00	210.600	
00208	保利达资产	3.03	404000	0.020	--  	--  	600000	200000	0.00	          0.01	0.670	
00495	PALADIN	0.84	396276	0.002	--  	--  	1662220	90000	0.00	          0.12	0.238	
08436	德宝集团控股	1.79	353850	0.010	--  	--  	635000	10000	1.79	          0.16	0.550	
07210	ＸＬ二易亚中概股	2.58	350400	0.550	--  	--  	16000	3600	0.00	--  	21.900	
08183	尚捷集团控股	2.11	345975	0.010	--  	--  	730000	260000	4.30	          0.15	0.475	
00491	英皇文化产业	2.36	335720	0.005	--  	--  	1580000	20000	0.00	          0.05	0.209	
08026	长达健康	7.41	334515	0.020	--  	--  	1183000	100000	0.00	          0.10	0.285	
08361	中国育儿网络	2.06	275240	0.010	--  	--  	572000	2000	3.13	          0.06	0.475	
00191	丽新国际	1.57	272880	0.200	--  	--  	21000	1000	-0.46	          0.01	13.000	
01719	中国基建港口	2.60	272280	0.040	--  	--  	168000	16000	-1.25	          0.01	1.590	
02166	芯智控股	0.62	268940	0.010	--  	--  	166000	2000	0.62	          0.03	1.620	
00112	勒泰商业地产	2.22	233397	0.100	--  	--  	51954	2000	2.22	          0.02	4.460	
01232	金轮天地控股	1.27	227940	0.010	--  	--  	284000	10000	0.00	          0.02	0.810	
07322	ＸＩ未来标普	0.17	223720	0.020	--  	--  	19000	5000	0.00	--  	11.780	
00847	哈萨克矿业－Ｓ	1.39	165048	1.400	--  	--  	1620	240	0.00	          0.00	101.100	
00831	利亚零售	0.26	152120	0.010	--  	--  	40000	2000	0.00	          0.01	3.800	
03608	永盛新材料	1.71	146625	0.030	--  	--  	82500	10000	0.00	          0.02	1.770	
02281	兴泸水务	0.68	132230	0.010	--  	--  	90000	20000	0.00	          0.04	1.490	
08188	骏杰集团控股	2.41	130088	0.006	--  	--  	528000	4000	3.66	          0.11	0.250	
01341	昊天国际建投	3.45	118760	0.010	--  	--  	408000	8000	3.45	          0.02	0.285	
01878	南戈壁－Ｓ	3.33	108796	0.040	--  	--  	91650	1350	0.00	          0.03	1.180	
00655	香港华人有限公司	0.74	106680	0.010	--  	--  	78000	4000	-0.72	          0.00	1.370	
03175	Ｆ三星原油期	0.16	92880	0.020	--  	--  	7200	7200	0.00	--  	12.900	
08251	优越集团控股	1.45	90600	0.010	--  	--  	130000	50000	0.00	          0.03	0.690	
01125	丽丰控股	1.25	88336	0.160	--  	--  	6800	400	0.00	          0.00	12.980	
08428	国茂控股	1.27	84264	0.003	--  	--  	360000	84000	0.00	          0.03	0.232	
01397	碧瑶绿色集团	2.44	81360	0.020	--  	--  	100000	8000	5.00	          0.02	0.800	
02307	锦兴国际控股	1.47	80040	0.010	--  	--  	116000	60000	0.00	          0.01	0.690	
01656	亿仕登控股	1.56	78500	0.020	--  	--  	60000	4000	0.00	          0.02	1.280	
00442	海福德集团	6.46	63540	0.170	--  	--  	24000	24000	5.66	          0.01	2.640	
01085	亨鑫科技	0.43	59580	0.010	--  	--  	26000	4000	0.00	          0.01	2.230	
08439	新百利融资	4.21	58440	0.080	--  	--  	30000	6000	0.51	          0.02	1.950	
01173	威高国际	2.86	55740	0.005	--  	--  	320000	60000	3.45	          0.01	0.175	
08023	邝文记	2.25	49140	0.010	--  	--  	108000	78000	0.00	          0.02	0.455	
00411	南顺（香港）	0.73	41100	0.100	--  	--  	3000	3000	0.15	          0.00	13.700	
02277	华融投资股份	0.77	39400	0.010	--  	--  	30000	10000	0.77	          0.00	1.340	
01121	宝峰时尚	7.69	33340	0.040	--  	--  	62000	10000	1.82	          0.01	0.520	
02011	KEE	0.89	24260	0.010	--  	--  	22000	2000	0.00	          0.00	1.100	
08249	瑞远智控	3.24	23800	0.007	--  	--  	105000	100000	-2.19	          0.08	0.222	
00060	香港食品投资	1.05	17280	0.010	--  	--  	18000	18000	0.00	          0.01	0.960	
03110	未来恒生高股息率	0.60	16600	0.200	--  	--  	500	500	0.30	--  	33.200	
08079	易还财务投资	5.36	14550	0.030	--  	--  	25000	5000	3.51	          0.01	0.580	
01105	星岛	0.97	12380	0.010	--  	--  	12000	2000	0.00	          0.00	1.020	
00852	海峡石油化工	0.85	11800	0.010	--  	--  	10000	10000	0.00	          0.00	1.180	
08239	首都金融控股	0.93	8642	0.001	--  	--  	80000	10000	7.92	          0.01	0.110	
00413	南华集团控股	6.15	8418	0.020	--  	--  	27095	8000	0.00	          0.00	0.305	
01026	环球实业科技	4.11	3800	0.015	--  	--  	10000	10000	0.00	          0.00	0.380	
01649	内蒙古能建	3.25	2340	0.040	--  	--  	2000	2000	8.55	          0.00	1.170	
00963	华熙生物科技	--  	0	--  	--  	--  	0	0	--  	--  	--  	
00382	威灵控股	--  	0	--  	--  	--  	0	0	--  	--  	--  	
00170	中国资本	--  	0	--  	--  	--  	0	0	--  	--  	--  	
603887	城地股份	0.00	0	0.00	--  	--  	0	0	0.00	          0.00	--  	
603667	五洲新春	0.00	0	0.00	--  	--  	0	0	0.00	          0.00	--  	
603520	司太立	0.00	0	0.00	--  	--  	0	0	0.00	          0.00	--  	
603508	思维列控	0.00	0	0.00	--  	--  	0	0	0.00	          0.00	--  	
603393	新天然气	0.00	0	0.00	--  	--  	0	0	0.00	          0.00	--  	
603309	维力医疗	0.00	0	0.00	--  	--  	0	0	0.00	          0.00	--  	
603033	三维股份	0.00	0	0.00	--  	--  	0	0	0.00	          0.00	--  	
603032	德新交运	0.00	0	0.00	--  	--  	0	0	0.00	          0.00	--  	
600962	国投中鲁	0.00	0	0.00	--  	--  	0	0	0.00	          0.00	--  	
600798	宁波海运	0.00	0	0.00	--  	--  	0	0	0.00	          0.00	--  	
600777	新潮能源	0.00	0	0.00	--  	--  	0	0	0.00	          0.00	--  	
600751	天海投资	0.00	0	0.00	--  	--  	0	0	0.00	          0.00	--  	
600685	中船防务	0.00	0	0.00	--  	--  	0	0	0.00	          0.00	--  	
600378	天科股份	0.00	0	0.00	--  	--  	0	0	0.00	          0.00	--  	
600270	外运发展	0.00	0	0.00	--  	--  	0	0	0.00	          0.00	--  	
600187	国中水务	0.00	0	0.00	--  	--  	0	0	0.00	          0.00	--  	
600165	新日恒力	0.00	0	0.00	--  	--  	0	0	0.00	          0.00	--  	
600084	中葡股份	0.00	0	0.00	--  	--  	0	0	0.00	          0.00	--  	
600051	宁波联合	0.00	0	0.00	--  	--  	0	0	0.00	          0.00	--  	
300656	民德电子	--  	0	--  	--  	--  	0	0	--  	          0.00	--  	
300491	通合科技	--  	0	--  	--  	--  	0	0	--  	          0.00	--  	
300455	康拓红外	--  	0	--  	--  	--  	0	0	--  	          0.00	--  	
300146	汤臣倍健	--  	0	--  	--  	--  	0	0	--  	          0.00	--  	
300067	安诺其	--  	0	--  	--  	--  	0	0	--  	          0.00	--  	
300056	三维丝	--  	0	--  	--  	--  	0	0	--  	          0.00	--  	
002857	三晖电气	--  	0	--  	--  	--  	0	0	--  	          0.00	--  	
002770	科迪乳业	--  	0	--  	--  	--  	0	0	--  	          0.00	--  	
002765	蓝黛传动	--  	0	--  	--  	--  	0	0	--  	          0.00	--  	
002738	中矿资源	--  	0	--  	--  	--  	0	0	--  	          0.00	--  	
002699	美盛文化	--  	0	--  	--  	--  	0	0	--  	          0.00	--  	
002607	亚夏汽车	--  	0	--  	--  	--  	0	0	--  	          0.00	--  	
002580	圣阳股份	--  	0	--  	--  	--  	0	0	--  	          0.00	--  	
002578	闽发铝业	--  	0	--  	--  	--  	0	0	--  	          0.00	--  	
002520	日发精机	--  	0	--  	--  	--  	0	0	--  	          0.00	--  	
002515	金字火腿	--  	0	--  	--  	--  	0	0	--  	          0.00	--  	
002447	晨鑫科技	--  	0	--  	--  	--  	0	0	--  	          0.00	--  	
002423	中原特钢	--  	0	--  	--  	--  	0	0	--  	          0.00	--  	
002309	中利集团	--  	0	--  	--  	--  	0	0	--  	          0.00	--  	
002263	大 东 南	--  	0	--  	--  	--  	0	0	--  	          0.00	--  	
002252	上海莱士	--  	0	--  	--  	--  	0	0	--  	          0.00	--  	
002147	新光圆成	--  	0	--  	--  	--  	0	0	--  	          0.00	--  	
002098	浔兴股份	--  	0	--  	--  	--  	0	0	--  	          0.00	--  	
002082	万邦德	--  	0	--  	--  	--  	0	0	--  	          0.00	--  	
000998	隆平高科	--  	0	--  	--  	--  	0	0	--  	          0.00	--  	
000962	东方钽业	--  	0	--  	--  	--  	0	0	--  	          0.00	--  	
000900	现代投资	--  	0	--  	--  	--  	0	0	--  	          0.00	--  	
000796	凯撒旅游	--  	0	--  	--  	--  	0	0	--  	          0.00	--  	
000757	浩物股份	--  	0	--  	--  	--  	0	0	--  	          0.00	--  	
000703	恒逸石化	--  	0	--  	--  	--  	0	0	--  	          0.00	--  	
000547	航天发展	--  	0	--  	--  	--  	0	0	--  	          0.00	--  	
000540	中天金融	--  	0	--  	--  	--  	0	0	--  	          0.00	--  	
000534	万泽股份	--  	0	--  	--  	--  	0	0	--  	          0.00	--  	
000516	国际医学	--  	0	--  	--  	--  	0	0	--  	          0.00	--  	
000031	中粮地产	--  	0	--  	--  	--  	0	0	--  	          0.00	--  	
83155	安硕ＥＳ５０－Ｒ	0.12	0	0.010	--  	--  	0	0	0.00	--  	--  	
04362	ＩＳ南韩基金ＴＲ	--  	0	--  	--  	--  	0	0	--  	--  	--  	
03060	价值台湾ＥＴＦ	0.23	0	0.100	--  	--  	0	0	0.00	--  	--  	
03055	ＴＲ中国	0.31	0	0.500	--  	--  	0	0	0.00	--  	--  	
02839	标智港股内地地产	--  	0	--  	--  	--  	0	0	--  	--  	--  	
02835	未来ＫＯＳＰＩ	--  	0	--  	--  	--  	0	0	--  	--  	--  	
02824	力宝专选中港地产	1.01	0	0.800	--  	--  	0	0	0.00	--  	--  	
02817	标智港股内地消费	--  	0	--  	--  	--  	0	0	--  	--  	--  	
08591	罗马集团（旧）	--  	0	--  	--  	--  	0	0	--  	--  	--  	
08369	立基工程控股	--  	0	--  	--  	--  	0	0	--  	--  	--  	
08345	火岩控股	0.00	0	0.000	--  	--  	0	0	0.00	          0.00	--  	
02999	中国集成控股　旧	--  	0	--  	--  	--  	0	0	--  	--  	--  	
数据来源:通达信
