00002
00003
00008
00014
00020
00066
00069
00081
00107
00163
00173
00177
00207
00257
00268
00272
00336
00363
00390
00425
00439
00440
00451
00522
00570
00586
00588
00598
00669
00670
00735
00753
00763
00817
00884
00902
00914
00921
00981
00992
01030
01044
01052
01055
01060
01072
01109
01128
01136
01138
01157
01169
01212
01293
01302
01308
01313
01316
01347
01363
01515
01528
01618
01628
01777
01813
01829
01833
01919
01928
01970
01972
01980
01999
02039
02066
02128
02168
02313
02331
02386
02388
02669
02727
02777
02866
02899
03311
03323
03396
03799
03900
03968
06030
06818
06863
00028
00056
00061
00127
00197
00334
00434
00518
00535
00686
00815
00842
00932
01097
01133
01240
01270
01338
01345
01389
01428
01439
01462
01466
01622
01623
01893
01899
01913
02100
02222
02280
02340
02345
02638
03838
03918
06068
06169
08059
08083
08215
08417
00778
02778
03188
