00002
00003
00008
00014
00020
00028
00056
00061
00066
00069
00081
00107
00127
00163
00173
00177
00197
00207
00257
00268
00272
00327
00334
00336
00363
00390
00425
00434
00439
00440
00451
00486
00522
00535
00570
00586
00588
00598
00669
00670
00686
00735
00753
00763
00778
00815
00817
00842
00884
00902
00914
00921
00932
00981
00992
01029
01030
01043
01044
01052
01055
01060
01072
01097
01109
01128
01133
01136
01138
01157
01169
01212
01240
01270
01293
01302
01308
01313
01316
01338
01345
01347
01363
01389
01415
01428
01439
01466
01515
01528
01618
01622
01623
01628
01777
01813
01829
01833
01836
01893
01899
01913
01919
01928
01970
01972
01980
01999
02039
02066
02100
02128
02168
02222
02280
02313
02331
02340
02345
02386
02388
02638
02669
02727
02777
02778
02866
02899
03188
03311
03323
03396
03799
03838
03900
03918
03968
06030
06818
06863
08059
08083
08215
