代码	名称	涨幅%%	总金额	涨跌	买价	卖价	总量	现量	涨速%%	换手%%	今开	
600030	中信证券	1.41	2844230144	0.26	18.77	18.78	1509103	18	0.05	          1.54	18.70	
600516	方大炭素	2.63	1677069824	0.70	27.28	27.29	616727	37	0.40	          3.59	26.68	
002927	泰永长征	10.00	1138240768	6.04	66.44	--  	176673	89	0.00	         75.34	61.00	
02018	瑞声科技	1.76	1087330432	2.700	156.100	156.200	6952892	262000	0.58	          0.57	156.800	
002264	新 华 都	9.99	1067705152	1.11	12.22	--  	913506	286	0.00	         15.87	11.50	
000935	四川双马	9.98	1002818048	1.94	21.37	--  	478829	637	0.00	          7.61	19.51	
000555	神州信息	9.99	947743488	1.52	16.73	--  	589864	537	0.00	          6.44	15.50	
00857	中国石油股份	1.10	930047808	0.060	5.520	5.530	166900400	11744000	0.36	          0.79	5.580	
000151	中成股份	9.99	923096256	1.78	19.60	--  	482338	142	0.00	         18.10	19.00	
600113	浙江东日	10.00	854838272	1.22	13.42	--  	664043	52	0.52	         20.84	12.21	
600160	巨化股份	1.16	832314240	0.15	13.05	13.06	641459	143	0.08	          3.14	12.91	
300477	合纵科技	8.80	827735552	3.05	37.70	37.71	226699	3143	0.13	         18.74	34.88	
00883	中国海洋石油	0.52	806751104	0.060	11.700	11.720	68120448	6511000	0.00	          0.15	11.980	
300364	中文在线	4.27	729372736	0.53	12.94	12.95	565226	7764	0.15	         12.53	12.33	
300740	御家汇	0.74	726297344	0.39	53.17	53.18	134388	2658	-0.22	         33.60	52.21	
600598	北大荒	8.51	724346880	0.88	11.23	11.24	661349	202	-0.61	          3.72	10.41	
000636	风华高科	3.82	690972352	0.48	13.06	13.07	531674	6130	0.15	          6.07	12.99	
00002	中电控股	1.12	653765760	0.900	80.900	81.000	8081561	803000	0.25	          0.32	80.500	
601688	华泰证券	0.17	618670208	0.03	17.45	17.46	352791	18	0.00	          0.65	17.45	
002174	游族网络	5.07	582276224	1.15	23.82	23.83	243020	2024	0.63	          4.21	22.55	
601086	国芳集团	10.01	548640832	0.98	10.77	--  	531512	3	0.00	         33.22	9.67	
01918	融创中国	1.59	535115264	0.500	31.850	31.900	16813530	897000	0.31	          0.38	31.800	
002346	柘中股份	6.20	530856160	1.17	20.04	20.05	266376	2482	-0.14	          6.81	19.09	
000768	中航飞机	1.41	505541600	0.22	15.84	15.85	320563	3106	0.00	          1.16	15.65	
603260	合盛硅业	4.48	497780800	2.81	65.61	65.62	76787	106	-0.04	         10.97	62.90	
01109	华润置地	0.17	492457792	0.050	30.100	30.150	16204719	1104000	0.00	          0.23	30.850	
300324	旋极信息	3.09	489672704	0.53	17.68	17.69	276829	2906	0.57	          4.09	17.41	
603380	易德龙	7.18	485692032	1.60	23.93	23.98	205140	9	0.63	         51.29	23.10	
603533	掌阅科技	10.00	478765888	4.73	52.01	--  	93400	1	0.00	         22.78	50.49	
002371	北方华创	1.34	474580672	0.49	36.98	36.99	127524	1083	0.14	          3.55	36.86	
601108	财通证券	0.56	470603840	0.09	16.13	16.14	290139	129	0.19	          8.08	15.97	
603466	风语筑	6.45	466545248	3.47	57.26	57.27	80268	12	0.67	         22.30	54.91	
002822	中装建设	7.37	454684096	0.59	8.60	8.61	539599	4625	-0.34	         17.63	8.20	
002782	可立克	10.01	453267616	1.45	15.94	--  	294985	437	0.00	         27.70	15.10	
600125	铁龙物流	1.69	451332416	0.16	9.63	9.64	471135	89	0.21	          3.61	9.39	
000997	新 大 陆	3.02	442714336	0.56	19.11	19.12	232373	3929	0.31	          2.50	18.55	
002738	中矿资源	2.12	431280800	0.67	32.03	32.20	131684	2463	1.61	         10.07	31.87	
00688	中国海外发展	0.34	424988064	0.100	29.050	29.100	14537960	1330000	0.17	          0.13	29.550	
600673	东阳光科	0.52	423325376	0.05	9.58	9.59	435833	107	0.00	          1.77	9.60	
01536	煜荣集团	6.74	411662944	0.120	--  	--  	209002000	2000	-0.52	         55.00	1.780	
600497	驰宏锌锗	2.26	409717664	0.15	6.80	6.81	600905	5	0.00	          1.39	6.73	
601857	中国石油	0.25	405294816	0.02	8.05	8.06	502224	38	0.12	          0.03	8.10	
000735	罗 牛 山	0.33	405230464	0.03	9.01	9.02	446370	5361	0.11	          4.21	8.99	
002265	西仪股份	9.99	401244416	1.40	15.41	--  	263967	96	0.00	          8.71	14.80	
002837	英维克	6.56	396056736	1.44	23.39	23.40	170110	1618	-0.08	         25.25	22.80	
002190	成飞集成	0.64	391286112	0.15	23.60	23.61	165641	2456	0.17	          4.80	23.59	
000065	北方国际	5.36	387400640	0.93	18.28	18.29	221610	2162	-0.21	          5.43	17.36	
600362	江西铜业	0.06	385265728	0.01	17.67	17.68	217561	19	0.11	          1.05	17.81	
002864	盘龙药业	9.99	376783648	3.38	37.22	--  	101489	32	0.00	         46.83	37.01	
600038	中直股份	1.41	372385824	0.60	43.20	43.21	86464	2	-0.36	          1.47	42.40	
600662	强生控股	9.93	371357888	0.55	6.09	--  	655331	13	0.00	          6.22	5.54	
300733	西菱动力	3.42	370360896	0.89	26.88	26.89	138152	2086	-0.06	         34.54	26.13	
600206	有研新材	3.35	359539040	0.33	10.16	10.17	353892	276	0.20	          4.22	9.96	
601116	三江购物	10.01	351534592	1.98	21.77	--  	165057	3	0.00	          4.11	20.50	
603138	海量数据	6.48	350338752	2.62	43.15	43.16	82306	5	0.21	         24.33	41.29	
600316	洪都航空	3.53	344693920	0.46	13.49	13.50	259349	40	-0.06	          3.62	12.83	
603619	中曼石油	1.11	341674880	0.44	40.14	40.15	84350	25	-0.06	         21.09	40.88	
000819	岳阳兴长	10.00	337836416	1.21	13.31	--  	260059	783	0.00	          9.58	12.30	
300274	阳光电源	1.59	333065152	0.28	17.93	17.94	184943	1753	0.11	          1.75	17.66	
002919	名臣健康	10.00	324537312	3.30	36.30	--  	92750	98	0.00	         45.55	32.92	
600729	重庆百货	0.14	321375360	0.04	29.31	29.33	109200	8	0.86	          2.69	29.80	
603881	数据港	2.93	318877088	1.18	41.46	41.47	77011	42	-0.16	          6.02	41.00	
002251	步 步 高	3.93	317975744	0.60	15.87	15.88	199130	2192	-0.05	          2.62	15.52	
600520	文一科技	10.02	312418368	1.96	21.53	--  	148797	10	0.00	          9.39	20.54	
600171	上海贝岭	0.51	310814464	0.07	13.79	13.80	225314	29	0.07	          3.34	13.84	
600698	湖南天雁	0.29	307046208	0.02	6.91	6.92	450147	25	0.58	          6.11	6.73	
300479	神思电子	10.02	302824256	1.97	21.64	--  	141880	766	0.00	         16.12	20.26	
600967	内蒙一机	1.97	296600640	0.27	13.97	13.98	213321	400	0.07	          2.22	13.61	
002323	雅百特	4.17	294526656	0.28	6.99	7.00	429048	4491	-0.13	         13.35	6.65	
600009	上海机场	1.60	291492448	0.80	50.78	50.79	57331	18	0.04	          0.52	50.01	
600630	龙头股份	5.28	280524896	0.55	10.96	10.97	260271	82	0.27	          6.13	10.39	
01114	BRILLIANCE CHI	0.74	273944160	0.140	19.020	19.060	14346005	890000	0.32	          0.28	19.220	
600268	国电南自	10.00	273068352	0.60	6.60	--  	444643	98	0.00	          7.00	5.99	
600187	国中水务	9.94	266805424	0.49	5.42	--  	492737	11	0.00	          3.39	5.42	
03383	雅居乐集团	2.63	264787136	0.420	16.340	16.360	16141555	640000	0.25	          0.41	16.300	
300699	光威复材	1.04	262431408	0.56	54.32	54.33	48092	580	0.06	          5.23	54.00	
300706	阿石创	3.97	254902480	2.68	70.17	70.18	36192	349	0.11	         18.47	68.63	
600053	九鼎投资	1.53	251112272	0.42	27.85	27.86	89793	5	0.61	          2.07	26.99	
600415	小商品城	3.01	250620656	0.17	5.81	5.82	433410	79	0.52	          0.80	5.67	
300291	华录百纳	2.55	249051552	0.30	12.08	12.09	201681	1481	0.08	          3.38	12.80	
600583	海油工程	2.67	247296112	0.17	6.52	6.53	377375	17	0.15	          0.85	6.50	
300140	中环装备	1.61	246846144	0.22	13.91	13.92	179643	4859	0.43	          7.32	13.58	
002870	香山股份	10.00	242675648	2.80	30.80	--  	81848	139	0.00	         29.58	30.00	
600763	通策医疗	1.12	241384272	0.47	42.48	42.49	57121	2	0.47	          1.78	42.10	
600135	乐凯胶片	10.04	240299632	1.00	10.96	--  	226847	1	0.00	          6.16	9.91	
601808	中海油服	6.13	240284864	0.67	11.59	11.60	207417	13	0.26	          0.70	11.29	
000400	许继电气	3.93	239746048	0.48	12.70	12.71	192303	5874	-0.07	          1.91	12.24	
000960	锡业股份	1.21	237689712	0.17	14.26	14.27	165675	1521	0.14	          1.37	14.27	
300684	中石科技	1.75	237380416	0.93	54.19	54.20	43585	632	0.50	         20.07	53.56	
600037	歌华有线	3.31	236837264	0.44	13.74	13.77	175351	20	0.29	          1.50	13.28	
600178	东安动力	2.15	232540112	0.15	7.11	7.12	338370	15	0.28	          7.32	6.85	
002915	中欣氟材	2.58	230797424	0.93	37.00	37.01	62661	1209	0.14	         22.38	36.12	
600315	上海家化	1.45	229194768	0.56	39.13	39.14	58985	8	-0.27	          0.88	38.54	
300469	信息发展	10.01	229105616	4.11	45.18	--  	51347	259	0.00	         17.95	43.12	
300677	英科医疗	4.20	227725648	2.94	73.00	73.01	31538	663	0.58	         12.97	71.48	
600838	上海九百	10.03	221625632	0.91	9.98	--  	232586	3	0.00	          5.80	9.04	
300109	新开源	6.92	219562304	2.63	40.62	40.63	54956	602	0.57	          6.41	38.35	
600272	开开实业	9.96	216382688	1.07	11.81	--  	187575	5	0.00	         11.72	11.28	
002329	皇氏集团	3.88	212949968	0.25	6.69	6.70	317511	1558	0.00	          5.61	6.46	
002419	天虹股份	3.23	212858480	0.65	20.80	20.81	103131	1490	0.00	          1.29	19.97	
600372	中航电子	0.75	208809824	0.11	14.67	14.68	142965	3	0.00	          0.81	14.43	
300731	科创新源	10.00	206890288	3.58	39.38	--  	53617	318	0.00	         24.37	36.40	
300601	康泰生物	3.49	205647808	1.99	58.98	58.99	35352	1021	0.34	          2.21	56.88	
603499	翔港科技	6.20	204600800	1.69	28.91	28.99	73351	26	2.15	         29.34	26.92	
601952	苏垦农发	2.82	200358464	0.34	12.40	12.41	163194	39	-0.15	          6.28	12.07	
600095	哈高科	9.97	198176640	0.57	6.29	--  	322999	2	0.00	          8.94	5.71	
000018	神州长城	5.48	190157456	0.32	6.15	6.16	312400	3857	-0.15	          4.14	5.84	
002902	铭普光磁	3.63	188817648	1.25	35.66	35.67	53327	920	0.03	         15.24	34.67	
002869	金溢科技	1.50	185584560	0.45	30.37	30.38	60472	617	0.13	         20.49	30.00	
300650	太龙照明	3.75	184977200	1.61	44.48	44.49	41374	623	0.32	         26.21	43.55	
600088	中视传媒	10.00	184583984	1.38	15.18	--  	128358	50	0.00	          3.87	14.00	
002917	金奥博	3.92	182457296	1.11	29.41	29.42	62842	1735	1.27	         22.23	28.43	
300519	新光药业	3.26	181217872	0.72	22.78	22.79	82387	1519	1.61	          8.34	21.50	
600596	新安股份	0.98	180838432	0.13	13.42	13.43	134418	13	0.07	          1.98	13.31	
600855	航天长峰	4.19	178800336	0.58	14.42	14.44	125262	46	0.42	          3.79	13.80	
600833	第一医药	2.73	178795584	0.36	13.51	13.52	135162	193	-0.36	          6.06	13.18	
300623	捷捷微电	4.91	175335312	3.01	64.35	64.38	27591	324	0.00	          7.45	61.49	
01359	中国信达	0.68	175119280	0.020	2.960	2.970	58802852	3783000	0.34	          0.43	2.990	
603937	丽岛新材	2.98	173982752	0.62	21.44	21.46	81631	25	0.28	         15.63	20.99	
603776	永安行	3.32	172483008	1.99	61.86	61.88	28190	14	0.44	         11.75	59.90	
000901	航天科技	1.64	171612928	0.34	21.09	21.10	81921	1302	0.19	          2.17	20.68	
03899	中集安瑞科	5.91	170818160	0.410	7.340	7.350	22813818	386000	0.68	          1.17	7.140	
002918	蒙娜丽莎	3.12	170101920	1.49	49.20	49.21	34693	508	0.29	          8.80	47.97	
300657	弘信电子	10.01	166892336	3.74	41.12	--  	41039	36	0.00	         15.78	38.89	
600604	市北高新	0.99	166579920	0.07	7.16	7.17	232785	34	0.00	          2.23	7.17	
03328	交通银行	0.16	166139936	0.010	6.300	6.310	26243732	3251000	0.16	          0.07	6.370	
00152	深圳国际	3.71	164997616	0.600	16.740	16.760	9867537	215000	0.00	          0.49	16.420	
600343	航天动力	1.79	163749104	0.21	11.96	11.97	138248	19	0.34	          2.17	11.70	
02357	中航科工	3.24	163508496	0.170	5.410	5.420	30191648	1677000	0.00	          1.28	5.350	
002474	榕基软件	2.33	163154400	0.20	8.79	8.80	187820	4276	0.34	          4.04	8.68	
300736	百华悦邦	4.63	160230032	2.01	45.36	45.40	35741	914	-0.21	         26.32	42.72	
002300	太阳电缆	4.95	156157808	0.39	8.27	8.28	191977	2094	-0.11	          3.54	7.78	
600736	苏州高新	0.91	155988800	0.06	6.65	6.66	227149	3	-0.44	          1.99	6.95	
02883	中海油田服务	3.00	155061136	0.240	8.220	8.230	18614000	1262000	0.24	          1.03	8.190	
300571	平治信息	0.43	154763616	0.38	89.50	89.79	17451	492	1.00	          4.99	89.44	
00992	联想集团	0.48	154512416	0.020	4.190	4.200	36912688	5792000	0.48	          0.31	4.200	
603636	南威软件	6.98	153986128	0.68	10.40	10.41	151380	234	-0.28	          3.76	9.62	
300726	宏达电子	1.35	147568656	0.33	24.83	24.84	60019	1235	-0.15	         14.97	24.06	
603683	晶华新材	6.05	145765040	1.25	21.97	21.98	68105	21	0.69	         21.50	21.00	
600064	南京高科	1.95	143502256	0.27	14.11	14.14	100697	30	0.14	          1.30	14.15	
603716	塞力斯	5.90	142837840	3.57	64.12	64.16	22837	3	0.11	          5.94	60.66	
603366	日出东方	3.44	142142816	0.21	6.32	6.33	228697	155	-0.15	          2.86	6.00	
600650	锦江投资	4.41	140578672	0.62	14.69	14.70	97852	5	-0.06	          2.51	13.88	
07300	ＦＩ南方恒指	1.16	139584944	0.060	--  	--  	26914100	100	0.00	--  	5.170	
300494	盛天网络	3.84	139098784	0.61	16.48	16.49	84103	1190	0.12	          9.83	16.00	
000550	江铃汽车	1.81	138494048	0.35	19.64	19.65	70961	1082	0.31	          1.37	19.35	
002860	星帅尔	2.92	136870768	1.28	45.07	45.08	30709	1026	0.51	         20.20	44.00	
300302	同有科技	0.78	135816272	0.09	11.59	11.60	115918	1070	0.70	          4.74	11.70	
02098	卓尔集团	5.10	135617936	0.500	10.300	10.320	13351197	30000	0.00	          0.11	9.830	
600626	申达股份	4.41	135222160	0.31	7.35	7.36	187878	35	0.00	          2.65	7.03	
600080	金花股份	5.36	132529856	0.49	9.63	9.64	139444	16	-0.40	          4.57	9.09	
603917	合力科技	4.19	132228672	1.00	24.88	24.89	53734	18	0.24	         19.19	23.87	
603859	能科股份	5.27	131661152	1.16	23.18	23.19	57771	3	0.30	         11.58	21.80	
002630	华西能源	0.41	131085752	0.05	12.29	12.30	106617	1008	-0.15	          1.77	12.23	
01660	善乐国际	29.55	130135224	0.780	--  	--  	42934000	32000	4.91	          3.47	2.880	
600624	复旦复华	3.21	127453328	0.20	6.43	6.44	197528	30	0.16	          2.88	6.20	
600981	汇鸿集团	10.09	126066528	0.55	6.00	--  	212416	10	0.00	          8.78	5.60	
000759	中百集团	10.05	125821488	0.79	8.65	--  	150491	417	0.00	          2.21	7.87	
300697	电工合金	1.32	123062856	0.30	22.99	23.01	52974	712	0.00	         13.24	23.43	
600288	大恒科技	4.92	122349464	0.40	8.51	8.52	145043	5	0.12	          3.32	8.18	
603039	泛微网络	7.58	122342784	6.55	92.99	93.00	13632	4	-0.32	          5.06	86.28	
300311	任子行	3.81	121417016	0.50	13.62	13.63	88253	1147	0.07	          3.72	13.37	
002873	新天药业	5.63	120732056	2.23	41.83	41.84	28856	354	0.50	         16.76	40.09	
603777	来伊份	3.65	120351192	0.84	23.82	23.83	50407	5	0.51	          6.46	22.94	
600775	南京熊猫	4.80	120238240	0.37	8.08	8.09	153749	70	1.25	          2.29	7.66	
600689	上海三毛	10.00	118954952	1.13	12.43	--  	96329	10	0.00	          6.33	12.30	
00958	华能新能源	1.40	117615296	0.040	2.900	2.910	40426400	2040000	0.00	          0.80	2.900	
000426	兴业矿业	1.10	116871008	0.11	10.12	10.13	115028	1160	0.00	          0.86	10.20	
002522	浙江众成	4.76	116582656	0.46	10.12	10.13	116429	1439	0.00	          1.40	9.60	
002205	国统股份	6.24	115838976	1.09	18.56	18.57	63702	1042	-0.42	          5.48	17.38	
01999	敏华控股	0.87	115769064	0.060	6.920	6.930	16549771	364400	0.00	          0.43	6.950	
000628	高新发展	1.17	115011856	0.11	9.49	9.50	122772	1893	0.11	          6.53	9.36	
300558	贝达药业	0.98	114718736	0.62	63.70	63.71	17938	67	0.05	          1.06	63.20	
002895	川恒股份	1.39	114686208	0.33	24.09	24.10	47679	966	0.04	         11.92	23.88	
002893	华通热力	3.19	114399248	0.81	26.17	26.18	44190	1494	0.19	         14.73	25.22	
002830	名雕股份	6.17	113884256	1.17	20.12	20.13	58100	1663	-0.44	         14.58	18.88	
000878	云南铜业	0.33	113336064	0.04	12.01	12.02	94130	2058	0.25	          0.66	12.10	
002777	久远银海	9.93	113166648	3.42	37.86	37.87	30598	531	0.75	          5.10	34.50	
600692	亚通股份	4.17	112435176	0.39	9.72	9.73	117113	1	-0.19	          4.59	9.30	
300025	华星创业	2.16	112035232	0.12	5.67	5.68	201731	4472	0.53	          5.94	5.48	
002786	银宝山新	10.05	111903496	0.83	9.09	--  	125957	414	0.00	          9.11	8.28	
002417	深南股份	2.94	111736592	0.34	11.88	11.89	95318	1310	-0.33	          4.25	11.44	
08207	中新控股	3.23	111491248	0.030	--  	--  	117428000	4000	2.13	          0.52	0.950	
600730	中国高科	2.23	111410592	0.14	6.42	6.43	170886	16	-0.30	          2.91	6.27	
600326	西藏天路	0.87	111100808	0.08	9.22	9.23	120588	2	0.44	          1.39	9.20	
603179	新泉股份	2.12	110649560	0.82	39.43	39.44	28186	15	0.08	          4.23	38.63	
600830	香溢融通	2.31	109704104	0.17	7.51	7.52	146627	15	1.21	          3.23	7.30	
600562	国睿科技	1.34	109042144	0.29	21.87	21.88	50223	25	0.05	          1.53	21.40	
603233	大参林	2.65	105425824	1.44	55.63	55.70	19008	5	-0.37	          4.75	54.10	
000831	五矿稀土	1.22	105284736	0.13	10.77	10.78	97682	464	0.28	          1.00	10.67	
601882	海天精工	2.79	104988024	0.34	12.52	12.53	85357	35	0.40	          6.78	12.03	
300691	联合光电	4.78	104291048	3.13	68.60	68.61	15272	385	0.12	          7.14	67.00	
600555	海航创新	3.50	103933696	0.15	4.42	4.43	238451	5	0.23	          2.45	4.22	
000920	南方汇通	4.76	98823512	0.41	9.02	9.03	110569	1530	-0.10	          2.62	8.67	
601168	西部矿业	0.28	98555168	0.02	7.20	7.21	135982	10	-0.13	          0.57	7.23	
002172	澳洋科技	1.78	98223328	0.10	5.72	5.73	167069	683	-0.16	          2.99	5.90	
603157	拉夏贝尔	3.71	98168168	0.61	17.05	17.06	58272	15	0.18	         10.64	16.35	
603003	龙宇燃油	0.24	97749784	0.03	12.33	12.34	80102	5	0.16	          1.82	12.10	
300630	普利制药	2.83	96471800	2.03	73.79	73.80	12923	307	0.03	          4.23	72.77	
600339	中油工程	1.60	95246824	0.07	4.44	4.45	213897	416	0.00	          1.38	4.44	
06808	高鑫零售	0.66	94327200	0.060	9.110	9.120	10299500	576500	-0.22	          0.11	9.050	
00489	东风集团股份	1.12	92713072	0.110	9.880	9.890	9332399	948000	0.41	          0.33	9.870	
02638	港灯－ＳＳ	0.79	92653688	0.060	--  	--  	12154127	500	0.00	          0.14	7.600	
603813	原尚股份	1.89	92521656	0.53	28.53	28.54	31953	5	-0.27	         14.48	28.38	
300101	振芯科技	0.56	92449288	0.08	14.38	14.39	64051	575	-0.13	          1.17	14.29	
002485	希努尔	1.79	92178536	0.47	26.65	26.67	34568	434	-0.03	          1.08	26.01	
600679	上海凤凰	6.19	91790224	1.05	18.03	18.05	52172	2	0.17	          2.73	16.85	
603283	赛腾股份	0.04	91338296	0.01	28.57	28.59	31788	6	-0.02	          7.95	28.33	
00494	利丰	1.41	90469744	0.060	4.300	4.310	21143068	2956000	0.23	          0.25	4.240	
300608	思特奇	0.50	90064680	0.15	30.24	30.25	30080	372	-0.45	          5.22	29.53	
002278	神开股份	1.02	90013376	0.12	11.91	11.92	75748	1984	0.25	          2.21	11.78	
603767	中马传动	2.79	89841624	0.39	14.36	14.38	63391	10	0.00	         11.89	13.98	
600439	瑞贝卡	1.70	89644544	0.10	5.97	5.98	151380	867	0.17	          1.34	5.82	
002771	真视通	9.98	89324752	1.60	17.64	--  	52068	97	0.00	          7.30	16.10	
600101	明星电力	3.27	89251920	0.28	8.84	8.85	101591	250	0.34	          3.13	8.69	
600759	洲际油气	1.56	89104632	0.06	3.90	3.91	227427	6	0.26	          1.01	3.94	
603133	碳元科技	4.36	87825752	1.16	27.76	27.78	31572	57	0.00	          6.07	26.50	
002749	国光股份	5.96	87658640	3.91	69.51	69.54	12755	86	0.00	          2.63	65.40	
300531	优博讯	1.20	87501440	0.19	16.04	16.05	53954	652	0.19	          4.42	16.10	
600676	交运股份	2.78	86878144	0.17	6.27	6.28	140779	8	0.00	          1.46	6.05	
00151	中国旺旺	0.32	86246288	0.020	6.340	6.350	13432728	1160000	0.32	          0.11	6.490	
000007	全新好	2.42	86181848	0.34	14.37	14.38	59318	807	-0.34	          1.92	14.50	
300521	爱司凯	4.95	86046088	0.68	14.42	14.43	59564	500	-0.54	          6.28	13.55	
300716	国立科技	1.41	85571112	0.34	24.50	24.51	35077	542	0.33	         13.15	23.98	
002538	司尔特	3.29	85422616	0.26	8.16	8.17	105838	1300	0.00	          1.51	7.98	
000985	大庆华科	10.02	84310208	1.94	21.30	--  	40010	40	0.00	          3.09	20.77	
603289	泰瑞机器	1.87	83848416	0.30	16.38	16.39	51328	200	0.12	         10.06	15.95	
002885	京泉华	2.81	83601600	0.97	35.49	35.50	23745	543	0.31	         11.87	34.28	
600105	永鼎股份	1.40	83307424	0.08	5.79	5.80	143105	30	0.52	          1.88	5.89	
300543	朗科智能	4.14	82754936	1.02	25.63	25.64	32813	1159	0.59	          7.70	25.00	
600073	上海梅林	2.31	82512776	0.17	7.53	7.54	110408	50	0.13	          1.18	7.35	
002359	北讯集团	0.67	82358744	0.18	27.21	27.22	30439	380	0.11	          0.43	27.03	
002836	新宏泽	1.51	82255224	0.27	18.16	18.17	45676	467	0.17	          8.10	17.65	
300696	爱乐达	0.38	81435088	0.22	57.90	57.93	14015	180	0.24	          8.12	57.68	
002106	莱宝高科	1.72	81323088	0.14	8.26	8.27	97595	1583	0.12	          1.39	8.15	
603557	起步股份	1.50	79998008	0.26	17.61	17.62	45821	10	0.34	          9.75	17.58	
300554	三超新材	4.88	79392008	3.98	85.60	85.62	9388	63	0.28	          7.22	81.46	
603578	三星新材	3.16	78486792	1.16	37.89	37.90	21001	2	0.03	          6.58	36.66	
603607	京华激光	2.81	78373088	0.98	35.90	35.91	21815	3	0.22	          9.58	34.95	
06823	香港电讯－ＳＳ	0.40	77949824	0.040	--  	--  	7869024	1000	0.10	          0.10	9.900	
601118	海南橡胶	0.72	77844136	0.04	5.61	5.62	138070	121	-0.34	          0.35	5.61	
603848	好太太	0.49	77539632	0.09	18.50	18.51	42035	9	0.00	         10.25	18.74	
002751	易尚展示	2.87	76279888	1.03	36.95	36.96	20782	184	0.08	          2.71	36.19	
002182	云海金属	0.50	74928728	0.04	7.98	7.99	93410	1046	0.00	          2.07	7.91	
603336	宏辉果蔬	4.75	74714744	0.93	20.50	20.52	36803	2	0.39	          6.97	19.50	
603933	睿能科技	2.80	74042040	1.13	41.41	41.44	17998	45	0.66	          7.01	40.45	
002886	沃特股份	3.02	73424488	0.90	30.72	30.75	23910	279	-0.06	         12.19	31.00	
002682	龙洲股份	1.48	72924256	0.15	10.29	10.30	69424	770	-0.09	          3.61	10.60	
000014	沙河股份	3.56	72517208	0.38	11.05	11.06	65836	805	0.45	          3.26	10.65	
002843	泰嘉股份	3.41	72514352	0.60	18.19	18.20	40399	881	-0.10	          4.81	17.64	
600980	北矿科技	3.19	72408720	0.48	15.52	15.53	47165	5	0.58	          3.29	15.10	
000557	西部创业	2.80	72134648	0.13	4.77	4.78	150662	2510	0.21	          2.57	4.68	
600590	泰豪科技	0.57	71998968	0.06	10.63	10.64	68004	20	0.38	          1.34	10.69	
000721	西安饮食	4.91	71795736	0.25	5.34	5.35	135331	1447	-0.18	          3.11	5.12	
600871	石化油服	0.43	71666656	0.01	2.32	2.33	307441	10	0.00	          0.26	2.31	
600152	维科精华	2.33	71387224	0.16	7.04	7.05	99990	10	0.00	          3.41	6.85	
07388	ＦＩ南方国指	0.55	71380104	0.030	--  	--  	13054700	400	-0.18	--  	5.470	
002768	国恩股份	1.66	69513848	0.43	26.31	26.33	26683	524	0.73	          3.07	25.80	
300588	熙菱信息	3.16	68333256	0.95	31.00	31.02	22120	115	0.32	          7.07	30.19	
601968	宝钢包装	4.75	67943728	0.23	5.06	5.07	136605	12	1.40	          4.36	4.83	
002588	史丹利	2.19	67815544	0.16	7.44	7.45	91791	3388	0.13	          1.30	7.28	
002748	世龙实业	10.00	67784360	1.30	14.30	--  	47548	56	0.00	          1.98	14.00	
300689	澄天伟业	2.59	67691352	0.99	39.17	39.18	17229	387	0.00	         10.13	38.53	
600824	益民集团	3.33	67472048	0.15	4.65	4.66	146344	150	0.22	          1.39	4.49	
603326	我乐家居	0.42	67205824	0.09	21.59	21.60	31103	1	0.28	          7.78	21.75	
603042	华脉科技	1.05	67040868	0.27	25.94	25.95	25586	13	0.04	          7.53	25.90	
603660	苏州科达	1.14	66382288	0.42	37.16	37.17	17812	2	0.24	          1.05	37.00	
603685	晨丰科技	3.09	65911332	0.92	30.63	30.65	21679	12	0.62	          8.67	29.73	
300598	诚迈科技	10.01	65436420	2.82	31.00	--  	21321	114	0.00	          4.41	30.49	
000722	湖南发展	3.95	65255628	0.36	9.47	9.48	70033	2535	-0.10	          1.51	9.15	
300631	久吾高科	10.01	65136144	2.80	30.76	--  	21176	597	0.00	          8.22	30.76	
300234	开尔新材	2.55	65067004	0.22	8.84	8.85	73439	816	0.00	          4.89	8.55	
002549	凯美特气	3.03	64875600	0.20	6.79	6.80	96424	2065	-0.28	          1.55	6.60	
603078	江化微	3.60	64409944	2.03	58.39	58.47	11126	2	0.34	          7.42	56.55	
603882	金域医学	1.54	63851588	0.45	29.69	29.70	21561	10	0.00	          3.14	29.43	
600800	天津磁卡	10.07	63707540	0.54	5.90	--  	109095	100	0.00	          1.79	5.42	
603860	中公高科	5.04	63070748	1.66	34.56	34.59	18624	18	0.14	         11.17	32.69	
300705	九典制药	10.00	62760960	2.97	32.66	--  	19216	53	0.00	          6.55	32.66	
600704	物产中大	0.15	62624148	0.01	6.60	6.61	94444	5	-0.29	          0.71	6.60	
603060	国检集团	10.01	62594888	2.07	22.75	--  	27774	10	0.00	          4.35	20.61	
300717	华信新材	1.91	62503360	0.67	35.75	35.76	17463	523	0.14	         10.91	35.30	
600502	安徽水利	0.15	62043368	0.01	6.72	6.73	92173	5	0.00	          1.21	6.75	
000685	中山公用	0.90	61687660	0.09	10.12	10.13	60740	305	0.00	          0.48	10.03	
002815	崇达技术	1.34	61669936	0.42	31.84	31.85	19346	157	0.25	          1.82	31.46	
000011	深物业A	1.63	61211580	0.26	16.20	16.21	37798	729	0.25	          2.15	15.89	
000637	茂化实华	1.58	61090740	0.09	5.77	5.78	105232	1841	0.00	          2.87	5.73	
300683	海特生物	2.08	60938044	1.02	50.00	50.01	12216	262	0.22	          4.73	49.10	
000698	沈阳化工	1.81	60843160	0.10	5.62	5.63	108444	771	0.18	          2.51	5.50	
002394	联发股份	0.91	60791908	0.11	12.18	12.19	49264	166	0.08	          1.52	12.55	
002398	建研集团	1.95	60602624	0.25	13.08	13.10	46343	1364	0.77	          1.81	13.14	
600655	豫园股份	0.40	60569456	0.04	10.05	10.06	60420	50	0.00	          0.42	10.05	
601038	一拖股份	1.54	60441536	0.11	7.23	7.24	83839	189	-0.13	          1.41	7.09	
002881	美格智能	1.36	60337176	0.39	29.04	29.05	20929	385	0.10	          7.85	28.55	
000727	华东科技	0.40	60152908	0.01	2.48	2.49	243198	4556	0.40	          1.00	2.47	
603617	君禾股份	0.81	60067524	0.18	22.28	22.30	26895	14	0.81	         10.76	21.92	
601339	百隆东方	1.26	59558780	0.07	5.63	5.64	103533	1	-0.17	          0.69	5.83	
600826	兰生股份	2.21	58816024	0.29	13.38	13.39	44379	30	0.15	          1.06	13.05	
08473	弥明生活百货	33.33	58345704	0.155	--  	--  	101940000	270000	1.64	          9.10	0.475	
600978	宜华生活	0.60	57588976	0.05	8.42	8.43	68294	40	0.12	          0.46	8.44	
000043	中航地产	3.01	57586320	0.27	9.24	9.25	62705	723	0.00	          0.94	8.98	
000548	湖南投资	3.13	57568052	0.20	6.58	6.59	88659	2951	0.15	          1.78	6.37	
603183	建研院	1.04	57378192	0.39	38.05	38.09	15051	5	0.11	          6.84	38.02	
603639	海利尔	2.72	56372808	1.19	44.94	44.95	12606	2	0.11	          3.25	43.84	
00956	新天绿色能源	1.40	55571096	0.030	--  	--  	25678802	14000	0.93	          1.40	2.130	
600353	旭光股份	1.32	55062024	0.08	6.14	6.15	89076	25	0.00	          1.64	6.06	
002338	奥普光电	2.50	54663904	0.32	13.10	13.11	41617	661	-0.22	          1.73	12.68	
002889	东方嘉盛	2.36	54653456	0.63	27.29	27.30	20200	494	0.18	          5.85	26.79	
002214	大立科技	1.75	53939668	0.12	6.98	6.99	77308	903	0.00	          2.12	6.87	
000965	天保基建	1.08	53613288	0.06	5.62	5.63	95305	453	-0.17	          0.94	5.54	
600861	北京城乡	3.49	53597628	0.31	9.19	9.20	59011	2	-0.10	          1.86	8.91	
600731	湖南海利	3.40	53490408	0.25	7.61	7.62	70925	15	0.00	          2.17	7.37	
300710	万隆光电	1.50	53357604	0.56	37.88	37.90	14108	294	0.21	          8.06	37.26	
600533	栖霞建设	1.61	53134936	0.07	4.41	4.42	118886	99	0.23	          1.13	4.53	
000099	中信海直	1.54	52821456	0.13	8.56	8.57	62438	1811	0.35	          1.03	8.41	
002298	中电鑫龙	2.51	52276228	0.21	8.56	8.57	61546	1671	0.12	          1.32	8.39	
603630	拉芳家化	2.96	52123704	0.70	24.35	24.36	21578	22	0.00	          3.45	23.64	
300720	海川智能	2.14	52045712	0.61	29.10	29.13	18013	516	0.52	         10.01	28.90	
601789	宁波建工	1.48	51872684	0.06	4.11	4.12	125988	200	0.49	          1.29	4.05	
300548	博创科技	2.30	51595408	0.98	43.62	43.63	11876	220	0.18	          3.48	42.60	
002828	贝肯能源	0.26	51530604	0.06	23.16	23.17	21982	186	0.09	          3.84	23.46	
002114	罗平锌电	0.06	50683636	0.01	16.30	16.31	30966	1602	0.37	          0.96	16.42	
601028	玉龙股份	1.37	50633024	0.12	8.89	8.90	57389	20	0.68	          0.73	8.79	
603197	保隆科技	3.02	50224824	1.30	44.38	44.43	11212	12	0.27	          3.83	43.58	
600724	宁波富达	4.84	49951560	0.17	3.68	3.69	136155	100	-0.53	          0.94	3.48	
600463	空港股份	1.98	49926452	0.21	10.80	10.81	46499	3	0.00	          1.55	10.49	
600329	中新药业	2.13	49785924	0.30	14.36	14.38	34870	11	0.14	          0.62	14.05	
600389	江山股份	0.48	49600580	0.09	19.04	19.05	26070	132	0.48	          0.88	18.85	
000062	深圳华强	2.02	49565196	0.41	20.72	20.73	23964	156	0.15	          0.36	20.40	
002887	绿茵生态	2.04	49321636	1.39	69.49	69.50	7157	97	0.00	          3.58	68.17	
603507	振江股份	0.88	49012520	0.27	31.09	31.10	15808	17	0.03	          5.03	30.60	
300549	优德精密	5.68	48729504	1.07	19.90	19.91	25107	943	-0.09	          4.11	18.83	
603300	华铁科技	1.59	48685152	0.12	7.68	7.69	63724	63	0.26	          2.29	7.54	
002703	浙江世宝	0.42	48634488	0.03	7.10	7.11	68138	1224	0.14	          1.52	7.06	
603936	博敏电子	2.78	48596076	0.58	21.45	21.48	22891	3	0.47	          4.08	20.88	
000859	国风塑业	2.07	48453556	0.08	3.94	3.95	122290	915	0.25	          1.65	3.85	
01302	先健科技	2.67	48393424	0.060	2.310	2.320	20886000	130000	1.32	          0.48	2.250	
00400	科通芯城	1.76	48324724	0.080	4.600	4.620	10521000	259000	0.00	          0.72	4.500	
603727	博迈科	1.71	48304416	0.34	20.20	20.22	23792	10	0.30	          2.51	20.00	
02840	ＳＰＤＲ金ＥＴＦ	1.17	47869244	11.500	--  	--  	48360	150	0.10	--  	987.000	
002880	卫光生物	2.17	47752412	1.13	53.25	53.30	8956	151	0.13	          3.32	52.14	
002809	红墙股份	0.31	47479696	0.09	28.89	28.90	16406	510	0.28	          2.73	28.59	
603878	武进不锈	2.40	47349808	0.39	16.68	16.69	28626	100	-0.11	          2.83	16.27	
300484	蓝海华腾	2.38	47323208	0.45	19.31	19.33	24592	519	-0.14	          2.62	18.90	
002480	新筑股份	0.26	46805196	0.02	7.71	7.72	60877	869	0.65	          0.95	7.70	
603031	安德利	2.30	46615448	0.53	23.55	23.59	19810	15	0.08	          4.96	23.01	
600843	上工申贝	2.71	46308252	0.28	10.61	10.62	44260	67	-0.08	          1.45	10.25	
603809	豪能股份	2.02	46119544	0.62	31.32	31.35	14749	28	-0.15	          5.53	30.90	
300326	凯利泰	2.02	45487328	0.17	8.57	8.58	53276	1724	0.12	          0.83	8.49	
600269	赣粤高速	0.20	45397320	0.01	5.03	5.04	90457	36	0.20	          0.39	5.03	
01112	Ｈ＆Ｈ国际控股	0.85	45172856	0.450	53.700	53.750	839500	19000	0.28	          0.13	53.400	
600687	刚泰控股	0.19	44883408	0.02	10.81	10.84	41394	290	0.56	          0.38	10.79	
000928	中钢国际	0.34	44682124	0.02	5.98	5.99	74494	780	-0.16	          1.00	5.94	
600561	江西长运	0.47	44610056	0.04	8.48	8.49	52246	4	-0.11	          2.20	8.46	
300566	激智科技	1.67	44156892	0.46	27.95	27.96	15793	229	-0.03	          2.17	27.50	
000058	深 赛 格	2.57	44018340	0.17	6.79	6.80	65328	1887	-0.14	          1.21	6.60	
002010	传化智联	1.01	43783548	0.17	17.01	17.02	25892	275	0.12	          0.63	16.85	
300635	达安股份	1.86	43779996	0.31	16.96	16.97	25903	414	0.36	          7.64	16.69	
600862	中航高科	0.36	43164544	0.03	8.30	8.31	51744	12	0.12	          0.65	8.30	
002862	实丰文化	3.59	43047116	1.02	29.45	29.46	14822	649	0.61	          7.41	28.50	
300421	力星股份	2.96	42947544	0.55	19.15	19.18	22483	752	0.47	          1.85	18.62	
603232	格尔软件	3.53	42888312	1.55	45.38	45.40	9558	28	0.58	          6.27	43.76	
002882	金龙羽	1.69	42615100	0.21	12.67	12.68	34026	1726	0.24	          4.25	12.48	
300681	英搏尔	2.20	42595904	1.09	50.69	50.70	8453	107	0.00	          4.47	49.60	
600082	海泰发展	2.85	42545564	0.16	5.82	5.83	73363	10	0.87	          1.16	5.63	
002618	丹邦科技	1.10	42262884	0.12	11.00	11.01	38185	289	-0.44	          0.70	10.95	
002225	濮耐股份	2.80	42187512	0.13	4.77	4.78	87421	289	0.00	          1.40	4.66	
002238	天威视讯	3.93	41858560	0.35	9.25	9.26	45822	833	0.11	          0.74	8.87	
300584	海辰药业	0.20	41560772	0.09	45.50	45.51	9151	461	0.20	          2.85	45.20	
601811	新华文轩	3.37	41276508	0.42	12.97	12.98	32401	4	0.86	          1.63	12.56	
02128	中国联塑	1.50	41181620	0.090	6.100	6.110	6675000	164000	-0.16	          0.22	6.080	
601020	华钰矿业	0.83	41177664	0.15	18.28	18.30	22532	4	0.00	          0.80	18.14	
600605	汇通能源	0.66	40982444	0.08	12.29	12.30	33502	10	-0.07	          2.27	12.20	
01368	特步国际	3.61	40843512	0.150	4.300	4.310	9391500	82500	0.23	          0.42	4.200	
002852	道道全	0.32	40683960	0.09	28.45	28.47	14258	285	-0.44	          1.93	28.20	
300164	通源石油	0.15	40631432	0.01	6.56	6.57	60836	685	0.00	          1.93	6.63	
300250	初灵信息	2.73	40514820	0.39	14.69	14.70	27764	962	0.62	          2.21	14.32	
000617	中油资本	0.77	40093132	0.11	14.35	14.36	27811	677	0.14	          0.97	14.25	
002101	广东鸿图	0.32	39831316	0.06	18.77	18.78	21160	234	0.21	          0.85	18.82	
600287	江苏舜天	2.76	39783648	0.19	7.06	7.07	56455	3	0.14	          1.29	6.92	
600452	涪陵电力	3.38	39771272	1.14	34.88	34.90	11430	2	-0.16	          0.71	33.70	
600262	北方股份	1.08	39725636	0.23	21.51	21.54	18580	2	0.00	          1.09	21.24	
600310	桂东电力	0.17	39369468	0.01	5.76	5.77	68154	101	0.00	          0.82	5.75	
08083	中国创新支付	3.03	39098780	0.015	--  	--  	77400000	16000	2.00	          1.11	0.495	
600768	宁波富邦	2.63	38944952	0.34	13.22	13.28	29242	1	0.38	          2.19	12.93	
002546	新联电子	2.61	38885868	0.12	4.71	4.72	83160	1031	-0.20	          1.06	4.60	
002316	键桥通讯	4.25	38575028	0.44	10.79	10.80	35684	602	0.00	          1.13	10.42	
300605	恒锋信息	4.62	38134104	1.16	26.18	26.26	14611	108	-0.10	          3.91	25.13	
600834	申通地铁	3.71	37598980	0.33	9.23	9.24	41283	5	0.00	          0.86	8.85	
300653	正海生物	1.25	37251380	0.44	35.58	35.60	10426	73	0.31	          5.21	35.43	
000565	渝三峡Ａ	2.89	37046532	0.19	6.76	6.77	54975	494	0.30	          1.27	6.58	
300609	汇纳科技	10.00	36755236	3.26	35.87	--  	10247	99	0.00	          1.94	35.87	
300665	飞鹿股份	1.62	36636356	0.40	25.02	25.05	14701	610	-0.27	          7.74	24.60	
600356	恒丰纸业	2.27	36363132	0.18	8.10	8.11	45146	20	0.00	          1.51	7.95	
300547	川环科技	1.75	36318276	0.92	53.62	53.67	6761	103	0.21	          2.16	52.90	
300557	理工光科	3.46	36291608	1.20	35.90	35.92	10248	549	0.42	          3.00	34.52	
600182	S佳通	0.97	36257736	0.26	26.94	26.96	13495	1	0.63	          0.79	26.95	
00866	中国秦发	12.28	36212864	0.070	--  	--  	56600780	322000	0.00	          2.27	0.570	
002865	钧达股份	2.67	35999588	0.50	19.02	19.20	18951	1116	0.89	          6.32	18.84	
000890	法 尔 胜	10.01	35816156	0.68	7.47	--  	47947	61	0.00	          1.26	7.47	
002840	华统股份	2.06	35451268	0.75	37.20	37.21	9589	368	0.03	          0.98	36.11	
300404	博济医药	3.51	34640440	0.55	16.19	16.20	21503	208	-0.17	          3.31	15.66	
600336	澳柯玛	2.89	34526396	0.13	4.63	4.64	75510	4	0.43	          1.03	4.50	
300414	中光防雷	1.07	34344516	0.21	19.80	19.82	17807	558	0.92	          2.13	19.16	
002827	高争民爆	0.51	34316876	0.09	17.84	17.85	19318	279	0.17	          3.06	17.58	
300505	川金诺	0.36	34193880	0.10	28.10	28.11	12091	309	0.07	          3.19	28.00	
00440	大新金融	2.82	34187436	1.400	51.050	51.150	672476	16800	0.10	          0.20	49.900	
603488	展鹏科技	1.10	34101972	0.21	19.30	19.31	17790	20	1.10	          3.42	19.01	
002835	同为股份	2.01	33950648	0.20	10.15	10.16	33125	227	0.30	          4.56	9.96	
300682	朗新科技	10.01	33818620	1.95	21.43	--  	15781	161	0.00	          3.51	21.43	
002824	和胜股份	1.75	33803388	0.27	15.70	15.71	21681	828	0.13	          2.93	15.43	
001696	宗申动力	0.68	33764272	0.04	5.93	5.94	56916	293	0.34	          0.64	5.90	
002378	章源钨业	0.47	33755712	0.04	8.61	8.62	39054	311	0.12	          0.42	8.57	
600235	民丰特纸	2.72	33475520	0.17	6.41	6.42	52517	20	-0.15	          1.49	6.25	
603136	天目湖	0.80	33098288	0.30	37.46	37.58	8818	3	0.72	          4.41	37.30	
000655	金岭矿业	1.45	32786834	0.08	5.60	5.61	58941	1684	0.36	          0.99	5.54	
601199	江南水务	1.15	32450648	0.06	5.27	5.28	61949	84	0.00	          0.66	5.18	
300402	宝色股份	1.18	32445686	0.13	11.11	11.12	29312	505	0.00	          3.40	10.99	
002772	众兴菌业	1.73	32431850	0.17	10.01	10.02	32495	565	0.30	          1.47	9.81	
000972	*ST中基	1.68	32319838	0.07	4.24	4.25	76640	793	0.24	          0.99	4.17	
600888	新疆众和	0.34	32115646	0.02	5.97	5.98	53596	23	0.17	          0.64	5.96	
300617	安靠智电	2.74	32106590	1.24	46.50	46.51	6967	606	0.22	          2.85	45.26	
02356	大新银行集团	3.90	31993192	0.660	17.560	17.600	1836373	14000	0.11	          0.13	17.080	
000929	兰州黄河	0.44	31634730	0.04	9.07	9.08	34860	482	0.11	          1.88	9.00	
603308	应流股份	0.07	31595134	0.01	13.95	13.96	22478	8	-0.06	          0.56	13.95	
000702	正虹科技	1.96	31402458	0.13	6.76	6.77	46866	780	0.00	          1.76	6.63	
603238	诺邦股份	2.74	31277190	0.57	21.34	21.35	14722	26	0.00	          4.91	20.76	
000552	靖远煤电	0.85	31121210	0.03	3.57	3.58	87358	1733	0.28	          0.56	3.54	
00658	中国高速传动	2.12	30958472	0.240	11.560	11.580	2685000	25000	-0.34	          0.16	11.360	
603757	大元泵业	0.40	30903884	0.23	57.23	57.28	5411	18	0.12	          2.58	56.98	
603337	杰克股份	2.29	30641836	1.16	51.81	51.89	5931	10	0.17	          1.08	50.34	
01776	广发证券	0.27	30414448	0.040	14.840	14.860	2036620	320000	0.13	          0.12	15.000	
600683	京投发展	1.57	30342482	0.09	5.81	5.82	52045	10	-0.16	          0.70	5.71	
000026	飞亚达Ａ	0.98	30273476	0.10	10.33	10.34	29310	274	0.00	          0.82	10.24	
08022	永耀集团控股	3.85	30124968	0.040	--  	--  	28366518	1500000	0.00	          1.71	1.020	
601999	出版传媒	2.62	29357206	0.19	7.45	7.46	39622	103	0.40	          0.72	7.25	
603886	元祖股份	0.37	29311352	0.07	18.92	18.93	15465	38	0.00	          1.28	18.84	
01166	星凯控股	15.85	29278088	0.130	--  	--  	32811860	100000	-1.04	          1.39	0.830	
600131	岷江水电	1.91	29111064	0.12	6.37	6.38	45811	10	0.16	          1.15	6.25	
00486	俄铝	0.85	28950706	0.040	--  	--  	6088120	1000	0.00	          0.04	4.760	
603637	镇海股份	4.09	28741180	0.82	20.84	20.89	13944	55	0.05	          4.19	20.04	
002248	*ST东数	2.07	28698788	0.19	9.37	9.39	30349	557	0.00	          0.99	9.49	
600719	大连热电	3.99	28505874	0.23	6.02	6.03	47511	10	0.00	          1.17	5.77	
600714	金瑞矿业	2.27	28222048	0.19	8.52	8.54	33110	12	0.59	          1.16	8.36	
600232	金鹰股份	2.58	28060638	0.17	6.74	6.75	42016	20	0.75	          1.15	6.56	
603580	艾艾精工	2.59	28013944	0.72	28.55	28.57	9899	29	0.32	          5.94	27.61	
600576	祥源文化	0.15	27635924	0.01	6.59	6.62	41913	25	0.46	          0.87	6.56	
600819	耀皮玻璃	2.78	27630160	0.14	5.18	5.19	53709	19	0.00	          0.72	5.04	
002210	飞马国际	0.32	27530770	0.04	12.44	12.45	22197	888	0.16	          0.17	12.40	
002872	天圣制药	0.72	27491672	0.22	30.91	30.95	8857	43	0.10	          1.67	30.85	
603823	百合花	1.40	27153204	0.21	15.23	15.24	17959	8	0.13	          2.55	14.98	
603277	银都股份	0.61	26945584	0.09	14.86	14.87	18062	40	0.13	          2.74	14.87	
603726	朗迪集团	3.69	26557116	1.05	29.50	29.51	9111	1	0.00	          3.85	28.46	
002207	*ST准油	1.25	26354724	0.10	8.10	8.11	32522	605	0.25	          1.48	8.06	
300669	沪宁股份	0.95	26255666	0.22	23.38	23.40	11288	325	1.08	          5.36	23.88	
002696	百洋股份	1.53	26219922	0.29	19.28	19.30	13638	179	-0.15	          0.77	19.01	
600857	宁波中百	2.59	26017468	0.27	10.67	10.69	24409	8	0.28	          1.09	10.47	
603987	康德莱	0.86	25853916	0.10	11.67	11.68	22114	5	0.00	          1.16	11.59	
603022	新通联	0.89	25481402	0.10	11.31	11.32	22628	71	0.18	          3.48	11.20	
002731	萃华珠宝	0.78	25435704	0.12	15.47	15.48	16360	320	0.19	          1.09	15.41	
002498	汉缆股份	0.97	25392220	0.03	3.11	3.12	81536	1500	0.00	          0.25	3.09	
300460	惠伦晶体	4.19	25266084	0.49	12.16	12.18	20674	306	0.66	          2.16	11.67	
002134	*ST普林	3.64	25072460	0.30	8.54	8.55	29441	632	0.00	          1.20	8.30	
300565	科信技术	0.64	25068114	0.12	18.90	18.91	13377	200	0.00	          2.45	18.77	
300069	金利华电	0.03	24861770	0.01	29.01	29.02	8578	1617	0.31	          0.94	28.99	
603577	汇金通	2.42	24856196	0.30	12.70	12.71	19667	29	0.24	          2.54	12.37	
300499	高澜股份	3.24	24750346	0.55	17.53	17.54	14213	365	0.06	          2.12	16.93	
600757	长江传媒	0.44	24528170	0.03	6.82	6.83	35859	97	0.15	          0.30	6.81	
002884	凌霄泵业	1.16	24391048	0.59	51.39	51.58	4733	45	0.27	          2.44	51.56	
600513	联环药业	0.48	24355388	0.04	8.34	8.35	29140	31	0.00	          1.02	8.28	
603198	迎驾贡酒	0.78	24303546	0.12	15.58	15.61	15573	6	-0.18	          0.94	15.53	
300106	西部牧业	1.00	24065814	0.07	7.04	7.05	34204	468	0.14	          1.63	6.97	
300632	光莆股份	2.01	23726226	0.41	20.76	20.77	11454	187	0.24	          3.96	20.40	
600841	上柴股份	3.98	23337096	0.47	12.36	12.38	19403	55	1.24	          0.37	11.79	
600429	三元股份	1.15	23293084	0.07	6.17	6.18	37843	4	0.16	          0.43	6.09	
000159	国际实业	1.06	23246574	0.05	4.74	4.75	49015	968	0.00	          1.02	4.69	
07336	ＦＩ未来恒指	1.30	23223036	0.070	--  	--  	4248200	290300	0.00	--  	5.360	
300510	金冠电气	1.83	23097416	0.48	26.68	26.69	8702	173	0.19	          1.18	26.13	
603979	金诚信	0.72	23080388	0.07	9.83	9.84	23526	20	-0.19	          0.97	9.77	
300384	三联虹普	3.26	22954116	0.81	25.61	25.62	9010	182	0.08	          1.27	25.06	
600961	株冶集团	2.32	22902560	0.18	7.92	7.93	28992	6	-0.12	          0.55	7.75	
07312	ＦＩ　三星恒指	1.16	22800912	0.050	--  	--  	5260400	10000	0.00	--  	4.500	
000705	浙江震元	1.58	22681034	0.12	7.71	7.72	29660	775	0.13	          1.05	7.61	
603303	得邦照明	0.98	22638480	0.12	12.42	12.43	18274	5	0.49	          1.79	12.30	
01266	西王特钢	0.64	22582702	0.010	--  	--  	14384000	48000	-0.63	          0.64	1.560	
300528	幸福蓝海	0.77	22540342	0.09	11.84	11.85	19086	355	0.17	          1.26	11.78	
603728	鸣志电器	0.34	22501568	0.07	20.79	20.81	10821	2	0.14	          1.35	20.74	
300658	延江股份	1.13	22432576	0.30	26.95	26.96	8303	122	0.22	          3.32	26.75	
603069	海汽集团	1.24	22417052	0.13	10.61	10.62	21195	10	0.66	          1.22	10.48	
600468	百利电气	1.96	22112494	0.12	6.23	6.24	35869	3	-0.63	          0.45	6.10	
600791	京能置业	2.06	22095720	0.13	6.45	6.46	34680	20	0.47	          0.77	6.33	
00699	神州租车	2.63	22033922	0.180	7.020	7.030	3172000	66000	0.14	          0.15	6.840	
300434	金石东方	4.24	21873530	0.92	22.60	22.62	9739	261	0.04	          1.75	22.50	
601798	蓝科高新	1.13	21628248	0.10	8.95	8.96	24374	4	0.00	          0.69	8.84	
603855	华荣股份	0.86	21170556	0.09	10.57	10.58	20103	11	0.28	          2.43	10.49	
002164	宁波东力	0.38	20644332	0.03	7.99	8.00	25809	310	0.00	          0.62	7.91	
603041	美思德	1.97	20592212	0.39	20.15	20.16	10277	5	0.30	          4.11	19.77	
000570	苏常柴Ａ	2.87	20574474	0.15	5.36	5.37	38779	1131	0.00	          0.94	5.22	
603117	万林股份	1.72	20162748	0.15	8.88	8.89	22888	15	0.45	          0.81	8.77	
300660	江苏雷利	0.13	20032070	0.08	59.81	59.82	3337	91	-0.09	          1.32	60.11	
300472	新元科技	3.01	20006438	0.76	25.97	25.98	7635	73	0.12	          2.30	25.43	
07341	ＦＩ华夏国指	0.99	19754066	0.060	--  	--  	3251000	10000	0.00	--  	6.000	
002778	高科石化	2.44	19661206	0.48	20.18	20.19	9791	254	0.00	          1.76	19.89	
300092	科新机电	1.58	19267804	0.12	7.72	7.73	25030	401	0.26	          1.50	7.56	
603798	康普顿	2.39	18956424	0.35	14.96	14.98	12723	1	0.20	          1.49	14.63	
01466	钱唐控股	2.83	18474740	0.180	--  	--  	2898000	8000	0.93	          0.85	6.350	
07362	ＦＩ未来国指	0.87	17839034	0.050	--  	--  	3103700	3000	0.00	--  	5.690	
600573	惠泉啤酒	1.39	17567190	0.11	8.01	8.02	22031	5	0.13	          0.88	7.85	
000981	银亿股份	0.49	17509904	0.04	8.22	8.25	21312	1177	0.49	          0.08	8.22	
600712	南宁百货	2.14	17469298	0.16	7.63	7.64	23067	11	0.00	          0.43	7.33	
603086	先达股份	0.48	17447340	0.16	33.16	33.19	5239	31	0.18	          2.62	33.08	
603990	麦迪科技	1.06	17108610	0.39	37.08	37.09	4640	1	0.30	          0.77	36.70	
01052	越秀交通基建	0.16	17085368	0.010	6.110	6.120	2792000	46000	0.00	          0.17	6.130	
07328	ＦＩ　三星国指	0.87	16721177	0.040	--  	--  	3681600	30000	0.00	--  	4.530	
300546	雄帝科技	1.42	16680653	0.29	20.73	20.75	8056	86	0.00	          1.11	20.47	
300551	古鳌科技	1.17	16095642	0.27	23.43	23.44	6884	88	0.00	          1.59	23.02	
600121	*ST郑煤	0.36	15828972	0.02	5.58	5.60	28339	63	0.00	          0.28	5.56	
600091	ST明科	2.73	15774106	0.13	4.88	4.89	32559	8	0.20	          0.97	4.74	
300417	南华仪器	1.22	15650997	0.26	21.50	21.52	7318	468	0.70	          2.55	21.20	
002800	天顺股份	0.98	15573368	0.26	26.90	26.92	5787	105	0.00	          1.66	26.30	
603330	上海天洋	0.75	15552752	0.23	30.80	30.81	5056	11	0.10	          2.09	30.52	
002890	弘宇股份	0.94	15507893	0.28	29.98	30.00	5135	108	-0.39	          3.08	29.89	
603001	奥康国际	0.22	15333776	0.03	13.53	13.54	11309	20	-0.21	          0.28	13.49	
600184	光电股份	0.47	15176499	0.08	16.93	16.94	8943	7	0.06	          0.21	17.00	
002255	海陆重工	1.41	15154292	0.09	6.49	6.50	23440	354	0.00	          0.48	6.37	
000863	三湘印象	1.44	14953440	0.07	4.93	4.94	30180	115	-0.19	          0.33	4.90	
600732	ST新梅	0.46	14820364	0.03	6.55	6.56	22505	233	0.00	          0.50	6.54	
002181	粤 传 媒	0.89	14359528	0.04	4.52	4.53	31924	1187	0.00	          0.28	4.47	
01310	香港宽频	0.66	14350167	0.060	9.100	9.110	1573510	84000	0.00	          0.16	9.060	
603028	赛福天	1.14	14145831	0.11	9.72	9.73	14541	20	0.10	          1.26	9.69	
600097	开创国际	1.69	13869945	0.24	14.47	14.48	9684	30	0.63	          0.48	14.20	
603131	上海沪工	0.71	13817965	0.14	19.73	19.74	6994	8	0.10	          1.40	19.59	
000502	绿景控股	1.19	13645374	0.11	9.36	9.37	14691	385	0.21	          0.80	9.20	
300606	金太阳	3.06	13562222	0.78	26.23	26.24	5211	93	0.04	          1.58	25.30	
002855	捷荣技术	0.44	13395491	0.05	11.40	11.41	11775	111	0.26	          1.96	11.30	
600617	国新能源	1.00	13267988	0.07	7.06	7.07	18725	28	0.14	          0.21	7.04	
300206	理邦仪器	0.14	13147539	0.01	7.15	7.16	18372	439	-0.27	          0.53	7.13	
00171	银建国际	1.84	13145901	0.030	--  	--  	7972000	400000	0.00	          0.35	1.630	
600815	*ST厦工	2.34	13136015	0.09	3.92	3.93	33750	3	0.26	          0.35	3.84	
603556	海兴电力	0.58	12665498	0.20	34.86	34.88	3631	1	-0.05	          0.29	34.58	
603968	醋化股份	1.05	12595207	0.20	19.24	19.25	6528	24	-0.04	          0.48	19.63	
603611	诺力股份	0.86	12519381	0.18	20.96	21.00	5929	87	-0.09	          0.37	21.09	
600678	四川金顶	0.39	12317736	0.04	10.34	10.35	11961	69	0.58	          0.34	10.40	
01990	兴华港口	10.57	12109006	0.130	--  	--  	8303000	8000	0.74	          1.02	1.250	
002793	东音股份	0.13	12062191	0.02	15.12	15.14	7999	246	0.47	          1.24	15.02	
000809	*ST新城	0.58	11955940	0.02	3.43	3.44	34866	406	0.00	          0.42	3.42	
01552	BHCC HOLDING	10.00	11728801	0.050	--  	--  	21840000	10000	3.77	          2.73	0.500	
08479	金泰丰国际控股	8.06	11625691	0.200	--  	--  	4272300	8000	0.37	          1.02	2.650	
600785	新华百货	1.91	11559252	0.40	21.28	21.29	5444	2	0.14	          0.24	20.80	
300057	万顺股份	1.15	11288463	0.10	8.80	8.82	12846	614	0.34	          0.44	8.71	
300435	中泰股份	1.64	11071231	0.19	11.75	11.76	9484	507	0.43	          1.13	11.45	
01836	九兴控股	1.49	10946451	0.160	10.880	10.920	1015278	500	-0.18	          0.13	10.900	
603991	至正股份	1.86	10459266	0.44	24.04	24.10	4351	6	0.29	          1.06	23.70	
01439	移动互联（中国）	1.76	10116470	0.040	--  	--  	4396000	5000	0.00	          0.33	2.300	
00548	深圳高速公路股份	1.42	9958373	0.110	7.800	7.830	1274573	38000	0.13	          0.17	7.750	
000892	欢瑞世纪	0.13	9830280	0.01	7.64	7.65	12881	371	0.26	          0.33	7.64	
000692	惠天热电	0.96	9648635	0.04	4.20	4.21	22958	509	-0.23	          0.43	4.17	
603037	凯众股份	0.04	9535203	0.01	25.38	25.40	3750	4	-0.03	          0.61	25.40	
300538	同益股份	0.76	9478363	0.26	34.55	34.56	2763	205	0.17	          1.75	34.06	
002523	天桥起重	10.08	9343770	0.52	5.68	--  	16450	10	0.00	          0.20	5.68	
002693	双成药业	0.37	8782954	0.02	5.39	5.40	16272	107	0.19	          0.40	5.35	
00196	宏华集团	1.18	8026640	0.010	--  	--  	9263585	59000	0.00	          0.17	0.870	
002808	苏州恒久	0.34	7955576	0.04	11.63	11.65	6796	142	0.43	          0.77	11.62	
000411	英特集团	0.50	7914933	0.11	22.22	22.33	3553	124	0.59	          0.17	22.20	
06066	中信建投证券	0.29	7834269	0.020	6.860	6.880	1139500	7500	0.29	          0.09	6.850	
000668	荣丰控股	1.95	7826876	0.25	13.04	13.06	6024	68	0.08	          0.41	12.95	
03087	ＸＴＲ富时越南	0.73	7629745	2.200	--  	--  	24950	10	0.00	--  	301.000	
300132	青松股份	1.08	7608756	0.08	7.50	7.51	10158	334	0.40	          0.35	7.43	
300530	达志科技	1.08	7430720	0.36	33.54	33.67	2212	34	0.00	          1.05	33.35	
00778	置富产业信托	0.42	7268017	0.040	--  	--  	767291	119000	0.11	--  	9.490	
00588	北京北辰实业股份	0.37	6817501	0.010	2.700	2.710	2492000	16000	0.37	          0.35	2.770	
603679	华体科技	0.68	6618261	0.15	22.21	22.26	2982	6	-0.08	          1.19	21.90	
00341	大家乐集团	0.20	6006121	0.040	19.820	19.880	303000	2000	0.00	          0.05	19.800	
06128	泛亚国际	0.29	5672801	0.010	--  	--  	1632000	4000	-0.57	          0.38	3.470	
00784	凌锐控股	4.26	5451951	0.020	--  	--  	11200000	160000	1.03	          1.40	0.475	
数据来源:通达信
