代码	名称	涨幅%%	总金额	涨跌	买价	卖价	总量	现量	涨速%%	换手%%	今开	
002024	苏宁易购	6.59	2322652672	0.87	14.07	14.08	1671217	18655	0.00	          3.35	13.24	
002927	泰永长征	10.00	1138240768	6.04	66.44	--  	176673	89	0.00	         75.34	61.00	
002264	新 华 都	9.99	1067705152	1.11	12.22	--  	913506	286	0.00	         15.87	11.50	
000935	四川双马	9.98	1002818048	1.94	21.37	--  	478829	637	0.00	          7.61	19.51	
000555	神州信息	9.99	947743488	1.52	16.73	--  	589864	537	0.00	          6.44	15.50	
600113	浙江东日	10.00	854838272	1.22	13.42	--  	664043	52	0.52	         20.84	12.21	
300364	中文在线	4.27	729372736	0.53	12.94	12.95	565226	7764	0.15	         12.53	12.33	
600598	北大荒	8.51	724346880	0.88	11.23	11.24	661349	202	-0.61	          3.72	10.41	
06030	中信证券	2.51	714963072	0.460	18.760	18.780	38041284	1748500	0.54	          1.67	18.480	
00002	中电控股	1.12	653765760	0.900	80.900	81.000	8081561	803000	0.25	          0.32	80.500	
002174	游族网络	5.07	582276224	1.15	23.82	23.83	243020	2024	0.63	          4.21	22.55	
601086	国芳集团	10.01	548640832	0.98	10.77	--  	531512	3	0.00	         33.22	9.67	
002346	柘中股份	6.20	530856160	1.17	20.04	20.05	266376	2482	-0.14	          6.81	19.09	
600406	国电南瑞	0.06	530809248	0.01	16.94	16.95	313360	9	-0.69	          1.42	16.80	
300231	银信科技	9.99	512583872	0.96	10.57	--  	491185	6016	0.00	         18.39	9.63	
300315	掌趣科技	3.88	510023168	0.25	6.68	6.69	775978	11061	0.15	          2.94	6.47	
002428	云南锗业	6.06	509866848	0.72	12.59	12.60	402349	2802	0.08	          6.25	12.01	
300324	旋极信息	3.09	489672704	0.53	17.68	17.69	276829	2906	0.57	          4.09	17.41	
603380	易德龙	7.18	485692032	1.60	23.93	23.98	205140	9	0.63	         51.29	23.10	
002822	中装建设	7.37	454684096	0.59	8.60	8.61	539599	4625	-0.34	         17.63	8.20	
002782	可立克	10.01	453267616	1.45	15.94	--  	294985	437	0.00	         27.70	15.10	
01536	煜荣集团	6.74	411662944	0.120	--  	--  	209002000	2000	-0.52	         55.00	1.780	
002265	西仪股份	9.99	401244416	1.40	15.41	--  	263967	96	0.00	          8.71	14.80	
002837	英维克	6.56	396056736	1.44	23.39	23.40	170110	1618	-0.08	         25.25	22.80	
300542	新晨科技	6.08	392046464	2.20	38.39	38.40	104991	878	0.21	         32.21	36.00	
002190	成飞集成	0.64	391286112	0.15	23.60	23.61	165641	2456	0.17	          4.80	23.59	
000065	北方国际	5.36	387400640	0.93	18.28	18.29	221610	2162	-0.21	          5.43	17.36	
002864	盘龙药业	9.99	376783648	3.38	37.22	--  	101489	32	0.00	         46.83	37.01	
600662	强生控股	9.93	371357888	0.55	6.09	--  	655331	13	0.00	          6.22	5.54	
600737	中粮糖业	2.81	362255040	0.22	8.05	8.06	450227	1	0.25	          2.19	7.75	
600206	有研新材	3.35	359539040	0.33	10.16	10.17	353892	276	0.20	          4.22	9.96	
603138	海量数据	6.48	350338752	2.62	43.15	43.16	82306	5	0.21	         24.33	41.29	
600316	洪都航空	3.53	344693920	0.46	13.49	13.50	259349	40	-0.06	          3.62	12.83	
000819	岳阳兴长	10.00	337836416	1.21	13.31	--  	260059	783	0.00	          9.58	12.30	
002697	红旗连锁	6.16	325664448	0.36	6.19	6.20	530859	6600	0.00	          6.14	5.86	
002919	名臣健康	10.00	324537312	3.30	36.30	--  	92750	98	0.00	         45.55	32.92	
03669	永达汽车	2.56	319981152	0.220	--  	--  	36002100	500	0.00	          1.96	8.820	
603881	数据港	2.93	318877088	1.18	41.46	41.47	77011	42	-0.16	          6.02	41.00	
002251	步 步 高	3.93	317975744	0.60	15.87	15.88	199130	2192	-0.05	          2.62	15.52	
002642	荣之联	5.79	313448992	0.69	12.60	12.61	253099	4408	-0.23	          5.11	11.82	
600520	文一科技	10.02	312418368	1.96	21.53	--  	148797	10	0.00	          9.39	20.54	
600099	林海股份	5.78	297725152	0.59	10.79	10.80	281793	27	0.00	         12.86	10.25	
02331	李宁	8.22	295096864	0.640	8.410	8.430	35943728	695500	0.36	          1.65	7.700	
002323	雅百特	4.17	294526656	0.28	6.99	7.00	429048	4491	-0.13	         13.35	6.65	
300687	赛意信息	8.85	290718816	4.78	58.80	58.81	49589	317	-0.01	         24.79	54.18	
600630	龙头股份	5.28	280524896	0.55	10.96	10.97	260271	82	0.27	          6.13	10.39	
600268	国电南自	10.00	273068352	0.60	6.60	--  	444643	98	0.00	          7.00	5.99	
002131	利欧股份	2.95	266354928	0.08	2.79	2.80	962228	25556	0.36	          2.83	2.70	
600415	小商品城	3.01	250620656	0.17	5.81	5.82	433410	79	0.52	          0.80	5.67	
600119	长江投资	9.97	250491952	1.18	13.02	--  	200856	1	0.00	          6.53	11.75	
300291	华录百纳	2.55	249051552	0.30	12.08	12.09	201681	1481	0.08	          3.38	12.80	
600583	海油工程	2.67	247296112	0.17	6.52	6.53	377375	17	0.15	          0.85	6.50	
002910	庄园牧场	5.36	245120656	1.00	19.65	19.66	127162	1843	-0.04	         27.15	18.38	
002870	香山股份	10.00	242675648	2.80	30.80	--  	81848	139	0.00	         29.58	30.00	
600135	乐凯胶片	10.04	240299632	1.00	10.96	--  	226847	1	0.00	          6.16	9.91	
601808	中海油服	6.13	240284864	0.67	11.59	11.60	207417	13	0.26	          0.70	11.29	
000400	许继电气	3.93	239746048	0.48	12.70	12.71	192303	5874	-0.07	          1.91	12.24	
300469	信息发展	10.01	229105616	4.11	45.18	--  	51347	259	0.00	         17.95	43.12	
300339	润和软件	2.32	224077536	0.25	11.03	11.04	204162	2114	0.00	          3.95	10.50	
002620	瑞和股份	9.83	221882256	0.89	9.94	9.95	225888	1543	-0.09	          7.45	9.02	
600838	上海九百	10.03	221625632	0.91	9.98	--  	232586	3	0.00	          5.80	9.04	
300109	新开源	6.92	219562304	2.63	40.62	40.63	54956	602	0.57	          6.41	38.35	
600272	开开实业	9.96	216382688	1.07	11.81	--  	187575	5	0.00	         11.72	11.28	
000688	建新矿业	4.00	213642160	0.39	10.14	10.15	213807	6423	0.20	          1.88	9.76	
002329	皇氏集团	3.88	212949968	0.25	6.69	6.70	317511	1558	0.00	          5.61	6.46	
300509	新美星	0.91	210726192	0.28	30.90	30.97	66275	760	0.65	         25.20	33.30	
300532	今天国际	7.02	208275200	1.84	28.00	28.04	74755	873	-0.17	         11.34	26.46	
002701	奥瑞金	7.84	208187968	0.44	6.05	6.06	351437	11338	1.00	          1.95	5.61	
002148	北纬科技	5.19	202065360	0.42	8.52	8.53	240834	5237	0.12	          5.43	8.12	
601952	苏垦农发	2.82	200358464	0.34	12.40	12.41	163194	39	-0.15	          6.28	12.07	
600095	哈高科	9.97	198176640	0.57	6.29	--  	322999	2	0.00	          8.94	5.71	
000018	神州长城	5.48	190157456	0.32	6.15	6.16	312400	3857	-0.15	          4.14	5.84	
002902	铭普光磁	3.63	188817648	1.25	35.66	35.67	53327	920	0.03	         15.24	34.67	
002869	金溢科技	1.50	185584560	0.45	30.37	30.38	60472	617	0.13	         20.49	30.00	
600088	中视传媒	10.00	184583984	1.38	15.18	--  	128358	50	0.00	          3.87	14.00	
002311	海大集团	3.38	180487312	0.77	23.56	23.57	77122	1021	0.00	          0.50	22.71	
600855	航天长峰	4.19	178800336	0.58	14.42	14.44	125262	46	0.42	          3.79	13.80	
600833	第一医药	2.73	178795584	0.36	13.51	13.52	135162	193	-0.36	          6.06	13.18	
600480	凌云股份	2.99	177886176	0.43	14.79	14.80	121723	25	0.00	          3.37	14.41	
03899	中集安瑞科	5.91	170818160	0.410	7.340	7.350	22813818	386000	0.68	          1.17	7.140	
300657	弘信电子	10.01	166892336	3.74	41.12	--  	41039	36	0.00	         15.78	38.89	
00152	深圳国际	3.71	164997616	0.600	16.740	16.760	9867537	215000	0.00	          0.49	16.420	
600343	航天动力	1.79	163749104	0.21	11.96	11.97	138248	19	0.34	          2.17	11.70	
002474	榕基软件	2.33	163154400	0.20	8.79	8.80	187820	4276	0.34	          4.04	8.68	
600827	百联股份	3.89	162431984	0.44	11.74	11.75	140363	154	1.03	          0.91	11.38	
300736	百华悦邦	4.63	160230032	2.01	45.36	45.40	35741	914	-0.21	         26.32	42.72	
002300	太阳电缆	4.95	156157808	0.39	8.27	8.28	191977	2094	-0.11	          3.54	7.78	
600736	苏州高新	0.91	155988800	0.06	6.65	6.66	227149	3	-0.44	          1.99	6.95	
02883	中海油田服务	3.00	155061136	0.240	8.220	8.230	18614000	1262000	0.24	          1.03	8.190	
603636	南威软件	6.98	153986128	0.68	10.40	10.41	151380	234	-0.28	          3.76	9.62	
600064	南京高科	1.95	143502256	0.27	14.11	14.14	100697	30	0.14	          1.30	14.15	
600650	锦江投资	4.41	140578672	0.62	14.69	14.70	97852	5	-0.06	          2.51	13.88	
002860	星帅尔	2.92	136870768	1.28	45.07	45.08	30709	1026	0.51	         20.20	44.00	
002667	鞍重股份	0.79	136529152	0.12	15.36	15.38	87260	1120	-0.12	          9.32	16.00	
02098	卓尔集团	5.10	135617936	0.500	10.300	10.320	13351197	30000	0.00	          0.11	9.830	
600626	申达股份	4.41	135222160	0.31	7.35	7.36	187878	35	0.00	          2.65	7.03	
600677	航天通信	2.23	133695608	0.23	10.53	10.54	128336	7	0.19	          3.08	10.22	
600080	金花股份	5.36	132529856	0.49	9.63	9.64	139444	16	-0.40	          4.57	9.09	
603917	合力科技	4.19	132228672	1.00	24.88	24.89	53734	18	0.24	         19.19	23.87	
603859	能科股份	5.27	131661152	1.16	23.18	23.19	57771	3	0.30	         11.58	21.80	
002630	华西能源	0.41	131085752	0.05	12.29	12.30	106617	1008	-0.15	          1.77	12.23	
600503	华丽家族	1.03	129434648	0.06	5.91	5.92	217630	43	-0.16	          1.36	5.83	
600624	复旦复华	3.21	127453328	0.20	6.43	6.44	197528	30	0.16	          2.88	6.20	
603978	深圳新星	5.49	126153968	4.24	81.50	81.51	15674	9	0.16	          7.84	77.90	
600981	汇鸿集团	10.09	126066528	0.55	6.00	--  	212416	10	0.00	          8.78	5.60	
002215	诺 普 信	3.56	125889880	0.26	7.57	7.58	167584	2057	0.13	          2.36	7.28	
000759	中百集团	10.05	125821488	0.79	8.65	--  	150491	417	0.00	          2.21	7.87	
000993	闽东电力	10.00	122657288	0.75	8.25	--  	151047	191	0.00	          4.05	7.36	
600288	大恒科技	4.92	122349464	0.40	8.51	8.52	145043	5	0.12	          3.32	8.18	
603039	泛微网络	7.58	122342784	6.55	92.99	93.00	13632	4	-0.32	          5.06	86.28	
603738	泰晶科技	10.01	121033952	2.44	26.82	--  	45281	10	0.00	         10.79	25.08	
002873	新天药业	5.63	120732056	2.23	41.83	41.84	28856	354	0.50	         16.76	40.09	
002392	北京利尔	5.28	120538568	0.23	4.58	4.59	260992	2078	0.00	          3.56	4.35	
603777	来伊份	3.65	120351192	0.84	23.82	23.83	50407	5	0.51	          6.46	22.94	
600775	南京熊猫	4.80	120238240	0.37	8.08	8.09	153749	70	1.25	          2.29	7.66	
600689	上海三毛	10.00	118954952	1.13	12.43	--  	96329	10	0.00	          6.33	12.30	
002561	徐家汇	5.07	118753256	0.57	11.81	11.82	101973	3102	0.51	          2.57	11.20	
002522	浙江众成	4.76	116582656	0.46	10.12	10.13	116429	1439	0.00	          1.40	9.60	
002205	国统股份	6.24	115838976	1.09	18.56	18.57	63702	1042	-0.42	          5.48	17.38	
000628	高新发展	1.17	115011856	0.11	9.49	9.50	122772	1893	0.11	          6.53	9.36	
000925	众合科技	9.99	113993632	1.17	12.88	--  	91180	411	0.00	          2.99	11.71	
002830	名雕股份	6.17	113884256	1.17	20.12	20.13	58100	1663	-0.44	         14.58	18.88	
600995	文山电力	3.72	113361264	0.33	9.21	9.22	123800	198	0.11	          2.59	8.83	
002777	久远银海	9.93	113166648	3.42	37.86	37.87	30598	531	0.75	          5.10	34.50	
600692	亚通股份	4.17	112435176	0.39	9.72	9.73	117113	1	-0.19	          4.59	9.30	
300025	华星创业	2.16	112035232	0.12	5.67	5.68	201731	4472	0.53	          5.94	5.48	
002786	银宝山新	10.05	111903496	0.83	9.09	--  	125957	414	0.00	          9.11	8.28	
002417	深南股份	2.94	111736592	0.34	11.88	11.89	95318	1310	-0.33	          4.25	11.44	
08207	中新控股	3.23	111491248	0.030	--  	--  	117428000	4000	2.13	          0.52	0.950	
600730	中国高科	2.23	111410592	0.14	6.42	6.43	170886	16	-0.30	          2.91	6.27	
603179	新泉股份	2.12	110649560	0.82	39.43	39.44	28186	15	0.08	          4.23	38.63	
300516	久之洋	8.32	107779872	3.38	44.01	44.05	24540	568	0.27	          5.21	40.40	
002277	友阿股份	1.99	106484752	0.10	5.12	5.13	208520	6898	0.20	          1.47	5.03	
601882	海天精工	2.79	104988024	0.34	12.52	12.53	85357	35	0.40	          6.78	12.03	
000875	吉电股份	2.99	104703752	0.10	3.44	3.45	306760	9424	0.00	          1.57	3.36	
300322	硕贝德	3.39	101937160	0.32	9.76	9.77	105281	1973	0.10	          2.84	9.46	
002896	中大力德	3.09	100154304	1.17	39.08	39.09	25588	295	0.23	         12.79	38.21	
002909	集泰股份	1.91	99031440	0.37	19.71	19.72	52146	680	0.25	         17.38	18.66	
000920	南方汇通	4.76	98823512	0.41	9.02	9.03	110569	1530	-0.10	          2.62	8.67	
600108	亚盛集团	2.70	98604880	0.10	3.81	3.82	261187	28	0.00	          1.34	3.71	
000966	长源电力	3.40	98404264	0.12	3.64	3.65	269972	2863	0.00	          2.44	3.50	
002172	澳洋科技	1.78	98223328	0.10	5.72	5.73	167069	683	-0.16	          2.99	5.90	
300630	普利制药	2.83	96471800	2.03	73.79	73.80	12923	307	0.03	          4.23	72.77	
002617	露笑科技	0.20	95496056	0.03	14.67	14.68	65743	1095	0.20	          0.94	14.64	
600339	中油工程	1.60	95246824	0.07	4.44	4.45	213897	416	0.00	          1.38	4.44	
601021	春秋航空	0.66	93726936	0.21	32.19	32.20	29301	1	0.19	          0.37	32.03	
600679	上海凤凰	6.19	91790224	1.05	18.03	18.05	52172	2	0.17	          2.73	16.85	
300541	先进数通	4.14	91734000	0.99	24.89	24.90	36908	791	-0.11	          7.29	23.86	
600292	远达环保	2.73	90563080	0.21	7.91	7.93	116434	5	0.76	          1.49	7.68	
300608	思特奇	0.50	90064680	0.15	30.24	30.25	30080	372	-0.45	          5.22	29.53	
603767	中马传动	2.79	89841624	0.39	14.36	14.38	63391	10	0.00	         11.89	13.98	
600619	海立股份	3.69	89646904	0.40	11.28	11.29	80513	37	0.45	          1.75	10.80	
002771	真视通	9.98	89324752	1.60	17.64	--  	52068	97	0.00	          7.30	16.10	
600101	明星电力	3.27	89251920	0.28	8.84	8.85	101591	250	0.34	          3.13	8.69	
300131	英唐智控	2.04	88450544	0.14	7.01	7.02	127708	3336	0.00	          2.03	6.84	
603133	碳元科技	4.36	87825752	1.16	27.76	27.78	31572	57	0.00	          6.07	26.50	
002749	国光股份	5.96	87658640	3.91	69.51	69.54	12755	86	0.00	          2.63	65.40	
300521	爱司凯	4.95	86046088	0.68	14.42	14.43	59564	500	-0.54	          6.28	13.55	
000985	大庆华科	10.02	84310208	1.94	21.30	--  	40010	40	0.00	          3.09	20.77	
600628	新世界	3.10	82537392	0.29	9.64	9.65	86271	58	0.00	          1.62	9.36	
600073	上海梅林	2.31	82512776	0.17	7.53	7.54	110408	50	0.13	          1.18	7.35	
000701	厦门信达	3.34	81411392	0.29	8.98	8.99	91363	1623	0.22	          2.42	8.62	
600814	杭州解百	5.04	80715536	0.39	8.14	8.15	99707	83	0.49	          1.39	7.74	
600358	国旅联合	1.95	79107888	0.13	6.79	6.80	118126	22	0.00	          2.73	6.67	
600361	华联综超	3.62	78182992	0.18	5.14	5.15	152172	1	0.39	          2.29	4.97	
603336	宏辉果蔬	4.75	74714744	0.93	20.50	20.52	36803	2	0.39	          6.97	19.50	
300478	杭州高新	1.53	73753248	0.58	38.53	38.58	19507	504	-0.97	          8.07	36.99	
002682	龙洲股份	1.48	72924256	0.15	10.29	10.30	69424	770	-0.09	          3.61	10.60	
600517	置信电气	9.94	72469048	0.52	5.75	--  	131954	5	0.00	          1.06	5.22	
000557	西部创业	2.80	72134648	0.13	4.77	4.78	150662	2510	0.21	          2.57	4.68	
000721	西安饮食	4.91	71795736	0.25	5.34	5.35	135331	1447	-0.18	          3.11	5.12	
600152	维科精华	2.33	71387224	0.16	7.04	7.05	99990	10	0.00	          3.41	6.85	
07388	ＦＩ南方国指	0.55	71380104	0.030	--  	--  	13054700	400	-0.18	--  	5.470	
600377	宁沪高速	0.62	69138776	0.06	9.73	9.74	70947	30	-0.20	          0.19	9.65	
300446	乐凯新材	4.39	68805488	0.95	22.59	22.60	30635	1229	-0.17	          4.02	21.52	
603339	四方冷链	2.60	68085056	0.58	22.90	22.91	29648	20	0.39	          5.22	22.27	
601968	宝钢包装	4.75	67943728	0.23	5.06	5.07	136605	12	1.40	          4.36	4.83	
002588	史丹利	2.19	67815544	0.16	7.44	7.45	91791	3388	0.13	          1.30	7.28	
002748	世龙实业	10.00	67784360	1.30	14.30	--  	47548	56	0.00	          1.98	14.00	
600824	益民集团	3.33	67472048	0.15	4.65	4.66	146344	150	0.22	          1.39	4.49	
600218	全柴动力	4.55	67144832	0.29	6.65	6.66	101397	10	0.45	          2.75	6.31	
000722	湖南发展	3.95	65255628	0.36	9.47	9.48	70033	2535	-0.10	          1.51	9.15	
300234	开尔新材	2.55	65067004	0.22	8.84	8.85	73439	816	0.00	          4.89	8.55	
603860	中公高科	5.04	63070748	1.66	34.56	34.59	18624	18	0.14	         11.17	32.69	
603060	国检集团	10.01	62594888	2.07	22.75	--  	27774	10	0.00	          4.35	20.61	
002187	广百股份	2.90	62223124	0.29	10.29	10.30	60977	2560	0.29	          1.78	10.00	
000897	津滨发展	3.09	62210540	0.10	3.34	3.35	186096	1857	0.30	          1.15	3.25	
600502	安徽水利	0.15	62043368	0.01	6.72	6.73	92173	5	0.00	          1.21	6.75	
000698	沈阳化工	1.81	60843160	0.10	5.62	5.63	108444	771	0.18	          2.51	5.50	
002394	联发股份	0.91	60791908	0.11	12.18	12.19	49264	166	0.08	          1.52	12.55	
603617	君禾股份	0.81	60067524	0.18	22.28	22.30	26895	14	0.81	         10.76	21.92	
601339	百隆东方	1.26	59558780	0.07	5.63	5.64	103533	1	-0.17	          0.69	5.83	
300651	金陵体育	6.27	58503184	2.19	37.10	37.11	16140	242	0.19	          8.52	34.60	
000777	中核科技	1.50	58305288	0.21	14.19	14.20	41435	1381	0.14	          1.08	13.99	
002785	万里石	3.45	58150920	0.40	12.00	12.01	47998	490	0.08	          4.95	11.54	
600278	东方创业	3.66	57964568	0.39	11.03	11.05	53243	200	0.09	          1.02	10.60	
000043	中航地产	3.01	57586320	0.27	9.24	9.25	62705	723	0.00	          0.94	8.98	
000548	湖南投资	3.13	57568052	0.20	6.58	6.59	88659	2951	0.15	          1.78	6.37	
603639	海利尔	2.72	56372808	1.19	44.94	44.95	12606	2	0.11	          3.25	43.84	
600353	旭光股份	1.32	55062024	0.08	6.14	6.15	89076	25	0.00	          1.64	6.06	
002789	建艺集团	2.04	54870944	0.74	36.98	36.99	14964	117	-0.04	          4.03	35.80	
002338	奥普光电	2.50	54663904	0.32	13.10	13.11	41617	661	-0.22	          1.73	12.68	
600861	北京城乡	3.49	53597628	0.31	9.19	9.20	59011	2	-0.10	          1.86	8.91	
600731	湖南海利	3.40	53490408	0.25	7.61	7.62	70925	15	0.00	          2.17	7.37	
603768	常青股份	4.27	52867040	0.69	16.84	16.85	31625	2	0.18	          6.20	16.07	
603630	拉芳家化	2.96	52123704	0.70	24.35	24.36	21578	22	0.00	          3.45	23.64	
601789	宁波建工	1.48	51872684	0.06	4.11	4.12	125988	200	0.49	          1.29	4.05	
002608	江苏国信	3.28	51193188	0.30	9.46	9.47	55492	6292	1.50	          1.03	9.07	
603977	国泰集团	3.68	50317920	0.49	13.79	13.81	36774	3	0.00	          2.93	13.22	
600724	宁波富达	4.84	49951560	0.17	3.68	3.69	136155	100	-0.53	          0.94	3.48	
600821	津劝业	4.03	49820560	0.26	6.71	6.72	73746	12	0.15	          1.77	6.40	
300549	优德精密	5.68	48729504	1.07	19.90	19.91	25107	943	-0.09	          4.11	18.83	
603936	博敏电子	2.78	48596076	0.58	21.45	21.48	22891	3	0.47	          4.08	20.88	
000859	国风塑业	2.07	48453556	0.08	3.94	3.95	122290	915	0.25	          1.65	3.85	
000619	海螺型材	1.93	48321188	0.14	7.40	7.41	65706	996	0.14	          1.83	7.22	
02840	ＳＰＤＲ金ＥＴＦ	1.17	47869244	11.500	--  	--  	48360	150	0.10	--  	987.000	
603878	武进不锈	2.40	47349808	0.39	16.68	16.69	28626	100	-0.11	          2.83	16.27	
600220	江苏阳光	1.74	42980580	0.05	2.91	2.92	148025	5	0.69	          0.83	2.88	
300421	力星股份	2.96	42947544	0.55	19.15	19.18	22483	752	0.47	          1.85	18.62	
002225	濮耐股份	2.80	42187512	0.13	4.77	4.78	87421	289	0.00	          1.40	4.66	
002238	天威视讯	3.93	41858560	0.35	9.25	9.26	45822	833	0.11	          0.74	8.87	
600605	汇通能源	0.66	40982444	0.08	12.29	12.30	33502	10	-0.07	          2.27	12.20	
000695	滨海能源	10.04	40796504	0.97	10.63	--  	39710	1043	0.00	          1.79	9.41	
300164	通源石油	0.15	40631432	0.01	6.56	6.57	60836	685	0.00	          1.93	6.63	
600375	华菱星马	2.94	40426508	0.15	5.25	5.26	77755	10	-0.18	          1.40	5.12	
01345	中国先锋医药	2.34	40171880	0.060	--  	--  	16176000	71000	1.55	          1.23	2.400	
600287	江苏舜天	2.76	39783648	0.19	7.06	7.07	56455	3	0.14	          1.29	6.92	
600452	涪陵电力	3.38	39771272	1.14	34.88	34.90	11430	2	-0.16	          0.71	33.70	
601179	中国西电	1.70	39433952	0.07	4.18	4.19	94631	45	0.00	          0.18	4.12	
300605	恒锋信息	4.62	38134104	1.16	26.18	26.26	14611	108	-0.10	          3.91	25.13	
000565	渝三峡Ａ	2.89	37046532	0.19	6.76	6.77	54975	494	0.30	          1.27	6.58	
600356	恒丰纸业	2.27	36363132	0.18	8.10	8.11	45146	20	0.00	          1.51	7.95	
300615	欣天科技	0.98	34973588	0.25	25.70	25.74	13622	395	0.19	          6.08	26.26	
600336	澳柯玛	2.89	34526396	0.13	4.63	4.64	75510	4	0.43	          1.03	4.50	
603067	振华股份	3.64	34331672	0.41	11.65	11.66	29846	341	0.26	          2.69	11.23	
00440	大新金融	2.82	34187436	1.400	51.050	51.150	672476	16800	0.10	          0.20	49.900	
002835	同为股份	2.01	33950648	0.20	10.15	10.16	33125	227	0.30	          4.56	9.96	
002772	众兴菌业	1.73	32431850	0.17	10.01	10.02	32495	565	0.30	          1.47	9.81	
600796	钱江生化	2.40	32301584	0.16	6.82	6.83	47569	39	0.00	          1.58	6.61	
02356	大新银行集团	3.90	31993192	0.660	17.560	17.600	1836373	14000	0.11	          0.13	17.080	
000551	创元科技	2.33	30742010	0.17	7.45	7.46	41422	276	0.00	          1.04	7.25	
603337	杰克股份	2.29	30641836	1.16	51.81	51.89	5931	10	0.17	          1.08	50.34	
603101	汇嘉时代	3.07	30447726	0.38	12.78	12.80	23952	20	0.24	          3.33	12.34	
08022	永耀集团控股	3.85	30124968	0.040	--  	--  	28366518	1500000	0.00	          1.71	1.020	
300095	华伍股份	2.85	30122484	0.20	7.22	7.23	42194	822	0.14	          1.85	7.02	
002495	佳隆股份	2.90	29794346	0.10	3.55	3.56	84156	764	0.28	          1.29	3.44	
600714	金瑞矿业	2.27	28222048	0.19	8.52	8.54	33110	12	0.59	          1.16	8.36	
603608	天创时尚	3.86	27780954	0.40	10.76	10.77	26011	20	-0.64	          2.04	10.47	
300023	宝德股份	3.12	27677568	0.30	9.92	9.93	28151	692	0.51	          2.15	9.60	
600819	耀皮玻璃	2.78	27630160	0.14	5.18	5.19	53709	19	0.00	          0.72	5.04	
002220	天宝食品	1.24	27554074	0.09	7.33	7.34	37670	9223	-0.13	          0.97	7.21	
600302	标准股份	4.36	26919962	0.25	5.98	5.99	45680	202	0.17	          1.32	5.74	
600858	银座股份	1.50	26512174	0.11	7.40	7.44	35632	200	0.13	          0.69	7.30	
600723	首商股份	1.14	26082878	0.09	8.00	8.01	32653	25	0.25	          0.50	7.91	
600857	宁波中百	2.59	26017468	0.27	10.67	10.69	24409	8	0.28	          1.09	10.47	
002731	萃华珠宝	0.78	25435704	0.12	15.47	15.48	16360	320	0.19	          1.09	15.41	
002498	汉缆股份	0.97	25392220	0.03	3.11	3.12	81536	1500	0.00	          0.25	3.09	
300460	惠伦晶体	4.19	25266084	0.49	12.16	12.18	20674	306	0.66	          2.16	11.67	
600505	西昌电力	1.95	25104036	0.13	6.80	6.81	37237	5	0.15	          1.02	6.65	
002134	*ST普林	3.64	25072460	0.30	8.54	8.55	29441	632	0.00	          1.20	8.30	
601010	文峰股份	1.97	23732092	0.07	3.61	3.62	66031	148	0.56	          0.36	3.55	
600429	三元股份	1.15	23293084	0.07	6.17	6.18	37843	4	0.16	          0.43	6.09	
000159	国际实业	1.06	23246574	0.05	4.74	4.75	49015	968	0.00	          1.02	4.69	
600961	株冶集团	2.32	22902560	0.18	7.92	7.93	28992	6	-0.12	          0.55	7.75	
07312	ＦＩ　三星恒指	1.16	22800912	0.050	--  	--  	5260400	10000	0.00	--  	4.500	
000430	张家界	2.69	22659902	0.22	8.40	8.41	27799	4093	1.57	          1.08	8.08	
01131	鸿宝资源	2.46	21891002	0.030	--  	--  	17705000	20000	0.81	          0.28	1.240	
300434	金石东方	4.24	21873530	0.92	22.60	22.62	9739	261	0.04	          1.75	22.50	
601616	广电电气	1.39	21412068	0.05	3.63	3.64	59106	183	0.55	          0.63	3.58	
603266	天龙股份	0.21	21211196	0.05	24.41	24.42	8671	4	0.25	          3.47	24.01	
002144	宏达高科	2.44	18581970	0.32	13.40	13.41	13971	234	-0.14	          1.02	13.05	
01466	钱唐控股	2.83	18474740	0.180	--  	--  	2898000	8000	0.93	          0.85	6.350	
300423	鲁亿通	2.74	17411366	0.71	26.58	26.62	6533	29	0.04	          0.95	25.99	
07328	ＦＩ　三星国指	0.87	16721177	0.040	--  	--  	3681600	30000	0.00	--  	4.530	
600091	ST明科	2.73	15774106	0.13	4.88	4.89	32559	8	0.20	          0.97	4.74	
603090	宏盛股份	2.40	15206081	0.41	17.47	17.48	8795	5	0.40	          2.16	17.04	
600052	浙江广厦	1.65	15142922	0.06	3.70	3.71	41300	24	0.27	          0.47	3.64	
000863	三湘印象	1.44	14953440	0.07	4.93	4.94	30180	115	-0.19	          0.33	4.90	
00171	银建国际	1.84	13145901	0.030	--  	--  	7972000	400000	0.00	          0.35	1.630	
02002	阳光纸业	0.42	12113433	0.010	--  	--  	5219900	42500	1.28	          0.64	2.330	
600785	新华百货	1.91	11559252	0.40	21.28	21.29	5444	2	0.14	          0.24	20.80	
600882	广泽股份	0.23	11237463	0.02	8.62	8.63	13158	80	1.06	          0.33	8.57	
01585	雅迪控股	0.79	10970361	0.020	2.550	2.560	4330000	10000	0.39	          0.14	2.550	
03329	交银国际	0.89	9641344	0.020	2.260	2.270	4289006	12000	0.00	          0.16	2.250	
数据来源:通达信
