代码	名称	涨幅%%	总金额	涨跌	买价	卖价	总量	现量	涨速%%	换手%%	今开	
600516	方大炭素	2.63	1677069824	0.70	27.28	27.29	616727	37	0.40	          3.59	26.68	
600728	佳都科技	1.32	1297680640	0.14	10.74	10.76	1201907	179	0.09	          8.72	10.56	
002927	泰永长征	10.00	1138240768	6.04	66.44	--  	176673	89	0.00	         75.34	61.00	
002264	新 华 都	9.99	1067705152	1.11	12.22	--  	913506	286	0.00	         15.87	11.50	
000935	四川双马	9.98	1002818048	1.94	21.37	--  	478829	637	0.00	          7.61	19.51	
000555	神州信息	9.99	947743488	1.52	16.73	--  	589864	537	0.00	          6.44	15.50	
00857	中国石油股份	1.10	930047808	0.060	5.520	5.530	166900400	11744000	0.36	          0.79	5.580	
000151	中成股份	9.99	923096256	1.78	19.60	--  	482338	142	0.00	         18.10	19.00	
600113	浙江东日	10.00	854838272	1.22	13.42	--  	664043	52	0.52	         20.84	12.21	
600160	巨化股份	1.16	832314240	0.15	13.05	13.06	641459	143	0.08	          3.14	12.91	
00883	中国海洋石油	0.52	806751104	0.060	11.700	11.720	68120448	6511000	0.00	          0.15	11.980	
601600	中国铝业	0.39	803847744	0.02	5.12	5.13	1575237	8	0.39	          1.44	5.10	
000732	泰禾集团	0.25	760798528	0.07	27.86	27.87	273011	5028	-0.42	          2.20	27.68	
300740	御家汇	0.74	726297344	0.39	53.17	53.18	134388	2658	-0.22	         33.60	52.21	
06030	中信证券	2.51	714963072	0.460	18.760	18.780	38041284	1748500	0.54	          1.67	18.480	
000636	风华高科	3.82	690972352	0.48	13.06	13.07	531674	6130	0.15	          6.07	12.99	
00002	中电控股	1.12	653765760	0.900	80.900	81.000	8081561	803000	0.25	          0.32	80.500	
601688	华泰证券	0.17	618670208	0.03	17.45	17.46	352791	18	0.00	          0.65	17.45	
002174	游族网络	5.07	582276224	1.15	23.82	23.83	243020	2024	0.63	          4.21	22.55	
00006	电能实业	0.57	556933952	0.400	70.000	70.050	7944012	591000	-0.07	          0.37	70.000	
601086	国芳集团	10.01	548640832	0.98	10.77	--  	531512	3	0.00	         33.22	9.67	
01918	融创中国	1.59	535115264	0.500	31.850	31.900	16813530	897000	0.31	          0.38	31.800	
002346	柘中股份	6.20	530856160	1.17	20.04	20.05	266376	2482	-0.14	          6.81	19.09	
600406	国电南瑞	0.06	530809248	0.01	16.94	16.95	313360	9	-0.69	          1.42	16.80	
300315	掌趣科技	3.88	510023168	0.25	6.68	6.69	775978	11061	0.15	          2.94	6.47	
000768	中航飞机	1.41	505541600	0.22	15.84	15.85	320563	3106	0.00	          1.16	15.65	
01109	华润置地	0.17	492457792	0.050	30.100	30.150	16204719	1104000	0.00	          0.23	30.850	
603380	易德龙	7.18	485692032	1.60	23.93	23.98	205140	9	0.63	         51.29	23.10	
603533	掌阅科技	10.00	478765888	4.73	52.01	--  	93400	1	0.00	         22.78	50.49	
601108	财通证券	0.56	470603840	0.09	16.13	16.14	290139	129	0.19	          8.08	15.97	
002822	中装建设	7.37	454684096	0.59	8.60	8.61	539599	4625	-0.34	         17.63	8.20	
002782	可立克	10.01	453267616	1.45	15.94	--  	294985	437	0.00	         27.70	15.10	
600125	铁龙物流	1.69	451332416	0.16	9.63	9.64	471135	89	0.21	          3.61	9.39	
603059	倍加洁	10.00	438079680	4.90	53.90	--  	85116	4	0.00	         42.56	49.25	
600801	华新水泥	0.33	436320384	0.05	15.12	15.13	288552	9	-0.12	          2.97	14.91	
002738	中矿资源	2.12	431280800	0.67	32.03	32.20	131684	2463	1.61	         10.07	31.87	
00688	中国海外发展	0.34	424988064	0.100	29.050	29.100	14537960	1330000	0.17	          0.13	29.550	
600673	东阳光科	0.52	423325376	0.05	9.58	9.59	435833	107	0.00	          1.77	9.60	
01536	煜荣集团	6.74	411662944	0.120	--  	--  	209002000	2000	-0.52	         55.00	1.780	
000735	罗 牛 山	0.33	405230464	0.03	9.01	9.02	446370	5361	0.11	          4.21	8.99	
002265	西仪股份	9.99	401244416	1.40	15.41	--  	263967	96	0.00	          8.71	14.80	
002837	英维克	6.56	396056736	1.44	23.39	23.40	170110	1618	-0.08	         25.25	22.80	
300542	新晨科技	6.08	392046464	2.20	38.39	38.40	104991	878	0.21	         32.21	36.00	
002190	成飞集成	0.64	391286112	0.15	23.60	23.61	165641	2456	0.17	          4.80	23.59	
000776	广发证券	0.06	388016992	0.01	16.47	16.48	234512	2768	0.00	          0.40	16.52	
000065	北方国际	5.36	387400640	0.93	18.28	18.29	221610	2162	-0.21	          5.43	17.36	
002864	盘龙药业	9.99	376783648	3.38	37.22	--  	101489	32	0.00	         46.83	37.01	
600038	中直股份	1.41	372385824	0.60	43.20	43.21	86464	2	-0.36	          1.47	42.40	
600662	强生控股	9.93	371357888	0.55	6.09	--  	655331	13	0.00	          6.22	5.54	
603676	卫信康	1.16	353998560	0.20	17.45	17.47	204984	98	0.35	         32.54	17.03	
601116	三江购物	10.01	351534592	1.98	21.77	--  	165057	3	0.00	          4.11	20.50	
603138	海量数据	6.48	350338752	2.62	43.15	43.16	82306	5	0.21	         24.33	41.29	
601225	陕西煤业	0.13	350040736	0.01	7.89	7.90	446222	5	0.25	          0.45	7.94	
002281	光迅科技	0.18	349007488	0.05	27.54	27.55	126556	1367	0.36	          2.03	27.13	
600230	沧州大化	1.35	348552000	0.60	45.20	45.21	77108	1	0.27	          2.62	44.41	
600316	洪都航空	3.53	344693920	0.46	13.49	13.50	259349	40	-0.06	          3.62	12.83	
603477	振静股份	4.03	343557248	0.56	14.44	14.45	244960	63	-0.27	         40.83	13.61	
000819	岳阳兴长	10.00	337836416	1.21	13.31	--  	260059	783	0.00	          9.58	12.30	
002246	北化股份	2.15	332962080	0.26	12.35	12.36	272639	6267	0.16	          6.59	11.88	
603559	中通国脉	0.31	330812448	0.11	35.92	35.94	92694	39	0.34	         11.66	35.70	
002919	名臣健康	10.00	324537312	3.30	36.30	--  	92750	98	0.00	         45.55	32.92	
600729	重庆百货	0.14	321375360	0.04	29.31	29.33	109200	8	0.86	          2.69	29.80	
603881	数据港	2.93	318877088	1.18	41.46	41.47	77011	42	-0.16	          6.02	41.00	
002251	步 步 高	3.93	317975744	0.60	15.87	15.88	199130	2192	-0.05	          2.62	15.52	
600520	文一科技	10.02	312418368	1.96	21.53	--  	148797	10	0.00	          9.39	20.54	
600171	上海贝岭	0.51	310814464	0.07	13.79	13.80	225314	29	0.07	          3.34	13.84	
600698	湖南天雁	0.29	307046208	0.02	6.91	6.92	450147	25	0.58	          6.11	6.73	
300479	神思电子	10.02	302824256	1.97	21.64	--  	141880	766	0.00	         16.12	20.26	
002903	宇环数控	5.50	298032096	2.25	43.18	43.19	70828	1571	0.21	         28.33	39.89	
600099	林海股份	5.78	297725152	0.59	10.79	10.80	281793	27	0.00	         12.86	10.25	
600967	内蒙一机	1.97	296600640	0.27	13.97	13.98	213321	400	0.07	          2.22	13.61	
002323	雅百特	4.17	294526656	0.28	6.99	7.00	429048	4491	-0.13	         13.35	6.65	
00291	华润啤酒	1.31	280931552	0.450	34.700	34.750	7979927	578000	-0.14	          0.25	34.250	
600630	龙头股份	5.28	280524896	0.55	10.96	10.97	260271	82	0.27	          6.13	10.39	
01114	BRILLIANCE CHI	0.74	273944160	0.140	19.020	19.060	14346005	890000	0.32	          0.28	19.220	
600268	国电南自	10.00	273068352	0.60	6.60	--  	444643	98	0.00	          7.00	5.99	
600187	国中水务	9.94	266805424	0.49	5.42	--  	492737	11	0.00	          3.39	5.42	
03383	雅居乐集团	2.63	264787136	0.420	16.340	16.360	16141555	640000	0.25	          0.41	16.300	
601233	桐昆股份	0.93	259933120	0.22	23.83	23.84	109761	46	-0.07	          0.91	23.86	
300663	科蓝软件	5.49	257781680	1.56	29.98	29.99	87537	848	-0.12	         26.64	27.58	
600053	九鼎投资	1.53	251112272	0.42	27.85	27.86	89793	5	0.61	          2.07	26.99	
603329	上海雅仕	2.19	250892816	0.70	32.64	32.65	78108	20	0.31	         23.67	31.10	
600415	小商品城	3.01	250620656	0.17	5.81	5.82	433410	79	0.52	          0.80	5.67	
600119	长江投资	9.97	250491952	1.18	13.02	--  	200856	1	0.00	          6.53	11.75	
600621	华鑫股份	0.30	247770624	0.04	13.21	13.22	185567	15	0.15	          3.54	13.21	
300140	中环装备	1.61	246846144	0.22	13.91	13.92	179643	4859	0.43	          7.32	13.58	
002910	庄园牧场	5.36	245120656	1.00	19.65	19.66	127162	1843	-0.04	         27.15	18.38	
002555	三七互娱	1.60	243312704	0.31	19.69	19.70	124060	1360	0.05	          1.06	19.39	
002870	香山股份	10.00	242675648	2.80	30.80	--  	81848	139	0.00	         29.58	30.00	
600135	乐凯胶片	10.04	240299632	1.00	10.96	--  	226847	1	0.00	          6.16	9.91	
000400	许继电气	3.93	239746048	0.48	12.70	12.71	192303	5874	-0.07	          1.91	12.24	
600178	东安动力	2.15	232540112	0.15	7.11	7.12	338370	15	0.28	          7.32	6.85	
600315	上海家化	1.45	229194768	0.56	39.13	39.14	58985	8	-0.27	          0.88	38.54	
300469	信息发展	10.01	229105616	4.11	45.18	--  	51347	259	0.00	         17.95	43.12	
300099	精准信息	1.82	228334960	0.13	7.29	7.30	317731	5173	0.14	          8.10	7.14	
601366	利群股份	3.68	224827056	0.40	11.26	11.27	199308	3	0.27	         11.32	11.25	
300339	润和软件	2.32	224077536	0.25	11.03	11.04	204162	2114	0.00	          3.95	10.50	
600838	上海九百	10.03	221625632	0.91	9.98	--  	232586	3	0.00	          5.80	9.04	
600272	开开实业	9.96	216382688	1.07	11.81	--  	187575	5	0.00	         11.72	11.28	
002329	皇氏集团	3.88	212949968	0.25	6.69	6.70	317511	1558	0.00	          5.61	6.46	
002419	天虹股份	3.23	212858480	0.65	20.80	20.81	103131	1490	0.00	          1.29	19.97	
300509	新美星	0.91	210726192	0.28	30.90	30.97	66275	760	0.65	         25.20	33.30	
600372	中航电子	0.75	208809824	0.11	14.67	14.68	142965	3	0.00	          0.81	14.43	
300731	科创新源	10.00	206890288	3.58	39.38	--  	53617	318	0.00	         24.37	36.40	
603499	翔港科技	6.20	204600800	1.69	28.91	28.99	73351	26	2.15	         29.34	26.92	
300700	岱勒新材	2.40	203892496	1.56	66.50	66.51	30593	479	0.14	         14.85	65.00	
603363	傲农生物	3.74	200470208	0.63	17.48	17.50	116579	55	0.63	         19.43	16.50	
601952	苏垦农发	2.82	200358464	0.34	12.40	12.41	163194	39	-0.15	          6.28	12.07	
002596	海南瑞泽	1.16	199012096	0.13	11.33	11.34	174763	1177	0.09	          2.41	11.21	
603000	人民网	3.72	197869664	0.42	11.69	11.70	170620	6	0.52	          1.54	11.30	
000032	深桑达Ａ	2.32	191751104	0.25	11.03	11.04	180967	3328	0.73	          6.48	10.60	
300506	名家汇	0.41	190726368	0.09	21.98	21.99	87427	2114	-0.13	          6.63	21.23	
000018	神州长城	5.48	190157456	0.32	6.15	6.16	312400	3857	-0.15	          4.14	5.84	
600312	平高电气	2.07	186882848	0.19	9.38	9.39	202123	7	-0.10	          1.49	9.12	
002869	金溢科技	1.50	185584560	0.45	30.37	30.38	60472	617	0.13	         20.49	30.00	
600088	中视传媒	10.00	184583984	1.38	15.18	--  	128358	50	0.00	          3.87	14.00	
002917	金奥博	3.92	182457296	1.11	29.41	29.42	62842	1735	1.27	         22.23	28.43	
300519	新光药业	3.26	181217872	0.72	22.78	22.79	82387	1519	1.61	          8.34	21.50	
600855	航天长峰	4.19	178800336	0.58	14.42	14.44	125262	46	0.42	          3.79	13.80	
600833	第一医药	2.73	178795584	0.36	13.51	13.52	135162	193	-0.36	          6.06	13.18	
600480	凌云股份	2.99	177886176	0.43	14.79	14.80	121723	25	0.00	          3.37	14.41	
01359	中国信达	0.68	175119280	0.020	2.960	2.970	58802852	3783000	0.34	          0.43	2.990	
000021	深科技	1.37	173554688	0.12	8.90	8.91	197458	4559	0.23	          1.34	8.78	
600089	特变电工	0.56	173522560	0.05	9.02	9.04	193243	293	0.33	          0.52	8.99	
603776	永安行	3.32	172483008	1.99	61.86	61.88	28190	14	0.44	         11.75	59.90	
000901	航天科技	1.64	171612928	0.34	21.09	21.10	81921	1302	0.19	          2.17	20.68	
600604	市北高新	0.99	166579920	0.07	7.16	7.17	232785	34	0.00	          2.23	7.17	
03328	交通银行	0.16	166139936	0.010	6.300	6.310	26243732	3251000	0.16	          0.07	6.370	
600343	航天动力	1.79	163749104	0.21	11.96	11.97	138248	19	0.34	          2.17	11.70	
02357	中航科工	3.24	163508496	0.170	5.410	5.420	30191648	1677000	0.00	          1.28	5.350	
002474	榕基软件	2.33	163154400	0.20	8.79	8.80	187820	4276	0.34	          4.04	8.68	
002300	太阳电缆	4.95	156157808	0.39	8.27	8.28	191977	2094	-0.11	          3.54	7.78	
600736	苏州高新	0.91	155988800	0.06	6.65	6.66	227149	3	-0.44	          1.99	6.95	
300571	平治信息	0.43	154763616	0.38	89.50	89.79	17451	492	1.00	          4.99	89.44	
00992	联想集团	0.48	154512416	0.020	4.190	4.200	36912688	5792000	0.48	          0.31	4.200	
603636	南威软件	6.98	153986128	0.68	10.40	10.41	151380	234	-0.28	          3.76	9.62	
300726	宏达电子	1.35	147568656	0.33	24.83	24.84	60019	1235	-0.15	         14.97	24.06	
603716	塞力斯	5.90	142837840	3.57	64.12	64.16	22837	3	0.11	          5.94	60.66	
603366	日出东方	3.44	142142816	0.21	6.32	6.33	228697	155	-0.15	          2.86	6.00	
600650	锦江投资	4.41	140578672	0.62	14.69	14.70	97852	5	-0.06	          2.51	13.88	
07300	ＦＩ南方恒指	1.16	139584944	0.060	--  	--  	26914100	100	0.00	--  	5.170	
002860	星帅尔	2.92	136870768	1.28	45.07	45.08	30709	1026	0.51	         20.20	44.00	
002667	鞍重股份	0.79	136529152	0.12	15.36	15.38	87260	1120	-0.12	          9.32	16.00	
300302	同有科技	0.78	135816272	0.09	11.59	11.60	115918	1070	0.70	          4.74	11.70	
02098	卓尔集团	5.10	135617936	0.500	10.300	10.320	13351197	30000	0.00	          0.11	9.830	
600626	申达股份	4.41	135222160	0.31	7.35	7.36	187878	35	0.00	          2.65	7.03	
603859	能科股份	5.27	131661152	1.16	23.18	23.19	57771	3	0.30	         11.58	21.80	
002630	华西能源	0.41	131085752	0.05	12.29	12.30	106617	1008	-0.15	          1.77	12.23	
600503	华丽家族	1.03	129434648	0.06	5.91	5.92	217630	43	-0.16	          1.36	5.83	
603313	梦百合	0.70	129269064	0.18	25.83	25.84	49832	5	-0.18	          6.05	25.25	
300176	鸿特精密	0.19	127711024	0.27	139.72	139.77	9233	193	0.20	          0.86	139.51	
600624	复旦复华	3.21	127453328	0.20	6.43	6.44	197528	30	0.16	          2.88	6.20	
300468	四方精创	2.46	126607216	0.95	39.49	39.50	32170	411	-0.04	          4.81	38.09	
600209	罗顿发展	0.42	125005872	0.04	9.56	9.57	130644	11	0.21	          3.06	9.53	
000993	闽东电力	10.00	122657288	0.75	8.25	--  	151047	191	0.00	          4.05	7.36	
603777	来伊份	3.65	120351192	0.84	23.82	23.83	50407	5	0.51	          6.46	22.94	
600775	南京熊猫	4.80	120238240	0.37	8.08	8.09	153749	70	1.25	          2.29	7.66	
600689	上海三毛	10.00	118954952	1.13	12.43	--  	96329	10	0.00	          6.33	12.30	
002561	徐家汇	5.07	118753256	0.57	11.81	11.82	101973	3102	0.51	          2.57	11.20	
00958	华能新能源	1.40	117615296	0.040	2.900	2.910	40426400	2040000	0.00	          0.80	2.900	
300590	移为通信	2.04	116822224	0.51	25.52	25.53	46052	586	-0.15	          4.75	25.25	
002522	浙江众成	4.76	116582656	0.46	10.12	10.13	116429	1439	0.00	          1.40	9.60	
002205	国统股份	6.24	115838976	1.09	18.56	18.57	63702	1042	-0.42	          5.48	17.38	
000628	高新发展	1.17	115011856	0.11	9.49	9.50	122772	1893	0.11	          6.53	9.36	
002830	名雕股份	6.17	113884256	1.17	20.12	20.13	58100	1663	-0.44	         14.58	18.88	
01208	五矿资源	2.26	113828424	0.110	4.970	4.980	23060344	260000	0.00	          0.29	4.980	
002777	久远银海	9.93	113166648	3.42	37.86	37.87	30598	531	0.75	          5.10	34.50	
600692	亚通股份	4.17	112435176	0.39	9.72	9.73	117113	1	-0.19	          4.59	9.30	
300025	华星创业	2.16	112035232	0.12	5.67	5.68	201731	4472	0.53	          5.94	5.48	
002417	深南股份	2.94	111736592	0.34	11.88	11.89	95318	1310	-0.33	          4.25	11.44	
600730	中国高科	2.23	111410592	0.14	6.42	6.43	170886	16	-0.30	          2.91	6.27	
603179	新泉股份	2.12	110649560	0.82	39.43	39.44	28186	15	0.08	          4.23	38.63	
300620	光库科技	3.18	109824848	1.19	38.58	38.59	28280	372	0.05	         12.85	37.56	
600562	国睿科技	1.34	109042144	0.29	21.87	21.88	50223	25	0.05	          1.53	21.40	
000670	盈方微	1.52	105516864	0.08	5.34	5.35	198045	4060	-0.18	          3.30	5.25	
601882	海天精工	2.79	104988024	0.34	12.52	12.53	85357	35	0.40	          6.78	12.03	
000875	吉电股份	2.99	104703752	0.10	3.44	3.45	306760	9424	0.00	          1.57	3.36	
600555	海航创新	3.50	103933696	0.15	4.42	4.43	238451	5	0.23	          2.45	4.22	
002624	完美世界	0.16	99780032	0.05	31.00	31.01	32170	258	-0.02	          0.69	30.63	
000966	长源电力	3.40	98404264	0.12	3.64	3.65	269972	2863	0.00	          2.44	3.50	
002172	澳洋科技	1.78	98223328	0.10	5.72	5.73	167069	683	-0.16	          2.99	5.90	
603003	龙宇燃油	0.24	97749784	0.03	12.33	12.34	80102	5	0.16	          1.82	12.10	
002370	亚太药业	1.72	96895512	0.32	18.90	18.94	51424	389	0.21	          1.26	18.31	
00101	恒隆地产	2.18	96836072	0.400	18.760	18.780	5182375	2130000	0.43	          0.12	18.660	
06808	高鑫零售	0.66	94327200	0.060	9.110	9.120	10299500	576500	-0.22	          0.11	9.050	
002479	富春环保	0.90	94310080	0.08	9.00	9.01	106459	1246	0.56	          1.46	8.91	
002485	希努尔	1.79	92178536	0.47	26.65	26.67	34568	434	-0.03	          1.08	26.01	
601611	中国核建	0.41	92014072	0.04	9.74	9.75	94978	16	0.21	          0.99	9.70	
600679	上海凤凰	6.19	91790224	1.05	18.03	18.05	52172	2	0.17	          2.73	16.85	
300541	先进数通	4.14	91734000	0.99	24.89	24.90	36908	791	-0.11	          7.29	23.86	
600292	远达环保	2.73	90563080	0.21	7.91	7.93	116434	5	0.76	          1.49	7.68	
00494	利丰	1.41	90469744	0.060	4.300	4.310	21143068	2956000	0.23	          0.25	4.240	
300608	思特奇	0.50	90064680	0.15	30.24	30.25	30080	372	-0.45	          5.22	29.53	
002278	神开股份	1.02	90013376	0.12	11.91	11.92	75748	1984	0.25	          2.21	11.78	
603767	中马传动	2.79	89841624	0.39	14.36	14.38	63391	10	0.00	         11.89	13.98	
600619	海立股份	3.69	89646904	0.40	11.28	11.29	80513	37	0.45	          1.75	10.80	
600439	瑞贝卡	1.70	89644544	0.10	5.97	5.98	151380	867	0.17	          1.34	5.82	
002011	盾安环境	0.56	89604088	0.04	7.14	7.15	126715	2395	0.14	          1.51	7.09	
600101	明星电力	3.27	89251920	0.28	8.84	8.85	101591	250	0.34	          3.13	8.69	
600759	洲际油气	1.56	89104632	0.06	3.90	3.91	227427	6	0.26	          1.01	3.94	
300131	英唐智控	2.04	88450544	0.14	7.01	7.02	127708	3336	0.00	          2.03	6.84	
603133	碳元科技	4.36	87825752	1.16	27.76	27.78	31572	57	0.00	          6.07	26.50	
002749	国光股份	5.96	87658640	3.91	69.51	69.54	12755	86	0.00	          2.63	65.40	
600676	交运股份	2.78	86878144	0.17	6.27	6.28	140779	8	0.00	          1.46	6.05	
00151	中国旺旺	0.32	86246288	0.020	6.340	6.350	13432728	1160000	0.32	          0.11	6.490	
000007	全新好	2.42	86181848	0.34	14.37	14.38	59318	807	-0.34	          1.92	14.50	
300521	爱司凯	4.95	86046088	0.68	14.42	14.43	59564	500	-0.54	          6.28	13.55	
002538	司尔特	3.29	85422616	0.26	8.16	8.17	105838	1300	0.00	          1.51	7.98	
000985	大庆华科	10.02	84310208	1.94	21.30	--  	40010	40	0.00	          3.09	20.77	
600523	贵航股份	0.19	84260352	0.03	15.85	15.86	53004	7	0.06	          1.84	15.77	
002885	京泉华	2.81	83601600	0.97	35.49	35.50	23745	543	0.31	         11.87	34.28	
000712	锦龙股份	0.20	83442096	0.03	15.00	15.01	55422	865	0.13	          0.62	14.99	
600628	新世界	3.10	82537392	0.29	9.64	9.65	86271	58	0.00	          1.62	9.36	
600073	上海梅林	2.31	82512776	0.17	7.53	7.54	110408	50	0.13	          1.18	7.35	
002359	北讯集团	0.67	82358744	0.18	27.21	27.22	30439	380	0.11	          0.43	27.03	
002836	新宏泽	1.51	82255224	0.27	18.16	18.17	45676	467	0.17	          8.10	17.65	
300696	爱乐达	0.38	81435088	0.22	57.90	57.93	14015	180	0.24	          8.12	57.68	
000731	四川美丰	0.63	80177312	0.05	8.00	8.01	100962	2858	0.25	          1.71	7.99	
603557	起步股份	1.50	79998008	0.26	17.61	17.62	45821	10	0.34	          9.75	17.58	
000948	南天信息	1.54	79902648	0.17	11.18	11.19	72542	2372	0.27	          2.94	10.95	
603578	三星新材	3.16	78486792	1.16	37.89	37.90	21001	2	0.03	          6.58	36.66	
603803	瑞斯康达	4.79	78054664	0.80	17.49	17.50	45366	15	0.46	          7.99	16.70	
06823	香港电讯－ＳＳ	0.40	77949824	0.040	--  	--  	7869024	1000	0.10	          0.10	9.900	
601118	海南橡胶	0.72	77844136	0.04	5.61	5.62	138070	121	-0.34	          0.35	5.61	
600373	中文传媒	0.19	77777576	0.03	15.92	15.93	48852	3	0.13	          0.35	15.89	
603848	好太太	0.49	77539632	0.09	18.50	18.51	42035	9	0.00	         10.25	18.74	
00023	东亚银行	1.05	77016736	0.350	33.500	33.600	2289766	371800	0.30	          0.08	33.350	
002446	盛路通信	3.94	75415280	0.33	8.70	8.71	88155	3312	0.11	          2.08	8.38	
603336	宏辉果蔬	4.75	74714744	0.93	20.50	20.52	36803	2	0.39	          6.97	19.50	
300478	杭州高新	1.53	73753248	0.58	38.53	38.58	19507	504	-0.97	          8.07	36.99	
002682	龙洲股份	1.48	72924256	0.15	10.29	10.30	69424	770	-0.09	          3.61	10.60	
300397	天和防务	0.82	72613856	0.14	17.30	17.31	41965	793	0.29	          2.70	17.15	
002843	泰嘉股份	3.41	72514352	0.60	18.19	18.20	40399	881	-0.10	          4.81	17.64	
603997	继峰股份	1.47	72247952	0.17	11.70	11.71	62585	5	0.26	          0.99	11.48	
000557	西部创业	2.80	72134648	0.13	4.77	4.78	150662	2510	0.21	          2.57	4.68	
600021	上海电力	1.93	72032592	0.16	8.45	8.46	85900	11	0.36	          0.40	8.30	
600590	泰豪科技	0.57	71998968	0.06	10.63	10.64	68004	20	0.38	          1.34	10.69	
600501	航天晨光	2.51	71846360	0.25	10.22	10.23	70923	80	-0.28	          1.74	9.92	
600152	维科精华	2.33	71387224	0.16	7.04	7.05	99990	10	0.00	          3.41	6.85	
07388	ＦＩ南方国指	0.55	71380104	0.030	--  	--  	13054700	400	-0.18	--  	5.470	
300008	天海防务	0.14	71174160	0.01	6.90	6.91	102855	436	0.29	          1.77	6.87	
002768	国恩股份	1.66	69513848	0.43	26.31	26.33	26683	524	0.73	          3.07	25.80	
603339	四方冷链	2.60	68085056	0.58	22.90	22.91	29648	20	0.39	          5.22	22.27	
601968	宝钢包装	4.75	67943728	0.23	5.06	5.07	136605	12	1.40	          4.36	4.83	
002588	史丹利	2.19	67815544	0.16	7.44	7.45	91791	3388	0.13	          1.30	7.28	
002748	世龙实业	10.00	67784360	1.30	14.30	--  	47548	56	0.00	          1.98	14.00	
600873	梅花生物	0.81	67574472	0.04	4.99	5.00	136388	20	0.60	          0.44	4.97	
600824	益民集团	3.33	67472048	0.15	4.65	4.66	146344	150	0.22	          1.39	4.49	
603326	我乐家居	0.42	67205824	0.09	21.59	21.60	31103	1	0.28	          7.78	21.75	
603042	华脉科技	1.05	67040868	0.27	25.94	25.95	25586	13	0.04	          7.53	25.90	
300598	诚迈科技	10.01	65436420	2.82	31.00	--  	21321	114	0.00	          4.41	30.49	
000722	湖南发展	3.95	65255628	0.36	9.47	9.48	70033	2535	-0.10	          1.51	9.15	
300631	久吾高科	10.01	65136144	2.80	30.76	--  	21176	597	0.00	          8.22	30.76	
300234	开尔新材	2.55	65067004	0.22	8.84	8.85	73439	816	0.00	          4.89	8.55	
002549	凯美特气	3.03	64875600	0.20	6.79	6.80	96424	2065	-0.28	          1.55	6.60	
600800	天津磁卡	10.07	63707540	0.54	5.90	--  	109095	100	0.00	          1.79	5.42	
603860	中公高科	5.04	63070748	1.66	34.56	34.59	18624	18	0.14	         11.17	32.69	
300705	九典制药	10.00	62760960	2.97	32.66	--  	19216	53	0.00	          6.55	32.66	
600704	物产中大	0.15	62624148	0.01	6.60	6.61	94444	5	-0.29	          0.71	6.60	
603060	国检集团	10.01	62594888	2.07	22.75	--  	27774	10	0.00	          4.35	20.61	
002187	广百股份	2.90	62223124	0.29	10.29	10.30	60977	2560	0.29	          1.78	10.00	
600502	安徽水利	0.15	62043368	0.01	6.72	6.73	92173	5	0.00	          1.21	6.75	
000685	中山公用	0.90	61687660	0.09	10.12	10.13	60740	305	0.00	          0.48	10.03	
002815	崇达技术	1.34	61669936	0.42	31.84	31.85	19346	157	0.25	          1.82	31.46	
603026	石大胜华	1.76	61502952	0.36	20.84	20.85	30025	1	0.97	          2.14	20.26	
000637	茂化实华	1.58	61090740	0.09	5.77	5.78	105232	1841	0.00	          2.87	5.73	
000698	沈阳化工	1.81	60843160	0.10	5.62	5.63	108444	771	0.18	          2.51	5.50	
002394	联发股份	0.91	60791908	0.11	12.18	12.19	49264	166	0.08	          1.52	12.55	
600363	联创光电	0.96	60640680	0.11	11.60	11.61	52265	55	0.43	          1.18	11.50	
600655	豫园股份	0.40	60569456	0.04	10.05	10.06	60420	50	0.00	          0.42	10.05	
601038	一拖股份	1.54	60441536	0.11	7.23	7.24	83839	189	-0.13	          1.41	7.09	
002881	美格智能	1.36	60337176	0.39	29.04	29.05	20929	385	0.10	          7.85	28.55	
603617	君禾股份	0.81	60067524	0.18	22.28	22.30	26895	14	0.81	         10.76	21.92	
601339	百隆东方	1.26	59558780	0.07	5.63	5.64	103533	1	-0.17	          0.69	5.83	
601949	中国出版	1.05	59421252	0.07	6.74	6.75	88330	1	0.15	          2.42	6.67	
300357	我武生物	0.31	59196648	0.18	57.85	57.86	10407	182	0.17	          0.74	57.17	
600313	农发种业	1.19	59159516	0.04	3.40	3.41	177391	5	0.59	          1.79	3.33	
600826	兰生股份	2.21	58816024	0.29	13.38	13.39	44379	30	0.15	          1.06	13.05	
600137	浪莎股份	3.00	58768600	0.67	22.95	22.99	25775	26	0.22	          2.65	22.02	
600061	国投资本	0.08	58593540	0.01	12.30	12.31	47455	140	0.08	          0.13	12.31	
600278	东方创业	3.66	57964568	0.39	11.03	11.05	53243	200	0.09	          1.02	10.60	
600978	宜华生活	0.60	57588976	0.05	8.42	8.43	68294	40	0.12	          0.46	8.44	
000548	湖南投资	3.13	57568052	0.20	6.58	6.59	88659	2951	0.15	          1.78	6.37	
002853	皮阿诺	0.87	56647252	0.25	29.02	29.03	19568	755	0.07	          3.67	28.58	
603639	海利尔	2.72	56372808	1.19	44.94	44.95	12606	2	0.11	          3.25	43.84	
00956	新天绿色能源	1.40	55571096	0.030	--  	--  	25678802	14000	0.93	          1.40	2.130	
600353	旭光股份	1.32	55062024	0.08	6.14	6.15	89076	25	0.00	          1.64	6.06	
002789	建艺集团	2.04	54870944	0.74	36.98	36.99	14964	117	-0.04	          4.03	35.80	
002776	柏堡龙	3.92	54860088	0.72	19.10	19.11	28699	328	0.42	          2.72	18.27	
000965	天保基建	1.08	53613288	0.06	5.62	5.63	95305	453	-0.17	          0.94	5.54	
600861	北京城乡	3.49	53597628	0.31	9.19	9.20	59011	2	-0.10	          1.86	8.91	
600731	湖南海利	3.40	53490408	0.25	7.61	7.62	70925	15	0.00	          2.17	7.37	
002344	海宁皮城	1.10	53142768	0.07	6.44	6.45	82667	1886	0.16	          0.65	6.39	
600533	栖霞建设	1.61	53134936	0.07	4.41	4.42	118886	99	0.23	          1.13	4.53	
000099	中信海直	1.54	52821456	0.13	8.56	8.57	62438	1811	0.35	          1.03	8.41	
600618	氯碱化工	0.37	52179772	0.04	10.83	10.86	48364	25	0.09	          0.64	10.80	
603630	拉芳家化	2.96	52123704	0.70	24.35	24.36	21578	22	0.00	          3.45	23.64	
601789	宁波建工	1.48	51872684	0.06	4.11	4.12	125988	200	0.49	          1.29	4.05	
300548	博创科技	2.30	51595408	0.98	43.62	43.63	11876	220	0.18	          3.48	42.60	
002608	江苏国信	3.28	51193188	0.30	9.46	9.47	55492	6292	1.50	          1.03	9.07	
601028	玉龙股份	1.37	50633024	0.12	8.89	8.90	57389	20	0.68	          0.73	8.79	
603977	国泰集团	3.68	50317920	0.49	13.79	13.81	36774	3	0.00	          2.93	13.22	
002759	天际股份	1.91	50263116	0.26	13.90	13.91	36345	747	-0.13	          3.10	13.74	
600724	宁波富达	4.84	49951560	0.17	3.68	3.69	136155	100	-0.53	          0.94	3.48	
600463	空港股份	1.98	49926452	0.21	10.80	10.81	46499	3	0.00	          1.55	10.49	
600821	津劝业	4.03	49820560	0.26	6.71	6.72	73746	12	0.15	          1.77	6.40	
600389	江山股份	0.48	49600580	0.09	19.04	19.05	26070	132	0.48	          0.88	18.85	
000062	深圳华强	2.02	49565196	0.41	20.72	20.73	23964	156	0.15	          0.36	20.40	
300549	优德精密	5.68	48729504	1.07	19.90	19.91	25107	943	-0.09	          4.11	18.83	
002703	浙江世宝	0.42	48634488	0.03	7.10	7.11	68138	1224	0.14	          1.52	7.06	
603936	博敏电子	2.78	48596076	0.58	21.45	21.48	22891	3	0.47	          4.08	20.88	
00400	科通芯城	1.76	48324724	0.080	4.600	4.620	10521000	259000	0.00	          0.72	4.500	
000619	海螺型材	1.93	48321188	0.14	7.40	7.41	65706	996	0.14	          1.83	7.22	
02840	ＳＰＤＲ金ＥＴＦ	1.17	47869244	11.500	--  	--  	48360	150	0.10	--  	987.000	
300582	英飞特	2.03	47665524	0.33	16.54	16.55	28989	826	0.00	          2.39	16.28	
300114	中航电测	0.10	47577192	0.01	10.10	10.11	46867	577	0.10	          0.79	10.10	
002809	红墙股份	0.31	47479696	0.09	28.89	28.90	16406	510	0.28	          2.73	28.59	
603878	武进不锈	2.40	47349808	0.39	16.68	16.69	28626	100	-0.11	          2.83	16.27	
002480	新筑股份	0.26	46805196	0.02	7.71	7.72	60877	869	0.65	          0.95	7.70	
603031	安德利	2.30	46615448	0.53	23.55	23.59	19810	15	0.08	          4.96	23.01	
002141	贤丰控股	2.55	46341140	0.16	6.43	6.44	72809	2665	0.31	          1.14	6.29	
600843	上工申贝	2.71	46308252	0.28	10.61	10.62	44260	67	-0.08	          1.45	10.25	
600269	赣粤高速	0.20	45397320	0.01	5.03	5.04	90457	36	0.20	          0.39	5.03	
01112	Ｈ＆Ｈ国际控股	0.85	45172856	0.450	53.700	53.750	839500	19000	0.28	          0.13	53.400	
000928	中钢国际	0.34	44682124	0.02	5.98	5.99	74494	780	-0.16	          1.00	5.94	
600280	中央商场	0.49	44650900	0.04	8.23	8.24	54376	50	0.24	          0.47	8.22	
600561	江西长运	0.47	44610056	0.04	8.48	8.49	52246	4	-0.11	          2.20	8.46	
000608	阳光股份	1.65	44265464	0.11	6.78	6.79	65896	1066	0.30	          0.88	6.61	
000058	深 赛 格	2.57	44018340	0.17	6.79	6.80	65328	1887	-0.14	          1.21	6.60	
002010	传化智联	1.01	43783548	0.17	17.01	17.02	25892	275	0.12	          0.63	16.85	
300635	达安股份	1.86	43779996	0.31	16.96	16.97	25903	414	0.36	          7.64	16.69	
000802	北京文化	1.37	43752280	0.16	11.79	11.80	37271	909	0.08	          0.97	11.56	
300362	天翔环境	1.08	43661780	0.12	11.21	11.22	38750	600	-0.35	          2.03	11.06	
600936	广西广电	2.48	43180116	0.15	6.19	6.20	70179	23	0.32	          0.59	6.04	
600862	中航高科	0.36	43164544	0.03	8.30	8.31	51744	12	0.12	          0.65	8.30	
002862	实丰文化	3.59	43047116	1.02	29.45	29.46	14822	649	0.61	          7.41	28.50	
603232	格尔软件	3.53	42888312	1.55	45.38	45.40	9558	28	0.58	          6.27	43.76	
002882	金龙羽	1.69	42615100	0.21	12.67	12.68	34026	1726	0.24	          4.25	12.48	
600082	海泰发展	2.85	42545564	0.16	5.82	5.83	73363	10	0.87	          1.16	5.63	
002618	丹邦科技	1.10	42262884	0.12	11.00	11.01	38185	289	-0.44	          0.70	10.95	
002225	濮耐股份	2.80	42187512	0.13	4.77	4.78	87421	289	0.00	          1.40	4.66	
002238	天威视讯	3.93	41858560	0.35	9.25	9.26	45822	833	0.11	          0.74	8.87	
002543	万和电气	1.31	41332796	0.31	23.96	23.97	17384	463	-0.03	          0.47	23.75	
601020	华钰矿业	0.83	41177664	0.15	18.28	18.30	22532	4	0.00	          0.80	18.14	
600605	汇通能源	0.66	40982444	0.08	12.29	12.30	33502	10	-0.07	          2.27	12.20	
600776	东方通信	0.31	40951720	0.02	6.37	6.38	64575	200	0.47	          0.68	6.35	
600592	龙溪股份	0.11	40934060	0.01	8.84	8.85	46060	1	0.34	          1.15	8.84	
300580	贝斯特	1.67	40828356	0.33	20.14	20.15	20317	188	0.00	          3.07	19.64	
000695	滨海能源	10.04	40796504	0.97	10.63	--  	39710	1043	0.00	          1.79	9.41	
002336	人人乐	1.49	40776328	0.20	13.65	13.66	29862	607	-0.14	          0.88	13.48	
002852	道道全	0.32	40683960	0.09	28.45	28.47	14258	285	-0.44	          1.93	28.20	
600773	西藏城投	0.49	40574516	0.05	10.19	10.20	39770	30	0.20	          0.55	10.13	
600375	华菱星马	2.94	40426508	0.15	5.25	5.26	77755	10	-0.18	          1.40	5.12	
600151	航天机电	0.68	40146684	0.04	5.95	5.96	67680	1	0.34	          0.49	5.89	
000617	中油资本	0.77	40093132	0.11	14.35	14.36	27811	677	0.14	          0.97	14.25	
600483	福能股份	1.54	40021004	0.12	7.90	7.91	51120	30	0.00	          0.41	7.69	
600452	涪陵电力	3.38	39771272	1.14	34.88	34.90	11430	2	-0.16	          0.71	33.70	
600262	北方股份	1.08	39725636	0.23	21.51	21.54	18580	2	0.00	          1.09	21.24	
601179	中国西电	1.70	39433952	0.07	4.18	4.19	94631	45	0.00	          0.18	4.12	
600310	桂东电力	0.17	39369468	0.01	5.76	5.77	68154	101	0.00	          0.82	5.75	
600969	郴电国际	1.23	39326532	0.13	10.66	10.67	37157	64	-0.46	          1.41	10.54	
08083	中国创新支付	3.03	39098780	0.015	--  	--  	77400000	16000	2.00	          1.11	0.495	
600768	宁波富邦	2.63	38944952	0.34	13.22	13.28	29242	1	0.38	          2.19	12.93	
300605	恒锋信息	4.62	38134104	1.16	26.18	26.26	14611	108	-0.10	          3.91	25.13	
600834	申通地铁	3.71	37598980	0.33	9.23	9.24	41283	5	0.00	          0.86	8.85	
01980	天鸽互动	0.58	36912848	0.040	6.880	6.900	5410284	159000	-0.29	          0.42	6.850	
300609	汇纳科技	10.00	36755236	3.26	35.87	--  	10247	99	0.00	          1.94	35.87	
00576	浙江沪杭甬	0.71	36742240	0.060	8.460	8.470	4330591	428000	-0.12	          0.30	8.450	
02768	佳源国际控股	3.98	36621732	0.390	10.100	10.180	3640000	64000	0.59	          0.15	9.830	
600356	恒丰纸业	2.27	36363132	0.18	8.10	8.11	45146	20	0.00	          1.51	7.95	
300368	汇金股份	0.65	36297436	0.05	7.75	7.76	46818	687	0.13	          1.80	7.63	
300557	理工光科	3.46	36291608	1.20	35.90	35.92	10248	549	0.42	          3.00	34.52	
600182	S佳通	0.97	36257736	0.26	26.94	26.96	13495	1	0.63	          0.79	26.95	
002149	西部材料	0.11	36228844	0.01	8.98	9.00	40244	328	0.00	          0.95	9.02	
00866	中国秦发	12.28	36212864	0.070	--  	--  	56600780	322000	0.00	          2.27	0.570	
000899	赣能股份	2.34	36137028	0.12	5.25	5.27	68929	804	-0.18	          1.07	5.15	
002840	华统股份	2.06	35451268	0.75	37.20	37.21	9589	368	0.03	          0.98	36.11	
002734	利民股份	1.38	35307832	0.35	25.63	25.65	13858	346	0.23	          1.13	25.05	
600708	光明地产	0.14	35148260	0.01	6.93	6.94	50724	46	-0.13	          0.51	6.94	
300615	欣天科技	0.98	34973588	0.25	25.70	25.74	13622	395	0.19	          6.08	26.26	
002272	川润股份	1.57	34865568	0.08	5.17	5.18	67504	298	0.00	          2.12	5.08	
600336	澳柯玛	2.89	34526396	0.13	4.63	4.64	75510	4	0.43	          1.03	4.50	
300414	中光防雷	1.07	34344516	0.21	19.80	19.82	17807	558	0.92	          2.13	19.16	
002827	高争民爆	0.51	34316876	0.09	17.84	17.85	19318	279	0.17	          3.06	17.58	
00440	大新金融	2.82	34187436	1.400	51.050	51.150	672476	16800	0.10	          0.20	49.900	
603488	展鹏科技	1.10	34101972	0.21	19.30	19.31	17790	20	1.10	          3.42	19.01	
002824	和胜股份	1.75	33803388	0.27	15.70	15.71	21681	828	0.13	          2.93	15.43	
600601	方正科技	0.95	33775100	0.03	3.19	3.20	105637	1	0.00	          0.48	3.17	
001696	宗申动力	0.68	33764272	0.04	5.93	5.94	56916	293	0.34	          0.64	5.90	
002378	章源钨业	0.47	33755712	0.04	8.61	8.62	39054	311	0.12	          0.42	8.57	
600235	民丰特纸	2.72	33475520	0.17	6.41	6.42	52517	20	-0.15	          1.49	6.25	
000655	金岭矿业	1.45	32786834	0.08	5.60	5.61	58941	1684	0.36	          0.99	5.54	
600284	浦东建设	0.55	32484688	0.05	9.19	9.20	35356	11	0.11	          0.51	9.25	
601199	江南水务	1.15	32450648	0.06	5.27	5.28	61949	84	0.00	          0.66	5.18	
300402	宝色股份	1.18	32445686	0.13	11.11	11.12	29312	505	0.00	          3.40	10.99	
002772	众兴菌业	1.73	32431850	0.17	10.01	10.02	32495	565	0.30	          1.47	9.81	
600322	天房发展	2.33	32425480	0.14	6.14	6.15	53362	82	0.33	          0.48	5.98	
600888	新疆众和	0.34	32115646	0.02	5.97	5.98	53596	23	0.17	          0.64	5.96	
300617	安靠智电	2.74	32106590	1.24	46.50	46.51	6967	606	0.22	          2.85	45.26	
603035	常熟汽饰	0.57	31954706	0.08	14.00	14.02	22855	1	0.43	          1.33	13.93	
600883	博闻科技	3.31	31940664	0.29	9.02	9.03	35353	95	0.33	          1.50	8.75	
000929	兰州黄河	0.44	31634730	0.04	9.07	9.08	34860	482	0.11	          1.88	9.00	
600096	云天化	0.29	31416840	0.02	6.92	6.93	45383	20	0.73	          0.40	6.92	
603238	诺邦股份	2.74	31277190	0.57	21.34	21.35	14722	26	0.00	          4.91	20.76	
00658	中国高速传动	2.12	30958472	0.240	11.560	11.580	2685000	25000	-0.34	          0.16	11.360	
603757	大元泵业	0.40	30903884	0.23	57.23	57.28	5411	18	0.12	          2.58	56.98	
600058	五矿发展	1.04	30814802	0.11	10.69	10.70	28958	31	0.19	          0.27	10.51	
600112	*ST天成	0.22	30427496	0.01	4.62	4.63	65794	41	0.43	          1.29	4.62	
600683	京投发展	1.57	30342482	0.09	5.81	5.82	52045	10	-0.16	          0.70	5.71	
000026	飞亚达Ａ	0.98	30273476	0.10	10.33	10.34	29310	274	0.00	          0.82	10.24	
08022	永耀集团控股	3.85	30124968	0.040	--  	--  	28366518	1500000	0.00	          1.71	1.020	
603331	百达精工	1.69	29783000	0.30	18.03	18.05	16537	7	-0.10	          5.20	17.71	
603886	元祖股份	0.37	29311352	0.07	18.92	18.93	15465	38	0.00	          1.28	18.84	
01166	星凯控股	15.85	29278088	0.130	--  	--  	32811860	100000	-1.04	          1.39	0.830	
600131	岷江水电	1.91	29111064	0.12	6.37	6.38	45811	10	0.16	          1.15	6.25	
000505	京粮控股	0.62	29110222	0.05	8.12	8.13	35833	954	-0.60	          0.99	8.06	
600714	金瑞矿业	2.27	28222048	0.19	8.52	8.54	33110	12	0.59	          1.16	8.36	
601500	通用股份	0.12	28161126	0.01	8.58	8.59	32624	7	0.00	          1.87	8.49	
600232	金鹰股份	2.58	28060638	0.17	6.74	6.75	42016	20	0.75	          1.15	6.56	
002347	泰尔股份	0.76	27918940	0.04	5.28	5.29	52399	1223	-0.18	          1.60	5.24	
603113	金能科技	0.97	27903934	0.19	19.81	19.83	14118	10	0.10	          1.83	19.63	
600576	祥源文化	0.15	27635924	0.01	6.59	6.62	41913	25	0.46	          0.87	6.56	
600819	耀皮玻璃	2.78	27630160	0.14	5.18	5.19	53709	19	0.00	          0.72	5.04	
002220	天宝食品	1.24	27554074	0.09	7.33	7.34	37670	9223	-0.13	          0.97	7.21	
002210	飞马国际	0.32	27530770	0.04	12.44	12.45	22197	888	0.16	          0.17	12.40	
603823	百合花	1.40	27153204	0.21	15.23	15.24	17959	8	0.13	          2.55	14.98	
002231	奥维通信	2.17	26935330	0.19	8.95	8.96	29991	347	0.11	          1.04	8.70	
300552	万集科技	2.47	26660452	0.60	24.90	24.92	10777	124	-0.19	          2.71	24.12	
002207	*ST准油	1.25	26354724	0.10	8.10	8.11	32522	605	0.25	          1.48	8.06	
300669	沪宁股份	0.95	26255666	0.22	23.38	23.40	11288	325	1.08	          5.36	23.88	
002849	威星智能	1.54	26100576	0.38	25.08	25.10	10348	191	-0.23	          2.73	24.60	
600857	宁波中百	2.59	26017468	0.27	10.67	10.69	24409	8	0.28	          1.09	10.47	
000523	广州浪奇	1.56	25847704	0.12	7.79	7.80	33092	490	0.26	          0.74	7.71	
603022	新通联	0.89	25481402	0.10	11.31	11.32	22628	71	0.18	          3.48	11.20	
002731	萃华珠宝	0.78	25435704	0.12	15.47	15.48	16360	320	0.19	          1.09	15.41	
002498	汉缆股份	0.97	25392220	0.03	3.11	3.12	81536	1500	0.00	          0.25	3.09	
600054	黄山旅游	0.23	25203328	0.03	13.28	13.29	19053	9	0.38	          0.37	13.22	
002134	*ST普林	3.64	25072460	0.30	8.54	8.55	29441	632	0.00	          1.20	8.30	
300069	金利华电	0.03	24861770	0.01	29.01	29.02	8578	1617	0.31	          0.94	28.99	
300499	高澜股份	3.24	24750346	0.55	17.53	17.54	14213	365	0.06	          2.12	16.93	
000862	银星能源	2.01	24633508	0.08	4.07	4.08	61152	1002	0.00	          1.22	3.97	
603229	奥翔药业	0.83	24362578	0.14	17.05	17.06	14407	69	0.24	          3.60	16.72	
600513	联环药业	0.48	24355388	0.04	8.34	8.35	29140	31	0.00	          1.02	8.28	
603198	迎驾贡酒	0.78	24303546	0.12	15.58	15.61	15573	6	-0.18	          0.94	15.53	
300106	西部牧业	1.00	24065814	0.07	7.04	7.05	34204	468	0.14	          1.63	6.97	
300129	泰胜风能	0.17	23749636	0.01	5.88	5.89	40298	473	-0.33	          0.82	5.86	
600644	乐山电力	0.48	23606558	0.03	6.23	6.24	38133	2	0.00	          0.71	6.15	
002816	和科达	2.58	23540864	0.44	17.52	17.53	13737	499	0.92	          2.14	16.99	
600811	东方集团	0.22	23424604	0.01	4.47	4.48	52483	1	0.22	          0.16	4.48	
600841	上柴股份	3.98	23337096	0.47	12.36	12.38	19403	55	1.24	          0.37	11.79	
603966	法兰泰克	1.58	23314650	0.22	14.13	14.14	16598	2	0.50	          2.32	13.68	
600429	三元股份	1.15	23293084	0.07	6.17	6.18	37843	4	0.16	          0.43	6.09	
000159	国际实业	1.06	23246574	0.05	4.74	4.75	49015	968	0.00	          1.02	4.69	
07336	ＦＩ未来恒指	1.30	23223036	0.070	--  	--  	4248200	290300	0.00	--  	5.360	
600250	南纺股份	3.05	23140704	0.28	9.48	9.49	24993	11	0.74	          0.97	9.18	
603586	金麒麟	1.10	23100930	0.24	22.08	22.09	10533	14	0.14	          2.01	21.81	
603979	金诚信	0.72	23080388	0.07	9.83	9.84	23526	20	-0.19	          0.97	9.77	
300384	三联虹普	3.26	22954116	0.81	25.61	25.62	9010	182	0.08	          1.27	25.06	
600961	株冶集团	2.32	22902560	0.18	7.92	7.93	28992	6	-0.12	          0.55	7.75	
07312	ＦＩ　三星恒指	1.16	22800912	0.050	--  	--  	5260400	10000	0.00	--  	4.500	
603063	禾望电气	0.45	22793620	0.07	15.55	15.59	14649	1	0.45	          2.44	15.36	
000430	张家界	2.69	22659902	0.22	8.40	8.41	27799	4093	1.57	          1.08	8.08	
603789	星光农机	0.31	22655126	0.04	12.80	12.81	17764	5	0.08	          1.71	12.65	
01266	西王特钢	0.64	22582702	0.010	--  	--  	14384000	48000	-0.63	          0.64	1.560	
002206	海 利 得	0.59	22453576	0.03	5.13	5.14	43704	717	0.00	          0.46	5.12	
300658	延江股份	1.13	22432576	0.30	26.95	26.96	8303	122	0.22	          3.32	26.75	
603069	海汽集团	1.24	22417052	0.13	10.61	10.62	21195	10	0.66	          1.22	10.48	
600744	华银电力	0.87	22134252	0.03	3.48	3.49	63008	2	-0.56	          0.76	3.46	
600468	百利电气	1.96	22112494	0.12	6.23	6.24	35869	3	-0.63	          0.45	6.10	
600791	京能置业	2.06	22095720	0.13	6.45	6.46	34680	20	0.47	          0.77	6.33	
00699	神州租车	2.63	22033922	0.180	7.020	7.030	3172000	66000	0.14	          0.15	6.840	
603388	元成股份	0.49	21846460	0.08	16.52	16.53	13149	12	1.04	          2.63	16.10	
002084	海鸥住工	1.72	21650906	0.11	6.51	6.52	33807	500	0.15	          0.84	6.30	
601798	蓝科高新	1.13	21628248	0.10	8.95	8.96	24374	4	0.00	          0.69	8.84	
002164	宁波东力	0.38	20644332	0.03	7.99	8.00	25809	310	0.00	          0.62	7.91	
603041	美思德	1.97	20592212	0.39	20.15	20.16	10277	5	0.30	          4.11	19.77	
002053	云南能投	1.29	20565910	0.14	10.98	10.99	18679	130	0.18	          0.50	10.88	
603117	万林股份	1.72	20162748	0.15	8.88	8.89	22888	15	0.45	          0.81	8.77	
002752	N兴股份	1.16	20014078	0.10	8.71	8.72	22948	423	-0.33	          1.40	8.62	
300472	新元科技	3.01	20006438	0.76	25.97	25.98	7635	73	0.12	          2.30	25.43	
300282	汇冠股份	0.06	19775004	0.01	16.94	16.95	11688	277	0.47	          0.57	16.90	
07341	ＦＩ华夏国指	0.99	19754066	0.060	--  	--  	3251000	10000	0.00	--  	6.000	
03308	金鹰商贸集团	1.51	18935486	0.140	9.390	9.420	2010000	3000	-0.74	          0.12	9.250	
600778	友好集团	0.58	18761224	0.03	5.15	5.17	36620	30	-0.38	          1.18	5.08	
00604	深圳控股	0.30	18564382	0.010	3.370	3.380	5500787	188000	0.00	          0.07	3.390	
01466	钱唐控股	2.83	18474740	0.180	--  	--  	2898000	8000	0.93	          0.85	6.350	
300517	海波重科	2.68	18462772	0.47	18.03	18.04	10371	185	0.33	          2.53	17.35	
603298	杭叉集团	0.07	17962812	0.01	14.71	14.72	12255	18	0.27	          0.72	14.64	
07362	ＦＩ未来国指	0.87	17839034	0.050	--  	--  	3103700	3000	0.00	--  	5.690	
600448	华纺股份	0.86	17594872	0.04	4.69	4.70	37813	4	0.21	          0.90	4.64	
603609	禾丰牧业	0.33	17590432	0.03	9.03	9.04	19414	11	-0.21	          0.23	9.00	
600573	惠泉啤酒	1.39	17567190	0.11	8.01	8.02	22031	5	0.13	          0.88	7.85	
600712	南宁百货	2.14	17469298	0.16	7.63	7.64	23067	11	0.00	          0.43	7.33	
603086	先达股份	0.48	17447340	0.16	33.16	33.19	5239	31	0.18	          2.62	33.08	
300272	开能环保	1.55	17301526	0.14	9.19	9.20	19125	2169	0.99	          0.80	8.99	
603990	麦迪科技	1.06	17108610	0.39	37.08	37.09	4640	1	0.30	          0.77	36.70	
01052	越秀交通基建	0.16	17085368	0.010	6.110	6.120	2792000	46000	0.00	          0.17	6.130	
603985	恒润股份	1.33	16811020	0.43	32.77	32.78	5146	3	0.24	          2.57	32.13	
07328	ＦＩ　三星国指	0.87	16721177	0.040	--  	--  	3681600	30000	0.00	--  	4.530	
603116	红蜻蜓	1.10	16649853	0.16	14.75	14.76	11357	100	0.14	          0.63	14.60	
603223	恒通股份	1.40	16500617	0.26	18.89	18.92	8792	11	-0.04	          1.11	18.40	
002105	信隆健康	1.15	16363911	0.07	6.18	6.19	26616	245	0.16	          0.72	6.08	
002790	瑞尔特	1.39	16336811	0.35	25.44	25.45	6453	245	0.20	          1.61	25.12	
300087	荃银高科	0.47	16313255	0.05	10.79	10.80	15212	413	0.47	          0.44	10.62	
300551	古鳌科技	1.17	16095642	0.27	23.43	23.44	6884	88	0.00	          1.59	23.02	
01475	日清食品	3.23	16070881	0.110	--  	--  	4574000	4000	0.28	          0.43	3.410	
600121	*ST郑煤	0.36	15828972	0.02	5.58	5.60	28339	63	0.00	          0.28	5.56	
600091	ST明科	2.73	15774106	0.13	4.88	4.89	32559	8	0.20	          0.97	4.74	
300417	南华仪器	1.22	15650997	0.26	21.50	21.52	7318	468	0.70	          2.55	21.20	
002800	天顺股份	0.98	15573368	0.26	26.90	26.92	5787	105	0.00	          1.66	26.30	
603330	上海天洋	0.75	15552752	0.23	30.80	30.81	5056	11	0.10	          2.09	30.52	
600593	大连圣亚	0.66	15465763	0.21	31.84	31.90	4853	10	-0.12	          0.53	31.53	
600321	正源股份	0.57	15393986	0.02	3.53	3.54	43744	100	0.00	          0.29	3.49	
603001	奥康国际	0.22	15333776	0.03	13.53	13.54	11309	20	-0.21	          0.28	13.49	
600248	延长化建	1.50	15330934	0.08	5.42	5.43	28370	101	0.37	          0.47	5.36	
600184	光电股份	0.47	15176499	0.08	16.93	16.94	8943	7	0.06	          0.21	17.00	
603085	天成自控	0.95	15162550	0.26	27.55	27.63	5511	1	-0.31	          0.70	27.20	
002255	海陆重工	1.41	15154292	0.09	6.49	6.50	23440	354	0.00	          0.48	6.37	
01130	中国环境资源	2.74	15136401	0.010	--  	--  	37736000	8000	0.00	          2.22	0.370	
000863	三湘印象	1.44	14953440	0.07	4.93	4.94	30180	115	-0.19	          0.33	4.90	
300354	东华测试	0.98	14923930	0.11	11.36	11.38	13161	91	0.18	          1.81	11.21	
002181	粤 传 媒	0.89	14359528	0.04	4.52	4.53	31924	1187	0.00	          0.28	4.47	
603028	赛福天	1.14	14145831	0.11	9.72	9.73	14541	20	0.10	          1.26	9.69	
600097	开创国际	1.69	13869945	0.24	14.47	14.48	9684	30	0.63	          0.48	14.20	
000502	绿景控股	1.19	13645374	0.11	9.36	9.37	14691	385	0.21	          0.80	9.20	
300606	金太阳	3.06	13562222	0.78	26.23	26.24	5211	93	0.04	          1.58	25.30	
002855	捷荣技术	0.44	13395491	0.05	11.40	11.41	11775	111	0.26	          1.96	11.30	
600617	国新能源	1.00	13267988	0.07	7.06	7.07	18725	28	0.14	          0.21	7.04	
603360	百傲化学	1.16	13234905	0.24	20.98	21.02	6331	1	0.14	          1.13	20.66	
000421	南京公用	0.18	13204675	0.01	5.56	5.57	23832	182	0.00	          0.42	5.56	
00171	银建国际	1.84	13145901	0.030	--  	--  	7972000	400000	0.00	          0.35	1.630	
600815	*ST厦工	2.34	13136015	0.09	3.92	3.93	33750	3	0.26	          0.35	3.84	
603701	德宏股份	1.98	13101262	0.34	17.50	17.53	7534	100	0.57	          1.29	17.03	
603556	海兴电力	0.58	12665498	0.20	34.86	34.88	3631	1	-0.05	          0.29	34.58	
002819	东方中科	1.90	12553698	0.51	27.38	27.39	4621	289	0.74	          1.05	27.10	
603611	诺力股份	0.86	12519381	0.18	20.96	21.00	5929	87	-0.09	          0.37	21.09	
000622	恒立实业	0.45	12363829	0.02	4.48	4.49	27631	55	0.00	          0.65	4.43	
600678	四川金顶	0.39	12317736	0.04	10.34	10.35	11961	69	0.58	          0.34	10.40	
01990	兴华港口	10.57	12109006	0.130	--  	--  	8303000	8000	0.74	          1.02	1.250	
002793	东音股份	0.13	12062191	0.02	15.12	15.14	7999	246	0.47	          1.24	15.02	
000809	*ST新城	0.58	11955940	0.02	3.43	3.44	34866	406	0.00	          0.42	3.42	
600493	凤竹纺织	0.52	11821262	0.04	7.65	7.67	15541	20	0.39	          0.57	7.61	
01552	BHCC HOLDING	10.00	11728801	0.050	--  	--  	21840000	10000	3.77	          2.73	0.500	
08479	金泰丰国际控股	8.06	11625691	0.200	--  	--  	4272300	8000	0.37	          1.02	2.650	
300057	万顺股份	1.15	11288463	0.10	8.80	8.82	12846	614	0.34	          0.44	8.71	
300435	中泰股份	1.64	11071231	0.19	11.75	11.76	9484	507	0.43	          1.13	11.45	
01836	九兴控股	1.49	10946451	0.160	10.880	10.920	1015278	500	-0.18	          0.13	10.900	
603908	牧高笛	0.42	10739498	0.13	30.85	30.89	3480	6	-0.22	          1.51	30.50	
603663	三祥新材	0.59	10620892	0.11	18.65	18.69	5719	1	0.05	          1.17	18.23	
002150	通润装备	0.35	10555732	0.03	8.55	8.56	12404	407	-0.11	          0.45	8.52	
603991	至正股份	1.86	10459266	0.44	24.04	24.10	4351	6	0.29	          1.06	23.70	
01630	建成控股	1.03	10439800	0.040	--  	--  	2682500	6000	-0.76	          0.18	3.600	
000539	粤电力Ａ	0.21	10345404	0.01	4.66	4.67	22246	410	0.00	          0.09	4.66	
01439	移动互联（中国）	1.76	10116470	0.040	--  	--  	4396000	5000	0.00	          0.33	2.300	
000682	东方电子	0.68	10109262	0.03	4.46	4.47	22656	126	0.22	          0.23	4.48	
600725	ST云维	0.33	9842529	0.01	3.06	3.07	31847	30	0.00	          0.26	3.05	
603012	创力集团	0.86	9778514	0.06	7.05	7.06	13885	8	-0.13	          0.22	6.99	
603306	华懋科技	0.42	9768940	0.10	23.73	23.75	4115	10	0.55	          0.19	23.66	
01986	彩客化学	0.70	9708110	0.030	--  	--  	2355500	2500	0.70	          0.23	4.210	
603037	凯众股份	0.04	9535203	0.01	25.38	25.40	3750	4	-0.03	          0.61	25.40	
300538	同益股份	0.76	9478363	0.26	34.55	34.56	2763	205	0.17	          1.75	34.06	
01811	中广核新能源	4.81	8926564	0.050	1.080	1.090	8371200	10000	0.00	          0.20	1.050	
600792	云煤能源	0.26	8136711	0.01	3.89	3.91	20952	10	0.00	          0.21	3.88	
00196	宏华集团	1.18	8026640	0.010	--  	--  	9263585	59000	0.00	          0.17	0.870	
002808	苏州恒久	0.34	7955576	0.04	11.63	11.65	6796	142	0.43	          0.77	11.62	
000411	英特集团	0.50	7914933	0.11	22.22	22.33	3553	124	0.59	          0.17	22.20	
06066	中信建投证券	0.29	7834269	0.020	6.860	6.880	1139500	7500	0.29	          0.09	6.850	
01866	中国心连心化肥	0.88	7649266	0.030	--  	--  	2279000	1000	3.29	          0.23	3.440	
03087	ＸＴＲ富时越南	0.73	7629745	2.200	--  	--  	24950	10	0.00	--  	301.000	
300530	达志科技	1.08	7430720	0.36	33.54	33.67	2212	34	0.00	          1.05	33.35	
00778	置富产业信托	0.42	7268017	0.040	--  	--  	767291	119000	0.11	--  	9.490	
600696	ST匹凸	0.91	7036390	0.05	5.55	5.56	12742	10	0.72	          0.37	5.52	
00588	北京北辰实业股份	0.37	6817501	0.010	2.700	2.710	2492000	16000	0.37	          0.35	2.770	
02255	海昌海洋公园	1.44	6089631	0.030	2.090	2.110	2900000	2000	0.00	          0.07	2.110	
00341	大家乐集团	0.20	6006121	0.040	19.820	19.880	303000	2000	0.00	          0.05	19.800	
600774	汉商集团	1.48	5925999	0.24	16.38	16.43	3616	7	0.67	          0.21	16.20	
06128	泛亚国际	0.29	5672801	0.010	--  	--  	1632000	4000	-0.57	          0.38	3.470	
300243	瑞丰高材	0.91	5667405	0.10	11.04	11.06	5145	336	0.18	          0.32	10.95	
01268	美东汽车	0.99	5398281	0.030	--  	--  	1740000	4000	-1.60	          0.15	3.130	
00945	宏利金融－Ｓ	0.54	5044840	0.800	--  	--  	33682	1000	0.00	          0.00	149.600	
01659	海天能源	3.28	4817040	0.010	--  	--  	15776000	16000	1.61	          0.17	0.305	
00162	世纪金花	2.30	4781680	0.010	--  	--  	10378000	2000	0.00	          0.91	0.435	
01733	易大宗	1.22	4716007	0.010	--  	--  	5741300	12000	1.22	          0.18	0.820	
603099	长白山	0.09	4700849	0.01	11.28	11.30	4168	65	0.00	          0.16	11.26	
603606	东方电缆	0.29	4276998	0.03	10.42	10.47	4104	3	-0.47	          0.13	10.53	
08436	德宝集团控股	6.15	4223800	0.040	--  	--  	6180000	5000	1.47	          1.54	0.650	
603519	立霸股份	0.05	4155647	0.01	19.03	19.05	2190	5	0.26	          0.14	18.90	
03393	威胜集团	2.27	3810140	0.090	4.050	4.070	936000	8000	0.25	          0.09	4.050	
02700	格林国际控股	3.51	3580350	0.010	--  	--  	12490000	200000	1.72	          0.55	0.280	
08225	中国医疗集团	5.56	3373100	0.020	--  	--  	8540000	40000	-3.80	          0.86	0.385	
01706	双运控股	2.66	3220300	0.050	--  	--  	1665000	40000	0.00	          0.17	1.880	
00862	远见控股	4.92	3112463	0.030	--  	--  	4937005	10000	0.00	          0.13	0.610	
08131	辰罡科技	43.94	3029276	0.087	--  	--  	11920397	10000	3.64	          3.96	0.205	
02120	康宁医院	1.55	2782750	0.600	--  	--  	71300	1800	-0.25	          0.35	38.450	
08029	太阳国际	8.22	2410350	0.060	--  	--  	3265000	5000	3.95	          0.23	0.730	
08071	中彩网通控股	6.97	2409614	0.014	--  	--  	11459000	25000	-0.92	          0.25	0.219	
01300	俊知集团	1.74	2393920	0.020	--  	--  	2058000	30000	0.00	          0.11	1.150	
01341	昊天国际建投	9.84	2372480	0.030	--  	--  	7312000	120000	-2.90	          0.30	0.320	
00038	第一拖拉机股份	0.33	2345600	0.010	3.050	3.070	768000	8000	0.33	          0.20	3.030	
08462	桥英控股	0.51	2303400	0.010	--  	--  	1170000	30000	0.00	          0.20	1.970	
01251	华油能源	2.47	2230580	0.020	--  	--  	2682000	2000	1.22	          0.17	0.810	
01102	环能国际	0.49	2227984	0.001	--  	--  	10934000	540000	1.99	          0.12	0.201	
01578	天津银行	0.86	2154005	0.040	4.630	4.690	462000	4500	1.30	          0.03	4.680	
08133	铸能控股	1.80	2083560	0.003	--  	--  	11940000	300000	0.00	          0.34	0.170	
08021	汇隆控股	6.98	1820860	0.003	--  	--  	40060000	300000	0.00	          0.31	0.044	
08178	中国信息科技	3.94	1787059	0.005	--  	--  	13656800	24000	0.00	          0.24	0.126	
00115	钧濠集团	1.03	1737000	0.002	--  	--  	8880000	100000	0.00	          0.54	0.196	
00798	中电光谷	1.47	1661520	0.010	--  	--  	2444000	32000	0.00	          0.03	0.690	
00219	顺豪物业	1.36	1620826	0.040	--  	--  	544600	6000	0.00	          0.09	2.980	
00553	南京熊猫电子股份	2.17	1526540	0.090	4.220	4.250	366000	2000	0.00	          0.15	4.150	
03709	珂莱蒂尔	0.69	1430220	0.060	--  	--  	165000	1000	0.00	          0.03	8.220	
01798	大唐新能源	0.98	1337330	0.010	--  	--  	1303000	2000	0.00	          0.05	1.020	
03663	协众国际控股	1.25	1283840	0.020	--  	--  	832000	12000	2.53	          0.10	1.560	
00255	龙记集团	1.00	1248640	0.040	--  	--  	308000	2000	0.00	          0.05	4.020	
01312	同方康泰	8.14	1178130	0.035	--  	--  	2580000	84000	3.33	          0.05	0.440	
08315	冠辉集团控股	10.71	1067530	0.003	--  	--  	34740000	30000	0.00	          0.44	0.028	
08201	宝联控股	5.17	1061200	0.015	--  	--  	3460000	100000	0.00	          1.28	0.295	
01559	均安控股	6.45	1020800	0.060	--  	--  	1050000	50000	1.02	          0.10	0.950	
03768	滇池水务	0.75	1004050	0.020	--  	--  	383000	4000	2.69	          0.11	2.650	
02708	艾伯科技	2.01	934180	0.030	--  	--  	616000	20000	1.33	          0.15	1.510	
01188	正道集团	0.79	929444	0.001	0.127	0.129	7364000	2000	-1.55	          0.04	0.126	
03116	易亚富时黄金矿业	1.86	785370	0.150	--  	--  	95600	10000	0.00	--  	8.200	
01037	云智汇科技	0.68	713660	0.010	--  	--  	480000	4000	0.00	          0.07	1.490	
00499	青岛控股	3.90	690860	0.030	--  	--  	884000	10000	2.56	          0.18	0.750	
08039	中国卓银	0.88	683680	0.020	--  	--  	304000	24000	0.00	          0.07	2.260	
03398	华鼎控股	3.66	641450	0.015	--  	--  	1532000	2000	2.41	          0.07	0.420	
00804	鼎石资本	0.67	598330	0.001	--  	--  	4040000	20000	0.00	          0.08	0.144	
01301	德基科技控股	0.86	589280	0.010	--  	--  	508000	2000	0.86	          0.08	1.140	
00228	中能控股	1.19	574308	0.001	--  	--  	6808000	2000	0.00	          0.07	0.084	
08121	超凡网络	0.91	550420	0.001	--  	--  	4900000	10000	0.00	          0.29	0.111	
03882	天彩控股	0.96	539050	0.010	--  	--  	507000	1000	0.00	          0.06	1.050	
08120	国农金融投资	1.85	532285	0.002	--  	--  	5120050	760000	0.00	          0.52	0.104	
02329	国瑞置业	3.57	462620	0.080	2.310	2.320	200000	1000	0.87	          0.00	2.240	
02339	京西国际	1.63	438352	0.020	--  	--  	356480	76000	1.63	          0.06	1.230	
08260	银合控股	6.67	396400	0.040	--  	--  	660000	10000	0.00	          0.05	0.600	
06161	泰加保险	1.69	385360	0.020	--  	--  	324000	12000	4.35	          0.06	1.180	
02281	兴泸水务	5.96	381000	0.090	--  	--  	244000	1000	6.67	          0.11	1.500	
01430	苏创燃气	1.79	372880	0.050	--  	--  	130000	4000	-0.35	          0.01	2.840	
01198	皇朝家h	1.37	348271	0.010	--  	--  	470101	50000	0.00	          0.02	0.750	
00172	金榜集团	1.91	345910	0.003	--  	--  	2200000	30000	0.00	          0.08	0.157	
08130	智城控股	2.41	340660	0.004	--  	--  	2000000	1160000	-0.58	          0.06	0.169	
03175	Ｆ三星原油期	2.39	318144	0.320	--  	--  	23200	8000	0.00	--  	13.720	
08463	TOMO HOLDINGS	1.84	285560	0.030	--  	--  	172000	20000	-1.19	          0.04	1.630	
00929	国际精密	1.31	263500	0.020	--  	--  	170000	35000	0.00	          0.02	1.550	
02121	一化控股	1.10	254320	0.010	--  	--  	279000	13000	0.00	          0.03	0.910	
08128	中国地能	1.99	245600	0.003	--  	--  	1632000	24000	0.00	          0.04	0.151	
03135	Ｆ南方东英原油	2.36	195522	0.200	--  	--  	22500	300	0.00	--  	8.690	
00402	天下图控股	2.06	191340	0.002	--  	--  	2000000	20000	3.13	          0.02	0.096	
01150	米兰站	1.81	180950	0.003	--  	--  	1076000	100000	0.00	          0.13	0.166	
08415	乐嘉思控股	0.81	178400	0.002	--  	--  	720000	200000	0.00	          0.06	0.248	
00827	玖源集团	3.23	158868	0.004	--  	--  	1252000	48000	0.00	          0.03	0.121	
03027	ＸＴＲ俄罗斯	1.33	154275	0.300	--  	--  	6750	750	0.00	--  	22.850	
08093	万星控股	6.94	151300	0.120	--  	--  	80000	10000	-2.63	          0.02	1.890	
08290	亚势备份	2.04	130250	0.002	--  	--  	1340000	20000	5.26	          0.07	0.100	
00640	星谦发展	6.85	127240	0.050	--  	--  	176000	40000	8.33	          0.03	0.730	
00722	联合医务	1.12	125600	0.020	--  	--  	70000	10000	0.00	          0.01	1.780	
08023	邝文记	1.01	120960	0.005	--  	--  	240000	24000	-1.96	          0.04	0.500	
08126	Ｇ．Ａ．控股	6.98	118460	0.030	--  	--  	260000	8000	-2.13	          0.05	0.445	
07302	ＦＩ易方达恒指	1.53	92856	0.070	--  	--  	20100	100	0.87	--  	4.610	
01613	协同通信	3.70	91258	0.003	--  	--  	1086400	160000	0.00	          0.03	0.081	
08193	汉华专业服务	2.13	89075	0.001	--  	--  	1900000	50000	4.35	          0.03	0.049	
00411	南顺（香港）	0.97	87840	0.140	--  	--  	6000	1000	0.00	          0.00	14.640	
00121	卜蜂莲花	0.78	83170	0.001	--  	--  	640000	30000	0.00	          0.01	0.129	
01292	长安民生物流	0.97	76580	0.050	--  	--  	15000	1000	0.00	          0.03	5.100	
08157	象兴国际	1.61	75100	0.005	--  	--  	240000	140000	0.00	          0.02	0.310	
00810	中国互联网投资	2.41	72660	0.004	--  	--  	420000	420000	-1.73	          0.08	0.173	
08025	亚洲资产	0.43	69344	0.001	--  	--  	298000	56000	0.00	          0.02	0.236	
02011	KEE	1.87	67660	0.020	--  	--  	62000	6000	0.00	          0.01	1.070	
03608	永盛新材料	2.84	63125	0.050	--  	--  	35000	35000	-2.16	          0.01	1.800	
00475	中发展控股	4.17	59040	0.050	--  	--  	48000	20000	1.63	          0.01	1.230	
08169	环康集团	1.56	55870	0.003	--  	--  	290000	10000	3.17	          0.04	0.192	
01583	亲亲食品	1.22	48064	0.030	2.450	2.490	19580	400	0.00	          0.00	2.480	
02288	宏基资本	1.15	32550	0.010	--  	--  	37000	36000	0.00	          0.01	0.880	
00356	鼎立资本	1.01	29970	0.001	--  	--  	300000	60000	0.00	          0.01	0.099	
08269	富誉控股	1.85	27780	0.002	--  	--  	243999	4666	0.00	          0.03	0.113	
08309	万成环球控股	1.43	17750	0.005	--  	--  	50000	50000	0.00	          0.01	0.355	
00224	建生国际	0.53	15280	0.010	--  	--  	8000	8000	0.00	          0.00	1.910	
03097	Ｆ未来原油	2.87	10760	0.150	--  	--  	2000	2000	-0.19	--  	5.380	
02317	味丹国际	1.28	6320	0.010	--  	--  	8000	4000	0.00	          0.00	0.790	
00485	中国华星	3.88	2720	0.005	--  	--  	20000	20000	-1.47	          0.00	0.136	
08369	立基工程控股	--  	0	--  	--  	--  	0	0	--  	--  	--  	
02999	中国集成控股　旧	--  	0	--  	--  	--  	0	0	--  	--  	--  	
00963	华熙生物科技	--  	0	--  	--  	--  	0	0	--  	--  	--  	
00382	威灵控股	--  	0	--  	--  	--  	0	0	--  	--  	--  	
00170	中国资本	--  	0	--  	--  	--  	0	0	--  	--  	--  	
002650	加加食品	--  	0	--  	--  	--  	0	0	--  	          0.00	--  	
000666	经纬纺机	--  	0	--  	--  	--  	0	0	--  	          0.00	--  	
04362	ＩＳ南韩基金ＴＲ	--  	0	--  	--  	--  	0	0	--  	--  	--  	
02839	标智港股内地地产	--  	0	--  	--  	--  	0	0	--  	--  	--  	
02835	未来ＫＯＳＰＩ	--  	0	--  	--  	--  	0	0	--  	--  	--  	
02817	标智港股内地消费	--  	0	--  	--  	--  	0	0	--  	--  	--  	
08591	罗马集团（旧）	--  	0	--  	--  	--  	0	0	--  	--  	--  	
数据来源:通达信
