代码	名称	涨幅%%	总金额	买价	卖价	总量	现量	涨速%%	换手%%	量比	今开	
08168	宝积资本	12.50	136215264	--  	--  	426129984	10000	1.89	--  	0.00	0.340	
08207	中新控股	3.23	111491248	--  	--  	117428000	4000	2.13	          0.52	  7.14	0.950	
08473	弥明生活百货	33.33	58345704	--  	--  	101940000	270000	1.64	          9.10	  4.14	0.475	
08083	中国创新支付	3.03	39098780	--  	--  	77400000	16000	2.00	          1.11	  1.80	0.495	
08101	壹家壹品	-15.38	34827660	--  	--  	95668000	544000	0.00	          3.31	  0.65	0.385	
08022	永耀集团控股	3.85	30124968	--  	--  	28366518	1500000	0.00	          1.71	  4.29	1.020	
08291	万成金属包装	-25.00	20687676	--  	--  	39145000	65000	2.00	          9.79	  2.04	0.690	
08227	西安海天天	-1.42	15597541	--  	--  	2478000	8000	-0.48	          0.38	  1.41	6.380	
08469	盛业资本	0.00	15190901	--  	--  	1878000	2000	0.00	          0.25	  0.91	8.090	
08359	HYPEBEAST	-6.74	14324001	--  	--  	16920000	40000	-1.19	          0.85	  1.30	0.900	
08479	金泰丰国际控股	8.06	11625691	--  	--  	4272300	8000	0.37	          1.02	  3.06	2.650	
08082	仁智国际集团	-5.17	9879744	--  	--  	16755150	45000	0.00	          1.45	  1.09	0.590	
08138	同仁堂国药	-0.40	9357309	--  	--  	628481	1000	0.00	          0.08	  0.45	15.180	
08200	修身堂	-11.76	8032841	--  	--  	128580000	80000	-1.64	          2.35	  0.84	0.067	
08156	众彩股份	-4.94	7663741	--  	--  	9834000	30000	0.00	          0.30	  1.43	0.790	
08337	直通电讯	-7.84	6998001	--  	--  	43870000	70000	0.00	          1.41	  3.75	0.165	
08287	ZIONCOM	1.30	6721751	--  	--  	16910000	10000	1.30	          2.56	  1.04	0.395	
08228	国艺娱乐	0.00	6703101	--  	--  	17540000	200000	1.32	          0.39	  1.04	0.385	
08089	华人策略控股	-3.19	6559257	--  	--  	2751400	1800	1.25	          1.33	  3.00	2.510	
08148	奥柏中国	-0.98	6540703	--  	--  	31737000	20000	0.50	          2.92	  2.69	0.204	
08062	俊盟国际	-3.57	6300601	--  	--  	11620000	200000	0.00	          2.42	  0.69	0.560	
08483	名仕快相	-5.00	5619121	--  	--  	18760000	64000	-1.72	          2.35	  1.13	0.300	
08427	瑞强集团	-16.88	5189520	--  	--  	15352000	16000	-1.54	          2.48	  0.47	0.380	
08090	中国融保金融集团	0.00	4516140	--  	--  	5672000	10000	1.27	          0.32	  2.74	0.800	
08436	德宝集团控股	6.15	4223800	--  	--  	6180000	5000	1.47	          1.54	  5.94	0.650	
08137	洪桥集团	-1.19	4130460	--  	--  	2486000	8000	0.00	          0.03	  0.64	1.670	
08175	中国数码文化	12.77	3867600	--  	--  	7860000	200000	1.92	          0.41	  1.33	0.470	
08125	仁德资源	0.00	3737400	--  	--  	8292000	760000	0.00	          2.28	 91.73	0.450	
08001	东方汇财证券	0.00	3697880	--  	--  	4408000	120000	0.00	          1.02	  2.95	0.800	
08275	永勤集团控股	0.00	3396100	--  	--  	1710000	20000	0.00	          0.28	  1.01	1.980	
08225	中国医疗集团	5.56	3373100	--  	--  	8540000	40000	-3.80	          0.86	  0.41	0.385	
08179	新煮意控股	-2.17	3291756	--  	--  	18480000	48000	0.00	          0.88	 21.67	0.183	
08349	美固科技控股	-4.26	3252100	--  	--  	1390000	10000	-2.17	          0.35	  0.18	2.550	
08279	亚博科技控股	2.15	3184880	--  	--  	3492000	4000	0.00	          0.03	  3.09	0.920	
08131	辰罡科技	43.94	3029276	--  	--  	11920397	10000	3.64	          3.96	 11.51	0.205	
08292	盛良物流	-4.27	2828900	--  	--  	2490000	50000	0.00	          0.31	  1.02	1.170	
08073	兴业新材料	0.00	2799280	--  	--  	1756000	8000	7.10	          0.37	  0.64	1.690	
08055	中国网络信息科技	0.00	2707160	--  	--  	7648000	480000	0.00	          0.20	 10.28	0.355	
08422	ＷＴ集团	-1.60	2659500	--  	--  	2220000	20000	3.36	          0.22	  0.41	1.240	
08283	正力控股	2.31	2452400	--  	--  	1815000	15000	0.00	          0.36	  9.26	1.360	
08445	怡康泰工程集团	-2.63	2452000	--  	--  	3340000	10000	-1.33	          0.56	  0.41	0.780	
08257	靖洋集团	1.82	2449100	--  	--  	8870000	30000	1.82	          0.89	  2.19	0.275	
08029	太阳国际	8.22	2410350	--  	--  	3265000	5000	3.95	          0.23	  3.01	0.730	
08071	中彩网通控股	6.97	2409614	--  	--  	11459000	25000	-0.92	          0.25	  0.99	0.219	
08059	朝威控股	6.00	2383400	--  	--  	4600000	5000	0.00	          0.49	  1.72	0.500	
08462	桥英控股	0.51	2303400	--  	--  	1170000	30000	0.00	          0.20	  0.48	1.970	
08170	KSL HOLDINGS	0.86	2258130	--  	--  	637000	2000	0.00	          0.15	  0.70	3.670	
08046	恒芯中国	2.78	2254488	--  	--  	62172000	840000	0.00	          0.75	  2.17	0.036	
08133	铸能控股	1.80	2083560	--  	--  	11940000	300000	0.00	          0.34	  0.50	0.170	
08300	皇玺餐饮集团	0.00	2019640	--  	--  	13860000	100000	0.69	          0.52	  0.64	0.144	
08437	德斯控股	-2.15	1999040	--  	--  	4464000	24000	0.00	          0.74	  1.71	0.460	
08417	大地教育	-1.52	1985400	--  	--  	3030000	10000	0.00	          0.17	  1.06	0.670	
08011	百田石油	-7.41	1942360	--  	--  	7620000	20000	0.00	          0.26	  0.26	0.275	
08240	展程控股	-0.40	1928850	--  	--  	8000000	200000	0.00	          0.63	  0.54	0.250	
08470	莹岚集团	5.70	1919280	--  	--  	1184000	24000	-1.76	          0.20	  0.41	1.580	
08142	德利机械	-1.49	1844050	--  	--  	5560000	130000	0.00	          0.56	  0.86	0.335	
08136	英马斯集团	-5.38	1843050	--  	--  	4000000	20000	0.00	          0.40	  0.41	0.465	
08021	汇隆控股	6.98	1820860	--  	--  	40060000	300000	0.00	          0.31	  1.48	0.044	
08178	中国信息科技	3.94	1787059	--  	--  	13656800	24000	0.00	          0.24	  7.28	0.126	
08596	星亚控股（旧）	0.00	1781000	--  	--  	350000	250000	0.00	          0.03	  0.90	5.070	
08446	ITP HOLDINGS	5.46	1610100	--  	--  	520000	10000	-0.32	          0.07	  3.88	2.930	
08379	汇安智能	-2.90	1606300	--  	--  	4810000	10000	1.52	          0.60	  0.63	0.340	
08328	信义香港	0.00	1605580	--  	--  	782000	8000	0.00	--  	 67.38	2.080	
08293	星亚控股（新）	0.20	1540500	--  	--  	305000	5000	0.00	          0.02	  1.01	5.050	
08308	古兜控股	-1.16	1517920	--  	--  	896000	16000	-0.58	          0.09	  1.22	1.770	
08103	万泰企业股份	-3.28	1372200	--  	--  	1100000	20000	0.00	          0.77	 20.29	1.250	
08076	新利软件	5.88	1359400	--  	--  	6665000	10000	4.65	          0.77	  8.45	0.190	
08145	电讯首科	-4.07	1317480	--  	--  	544000	2000	0.00	          0.42	  0.55	2.490	
08078	ＨＭＶ数码中国	-0.42	1289380	--  	--  	5396000	2000000	0.00	          0.04	  0.50	0.239	
08367	倩碧控股	-5.50	1150520	--  	--  	6000000	100000	0.53	          0.75	  0.98	0.200	
08238	惠陶集团	-4.62	1107736	--  	--  	17656000	576000	0.00	          0.20	  0.90	0.066	
08250	丝路能源	-3.45	1091860	--  	--  	19420000	860000	0.00	          0.28	  1.28	0.057	
08047	中国海洋捕捞	0.00	1073840	--  	--  	1772000	500000	1.67	          0.05	  0.58	0.600	
08217	联旺集团	0.00	1071850	--  	--  	3780000	20000	0.00	          0.30	  1.31	0.290	
08315	冠辉集团控股	10.71	1067530	--  	--  	34740000	30000	0.00	          0.44	  0.63	0.028	
08201	宝联控股	5.17	1061200	--  	--  	3460000	100000	0.00	          1.28	 26.96	0.295	
08100	智易控股	0.00	978090	--  	--  	2418000	6000	1.25	          0.54	  0.57	0.405	
08226	树熊金融集团	0.70	970580	--  	--  	6812000	4000	-0.69	          0.28	  1.54	0.141	
08526	荣丰集团亚洲	-1.28	939950	--  	--  	2460000	10000	2.67	          0.43	  0.38	0.385	
08158	中国再生医学	0.63	919375	--  	--  	5760000	5000	0.63	          0.03	  0.24	0.160	
08266	卓信国际控股	1.23	899248	--  	--  	5472000	16000	0.00	          0.13	  0.98	0.167	
08018	汇财金融投资	-1.22	873120	--  	--  	5630000	250000	0.00	          0.45	  0.83	0.147	
08321	泰锦控股	1.98	870600	--  	--  	4090000	120000	-1.90	          0.51	  0.89	0.202	
08160	GOLDWAY EDU	-5.36	869160	--  	--  	1512000	12000	-7.02	          0.29	  0.26	0.630	
08043	ATLINKS	-8.08	836375	--  	--  	1790000	15000	-1.09	          0.45	  1.15	0.490	
08532	宝发控股	-4.04	811296	--  	--  	4192000	8000	0.53	          0.52	  0.98	0.198	
08081	互娱中国	0.00	782333	--  	--  	19781280	1250000	0.00	          0.37	  1.65	0.039	
08410	安领国际	0.00	758500	--  	--  	620000	10000	-0.82	          0.06	  0.59	1.280	
08392	舍图控股	2.47	694200	--  	--  	1700000	20000	2.47	          0.17	  0.22	0.405	
08039	中国卓银	0.88	683680	--  	--  	304000	24000	0.00	          0.07	  2.44	2.260	
08413	亚洲杂货	-1.27	656420	--  	--  	4310000	10000	1.97	          0.37	  0.86	0.157	
08419	ＡＶ策划推广	1.82	650300	--  	--  	1135000	15000	0.00	          0.28	  2.06	0.570	
08347	Ｆ８企业	2.60	629160	--  	--  	1624000	168000	0.00	          0.20	  1.94	0.400	
08421	永顺控股香港	4.71	620575	--  	--  	1480000	5000	0.00	          0.25	  0.48	0.410	
08167	中国新电信	-1.73	612104	--  	--  	3756000	312000	0.00	          0.04	  1.18	0.170	
08041	荟萃国际（控股）	-2.91	590540	--  	--  	5820000	160000	0.00	          0.09	  4.11	0.103	
08487	ISP GLOBAL	-1.56	573500	--  	--  	940000	30000	0.00	          0.12	  0.76	0.600	
08383	东骏控股	-1.47	569960	--  	--  	1752000	8000	0.00	          0.22	  1.62	0.345	
08032	非凡中国	1.14	561140	--  	--  	648000	8000	2.30	          0.01	  0.40	0.870	
08522	德益控股	0.00	552280	--  	--  	544000	4000	0.99	          0.15	  0.21	1.010	
08121	超凡网络	0.91	550420	--  	--  	4900000	10000	0.00	          0.29	 12.44	0.111	
08325	中国支付通	-2.08	540600	--  	--  	570000	20000	0.00	          0.03	  0.31	0.960	
08120	国农金融投资	1.85	532285	--  	--  	5120050	760000	0.00	          0.52	  2.92	0.104	
08356	中国新华电视	-1.98	504940	--  	--  	5000000	240000	0.00	          0.12	  0.76	0.105	
08376	方圆房服集团	-7.02	504840	--  	--  	912000	116000	-3.64	          0.23	  1.23	0.570	
08237	华星控股	-1.67	498460	--  	--  	850000	2000	1.72	          0.02	  0.28	0.640	
08013	ECI TECH	-1.20	488820	--  	--  	2920000	160000	0.00	          0.18	  1.05	0.173	
08485	竣球控股	-5.81	486740	--  	--  	3260000	100000	-2.67	          0.33	  1.66	0.155	
08313	杰地集团	1.64	482650	--  	--  	1570000	20000	0.00	          0.08	  0.72	0.305	
08430	春能控股	-1.61	480500	--  	--  	1570000	5000	1.67	          0.25	  0.98	0.305	
08455	礼建德集团	-1.20	452900	--  	--  	270000	10000	-1.79	          0.03	  0.17	1.670	
08361	中国育儿网络	-4.55	442700	--  	--  	1038000	40000	-1.18	          0.10	  1.78	0.440	
08102	利宝阁集团	-1.19	432750	--  	--  	1040000	30000	0.00	          0.13	  1.01	0.425	
08187	积木集团	0.00	426950	--  	--  	305000	55000	0.00	          0.06	  1.16	1.430	
08491	COOL LINK	-2.33	424475	--  	--  	1015000	5000	0.00	          0.17	  0.95	0.415	
08535	荧德控股	-1.54	414080	--  	--  	3200000	60000	0.00	          0.27	  1.00	0.127	
08118	濠亮环球	0.00	403400	--  	--  	1480000	8000	1.85	          0.30	  0.52	0.275	
08495	1957 & CO.	0.00	402160	--  	--  	912000	4000	0.00	          0.28	  2.75	0.420	
08296	中国生命集团	5.08	402080	--  	--  	1292000	352000	0.00	          0.17	  0.67	0.295	
08260	银合控股	6.67	396400	--  	--  	660000	10000	0.00	          0.05	  3.11	0.600	
08199	中国万桐园	-6.45	392200	--  	--  	1340000	140000	0.00	          0.13	  0.91	0.295	
08030	汇联金融服务	0.00	389950	--  	--  	455000	15000	0.00	          0.03	  0.63	0.860	
08192	环球能源资源	4.55	388960	--  	--  	1144000	12000	2.99	          0.11	  0.69	0.330	
08143	华夏医疗	-2.94	385908	--  	--  	3000000	200000	0.00	          0.13	  0.88	0.136	
08510	TOPSTANDARDCORP	-6.88	363880	--  	--  	1792000	136000	-0.98	          0.22	  0.88	0.201	
08285	森浩集团	-5.17	356175	--  	--  	1270000	130000	0.00	          0.23	  0.72	0.290	
08147	汇思太平洋	0.00	348556	--  	--  	1744000	4000	-0.50	          0.03	  0.12	0.200	
08026	长达健康	-5.00	345855	--  	--  	1222000	100000	0.00	          0.10	  0.51	0.285	
08457	健升物流中国	2.22	344560	--  	--  	1490000	100000	0.44	          0.19	  0.58	0.239	
08166	中国农业生态	-10.87	341200	--  	--  	4100000	500000	0.00	          0.07	  0.33	0.084	
08130	智城控股	2.41	340660	--  	--  	2000000	1160000	-0.58	          0.06	  0.10	0.169	
08203	凯顺能源	16.07	337910	--  	--  	1043000	10000	0.00	          0.18	 10.35	0.290	
08172	拉近网娱	0.00	336900	--  	--  	960000	40000	0.00	          0.02	  1.59	0.365	
08395	齐家控股	2.48	334260	--  	--  	2660000	20000	0.00	          0.17	  0.61	0.122	
08040	ＤＣＢ控股	-5.81	332150	--  	--  	400000	30000	-2.41	          0.13	  0.08	0.840	
08331	飞尚非金属	0.00	332000	--  	--  	540000	10000	0.00	          0.10	  0.43	0.590	
08229	FUTURE DATA	-1.25	305425	--  	--  	765000	40000	0.00	          0.19	  0.43	0.405	
08519	JIA GROUP	-0.56	300420	--  	--  	1690000	10000	0.00	          0.20	  0.83	0.178	
08506	福纺控股	-0.71	297612	--  	--  	2124000	120000	0.00	          0.21	  1.47	0.141	
08471	新达控股	-2.78	293250	--  	--  	820000	20000	0.00	          0.10	  0.87	0.360	
08007	环球战略集团	-2.31	289103	--  	--  	2206440	6440	-3.05	          0.04	  0.56	0.131	
08255	神州数字	-1.10	285960	--  	--  	318000	6000	0.00	          0.07	  0.64	0.900	
08463	TOMO HOLDINGS	1.84	285560	--  	--  	172000	20000	-1.19	          0.04	  0.29	1.630	
08400	亚洲先锋娱乐	-1.00	285330	--  	--  	1440000	40000	0.00	          0.14	  0.79	0.198	
08129	云信投资控股	-4.76	282520	--  	--  	14100000	280000	0.00	          0.47	  0.25	0.020	
08456	民信国际控股	-2.30	281700	--  	--  	672000	44000	1.19	          0.17	  0.34	0.410	
08091	奥传思维控股	-1.88	279270	--  	--  	1820000	10000	6.08	          0.25	  1.29	0.157	
08299	大唐潼金	0.00	276360	--  	--  	19452000	96000	0.00	          0.09	  1.16	0.015	
08176	超人智能	1.82	276000	--  	--  	25000	5000	0.00	          0.01	  0.07	11.000	
08005	裕兴科技	3.95	271540	--  	--  	346000	14000	0.00	          0.02	  0.69	0.790	
08420	NEXION TECH	-1.82	270150	--  	--  	495000	115000	0.00	          0.08	  0.58	0.560	
08513	迎宏控股	-1.89	265200	--  	--  	508000	40000	-1.89	          0.13	  0.25	0.500	
08476	大洋环球控股	-4.23	257320	--  	--  	370000	16000	0.00	          0.13	  3.05	0.710	
08265	中国之信集团	0.00	252320	--  	--  	84000	4000	0.66	          0.00	  0.69	3.000	
08027	吉辉控股	0.00	251060	--  	--  	3585000	15000	0.00	          0.11	  4.81	0.077	
08450	钜京控股	-1.19	248080	--  	--  	1490000	70000	-0.60	          0.15	  0.65	0.168	
08128	中国地能	1.99	245600	--  	--  	1632000	24000	0.00	          0.04	  0.55	0.151	
08351	俊文宝石	-7.81	230400	--  	--  	770000	100000	0.00	          0.02	  1.35	0.300	
08186	同仁资源	1.30	229640	--  	--  	2797360	20000	-3.70	          0.34	  0.35	0.077	
08202	汇创控股	-2.50	210728	--  	--  	1138000	20000	4.28	          0.11	  0.39	0.185	
08371	尝高美集团	-5.13	207400	--  	--  	272000	16000	-3.90	          0.07	  1.08	0.780	
08346	创新电子控股	0.00	194950	--  	--  	640000	10000	-1.59	          0.11	  0.59	0.300	
08198	乐透互娱	-1.65	194698	--  	--  	831600	52000	-0.42	          0.03	  0.17	0.244	
08267	蓝港互动	-6.09	190915	--  	--  	175000	500	0.00	          0.05	  0.63	1.120	
08366	浙江联合投资	-3.33	190900	--  	--  	330000	120000	1.75	          0.02	  1.43	0.590	
08416	HM INTL HLDGS	1.52	187150	--  	--  	285000	15000	0.00	          0.07	  1.78	0.670	
08402	GT STEEL GROUP	-1.67	181350	--  	--  	615000	150000	0.00	          0.13	  0.48	0.295	
08415	乐嘉思控股	0.81	178400	--  	--  	720000	200000	0.00	          0.06	  0.47	0.248	
08247	中生北控生物科技	1.25	178240	--  	--  	74000	30000	0.83	          0.12	  0.22	2.370	
08465	高科桥	0.00	175100	--  	--  	60000	10000	0.00	          0.02	  0.67	2.930	
08426	雅居投资控股	0.48	170810	--  	--  	820000	100000	0.00	          0.10	  0.53	0.208	
08373	靛蓝星	-6.19	167950	--  	--  	190000	15000	0.00	          0.05	  0.23	0.900	
08195	L&A INTL HOLD	-1.28	164960	--  	--  	2144000	8000	0.00	          0.17	  0.19	0.078	
08196	建禹集团	-0.42	161840	--  	--  	40000	8000	17.50	          0.01	  1.39	4.310	
08480	飞霓控股	0.00	160000	--  	--  	400000	400000	0.00	          0.08	  1.50	0.400	
08362	运兴泰集团	-1.57	152600	--  	--  	1220000	220000	0.00	          0.09	  0.62	0.125	
08072	罗马集团	-3.60	151420	--  	--  	1415000	20000	0.00	          0.05	  2.48	0.108	
08093	万星控股	6.94	151300	--  	--  	80000	10000	-2.63	          0.02	  2.29	1.890	
08312	中国瀚亚	3.45	149000	--  	--  	480000	20000	0.00	          0.06	  0.09	0.295	
08056	饮食概念	-3.13	148700	--  	--  	470000	285000	-3.12	          0.06	  0.43	0.330	
08472	立高控股	0.00	146400	--  	--  	240000	10000	0.00	          0.06	  1.27	0.610	
08171	中国趋势	10.00	145840	--  	--  	14128000	120000	0.00	          0.03	  0.88	0.010	
08181	港深联合	-1.30	143640	--  	--  	368000	8000	-2.56	          0.04	  0.47	0.400	
08333	阿仕特朗金融	-3.39	139500	--  	--  	475000	80000	0.00	          0.06	  2.05	0.295	
08385	万里印刷	-6.06	138500	--  	--  	440000	100000	0.00	          0.06	  0.50	0.315	
08231	节能元件	0.00	138350	--  	--  	650000	140000	0.00	          0.04	  0.63	0.212	
08377	申酉控股	-2.27	134250	--  	--  	310000	10000	0.00	          0.04	  1.08	0.440	
08290	亚势备份	2.04	130250	--  	--  	1340000	20000	5.26	          0.07	  2.58	0.100	
08088	海汇国际科技	7.41	129624	--  	--  	4552000	592000	-3.33	          0.04	  2.23	0.027	
08117	中国基础能源	0.00	126040	--  	--  	133000	10000	0.00	          0.01	  0.38	0.940	
08220	比高集团	-1.61	122220	--  	--  	2020000	40000	0.00	          0.06	  1.86	0.060	
08087	中国三三传媒	0.00	121860	--  	--  	4170000	600000	3.45	          0.07	  0.23	0.029	
08023	邝文记	1.01	120960	--  	--  	240000	24000	-1.96	          0.04	  0.26	0.500	
08340	域高金融	0.00	120950	--  	--  	260000	10000	1.08	          0.04	  0.13	0.465	
08251	优越集团控股	0.00	120500	--  	--  	160000	50000	0.00	          0.04	  0.99	0.760	
08429	冰雪集团	0.00	119200	--  	--  	175000	5000	1.49	          0.04	  0.23	0.700	
08342	飞思达科技	0.00	118750	--  	--  	85000	30000	0.00	          0.02	  0.24	1.400	
08126	Ｇ．Ａ．控股	6.98	118460	--  	--  	260000	8000	-2.13	          0.05	  0.79	0.445	
08460	基地锦标集团	-2.71	110310	--  	--  	500000	170000	0.00	          0.05	  0.92	0.221	
08006	华泰瑞银	0.97	107842	--  	--  	533000	60000	1.46	          0.14	  3.09	0.206	
08152	明梁控股	0.00	105250	--  	--  	370000	10000	0.00	          0.06	  2.64	0.285	
08189	泰达生物	-3.57	100125	--  	--  	255000	5000	-3.57	          0.02	  0.21	0.400	
08132	中油港燃	1.85	99710	--  	--  	1870000	100000	0.00	          0.03	  0.92	0.051	
08057	麦迪森控股	1.88	97840	--  	--  	60000	20000	1.88	          0.00	  0.03	1.640	
08407	兴证国际	0.00	95360	--  	--  	74000	6000	0.00	          0.00	  0.21	1.280	
08493	龙皇集团	0.00	94464	--  	--  	516000	360000	0.55	          0.04	  0.38	0.183	
08501	庄皇集团公司	0.00	92180	--  	--  	62000	4000	-1.33	          0.03	  1.42	1.480	
08193	汉华专业服务	2.13	89075	--  	--  	1900000	50000	4.35	          0.03	  0.19	0.049	
08108	福泽集团	4.48	86820	--  	--  	1266528	438000	1.45	          0.14	  0.06	0.067	
08019	皓文控股	0.00	86760	--  	--  	860000	760000	0.00	          0.04	  5.19	0.100	
08523	常满控股	-1.20	86150	--  	--  	210000	10000	0.00	          0.05	  0.22	0.410	
08048	御德国际控股	0.99	85936	--  	--  	834000	36000	0.00	          0.05	  0.45	0.104	
08350	骏溢环球金融	-1.28	84920	--  	--  	224000	112000	0.00	          0.03	  0.10	0.375	
08221	PF GROUP	-3.29	83780	--  	--  	600000	100000	7.30	          0.03	  1.40	0.138	
08352	成安控股	-1.43	82000	--  	--  	240000	30000	0.00	          0.04	  0.40	0.340	
08095	北大青鸟环宇	0.00	79680	--  	--  	58000	1000	0.00	          0.01	  0.30	1.370	
08278	CMON	2.00	78050	--  	--  	310000	110000	0.00	          0.02	  0.68	0.250	
08375	弘浩国际控股	-0.51	77730	--  	--  	400000	20000	1.03	          0.05	  1.80	0.197	
08157	象兴国际	1.61	75100	--  	--  	240000	140000	0.00	          0.02	  0.42	0.310	
08065	高萌科技	-2.22	73850	--  	--  	165000	30000	-2.22	          0.04	  0.05	0.440	
08358	卓珈控股	2.31	73550	--  	--  	55000	30000	0.00	          0.01	  0.67	1.350	
08246	北方新能源	0.00	71400	--  	--  	280000	280000	0.00	          0.01	  0.11	0.255	
08355	超智能控股	0.00	69600	--  	--  	210000	30000	0.00	          0.02	  0.70	0.325	
08025	亚洲资产	0.43	69344	--  	--  	298000	56000	0.00	          0.02	  0.35	0.236	
08256	金利通	-3.45	66548	--  	--  	2376000	900000	0.00	          0.20	  0.35	0.029	
08067	东方大学城控股	-4.70	66440	--  	--  	18000	2000	0.83	          0.01	  0.80	3.700	
08188	骏杰集团控股	-1.96	61040	--  	--  	244000	100000	0.00	          0.05	  0.57	0.255	
08051	讯智海	-2.42	60500	--  	--  	5000	3000	0.00	          0.02	  0.75	12.100	
08169	环康集团	1.56	55870	--  	--  	290000	10000	3.17	          0.04	  1.42	0.192	
08272	华人饮食集团	-5.88	54540	--  	--  	3220000	100000	0.00	          0.10	  0.56	0.016	
08109	麒麟集团控股	0.00	54440	--  	--  	3135360	15000	-5.56	          0.07	  0.32	0.017	
08252	泰和小贷	-1.61	53500	--  	--  	22000	2000	1.66	          0.01	  1.96	2.450	
08063	环球大通集团	4.81	51000	--  	--  	500000	150000	0.00	          0.01	  2.02	0.102	
08245	安悦国际控股	-1.89	50685	--  	--  	965000	90000	0.00	          0.03	  0.44	0.052	
08242	宏创高科	-1.46	48960	--  	--  	360000	10000	0.75	          0.03	  0.32	0.137	
08119	即时科研	6.25	47600	--  	--  	70000	70000	0.00	          0.03	  1.12	0.680	
08431	浩柏国际	-5.41	47250	--  	--  	270000	50000	0.00	          0.02	  0.22	0.175	
08045	南大苏富特	1.90	44904	--  	--  	210000	210000	0.00	          0.04	  1.43	0.213	
08509	威扬酒业控股	0.00	42480	--  	--  	60000	60000	0.00	          0.01	  0.14	0.710	
08329	海王英特龙	-7.59	41800	--  	--  	110000	10000	-5.19	          0.03	  0.34	0.385	
08268	迪臣建设	-1.52	40584	--  	--  	208000	160000	0.00	          0.02	  1.04	0.196	
08009	华夏能源控股	7.14	40480	--  	--  	900000	200000	0.00	          0.04	  0.78	0.044	
08028	天时软件	-3.92	37220	--  	--  	740000	120000	4.26	          0.03	  0.37	0.051	
08411	K W NELSON GP	1.72	34350	--  	--  	120000	10000	3.51	          0.01	  0.14	0.290	
08368	中国创意控股	-3.35	33995	--  	--  	147000	2000	0.00	          0.01	  0.38	0.232	
08360	利骏集团香港	1.20	33600	--  	--  	200000	200000	0.00	          0.04	  0.34	0.168	
08135	正美丰业	-3.45	33600	--  	--  	60000	60000	0.00	          0.01	  0.34	0.560	
08050	量子思维	-1.90	32360	--  	--  	16000	2000	21.18	          0.00	  0.08	2.070	
08363	SDM GROUP	-1.33	31060	--  	--  	84000	44000	1.37	          0.02	  0.59	0.375	
08406	合宝丰年	-1.64	30200	--  	--  	100000	10000	0.00	          0.01	  0.06	0.300	
08310	大丰港	15.87	29600	--  	--  	40000	20000	0.00	          0.00	  0.45	0.750	
08409	海鑫集团	-5.95	29350	--  	--  	70000	10000	2.60	          0.01	  0.47	0.420	
08085	香港生命科学	2.53	28864	--  	--  	352000	16000	-1.22	          0.01	  0.02	0.082	
08348	滨海泰达物流	-3.51	28600	--  	--  	26000	18000	0.00	          0.03	  0.38	1.100	
08003	世大控股	-4.76	28328	--  	--  	480000	162000	0.00	          0.02	  0.53	0.060	
08269	富誉控股	1.85	27780	--  	--  	243999	4666	0.00	          0.03	  0.21	0.113	
08153	科地农业	0.00	24968	--  	--  	212000	75000	0.00	          0.01	  0.02	0.118	
08213	新智控股	-11.69	24420	--  	--  	380000	310000	9.68	          0.01	  1.02	0.078	
08031	易通讯集团	-1.23	24000	--  	--  	30000	10000	0.00	          0.01	  0.46	0.800	
08230	中国宇天	-2.04	23625	--  	--  	50000	10000	-1.03	          0.01	  0.62	0.470	
08423	CHI HO DEV	-0.85	23300	--  	--  	20000	10000	0.00	          0.00	  0.13	1.160	
08271	环球数码创意	-6.43	23100	--  	--  	100000	100000	0.87	          0.01	  0.37	0.231	
08218	毅高国际控股	-0.53	23096	--  	--  	124000	4000	0.00	          0.01	  0.96	0.187	
08123	华亿金控	4.29	21954	--  	--  	312000	48000	0.00	          0.00	  0.34	0.070	
08070	侨洋国际控股	-1.82	21600	--  	--  	40000	40000	0.00	          0.02	  0.19	0.540	
08249	瑞远智控	-2.78	21040	--  	--  	100000	10000	0.00	          0.08	  1.11	0.211	
08432	太平洋酒吧	-1.84	20800	--  	--  	130000	80000	0.00	          0.02	  0.08	0.160	
08239	首都金融控股	0.00	19502	--  	--  	200000	200000	0.00	          0.02	  0.65	0.096	
08309	万成环球控股	1.43	17750	--  	--  	50000	50000	0.00	          0.01	  0.02	0.355	
08236	宝德科技集团	-4.61	17550	--  	--  	6000	1000	0.00	          0.01	  0.20	2.930	
08282	智傲控股	-3.64	16280	--  	--  	16000	4000	0.00	          0.01	  0.08	1.010	
08162	港银控股	0.00	14600	--  	--  	30000	20000	0.00	          0.01	  0.07	0.465	
08428	国茂控股	-2.06	14280	--  	--  	60000	60000	0.00	          0.01	  0.01	0.238	
08052	陆庆娱乐	0.00	13430	--  	--  	170000	170000	0.00	          0.01	  0.04	0.079	
08049	吉林长龙药业	0.00	12560	--  	--  	8000	8000	0.00	          0.00	  0.08	1.570	
08161	医汇集团	-2.20	10820	--  	--  	120000	20000	8.54	          0.01	  0.07	0.091	
08163	万德金融	-2.27	10360	--  	--  	120000	40000	-1.15	          0.01	  0.08	0.087	
08425	兴铭控股	0.00	10320	--  	--  	8000	8000	0.00	          0.00	  0.01	1.290	
08197	北斗嘉药业	-18.29	10300	--  	--  	30000	20000	0.00	          0.01	  0.14	0.360	
08365	建泉国际控股	-5.56	10000	--  	--  	20000	20000	2.00	          0.00	  0.07	0.500	
08481	盛龙锦秀国际	-1.08	9200	--  	--  	20000	20000	0.00	          0.00	  0.05	0.460	
08165	华普智通	0.00	7950	--  	--  	240000	10000	0.00	          0.01	  0.02	0.034	
08035	骏高控股	-3.61	4800	--  	--  	20000	20000	0.00	          0.00	  0.12	0.240	
08326	同景新能源	-1.90	3810	--  	--  	4000	1000	-0.96	          0.00	  0.02	1.050	
08155	南华资产控股	-3.92	3728	--  	--  	80000	16000	6.52	          0.00	  0.22	0.046	
08116	中国幸福投资	-4.00	2512	--  	--  	36000	20000	0.00	          0.00	  0.10	0.072	
08066	品创控股	8.11	2280	--  	--  	15000	5000	8.11	          0.00	  0.22	0.148	
08086	新维国际控股	0.00	2120	--  	--  	8000	8000	0.00	          0.00	  0.00	0.265	
08243	大贺传媒	0.00	1850	--  	--  	5000	5000	0.00	          0.00	  0.12	0.370	
08222	壹照明	0.00	1552	--  	--  	8000	8000	0.00	          0.00	  0.02	0.194	
08319	思博系统	1.44	1400	--  	--  	10000	10000	0.71	          0.00	  0.02	0.140	
08113	扬宇科技	0.00	112	--  	--  	172	172	0.00	          0.00	  0.00	--  	
08060	国联通信	0.00	67	--  	--  	560	560	0.00	          0.00	  0.01	--  	
08079	易还财务投资	0.00	1	--  	--  	2	2	0.00	          0.00	  0.00	--  	
08008	新意网集团	--  	0	--  	--  	0	0	--  	--  	  0.00	--  	
08595	御德国际控股股权	--  	0	--  	--  	0	0	--  	--  	  0.00	--  	
08593	西安海天天四千	--  	0	--  	--  	0	0	--  	--  	--  	--  	
08592	罗马集团股权	--  	0	--  	--  	0	0	--  	--  	  0.00	--  	
08591	罗马集团（旧）	--  	0	--  	--  	0	0	--  	--  	  0.00	--  	
08590	L&A INTL-OLD	--  	0	--  	--  	0	0	--  	--  	  0.00	--  	
08452	富银融资股份	0.00	0	--  	--  	0	0	0.00	          0.00	  0.00	--  	
08442	桦欣控股	-1.62	0	--  	--  	0	0	0.00	          0.00	  0.00	--  	
08439	新百利融资	0.00	0	--  	--  	0	0	0.00	          0.00	  0.00	--  	
08412	高门集团	-1.75	0	--  	--  	0	0	0.00	          0.00	  0.00	--  	
08405	恒智控股	0.00	0	--  	--  	0	0	0.00	          0.00	  0.00	--  	
08370	智升集团控股	0.00	0	--  	--  	0	0	0.00	          0.00	  0.00	--  	
08369	立基工程控股	--  	0	--  	--  	0	0	--  	--  	  0.00	--  	
08353	安科系统	0.00	0	--  	--  	0	0	0.00	          0.00	  0.00	--  	
08345	火岩控股	-1.51	0	--  	--  	0	0	0.00	          0.00	  0.00	--  	
08343	宏光照明	0.00	0	--  	--  	0	0	0.00	          0.00	  0.00	--  	
08341	艾硕控股	0.00	0	--  	--  	0	0	0.00	          0.00	  0.00	--  	
08320	沛然环保	0.00	0	--  	--  	0	0	0.00	          0.00	  0.00	--  	
08317	财华社集团	0.00	0	--  	--  	0	0	0.00	          0.00	  0.00	--  	
08316	柏荣集团控股	0.00	0	--  	--  	0	0	0.00	          0.00	  0.00	--  	
08311	圆美光电	0.00	0	--  	--  	0	0	0.00	          0.00	  0.00	--  	
08307	密迪斯肌	0.00	0	--  	--  	0	0	0.00	          0.00	  0.00	--  	
08306	中国有色金属	0.00	0	--  	--  	0	0	0.00	          0.00	  0.00	--  	
08301	明华科技	0.00	0	--  	--  	0	0	0.00	          0.00	  0.00	--  	
08297	芭迪贝伊	0.00	0	--  	--  	0	0	0.00	          0.00	  0.00	--  	
08295	中植资本国际	0.00	0	--  	--  	0	0	0.00	          0.00	  0.00	--  	
08286	长城微光	0.00	0	--  	--  	0	0	0.00	          0.00	  0.00	--  	
08281	中国金典集团	0.00	0	--  	--  	0	0	0.00	          0.00	  0.00	--  	
08280	中国数字视频	-1.37	0	--  	--  	0	0	0.00	          0.00	  0.00	--  	
08277	骏东控股	-1.52	0	--  	--  	0	0	0.00	          0.00	  0.00	--  	
08273	浙江展望	0.00	0	--  	--  	0	0	0.00	          0.00	  0.00	--  	
08270	中国煤层气	0.00	0	--  	--  	0	0	0.00	          0.00	  0.00	--  	
08262	宏强控股	0.00	0	--  	--  	0	0	0.00	          0.00	  0.00	--  	
08261	海天能源	--  	0	--  	--  	0	0	--  	--  	  0.00	--  	
08258	西北实业	0.00	0	--  	--  	0	0	0.00	          0.00	  0.00	--  	
08235	赛迪顾问	0.00	0	--  	--  	0	0	0.00	          0.00	  0.00	--  	
08233	中国基建港口	--  	0	--  	--  	0	0	--  	--  	  0.00	--  	
08232	CLASSIFIED GP	0.00	0	--  	--  	0	0	0.00	          0.00	  0.00	--  	
08215	FIRST CREDIT	0.00	0	--  	--  	0	0	0.00	          0.00	  0.00	--  	
08212	誉满国际控股	0.00	0	--  	--  	0	0	0.00	          0.00	  0.00	--  	
08211	浙江永安	0.00	0	--  	--  	0	0	0.00	          0.00	  0.00	--  	
08206	神通机器人教育	0.00	0	--  	--  	0	0	0.00	          0.00	  0.00	--  	
08205	交大慧谷	0.00	0	--  	--  	0	0	0.00	          0.00	  0.00	--  	
08191	鸿伟亚洲	0.00	0	--  	--  	0	0	0.00	          0.00	  0.00	--  	
08190	康佰控股	0.00	0	--  	--  	0	0	0.00	          0.00	  0.00	--  	
08183	尚捷集团控股	-1.02	0	--  	--  	0	0	0.00	          0.00	  0.00	--  	
08182	中国糖果	0.00	0	--  	--  	0	0	0.00	          0.00	  0.00	--  	
08173	万亚企业控股	0.00	0	--  	--  	0	0	0.00	          0.00	  0.00	--  	
08159	辉煌科技	0.00	0	--  	--  	0	0	0.00	          0.00	  0.00	--  	
08150	无缝绿色	0.00	0	--  	--  	0	0	0.00	          0.00	  0.00	--  	
08149	浩德控股	0.00	0	--  	--  	0	0	0.00	          0.00	  0.00	--  	
08139	长安仁恒	0.00	0	--  	--  	0	0	0.00	          0.00	  0.00	--  	
08122	德莱建业	--  	0	--  	--  	0	0	--  	--  	  0.00	--  	
08115	上海青浦消防	0.00	0	--  	--  	0	0	0.00	          0.00	  0.00	--  	
08112	基石金融	0.00	0	--  	--  	0	0	0.00	          0.00	  0.00	--  	
08111	中科光电	0.00	0	--  	--  	0	0	0.00	          0.00	  0.00	--  	
08106	升华兰德	0.00	0	--  	--  	0	0	0.00	          0.00	  0.00	--  	
08098	昌利控股	-1.32	0	--  	--  	0	0	0.00	          0.00	  0.00	--  	
08092	ITE HOLDINGS	0.00	0	--  	--  	0	0	0.00	          0.00	  0.00	--  	
08080	北亚策略	0.00	0	--  	--  	0	0	0.00	          0.00	  0.00	--  	
08077	昆仑国际金融	--  	0	--  	--  	0	0	--  	--  	  0.00	--  	
08075	寰亚传媒	0.00	0	--  	--  	0	0	0.00	          0.00	  0.00	--  	
08069	纵横游控股	-1.22	0	--  	--  	0	0	0.00	          0.00	  0.00	--  	
08053	比优集团	0.00	0	--  	--  	0	0	0.00	          0.00	  0.00	--  	
08038	金力集团	--  	0	--  	--  	0	0	--  	--  	  0.00	--  	
08037	中国生物科技服务	0.00	0	--  	--  	0	0	0.00	          0.00	  0.00	--  	
08033	爱达利网络	0.00	0	--  	--  	0	0	0.00	          0.00	  0.00	--  	
08020	宏海控股集团	-0.78	0	--  	--  	0	0	0.00	          0.00	  0.00	--  	
08016	长虹佳华	0.00	0	--  	--  	0	0	0.00	          0.00	  0.00	--  	
08012	环宇物流（亚洲）	--  	0	--  	--  	0	0	--  	--  	  0.00	--  	
数据来源:通达信
