代码	名称	涨幅%%	总金额	涨跌	买价	卖价	总量	现量	涨速%%	换手%%	今开	
00939	建设银行	0.00	3811478784	0.000	8.020	8.030	470385568	27806000	-0.25	          0.20	7.980	
002460	赣锋锂业	3.01	3378827520	2.17	74.19	74.20	458992	5194	0.38	          8.83	72.17	
01398	工商银行	0.29	2671834368	0.020	6.800	6.810	390902976	22737000	0.15	          0.45	6.780	
601398	工商银行	1.22	2620109824	0.08	6.63	6.64	3933426	1225	-0.14	          0.15	6.59	
600036	招商银行	2.43	2596877568	0.73	30.75	30.76	842334	105	-0.44	          0.41	30.50	
000732	泰禾集团	0.26	2199731200	0.08	31.27	31.28	691343	10941	-0.05	          5.56	31.78	
000858	五 粮 液	0.05	2102488960	0.04	73.27	73.28	283761	2742	0.00	          0.75	73.24	
601166	兴业银行	0.56	1980622464	0.10	18.03	18.04	1091923	87	-0.21	          0.57	18.07	
601939	建设银行	1.85	1980308224	0.15	8.25	8.26	2383800	377	-0.11	          2.48	8.19	
002049	紫光国芯	0.75	1909424384	0.35	47.28	47.29	398255	5096	-0.12	          6.61	47.00	
600903	贵州燃气	9.99	1831068672	2.87	31.59	--  	599757	3	0.00	         49.18	28.36	
300353	东土科技	2.19	1720635392	0.38	17.71	17.72	944873	9496	-0.27	         28.83	17.60	
000933	神火股份	1.45	1473698560	0.12	8.37	8.38	1730439	22531	0.24	          9.11	8.61	
03968	招商银行	1.95	1201531264	0.650	33.900	33.950	35481340	2248500	0.30	          0.77	33.050	
000333	美的集团	0.11	1183915648	0.06	56.26	56.28	208925	2122	0.07	          0.33	56.26	
000503	海虹控股	3.93	1168136448	1.55	41.03	41.04	282247	2153	-0.40	          3.14	42.00	
600104	上汽集团	2.51	1163333376	0.88	35.91	35.95	323212	128	-0.05	          0.28	35.12	
600410	华胜天成	1.57	1138865408	0.18	11.66	11.67	976180	53	-0.25	          8.92	11.50	
000410	沈阳机床	0.50	1024698816	0.06	12.05	12.06	844705	10671	-0.07	         11.41	11.90	
601328	交通银行	0.00	937396800	0.00	6.46	6.47	1438176	624	-0.14	          0.37	6.49	
601009	南京银行	0.67	922849984	0.06	9.06	9.07	1003951	215	-0.10	          1.24	9.20	
02382	舜宇光学科技	0.38	913564224	0.500	132.300	132.400	6864414	133800	0.23	          0.63	130.000	
601988	中国银行	0.72	909904640	0.03	4.21	4.22	2149248	740	0.24	          0.10	4.21	
00175	吉利汽车	0.00	906487168	0.000	24.450	24.500	36735760	1331000	0.00	          0.41	24.550	
00004	九龙仓集团	4.58	853857792	1.350	30.600	30.800	27813440	10489000	0.65	          0.92	29.400	
600868	梅雁吉祥	0.61	831598400	0.03	4.96	4.97	1634690	33	0.00	          8.61	5.10	
000735	罗 牛 山	2.97	822334720	0.26	9.01	9.02	909273	11839	-0.54	          8.58	8.77	
300058	蓝色光标	2.51	804350336	0.19	7.75	7.76	1036122	10988	-0.12	          6.16	7.56	
300216	千山药机	10.03	783615744	1.07	11.74	--  	692114	4098	0.00	         26.52	10.69	
002769	普路通	2.27	768448576	0.48	21.63	21.64	362195	6390	-0.22	         19.02	20.52	
002142	宁波银行	2.97	749764608	0.59	20.48	20.49	365708	4206	0.34	          0.81	19.99	
002907	华森制药	7.62	730591488	2.73	38.55	38.56	194406	2265	0.42	         48.53	35.75	
000727	华东科技	2.68	729658688	0.07	2.67	2.68	2672718	31883	-0.36	         10.94	2.72	
300170	汉得信息	1.28	682338944	0.19	15.04	15.05	452025	4504	0.07	          6.81	14.83	
000025	特 力Ａ	10.01	668420096	4.02	44.17	--  	158842	391	0.00	          8.19	41.00	
600547	山东黄金	0.49	652188736	0.13	26.91	26.92	240154	34	0.00	          1.65	27.27	
000816	智慧农业	0.00	647668608	0.00	4.19	4.20	1549817	29129	-0.23	         11.60	4.14	
601012	隆基股份	0.25	643614144	0.09	36.74	36.75	175522	10	-0.02	          0.89	36.47	
603616	韩建河山	5.58	622759744	0.91	17.20	17.22	369331	238	0.12	         25.06	16.07	
000528	柳 工	3.76	613827136	0.36	9.93	9.94	618192	3895	0.20	          5.49	9.59	
300624	万兴科技	10.00	569505344	6.66	73.24	--  	78638	39	0.00	         39.32	71.29	
603466	风语筑	5.12	558570432	2.89	59.29	59.33	94815	22	-0.02	         26.34	56.59	
000425	徐工机械	0.46	554985216	0.02	4.34	4.35	1270278	17431	0.23	          1.82	4.32	
600025	华能水电	0.47	554084736	0.02	4.28	4.29	1288497	755	0.00	          7.16	4.23	
600466	蓝光发展	1.73	542723584	0.18	10.60	10.61	510906	46	0.47	          5.79	10.53	
300451	创业软件	4.66	540346304	1.51	33.90	33.91	159197	1652	0.50	         12.29	32.41	
600436	片仔癀	1.26	538720064	0.99	79.83	79.85	67164	6	-0.03	          1.11	78.79	
002358	森源电气	6.26	535663712	0.93	15.79	15.80	342894	4490	1.35	          3.77	15.05	
002320	海峡股份	2.16	531099296	0.57	26.89	26.90	197080	1637	0.41	          9.52	26.13	
002229	鸿博股份	3.35	524828224	0.38	11.72	11.73	447250	5479	-0.41	         12.13	11.49	
601888	中国国旅	0.56	515530912	0.31	55.43	55.44	93000	27	0.00	          0.48	55.17	
002422	科伦药业	3.33	512001984	0.90	27.91	27.98	184038	1976	-0.31	          1.79	26.88	
603516	淳中科技	3.74	508360864	1.80	49.98	49.99	103435	6	-0.25	         44.23	47.50	
002184	海得控制	7.12	503491040	1.04	15.64	15.65	326981	4672	0.00	         24.07	15.60	
600770	综艺股份	2.04	503325472	0.15	7.49	7.50	666121	35	-0.12	          5.12	7.39	
300166	东方国信	1.47	496400704	0.24	16.57	16.58	300185	4473	0.30	          3.72	16.32	
300296	利亚德	4.87	496346144	1.06	22.84	22.85	217298	905	0.00	          2.23	22.70	
300688	创业黑马	8.73	489008544	4.79	59.46	59.64	85453	511	-1.15	         50.27	56.00	
600000	浦发银行	0.00	487036832	0.00	12.49	12.50	388176	1370	0.00	          0.14	12.51	
601998	中信银行	0.30	483334688	0.02	6.74	6.75	708947	60	0.00	          0.22	6.77	
300612	宣亚国际	10.01	478000672	4.39	48.24	--  	101514	44	0.00	         32.69	46.05	
002863	今飞凯达	10.03	468705664	1.55	17.01	--  	279892	258	0.00	         50.43	15.66	
002068	黑猫股份	10.02	467614112	0.95	10.43	--  	448727	1108	0.00	          7.39	10.43	
603080	新疆火炬	7.42	454514592	2.45	35.49	35.50	132735	50	-2.30	         37.39	32.97	
600093	易见股份	0.50	452259360	0.08	16.11	16.12	281513	77	0.25	          8.73	15.79	
300476	胜宏科技	0.07	451259168	0.02	28.16	28.17	157745	3101	-0.06	          8.46	27.90	
002911	佛燃股份	7.21	446280128	1.88	27.95	27.96	163394	2658	0.22	         29.18	25.82	
603056	德邦股份	1.02	446012224	0.23	22.82	22.83	192185	11	0.13	         19.22	22.69	
600809	山西汾酒	3.29	442565920	1.81	56.69	56.70	77919	1	0.50	          0.90	55.08	
300725	药石科技	1.36	442477472	1.40	104.49	104.50	41501	670	-0.37	         22.64	109.40	
600209	罗顿发展	8.44	440968480	0.77	9.85	9.86	454066	120	-1.29	         10.65	9.07	
601069	西部黄金	1.45	435190240	0.22	15.39	15.44	279011	1	0.33	          4.39	15.59	
300739	明阳电路	3.87	424966784	1.54	41.31	41.32	103645	1904	-0.21	         33.65	39.50	
300684	中石科技	5.86	422940224	3.05	55.13	55.14	76843	1160	0.51	         35.38	52.49	
000543	皖能电力	10.11	422465728	0.47	5.12	--  	838883	3893	0.00	          4.69	4.73	
00268	金蝶国际	1.95	421433088	0.110	5.750	5.760	71905144	178000	0.17	          2.47	5.600	
002709	天赐材料	2.23	413507456	1.06	48.51	48.52	85264	1288	0.23	          4.52	47.88	
300299	富春股份	1.88	406842528	0.16	8.69	8.70	467117	3778	-0.10	         11.12	8.56	
600066	宇通客车	1.01	406573056	0.24	24.01	24.02	168736	27	0.13	          0.76	23.98	
002714	牧原股份	3.58	406200960	1.65	47.78	47.79	86128	690	0.06	          1.44	46.08	
300133	华策影视	0.39	405864544	0.05	12.84	12.85	313781	2700	-0.15	          2.57	12.86	
002376	新北洋	0.07	401281952	0.01	15.27	15.28	256753	3763	-0.51	          4.47	15.42	
02269	药明生物	5.36	383249728	3.150	61.900	61.950	6104983	152000	0.49	          0.52	58.950	
601628	中国人寿	0.04	370152064	0.01	27.51	27.52	134106	44	0.18	          0.06	27.50	
000996	中国中期	0.84	361015328	0.13	15.66	15.67	226570	3469	-0.05	          6.57	15.68	
000917	电广传媒	0.61	359014496	0.05	8.20	8.21	434349	6957	0.37	          3.36	8.12	
002917	金奥博	1.15	358021536	0.33	29.10	29.12	118951	2202	0.00	         42.08	31.40	
300390	天华超净	3.83	353963744	0.30	8.13	8.14	437727	3513	0.25	         23.62	8.10	
002680	长生生物	0.99	345474080	0.16	16.35	16.36	210027	1162	0.18	          5.23	16.40	
300737	科顺股份	1.99	344454496	0.31	15.89	15.90	217776	5717	0.19	         14.26	15.50	
000568	泸州老窖	0.21	344206272	0.12	57.99	58.00	58998	554	-0.01	          0.42	57.84	
603356	华菱精工	3.43	334666752	0.81	24.42	24.43	139843	111	0.99	         41.94	23.30	
002695	煌上煌	3.18	334085888	0.53	17.20	17.21	195829	3652	0.23	          4.32	16.56	
600158	中体产业	0.33	331359360	0.04	12.32	12.33	268134	240	0.24	          4.08	12.36	
300649	杭州园林	1.49	328627552	0.52	35.50	35.51	90545	2969	-0.10	         28.30	37.00	
002432	九安医疗	4.60	321595968	0.40	9.10	9.11	350857	4840	0.22	          8.11	8.88	
300514	友讯达	8.37	317078880	2.57	33.26	33.27	96317	730	-0.32	         38.53	30.60	
00709	佐丹奴国际	1.80	316106016	0.070	3.940	3.950	81178000	192000	0.00	          5.17	3.900	
01093	石药集团	1.37	311757120	0.240	17.740	17.760	17550986	984000	-0.11	          0.28	17.620	
300271	华宇软件	1.25	311056640	0.23	18.62	18.63	166935	2457	0.00	          3.37	18.28	
000078	海王生物	3.99	310462880	0.23	5.99	6.00	517985	4917	0.00	          2.79	5.79	
002745	木林森	1.53	300440000	0.63	41.77	41.78	72596	1092	0.12	          4.47	41.11	
000799	酒鬼酒	4.72	299734144	1.08	23.96	23.97	125723	2237	0.13	          3.87	22.90	
00136	恒腾网络	5.63	297524384	0.020	0.375	0.380	779124608	1916000	1.35	          1.04	0.380	
002878	元隆雅图	5.54	294446400	2.31	43.99	44.00	66099	754	-0.10	         35.08	42.06	
300727	润禾材料	0.95	294170016	0.31	32.78	32.79	90939	1957	0.31	         37.27	32.80	
300347	泰格医药	5.50	293654624	2.30	44.14	44.15	66695	696	0.11	          2.20	42.00	
002373	千方科技	0.27	283443264	0.04	14.98	14.99	187509	842	0.00	          2.29	14.97	
603676	卫信康	4.57	282663488	0.72	16.47	16.48	172735	61	0.43	         27.42	16.01	
601118	海南橡胶	1.68	279354048	0.10	6.04	6.05	460936	170	-0.15	          1.17	5.94	
002866	传艺科技	9.99	277545376	2.42	26.65	--  	106637	92	0.00	         29.70	24.23	
603058	永吉股份	1.59	277509056	0.29	18.50	18.51	150337	1	-0.37	          6.59	18.00	
600438	通威股份	0.99	272932064	0.10	10.24	10.25	265930	350	0.20	          0.96	10.13	
300639	凯普生物	5.87	267138128	3.05	55.00	55.01	49166	455	-0.04	         21.90	51.65	
000514	渝 开 发	9.94	265493376	0.64	7.08	--  	383851	1706	1.00	          4.55	6.44	
000836	鑫茂科技	2.30	258966816	0.12	5.33	5.34	487083	4778	-0.18	          4.12	5.19	
300369	绿盟科技	2.68	258963328	0.30	11.48	11.49	225941	2431	0.00	          4.13	11.19	
002670	国盛金控	2.39	258492064	0.39	16.69	16.70	154877	2196	0.24	          3.15	16.37	
300343	联创互联	0.99	257219600	0.15	15.32	15.33	166755	2593	0.00	          4.41	15.15	
600176	中国巨石	0.00	256854272	0.00	15.87	15.88	160560	59	-0.12	          0.55	15.85	
600172	黄河旋风	0.79	256367360	0.07	8.90	8.91	286705	5	0.56	          2.45	8.81	
002596	海南瑞泽	1.86	256226192	0.19	10.41	10.42	246025	2167	-0.18	          3.39	10.28	
002044	美年健康	0.25	253741648	0.06	23.98	23.99	104007	449	0.17	          0.98	23.94	
01177	中国生物制药	1.13	252185408	0.160	14.360	14.380	17434134	630000	0.00	          0.21	14.220	
300063	天龙集团	10.06	251465744	0.48	5.25	--  	482162	4297	0.00	         11.75	4.87	
600795	国电电力	0.65	243314176	0.02	3.11	3.12	779968	10	0.00	          0.40	3.09	
002879	长缆科技	4.64	242163008	1.48	33.37	33.38	73165	864	-0.08	         20.90	31.83	
600521	华海药业	0.28	240950096	0.08	28.33	28.34	83913	1	-0.10	          0.82	28.15	
002302	西部建设	0.25	240741680	0.04	16.22	16.23	148725	2534	0.31	          1.44	16.15	
600601	方正科技	1.84	238542224	0.06	3.31	3.32	706499	51	-0.29	          3.22	3.36	
600610	中毅达	6.71	237968064	0.34	5.41	5.42	450188	14	-0.54	         11.99	5.00	
03888	金山软件	0.36	237891648	0.100	27.500	27.550	8613970	165000	0.00	          0.63	27.100	
002893	华通热力	2.68	236568496	0.70	26.82	26.83	88609	1240	0.37	         29.54	25.84	
000886	海南高速	3.88	236501040	0.25	6.68	6.69	356010	2558	-0.29	          3.69	6.42	
002457	青龙管业	1.82	233109584	0.20	11.15	11.16	210371	3452	0.00	          7.62	10.87	
000507	珠海港	0.21	230703088	0.02	9.57	9.58	241607	3915	-0.09	          3.13	9.50	
00522	ASM PACIFIC	1.55	230266448	1.800	118.300	118.500	1936600	125300	-0.08	          0.48	117.000	
603225	新凤鸣	0.97	228553872	0.37	38.64	38.65	58814	1	-0.02	          7.61	38.28	
002232	启明信息	0.37	224633600	0.04	10.87	10.88	205528	3493	0.37	          5.11	10.88	
600869	智慧能源	2.99	222124384	0.17	5.84	5.85	371412	83	-0.16	          1.71	6.23	
000936	华西股份	0.00	222090656	0.00	7.20	7.21	307857	5400	-0.27	          4.12	7.13	
00494	利丰	1.98	221476464	0.080	4.100	4.120	54440432	3500000	0.24	          0.64	4.000	
300015	爱尔眼科	0.18	219423376	0.07	38.35	38.36	57211	587	0.16	          0.48	38.28	
300267	尔康制药	3.87	216630192	0.23	6.17	6.18	350228	4881	-0.15	          3.01	5.94	
02020	安踏体育	2.83	215282960	1.100	39.850	40.000	5461500	382000	0.38	          0.20	38.550	
603655	朗博科技	4.15	213120384	0.87	21.81	21.83	97178	30	0.18	         36.67	20.97	
600717	天津港	0.87	211201504	0.09	10.44	10.46	198454	68	-0.09	          1.18	10.80	
300668	杰恩设计	4.71	210401104	3.84	85.43	85.45	24587	285	-0.03	         23.24	80.75	
600531	豫光金铅	0.00	210334576	0.00	6.81	6.82	307326	6	0.15	          2.82	6.83	
002382	蓝帆医疗	4.35	210160976	0.70	16.78	16.79	126355	1096	0.00	          2.60	16.04	
002923	润都股份	3.11	209875840	1.13	37.42	37.43	57437	1826	0.46	         22.97	36.25	
300707	威唐工业	10.01	209646032	4.54	49.89	--  	43616	299	0.00	         22.20	45.09	
600779	水井坊	0.87	209201392	0.37	43.06	43.07	48239	2	0.14	          0.99	42.51	
300542	新晨科技	3.37	208627376	1.15	35.25	35.26	60353	1365	0.11	         18.51	33.75	
002127	南极电商	0.00	207516176	0.00	14.80	14.81	139978	974	0.20	          1.45	14.70	
600406	国电南瑞	0.12	204841984	0.02	16.56	16.57	123015	67	0.06	          0.56	16.59	
002918	蒙娜丽莎	2.16	204173344	1.02	48.22	48.23	42339	431	-0.13	         10.74	47.02	
002013	中航机电	0.77	202549296	0.08	10.43	10.44	192900	2613	-0.09	          0.92	10.30	
603077	和邦生物	1.44	202193552	0.03	2.11	2.12	954805	7	0.00	          1.08	2.08	
002897	意华股份	4.74	201728432	1.74	38.45	38.46	53594	527	0.00	         20.10	36.44	
600859	王府井	1.42	198557344	0.30	21.50	21.51	91977	11	0.19	          3.01	21.15	
601228	广州港	1.51	197354592	0.09	6.07	6.08	325866	1573	0.00	          4.66	5.95	
00257	中国光大国际	2.70	197059824	0.320	12.140	12.160	16250575	677000	0.33	          0.36	11.960	
300650	太龙照明	10.01	194376352	3.94	43.32	--  	44877	27	0.00	         28.43	43.32	
002589	瑞康医药	2.24	193772544	0.32	14.61	14.62	132972	978	-0.06	          1.13	14.32	
01044	恒安国际	1.19	192141984	0.900	76.400	76.450	2518574	137000	-0.13	          0.21	74.550	
300002	神州泰岳	2.38	191576720	0.16	6.87	6.88	276658	2830	-0.28	          2.00	6.74	
601877	正泰电器	0.55	189499744	0.13	23.77	23.78	79988	125	0.25	          0.47	23.70	
002638	勤上股份	0.57	189244112	0.03	5.32	5.33	354268	3305	0.00	          3.62	5.25	
300378	鼎捷软件	1.14	188280416	0.16	14.17	14.18	131588	773	0.50	          5.04	13.83	
002912	中新赛克	2.33	187928160	2.80	122.80	122.82	15213	287	-0.13	          9.11	120.02	
002429	兆驰股份	1.76	186819040	0.06	3.47	3.48	535929	2407	-0.28	          1.35	3.40	
603165	荣晟环保	3.96	184775920	1.99	52.20	52.26	35419	4	0.08	         11.18	50.57	
600120	浙江东方	0.90	183478928	0.20	22.47	22.51	81563	12	0.13	          1.61	22.20	
603711	香飘飘	4.31	183141232	0.99	23.96	23.97	77702	44	-0.86	         19.42	22.80	
000045	深纺织Ａ	0.34	183076560	0.03	8.90	8.91	202980	1938	0.22	          4.44	8.71	
002753	永东股份	10.00	182108672	1.86	20.46	--  	89294	31	0.00	         10.39	19.49	
603501	韦尔股份	1.72	181717824	0.62	36.61	36.62	49685	5	-0.04	         11.94	35.50	
600197	伊力特	1.42	180225664	0.29	20.71	20.72	86623	6	-0.18	          1.96	20.47	
000011	深物业A	0.30	177578384	0.05	16.84	16.85	105341	746	0.06	          5.99	16.62	
603369	今世缘	0.66	175565344	0.11	16.74	16.75	104419	1	-0.11	          0.83	16.65	
300732	设研院	2.29	173356848	1.80	80.46	80.50	21648	258	0.27	         12.03	78.94	
600771	广誉远	4.47	173305808	1.82	42.52	42.53	41218	5	0.09	          1.54	41.01	
603321	梅轮电梯	1.02	172345312	0.12	11.91	11.93	142056	45	0.17	         18.45	11.90	
000790	泰合健康	10.00	171700752	0.71	7.81	--  	225224	468	0.00	          5.23	7.40	
300158	振东制药	2.17	171331088	0.31	14.57	14.58	117027	1224	-0.13	          4.09	14.35	
002716	金贵银业	0.37	169050848	0.07	18.90	18.91	88936	977	0.00	          2.86	19.06	
603598	引力传媒	9.97	168745744	1.48	16.32	--  	104235	31	0.00	         10.71	14.88	
600360	华微电子	1.59	168153616	0.11	7.03	7.04	240065	96	0.00	          3.25	6.87	
600867	通化东宝	0.67	167575392	0.16	23.90	23.91	69716	1	0.17	          0.42	23.78	
600023	浙能电力	1.24	164373424	0.07	5.71	5.72	286851	5	0.00	          0.21	5.66	
002048	宁波华翔	1.72	164145216	0.34	20.15	20.16	81523	952	-0.29	          1.77	19.83	
603477	振静股份	2.25	160192144	0.28	12.73	12.74	126127	85	-0.07	         21.02	12.52	
000662	天夏智慧	5.66	159581504	0.67	12.50	12.51	127289	1360	-0.70	          4.42	11.82	
00866	中国秦发	6.78	157846000	0.040	--  	--  	256147904	20000	-4.55	         10.27	0.570	
600739	辽宁成大	1.52	156879520	0.27	18.02	18.03	86870	3	0.11	          0.64	17.77	
600876	洛阳玻璃	2.01	156600688	0.36	18.24	18.25	86522	41	0.00	          3.31	17.81	
600988	赤峰黄金	0.35	155793280	0.02	5.66	5.67	271700	580	0.00	          2.23	5.73	
01658	邮储银行	0.21	154643056	0.010	4.880	4.890	31445342	2649000	-0.20	          0.16	4.830	
600233	圆通速递	3.83	154256960	0.64	17.33	17.34	89421	21	0.00	          1.14	16.75	
000016	深康佳Ａ	2.44	154249712	0.15	6.29	6.30	244103	2965	0.16	          1.53	6.16	
600138	中青旅	0.72	153640016	0.16	22.28	22.30	69135	10	-0.12	          0.96	22.12	
002510	天汽模	1.49	150492576	0.08	5.45	5.46	275455	6559	-0.54	          3.86	5.35	
601985	中国核电	0.14	149873344	0.01	7.18	7.19	208046	73	0.00	          0.49	7.17	
000926	福星股份	0.28	149701216	0.03	10.67	10.68	139724	2861	0.09	          1.47	10.62	
000023	深天地Ａ	0.40	149465488	0.08	20.17	20.18	72226	1033	0.25	          5.21	19.70	
000910	大亚圣象	2.89	149188272	0.60	21.31	21.35	69575	325	0.85	          1.32	20.80	
600527	江南高纤	2.35	148799856	0.12	5.21	5.22	283160	6	-0.37	          3.53	5.08	
600085	同仁堂	0.00	148064928	0.00	32.67	32.69	45312	2	0.18	          0.33	32.55	
300436	广生堂	9.01	147920672	2.45	29.64	29.65	50337	682	-0.19	          9.02	28.00	
000600	建投能源	1.17	147316464	0.08	6.93	6.94	213004	1188	0.00	          1.95	6.82	
06869	长飞光纤光缆	4.48	147037168	1.450	33.750	33.800	4428010	121000	0.90	          1.26	31.950	
603707	健友股份	3.09	144615840	0.93	30.97	30.98	45885	3	0.00	          7.23	30.07	
00799	IGG	3.50	143470320	0.360	10.660	10.680	13567530	58000	-0.19	          1.02	10.300	
300425	环能科技	2.27	143237264	0.23	10.36	10.37	137919	920	0.00	          9.28	10.06	
002292	奥飞娱乐	0.33	141990416	0.04	12.03	12.04	116290	1273	0.08	          1.52	12.20	
002821	凯莱英	1.57	139197072	0.97	62.85	62.87	22018	69	0.02	          1.85	62.00	
002317	众生药业	1.35	138971456	0.15	11.25	11.26	122417	2835	0.09	          1.88	11.28	
300300	汉鼎宇佑	1.56	137950560	0.27	17.52	17.53	77820	862	0.00	          2.85	17.28	
002610	爱康科技	0.84	137495776	0.02	2.39	2.40	571034	1712	0.00	          1.33	2.37	
603848	好太太	4.50	136792400	0.80	18.56	18.58	75472	176	-0.42	         18.41	18.07	
603868	飞科电器	4.45	136682880	2.63	61.72	61.77	22363	3	-0.02	          5.13	59.13	
002120	韵达股份	2.39	136659264	1.07	45.88	45.90	29597	455	0.00	          3.04	44.91	
000301	东方市场	2.01	134573744	0.13	6.60	6.61	206070	1615	-0.14	          1.69	6.49	
600200	江苏吴中	2.73	133422272	0.28	10.53	10.54	123212	5	-0.65	          1.74	10.58	
002491	通鼎互联	0.07	132862360	0.01	13.74	13.75	95259	575	-0.28	          0.82	13.85	
300366	创意信息	0.66	132314552	0.07	10.69	10.70	120306	1731	-0.36	          4.65	11.02	
600749	西藏旅游	9.99	132143408	1.44	15.86	--  	83845	20	0.00	          4.43	14.45	
600195	中牧股份	3.41	131993752	0.71	21.50	21.51	61799	69	0.00	          1.44	20.71	
300349	金卡智能	4.49	131828560	1.63	37.89	37.90	35249	386	-0.20	          1.89	36.27	
002278	神开股份	3.95	130213768	0.42	11.05	11.06	118976	2338	-0.08	          3.48	10.55	
603766	隆鑫通用	0.85	130182632	0.06	7.10	7.11	185399	158	0.00	          0.89	6.98	
000014	沙河股份	3.05	129425904	0.34	11.50	11.51	112179	980	0.00	          5.56	11.00	
000157	中联重科	0.00	129226168	0.00	4.31	4.32	298512	1661	-0.22	          0.48	4.30	
000090	天健集团	0.69	129078104	0.07	10.18	10.19	126556	1214	-0.38	          1.64	10.05	
600146	商赢环球	1.07	127737648	0.25	23.57	23.58	54370	100	0.08	          2.72	23.40	
600745	闻泰科技	1.93	126404664	0.56	29.54	29.55	42869	1	0.10	          0.89	28.90	
002856	美芝股份	1.67	125077744	0.48	29.27	29.28	42570	950	-0.06	         16.80	28.50	
002038	双鹭药业	0.06	123305648	0.02	31.15	31.16	39462	656	0.19	          0.70	31.18	
603605	珀莱雅	1.30	122877520	0.33	25.76	25.78	47326	10	-0.34	          9.47	26.46	
300547	川环科技	3.23	122820128	1.80	57.49	57.50	21384	281	0.05	          6.83	55.38	
002677	浙江美大	3.52	122298304	0.61	17.91	17.96	68619	334	-0.27	          2.43	17.35	
00291	华润啤酒	0.81	120727744	0.250	31.250	31.300	3838712	242000	-0.16	          0.12	31.500	
000020	深华发Ａ	10.00	120665184	1.45	15.95	--  	78619	95	0.00	          4.34	15.00	
300466	赛摩电气	1.62	120501280	0.16	10.04	10.05	119601	1757	-0.39	          6.71	9.79	
600630	龙头股份	1.99	120235408	0.19	9.74	9.76	122462	55	0.00	          2.88	9.51	
300641	正丹股份	4.28	120142536	0.64	15.60	15.61	76939	807	-0.05	         10.69	14.94	
002086	东方海洋	0.58	120064472	0.06	10.42	10.43	115607	1341	0.00	          2.43	10.32	
002215	诺 普 信	1.75	119926848	0.12	6.95	6.96	170899	1593	-0.13	          2.41	6.87	
600737	中粮糖业	0.84	119586216	0.06	7.22	7.23	164998	12	0.00	          0.80	7.15	
600995	文山电力	5.01	118988016	0.42	8.78	8.79	135820	35	0.34	          2.84	8.45	
002859	洁美科技	4.47	118575376	1.40	32.73	32.74	36750	626	0.18	          6.31	31.56	
002702	海欣食品	10.09	117325424	0.45	4.91	--  	251301	2368	0.00	          8.48	4.44	
600688	上海石化	0.00	116985920	0.00	5.90	5.91	198262	32	0.17	          0.27	5.88	
002030	达安基因	0.61	116317424	0.09	14.77	14.78	77847	620	0.07	          1.12	14.58	
600355	精伦电子	1.30	115653632	0.07	5.45	5.46	212600	21	0.37	          4.32	5.34	
300308	中际旭创	2.93	114987368	2.08	73.08	73.09	15711	96	0.14	          0.73	71.25	
002020	京新药业	1.18	113121560	0.13	11.13	11.14	101065	329	0.00	          1.98	11.00	
600333	长春燃气	3.31	112899064	0.20	6.25	6.26	182561	248	0.16	          3.45	6.03	
603386	广东骏亚	0.64	112752224	0.10	15.63	15.64	72006	10	0.39	         14.26	15.49	
600285	羚锐制药	2.98	112646304	0.27	9.31	9.32	121204	56	0.11	          2.26	9.03	
00813	世茂房地产	0.24	112619272	0.050	20.850	20.900	5393206	222500	0.24	          0.16	20.350	
000860	顺鑫农业	0.20	112536864	0.04	19.80	19.81	56286	259	0.15	          0.99	19.77	
600917	重庆燃气	4.46	111792656	0.37	8.67	8.68	130366	67	0.12	          0.84	8.30	
603305	旭升股份	3.02	111464576	0.94	32.11	32.12	34770	10	0.09	          8.36	31.00	
600280	中央商场	0.60	109618216	0.05	8.41	8.42	129191	4	-0.11	          1.13	8.32	
300731	科创新源	3.38	109092560	0.96	29.36	29.37	36903	473	0.10	         16.77	28.84	
002479	富春环保	0.11	109004904	0.01	8.71	8.72	125204	3385	0.35	          1.72	8.66	
300157	恒泰艾普	0.63	108704760	0.04	6.39	6.40	170026	3019	0.16	          2.77	6.36	
000596	古井贡酒	0.02	108627504	0.01	61.48	61.50	17570	188	0.62	          0.46	61.25	
600186	莲花健康	4.56	108467536	0.11	2.52	2.53	434856	32	0.40	          4.09	2.41	
000592	平潭发展	0.00	107716752	0.00	4.49	4.50	239342	2670	-0.21	          1.25	4.51	
600638	新黄浦	2.57	106597400	0.39	15.57	15.59	68239	2	0.26	          1.22	15.13	
00354	中国软件国际	1.03	106450000	0.060	5.860	5.870	17972000	76000	-0.17	          0.75	5.750	
300691	联合光电	1.36	106362752	0.80	59.70	59.75	17595	262	-0.09	          8.22	61.30	
603286	日盈电子	0.17	106082384	0.04	24.07	24.09	43819	21	0.00	         19.90	24.10	
000975	银泰资源	1.15	105391792	0.17	14.94	14.95	70152	1075	0.20	          0.80	14.85	
002237	恒邦股份	0.00	105324192	0.00	10.10	10.11	103299	890	0.20	          1.24	10.20	
300648	星云股份	5.63	105079472	3.00	56.27	56.28	18873	216	0.48	         11.10	53.43	
002468	申通快递	0.37	103944064	0.09	24.46	24.47	42446	799	-0.03	          1.28	24.26	
002869	金溢科技	9.99	103552344	2.82	31.06	--  	33588	117	0.00	         11.38	29.55	
603716	塞力斯	1.87	103445840	1.10	59.93	59.96	17193	2	-0.01	          4.47	58.89	
002262	恩华药业	0.36	102742960	0.05	13.99	14.00	72525	1080	-0.13	          0.82	14.00	
603161	科华控股	0.90	102724400	0.23	25.90	25.91	39534	4	0.00	         11.84	25.76	
603601	再升科技	6.70	102665456	0.88	14.00	14.01	73593	32	0.07	          1.91	13.15	
00083	信和置业	0.42	102158544	0.060	14.220	14.280	7218542	1542000	0.56	          0.11	14.160	
300429	强力新材	2.64	99802296	0.72	27.97	27.98	35981	1845	0.47	          3.58	27.30	
600773	西藏城投	1.94	99777048	0.20	10.50	10.51	95149	50	0.00	          1.30	10.25	
000627	天茂集团	0.00	99508912	0.00	7.79	7.80	127332	1653	0.26	          0.94	7.79	
000501	鄂武商Ａ	0.74	99469144	0.12	16.29	16.30	60791	231	-0.05	          0.91	16.22	
603690	至纯科技	2.29	99438040	0.41	18.27	18.29	54627	12	0.27	          5.97	17.53	
603699	纽威股份	3.03	99403416	0.52	17.68	17.71	56272	126	-0.22	          0.75	17.16	
002913	奥士康	10.01	98997032	3.71	40.76	--  	24288	73	0.00	          6.74	40.76	
603113	金能科技	0.48	98853048	0.10	20.88	20.89	46409	17	0.10	          6.00	20.73	
300176	鸿特精密	0.97	98452712	1.27	131.90	131.92	7496	196	0.58	          0.70	130.80	
300736	百华悦邦	2.98	98374552	1.22	42.09	42.10	23527	408	0.24	         17.33	40.95	
00880	澳博控股	0.82	98312192	0.060	7.410	7.420	13339717	796000	0.27	          0.24	7.320	
002094	青岛金王	0.88	98069296	0.19	21.67	21.68	45359	672	-0.04	          1.29	21.38	
000815	美利云	1.92	97932072	0.25	13.25	13.26	73805	1949	0.08	          2.33	13.10	
600886	国投电力	0.14	97706168	0.01	7.10	7.11	137114	23	0.00	          0.20	7.07	
000791	甘肃电投	2.16	97331392	0.15	7.10	7.11	136258	2150	0.00	          1.40	6.93	
000921	海信科龙	0.45	97266768	0.06	13.39	13.40	72424	1012	-0.06	          0.80	13.32	
002313	日海通讯	0.00	96974968	0.00	28.08	28.10	34013	200	-0.06	          1.09	28.15	
600170	上海建工	0.26	96753888	0.01	3.80	3.81	254473	200	0.26	          0.30	3.79	
000973	佛塑科技	1.54	96552456	0.08	5.29	5.30	180587	2842	0.19	          1.87	5.23	
300191	潜能恒信	2.24	95486560	0.44	20.05	20.06	47985	1349	0.50	          2.32	19.70	
603589	口子窖	0.95	95350696	0.41	43.40	43.43	22016	4	0.25	          0.75	42.90	
000875	吉电股份	1.53	93319400	0.05	3.31	3.32	279971	1150	0.00	          1.57	3.27	
603010	万盛股份	2.40	92480824	0.59	25.14	25.16	36619	46	0.04	          1.66	25.30	
000005	世纪星源	10.08	91032728	0.39	4.26	--  	219289	1982	0.00	          2.31	3.84	
600021	上海电力	4.31	90963224	0.35	8.47	8.48	107252	1	-0.11	          0.50	8.13	
000505	珠江控股	1.92	90824256	0.16	8.50	8.51	107288	1245	0.12	          2.98	8.30	
603879	永悦科技	3.62	90710952	0.52	14.87	14.90	61491	9	0.27	         17.08	14.39	
600094	大名城	1.84	90659152	0.13	7.21	7.22	126108	24	-0.13	          0.55	7.11	
600552	凯盛科技	0.71	88117064	0.05	7.14	7.15	120859	3	0.00	          1.63	7.51	
000576	广东甘化	0.10	87760488	0.02	20.73	20.75	41561	313	0.00	          0.96	20.63	
600649	城投控股	0.00	87498728	0.00	8.49	8.50	102441	40	-0.11	          0.42	8.49	
000767	漳泽电力	4.46	87317872	0.12	2.80	2.81	310816	10283	0.72	          1.07	2.68	
002167	东方锆业	0.90	87240688	0.09	10.07	10.08	86128	936	-0.09	          1.76	9.96	
00932	顺腾国际控股	0.85	87141808	0.010	--  	--  	73504000	4000	0.85	          3.48	1.180	
603007	花王股份	0.79	86171664	0.11	14.03	14.04	60838	23	0.00	          3.13	13.89	
603722	阿科力	2.99	85677992	0.94	32.39	32.40	27119	12	1.09	         12.50	31.06	
002430	杭氧股份	1.02	85644704	0.15	14.82	14.83	58031	1122	0.07	          0.70	14.67	
002506	协鑫集成	1.20	85587568	0.05	4.23	4.24	202301	2019	-0.23	          0.80	4.19	
601991	大唐发电	1.28	85299424	0.05	3.96	3.97	214248	10	0.00	          0.21	3.90	
01530	三生制药	1.60	84799688	0.240	15.220	15.240	5517500	155500	-0.13	          0.22	15.000	
600555	海航创新	10.00	84645376	0.36	3.96	--  	223204	20	0.00	          2.29	3.62	
600586	金晶科技	0.97	84474760	0.04	4.16	4.17	201163	25	0.00	          1.40	4.12	
600112	*ST天成	4.17	84449888	0.19	4.73	4.75	181617	1655	1.06	          3.57	4.55	
000418	小天鹅Ａ	1.11	84400384	0.77	70.14	70.15	12043	111	0.04	          0.27	69.85	
002101	广东鸿图	0.26	83773512	0.05	18.98	18.99	44330	580	0.11	          1.79	18.94	
300616	尚品宅配	0.51	83750784	0.92	182.92	183.00	4521	27	-0.58	          1.22	180.28	
002815	崇达技术	1.99	83358040	0.60	30.73	30.75	27064	275	0.07	          2.55	30.15	
300645	正元智慧	6.35	83322288	2.10	35.14	35.15	24325	738	0.72	         14.60	33.00	
300100	双林股份	1.87	83241136	0.27	14.73	14.74	56635	1628	0.07	          1.47	14.47	
600062	华润双鹤	0.00	82933848	0.00	23.01	23.02	36146	296	0.48	          0.53	22.90	
603788	宁波高发	3.16	82766568	1.21	39.50	39.51	21089	31	-0.07	          1.50	38.05	
000567	海德股份	0.46	82679064	0.12	25.94	25.95	31908	291	0.23	          2.12	25.87	
601718	际华集团	0.37	82277832	0.02	5.48	5.49	150062	30	0.00	          0.39	5.46	
000690	宝新能源	1.01	81977440	0.08	8.03	8.04	101519	821	0.00	          0.50	7.97	
600620	天宸股份	9.99	81703232	0.86	9.47	--  	87508	50	0.00	          1.27	8.62	
600651	飞乐音响	0.00	81382896	0.00	8.89	8.90	90815	4	0.00	          0.92	8.89	
002015	霞客环保	8.23	81134608	0.48	6.31	6.32	129512	1211	-0.15	          3.23	5.86	
600969	郴电国际	2.23	81131824	0.23	10.53	10.54	77646	43	0.19	          2.94	10.30	
002919	名臣健康	2.45	80348328	0.74	30.95	31.00	26112	687	-0.25	         12.83	30.29	
603016	新宏泰	0.09	79482880	0.02	21.47	21.48	37178	2	0.99	          5.28	21.48	
000893	东凌国际	1.12	79148768	0.06	5.39	5.40	145937	1913	0.00	          3.64	5.34	
000032	深桑达Ａ	4.64	79126488	0.41	9.25	9.26	86129	1152	-0.21	          3.08	8.74	
000752	西藏发展	2.85	79087184	0.39	14.07	14.08	56596	1321	0.00	          2.15	13.61	
600238	海南椰岛	2.30	78888056	0.18	8.01	8.02	98903	16	0.25	          2.22	7.83	
300297	蓝盾股份	1.05	78861640	0.10	9.61	9.62	81458	534	-0.30	          1.10	9.46	
300309	吉艾科技	3.48	78685736	0.77	22.87	22.88	34484	232	-0.03	          0.80	22.33	
000656	金科股份	0.58	78384320	0.03	5.17	5.18	150886	328	0.19	          0.29	5.14	
600559	老白干酒	0.31	78077104	0.08	26.18	26.19	29842	1	0.19	          0.85	26.05	
002511	中顺洁柔	1.28	77979504	0.19	15.04	15.05	51749	1020	0.00	          0.71	14.99	
002887	绿茵生态	1.03	77474552	0.71	69.70	69.71	11172	288	0.00	          5.59	68.69	
600358	国旅联合	1.31	77372336	0.08	6.20	6.23	124838	3	0.16	          2.89	6.14	
000883	湖北能源	0.44	76938056	0.02	4.57	4.58	167345	3402	0.00	          0.31	4.56	
603729	龙韵股份	4.16	76810712	1.87	46.88	46.89	16496	1	0.04	          4.57	45.00	
000958	东方能源	1.51	76810200	0.07	4.69	4.70	163863	1354	0.21	          2.46	4.67	
000017	深中华A	9.93	75813408	0.55	6.09	--  	128766	4213	0.00	          4.25	5.46	
603917	合力科技	1.41	75437112	0.33	23.80	23.81	32083	25	0.72	         11.46	23.39	
603997	继峰股份	3.32	75430032	0.36	11.18	11.20	68597	57	0.00	          1.09	10.80	
603829	洛凯股份	2.88	75250456	0.45	16.08	16.11	46851	2	-0.24	         11.71	15.49	
300335	迪森股份	0.51	74962488	0.08	15.75	15.76	47661	706	0.13	          1.81	15.78	
600556	ST慧球	2.98	74475432	0.17	5.86	5.88	126077	13	0.51	          3.19	5.83	
600619	海立股份	3.15	73687440	0.33	10.81	10.82	67219	1	0.09	          1.46	10.50	
300712	永福股份	3.19	73492952	0.66	21.33	21.34	35033	644	0.09	         10.00	20.50	
603689	皖天然气	1.41	73475168	0.17	12.21	12.22	60364	2	0.16	          3.61	12.02	
600863	内蒙华电	1.08	72951688	0.03	2.81	2.82	258513	16	0.00	          0.45	2.78	
002585	双星新材	3.16	72387848	0.19	6.20	6.21	117074	481	0.16	          1.68	6.02	
603856	东宏股份	0.92	72301192	0.16	17.55	17.56	41364	50	-0.05	          8.39	17.42	
002061	浙江交科	0.20	71739352	0.03	15.29	15.30	46777	331	0.20	          1.03	15.21	
300667	必创科技	5.23	71655000	1.90	38.25	38.26	19023	403	0.31	         11.19	36.50	
600626	申达股份	1.37	71450216	0.09	6.67	6.68	106630	3	0.15	          1.50	6.55	
000523	广州浪奇	4.00	71279744	0.29	7.53	7.54	92742	1059	-0.39	          2.08	7.25	
600655	豫园股份	1.42	71179512	0.14	9.99	10.00	70633	1	0.00	          0.49	9.83	
000520	长航凤凰	2.09	70896872	0.07	3.42	3.43	205897	1476	0.00	          2.03	3.34	
600642	申能股份	0.52	70846848	0.03	5.84	5.85	120805	1	0.17	          0.27	5.81	
000088	盐 田 港	0.00	70458416	0.00	8.00	8.01	87877	1042	-0.11	          0.45	8.04	
000852	石化机械	0.98	70361000	0.08	8.27	8.28	85037	1563	-0.11	          1.42	8.11	
600998	九州通	0.64	70068856	0.11	17.37	17.38	40063	10	0.00	          0.24	17.28	
002486	嘉麟杰	0.67	69924232	0.03	4.53	4.54	154315	2246	0.00	          1.91	4.48	
300457	赢合科技	0.18	69653200	0.05	27.49	27.50	25337	437	0.18	          1.81	27.45	
600113	浙江东日	0.76	69580112	0.07	9.27	9.28	73477	5	0.11	          2.31	9.22	
002848	高斯贝尔	10.02	69293632	1.30	14.28	--  	50369	270	0.00	          6.04	13.02	
300495	美尚生态	1.92	69098376	0.29	15.39	15.40	45338	724	0.00	          1.93	15.06	
002470	金正大	0.24	68994768	0.02	8.48	8.49	80635	740	-0.11	          0.30	8.48	
600116	三峡水利	0.74	68985512	0.06	8.19	8.20	83980	9	0.00	          0.85	8.12	
00968	信义光能	0.00	68979168	0.000	3.310	3.320	20886372	320000	0.00	          0.28	3.300	
00270	粤海投资	0.34	68515536	0.040	11.960	11.980	5703022	572000	0.00	          0.09	11.980	
300715	凯伦股份	2.46	68062096	0.76	31.69	31.70	21417	450	-0.24	         11.90	30.95	
300155	安居宝	1.05	68044704	0.06	5.76	5.77	119277	4911	0.17	          4.29	5.64	
601969	海南矿业	1.07	68005464	0.08	7.59	7.60	89988	80	0.40	          0.46	7.47	
300506	名家汇	0.15	67461872	0.03	20.58	20.59	32822	443	-0.09	          2.49	20.35	
600408	安泰集团	3.23	67357600	0.08	2.55	2.56	260701	58	0.00	          2.59	2.50	
603926	铁流股份	4.63	66703264	1.18	26.57	26.60	25113	3	0.04	          8.37	25.68	
300028	金亚科技	2.27	66688280	0.10	4.50	4.51	146861	2305	0.45	          4.27	4.47	
600650	锦江投资	0.36	66335780	0.05	13.76	13.78	47579	10	-0.06	          1.22	13.59	
601139	深圳燃气	1.45	66158924	0.11	7.68	7.69	86568	2	0.00	          0.40	7.55	
300521	爱司凯	4.08	65979152	0.53	13.53	13.54	48486	721	0.00	          5.11	13.00	
300256	星星科技	0.43	65520944	0.03	6.94	6.95	92891	813	0.00	          2.35	7.02	
002505	大康农业	0.79	65452604	0.02	2.55	2.56	257710	4914	0.00	          0.47	2.53	
600674	川投能源	0.11	65376492	0.01	9.36	9.37	69572	47	0.11	          0.16	9.36	
000518	四环生物	10.02	65236164	0.57	6.26	--  	104899	80	0.00	          1.02	5.69	
00708	恒大健康	5.47	64425004	0.170	--  	--  	19345000	5000	0.00	          0.22	3.210	
000598	兴蓉环境	0.60	64189208	0.03	5.04	5.05	127233	1327	0.20	          0.43	5.01	
603507	振江股份	0.32	64186980	0.10	31.20	31.22	20629	30	0.19	          6.57	31.04	
000683	远兴能源	0.00	63876460	0.00	2.88	2.89	221322	1382	0.00	          0.78	2.88	
603081	大丰实业	0.12	63799760	0.03	24.27	24.30	26320	15	0.00	          5.08	24.06	
002690	美亚光电	1.92	63708080	0.36	19.13	19.14	33480	360	0.00	          1.02	18.70	
601727	上海电气	0.67	63350720	0.04	5.98	5.99	105698	2	0.34	          0.11	5.95	
600593	大连圣亚	2.41	63166112	0.79	33.60	33.61	18884	1	0.30	          2.05	32.80	
300620	光库科技	3.38	63125628	1.13	34.52	34.54	18577	653	0.55	          8.44	33.22	
600695	绿庭投资	0.35	61662456	0.04	11.42	11.48	53488	7	-0.08	          1.46	11.55	
002570	贝因美	1.56	61523308	0.08	5.21	5.22	118472	2209	-0.18	          1.16	5.15	
000597	东北制药	1.19	61506544	0.12	10.20	10.21	60799	342	-0.09	          1.28	10.04	
600299	安迪苏	4.66	61492132	0.56	12.57	12.58	49567	13	0.08	          0.86	11.96	
300642	透景生命	2.68	61344564	2.50	95.80	95.87	6441	209	0.84	          4.29	92.71	
600560	金自天正	0.19	61296576	0.02	10.79	10.80	55948	13	-0.27	          2.50	10.81	
603018	中设集团	2.34	61061000	0.66	28.86	28.88	21069	3	0.07	          1.01	28.55	
000591	太阳能	0.00	61009528	0.00	5.05	5.06	120396	676	0.20	          0.65	5.06	
600199	金种子酒	1.59	60715944	0.11	7.00	7.01	86263	11	0.00	          1.55	6.87	
03377	远洋集团	1.96	60615208	0.110	5.720	5.730	10531874	661500	0.17	          0.14	5.680	
603168	莎普爱思	0.61	60494432	0.08	13.27	13.29	45621	3	0.38	          1.99	13.19	
603577	汇金通	4.40	59579116	0.53	12.56	12.57	47568	6	-0.07	          6.14	12.04	
300716	国立科技	0.82	59350372	0.19	23.34	23.35	25563	458	0.34	          9.58	22.97	
002166	莱茵生物	0.09	58785680	0.01	10.57	10.58	54904	661	0.09	          1.57	10.57	
000753	漳州发展	3.51	57887784	0.12	3.54	3.55	163021	1774	-0.27	          1.84	3.42	
002775	文科园林	0.43	57721904	0.08	18.58	18.59	30880	199	0.11	          2.53	18.50	
600415	小商品城	0.00	57678040	0.00	5.44	5.45	105323	54	-0.36	          0.19	5.41	
000061	农 产 品	1.48	57620072	0.10	6.85	6.86	83772	416	-0.28	          0.50	6.75	
603006	联明股份	10.02	57443012	1.30	14.27	--  	40342	5	0.00	          5.76	13.95	
603607	京华激光	0.67	57411340	0.23	34.53	34.54	16782	6	0.73	          7.37	34.69	
601311	骆驼股份	1.44	56649348	0.18	12.66	12.67	44869	122	0.08	          0.53	12.50	
300261	雅本化学	5.13	56646312	0.40	8.19	8.20	69387	769	0.12	          1.35	7.84	
000813	德展健康	1.41	56372244	0.12	8.64	8.65	65329	636	0.00	          0.60	8.50	
002630	华西能源	0.51	56144176	0.06	11.92	11.93	47260	1702	0.25	          0.78	11.79	
002752	N兴股份	5.27	55994628	0.44	8.78	8.79	64879	9459	1.15	          4.06	8.35	
600662	强生控股	0.60	55986392	0.03	5.03	5.04	110836	4	-0.19	          1.05	5.01	
01357	美图公司	0.00	55939048	0.000	10.100	10.120	5550100	269000	1.00	          0.13	10.020	
300012	华测检测	1.18	55804932	0.05	4.27	4.28	129686	1736	0.23	          0.88	4.25	
300322	硕贝德	0.22	55542304	0.02	9.21	9.22	59806	489	0.00	          1.61	9.19	
002719	麦趣尔	4.23	55427428	1.17	28.84	28.85	19331	130	0.07	          2.26	27.59	
300701	森霸股份	2.69	55383396	0.89	33.92	33.93	16495	339	0.15	          8.25	33.00	
600054	黄山旅游	0.38	55081704	0.05	13.12	13.13	42066	14	0.08	          0.82	13.07	
000058	深 赛 格	0.45	55005080	0.03	6.70	6.71	81736	714	0.00	          1.52	6.70	
002741	光华科技	0.51	54888440	0.08	15.78	15.80	34464	320	-0.12	          1.11	15.72	
300633	开立医疗	3.03	54650616	0.72	24.42	24.47	22351	175	0.04	          5.59	23.41	
300039	上海凯宝	0.15	53986220	0.01	6.50	6.51	82430	567	0.00	          1.03	6.47	
002666	德联集团	2.53	53915204	0.15	6.07	6.08	89791	3451	0.33	          2.02	5.95	
603367	辰欣药业	0.11	53626280	0.02	18.69	18.70	28603	30	0.16	          2.86	18.68	
002242	九阳股份	0.41	52153876	0.07	17.31	17.32	29922	208	-0.05	          0.39	17.23	
600663	陆家嘴	1.31	52017956	0.26	20.08	20.09	25862	59	0.10	          0.11	19.97	
002860	星帅尔	3.14	51990700	1.21	39.79	39.80	13200	142	0.13	          8.68	38.57	
600101	明星电力	1.47	51947288	0.12	8.29	8.30	62448	80	-0.11	          1.93	8.17	
603688	石英股份	2.51	51910668	0.35	14.28	14.30	36516	112	0.42	          1.09	13.90	
002820	桂发祥	3.40	51898940	0.81	24.62	24.63	21351	395	0.08	          2.48	23.73	
01317	枫叶教育	1.01	51819172	0.100	9.950	9.960	5154194	4000	-0.10	          0.35	9.870	
01513	丽珠医药	1.28	51680504	0.800	63.150	63.300	819709	3200	-0.08	          0.43	61.950	
000554	泰山石油	0.58	51539956	0.04	6.88	6.89	74511	1085	-0.14	          2.05	6.84	
300565	科信技术	2.96	51449496	0.54	18.76	18.77	27590	422	0.27	          5.05	18.20	
600305	恒顺醋业	0.48	51163924	0.05	10.45	10.46	49157	1	-0.18	          0.82	10.36	
300375	鹏翎股份	2.16	50859468	0.32	15.15	15.16	33402	547	-0.12	          2.49	14.88	
01112	Ｈ＆Ｈ国际控股	1.44	50383056	0.700	49.200	49.250	1026000	29000	0.31	          0.16	48.650	
000993	闽东电力	2.95	50271164	0.21	7.32	7.33	68056	922	0.14	          1.82	7.14	
01999	敏华控股	0.95	49678884	0.070	7.450	7.460	6660400	101200	0.00	          0.17	7.400	
002679	福建金森	3.07	49474564	0.64	21.46	21.50	23103	732	-0.64	          1.67	20.81	
002393	力生制药	0.51	49129628	0.15	29.54	29.55	16506	174	-0.16	          0.91	29.21	
603518	维格娜丝	4.56	48966632	1.10	25.24	25.25	19701	20	0.48	          1.33	24.15	
000570	苏常柴Ａ	7.13	48554732	0.36	5.40	5.41	92112	2691	0.93	          2.24	5.03	
000862	银星能源	1.27	48458652	0.05	3.99	4.00	120064	431	0.25	          2.39	3.94	
300536	农尚环境	0.20	48306780	0.03	14.78	14.79	32494	306	0.20	          5.32	14.66	
603239	浙江仙通	2.94	47646856	0.50	17.53	17.54	26966	5	0.17	          2.97	17.00	
000708	大冶特钢	0.72	47330544	0.08	11.25	11.26	42052	1049	-0.08	          0.94	11.19	
00520	呷哺呷哺	3.90	47238520	0.620	--  	--  	2942500	1000	0.73	          0.27	15.860	
000571	新大洲Ａ	1.85	47201164	0.09	4.94	4.95	95464	1178	0.00	          1.19	4.86	
600057	象屿股份	0.82	47124640	0.07	8.61	8.62	54834	2	0.12	          0.38	8.52	
603308	应流股份	0.85	47078376	0.12	14.25	14.27	32874	145	0.42	          0.82	14.16	
601880	大连港	0.78	47071072	0.02	2.58	2.59	181666	30	0.00	          0.23	2.58	
03311	中国建筑国际	0.95	47023340	0.100	10.640	10.660	4404961	662000	-0.19	          0.09	10.520	
600239	云南城投	0.65	47000220	0.03	4.66	4.67	99734	20	0.00	          0.62	4.69	
01212	利福国际	3.00	46897012	0.360	12.320	12.380	3772500	15500	0.49	          0.24	12.040	
600017	日照港	0.26	46840248	0.01	3.79	3.80	123607	2	0.26	          0.40	3.79	
603826	坤彩科技	0.00	46547728	0.00	14.04	14.05	32957	15	-0.06	          3.66	13.96	
603638	艾迪精密	2.26	46415660	0.72	32.58	32.60	14254	4	-0.30	          2.48	31.88	
03326	保发集团	5.46	46368844	0.190	--  	--  	13122000	30000	3.09	          0.97	3.470	
000590	启迪古汉	9.97	46328296	1.16	12.78	12.79	37136	1114	0.47	          1.66	11.69	
002806	华锋股份	1.99	46328232	0.35	17.90	17.91	26138	369	0.00	          4.65	17.42	
002028	思源电气	0.47	45795004	0.08	17.14	17.15	26542	263	-0.16	          0.46	16.98	
00322	康师傅控股	0.63	45781064	0.100	16.000	16.020	2868842	284000	-0.12	          0.05	15.860	
000959	首钢股份	0.17	45778868	0.01	5.73	5.74	79712	581	-0.16	          0.27	5.72	
001896	豫能控股	0.80	45758860	0.04	5.04	5.05	90318	397	-0.19	          1.06	4.99	
00059	天誉置业	6.73	45549412	0.330	--  	--  	8900135	38000	0.38	          0.34	4.890	
600557	康缘药业	1.18	45166004	0.15	12.90	12.91	34812	46	0.00	          0.58	12.66	
300584	海辰药业	0.48	45091396	0.21	44.21	44.28	10144	158	0.32	          3.16	43.94	
600059	古越龙山	0.59	44947712	0.05	8.54	8.55	52577	8	0.00	          0.65	8.48	
600098	广州发展	0.48	44485964	0.03	6.34	6.35	69917	100	0.00	          0.26	6.29	
600871	石化油服	0.88	44421872	0.02	2.28	2.29	194384	559	0.44	          0.16	2.27	
600612	老凤祥	2.00	44184676	0.88	44.82	44.89	9873	3	0.13	          0.31	44.13	
603320	迪贝电气	1.20	43993384	0.26	21.98	21.99	19926	5	0.05	          7.97	21.64	
000153	丰原药业	3.14	43786732	0.24	7.88	7.89	55156	558	0.00	          1.77	7.66	
600322	天房发展	2.56	43498848	0.14	5.58	5.59	77993	76	0.90	          0.71	5.48	
002783	凯龙股份	0.28	43285584	0.05	17.86	17.87	24114	231	-0.10	          2.25	17.80	
300121	阳谷华泰	0.16	43021108	0.02	12.62	12.64	34068	371	0.16	          0.92	12.63	
000899	赣能股份	2.59	42951832	0.13	5.14	5.15	83371	743	0.39	          1.29	4.99	
02768	佳源国际控股	2.82	42772892	0.250	9.100	9.170	4694000	72000	-0.11	          0.19	8.900	
600509	天富能源	0.65	42582252	0.04	6.18	6.19	68625	20	-0.15	          0.76	6.14	
600984	建设机械	0.00	42564176	0.00	6.83	6.85	62569	50	0.44	          1.16	6.85	
300396	迪瑞医疗	2.26	42520292	0.90	40.80	40.81	10520	346	0.25	          0.78	39.98	
600616	金枫酒业	1.03	42101032	0.08	7.89	7.90	52833	225	0.13	          1.03	7.77	
300717	华信新材	1.48	42078176	0.46	31.58	31.59	13377	238	0.00	          8.36	30.85	
01302	先健科技	1.02	41669020	0.020	1.990	2.000	20634000	152000	-0.50	          0.48	1.940	
300556	丝路视觉	1.41	41559356	0.28	20.13	20.15	20558	497	0.05	          2.65	19.85	
002514	宝馨科技	0.15	41556000	0.01	6.82	6.83	60884	84	-0.28	          1.70	6.81	
601566	九牧王	0.60	41274168	0.09	15.09	15.10	27358	32	0.33	          0.48	15.00	
300427	红相电力	0.27	41010508	0.04	15.08	15.09	26861	699	-0.39	          2.41	14.93	
002059	云南旅游	2.17	40835040	0.16	7.51	7.52	53569	788	0.27	          0.73	7.36	
600289	ST信通	0.49	40772688	0.02	4.08	4.09	99115	31	0.25	          1.75	4.06	
600211	西藏药业	0.39	40535208	0.14	35.93	35.95	11240	10	-0.10	          0.77	35.58	
02588	中银航空租赁	1.06	40431964	0.450	42.900	42.950	944247	7900	0.00	          0.14	42.300	
300289	利德曼	4.11	40402232	0.36	9.11	9.12	44883	712	0.00	          1.40	8.75	
300579	数字认证	1.94	39476100	0.85	44.60	44.63	8838	226	0.22	          3.08	43.77	
600648	外高桥	0.61	39383096	0.11	18.29	18.30	21531	13	0.22	          0.23	18.15	
601588	北辰实业	0.22	39005512	0.01	4.48	4.49	86328	1	0.22	          0.32	4.49	
000026	飞亚达Ａ	0.68	38971904	0.07	10.43	10.44	37027	249	-0.09	          1.04	10.33	
600744	华银电力	1.82	38923944	0.06	3.35	3.36	115177	82	0.30	          1.39	3.31	
603955	大千生态	1.92	38883040	0.65	34.54	34.57	11392	7	0.44	          5.24	33.70	
603991	至正股份	4.93	38692460	1.15	24.48	24.49	15862	10	-0.03	          8.48	23.39	
300713	英可瑞	1.51	38631836	1.01	68.00	68.02	5712	273	0.19	          5.38	66.50	
002554	惠博普	0.74	38626784	0.03	4.06	4.07	95107	1198	0.25	          1.45	4.04	
300559	佳发安泰	1.48	38407420	0.68	46.63	46.65	8218	156	0.15	          1.74	45.97	
603800	道森股份	0.14	38196072	0.02	14.12	14.13	26860	4	0.14	          3.97	14.19	
01234	中国利郎	0.52	38056856	0.040	7.760	7.770	4966000	16000	0.91	          0.41	7.660	
000966	长源电力	2.99	38052104	0.10	3.44	3.45	111040	1533	0.29	          1.00	3.35	
600628	新世界	0.74	38018140	0.07	9.56	9.57	39728	12	0.21	          0.75	9.45	
600780	通宝能源	2.18	37969200	0.09	4.20	4.21	90852	40	0.24	          0.79	4.13	
002608	江苏国信	1.61	37737988	0.15	9.47	9.49	39594	151	0.21	          0.74	9.40	
600063	皖维高新	0.30	37732356	0.01	3.38	3.39	110416	1	0.00	          0.73	3.41	
02386	中石化炼化工程	2.98	37705288	0.220	7.600	7.610	4985500	101500	0.00	          0.34	7.380	
600681	百川能源	1.67	37468864	0.20	12.13	12.15	30905	5	0.25	          0.94	12.05	
300481	濮阳惠成	1.43	37294736	0.29	20.61	20.62	18140	464	-0.04	          2.49	20.33	
600033	福建高速	1.12	37081632	0.04	3.60	3.61	102871	4	0.28	          0.37	3.57	
300592	华凯创意	3.65	37059988	0.53	15.04	15.05	25049	722	-0.32	          3.03	14.43	
603069	海汽集团	2.67	36920760	0.28	10.77	10.78	34509	38	0.19	          1.99	10.50	
600377	宁沪高速	0.10	36810180	0.01	9.78	9.79	37484	30	0.00	          0.10	9.78	
000628	高新发展	1.16	36705000	0.09	7.83	7.84	46383	614	-0.12	          2.47	7.75	
600707	彩虹股份	0.11	36677372	0.01	8.70	8.71	42041	88	-0.10	          0.57	8.65	
002006	精功科技	1.08	36482444	0.07	6.57	6.58	55143	267	0.15	          1.21	6.52	
600397	安源煤业	1.36	36465708	0.04	2.97	2.98	121429	2	0.34	          1.23	2.94	
000922	*ST佳电	3.95	36372140	0.26	6.84	6.85	52994	811	-0.28	          1.16	6.65	
002228	合兴包装	2.46	36369684	0.10	4.15	4.16	87062	1391	0.00	          0.83	4.09	
02666	环球医疗	0.47	36325312	0.030	6.390	6.400	5670500	212000	-0.16	          0.33	6.360	
002829	星网宇达	3.44	36204196	0.84	25.23	25.25	14248	344	0.12	          2.41	24.68	
000407	胜利股份	0.00	36085384	0.00	5.99	6.00	60112	581	0.50	          0.81	6.00	
002461	珠江啤酒	0.81	35971060	0.08	9.94	9.95	35919	206	0.00	          0.53	9.85	
000927	一汽夏利	0.24	35933136	0.01	4.18	4.19	84867	702	0.00	          0.53	4.18	
600137	浪莎股份	0.09	35892228	0.02	21.71	21.72	16529	14	0.09	          1.70	21.67	
603757	大元泵业	0.94	35685104	0.52	55.55	55.60	6410	1	-0.35	          3.05	55.25	
603086	先达股份	3.34	35530888	1.10	34.08	34.09	10588	3	0.32	          5.29	33.06	
00970	耀莱集团	1.43	35199680	0.010	--  	--  	51144000	48000	0.00	          1.04	0.700	
603488	展鹏科技	0.21	35026032	0.04	19.55	19.58	17910	472	-0.04	          3.44	19.54	
000529	广弘控股	0.94	34935092	0.06	6.41	6.42	53853	366	0.00	          0.94	6.35	
600979	广安爱众	0.40	34872532	0.02	5.06	5.07	68534	20	0.00	          0.95	5.05	
000897	津滨发展	0.30	34368660	0.01	3.29	3.30	103738	696	0.00	          0.64	3.30	
600182	S佳通	0.61	34249456	0.16	26.49	26.50	12934	7	0.00	          0.76	26.32	
002159	三特索道	5.94	34062184	1.04	18.53	18.54	19008	344	0.60	          1.37	17.31	
300387	富邦股份	2.01	33959420	0.31	15.70	15.71	21603	364	0.32	          1.74	15.27	
600215	长春经开	0.10	33942840	0.01	10.51	10.52	31982	10	0.38	          0.69	10.54	
000739	普洛药业	1.63	33895860	0.09	5.60	5.61	60610	594	0.18	          0.53	5.50	
603701	德宏股份	0.66	33768708	0.11	16.72	16.77	19799	14	-0.52	          3.38	16.80	
000593	大通燃气	1.40	33577880	0.10	7.23	7.24	46667	276	0.00	          1.67	7.17	
002243	通产丽星	1.55	33518606	0.11	7.19	7.20	46388	306	0.00	          1.27	7.01	
002535	林州重机	0.00	33461668	0.00	4.37	4.38	76572	2034	0.00	          1.43	4.38	
000560	昆百大Ａ	0.00	33449910	0.00	8.55	8.56	39110	859	0.59	          1.15	8.55	
300171	东富龙	0.84	33366874	0.07	8.36	8.37	40086	1039	0.84	          1.20	8.23	
300630	普利制药	2.28	33349972	1.65	73.98	74.00	4515	67	-0.04	          1.48	72.78	
600766	园城黄金	1.18	32740524	0.10	8.62	8.63	38609	6	1.54	          1.72	8.59	
000037	深南电A	10.06	32662146	0.63	6.89	--  	49292	277	0.00	          1.45	6.21	
002267	陕天然气	0.54	32514438	0.04	7.46	7.47	43603	375	0.00	          0.39	7.42	
00606	中国粮油控股	0.30	32425974	0.010	3.330	3.350	9677323	430000	0.90	          0.18	3.340	
002761	多喜爱	2.92	32402884	1.02	35.93	35.94	8984	42	-0.02	          1.60	34.90	
603727	博迈科	0.10	32184692	0.02	19.61	19.62	16396	20	-0.04	          1.73	19.50	
600400	红豆股份	0.30	32020044	0.02	6.58	6.59	47594	49	-0.14	          0.33	6.60	
002164	宁波东力	1.12	31972032	0.09	8.10	8.11	39630	300	-0.36	          0.96	7.96	
002066	瑞泰科技	0.46	31968380	0.04	8.68	8.69	36659	254	-0.10	          1.59	8.58	
603388	元成股份	0.24	31681782	0.04	16.53	16.54	19187	5	-0.17	          3.84	16.48	
603027	千禾味业	1.65	31567352	0.29	17.85	17.86	17644	4	0.00	          1.32	17.70	
000539	粤电力Ａ	0.65	31282156	0.03	4.64	4.65	67034	209	-0.21	          0.26	4.61	
600323	瀚蓝环境	0.07	31150530	0.01	14.16	14.17	21995	5	0.28	          0.29	14.18	
600452	涪陵电力	1.44	31073340	0.47	33.22	33.23	9450	10	0.33	          0.59	32.63	
300690	双一科技	0.51	30984730	0.25	49.62	49.63	6247	61	-0.09	          3.60	49.39	
00460	四环医药	0.38	30751438	0.010	2.650	2.660	11556674	759000	-0.38	          0.12	2.640	
603040	新坐标	1.47	30357804	0.91	62.76	62.77	4859	8	0.27	          2.02	61.59	
300478	杭州高新	1.31	29984520	0.48	37.07	37.08	8029	121	-0.10	          3.32	36.45	
603186	华正新材	0.22	29909772	0.05	22.40	22.43	13322	11	0.18	          1.81	22.40	
002875	安奈儿	1.47	29752738	0.34	23.43	23.44	12836	421	-0.16	          5.13	23.08	
300461	田中精机	2.02	29617830	0.99	49.71	49.99	5991	182	1.61	          2.54	49.00	
002612	朗姿股份	0.41	29556708	0.05	12.38	12.39	23899	264	0.00	          1.13	12.30	
300268	佳沃股份	0.53	29500166	0.08	15.06	15.07	19560	586	-0.06	          1.99	15.08	
002884	凌霄泵业	0.96	29293316	0.49	51.46	51.47	5691	172	-0.18	          2.94	50.98	
600748	上实发展	0.17	29259808	0.01	6.00	6.01	48549	5	0.17	          0.34	5.99	
000669	金鸿控股	0.17	29208882	0.02	11.86	11.87	24634	218	0.00	          0.51	11.81	
603358	华达科技	1.19	28890868	0.39	33.12	33.18	8649	13	0.06	          1.23	32.56	
603656	泰禾光电	4.23	28864070	1.13	27.78	27.82	10540	2	0.11	          3.96	26.58	
600647	同达创业	4.52	28689772	0.67	15.48	15.50	18600	20	-0.12	          1.34	14.84	
600726	华电能源	2.12	28343644	0.06	2.89	2.90	97924	86	0.00	          0.64	2.83	
600220	江苏阳光	0.36	28340112	0.01	2.81	2.82	100969	217	0.00	          0.57	2.79	
01458	周黑鸭	1.23	28298632	0.100	8.240	8.250	3421000	56500	0.12	          0.14	8.230	
300430	诚益通	1.73	28241024	0.33	19.41	19.45	14632	727	0.46	          2.21	18.99	
002306	*ST云网	2.81	28101298	0.11	4.02	4.03	69760	745	-0.24	          0.87	3.89	
300108	吉药控股	3.78	27850160	0.31	8.50	8.51	32832	593	0.35	          0.78	8.23	
000737	*ST南风	3.37	27798612	0.14	4.29	4.30	65348	576	0.00	          1.19	4.18	
600826	兰生股份	0.00	27621376	0.00	12.41	12.43	22070	16	0.00	          0.52	12.39	
601519	*ST智慧	0.24	27351908	0.01	4.14	4.16	65785	10	0.73	          0.33	4.15	
002137	麦达数字	10.03	26937906	0.69	7.57	--  	35585	251	0.00	          1.22	7.57	
603012	创力集团	1.87	26831792	0.13	7.08	7.09	37627	1	0.28	          0.89	6.97	
002708	光洋股份	1.45	26223628	0.08	5.57	5.58	47008	196	0.18	          1.96	5.50	
002324	普利特	0.79	25993274	0.18	22.84	22.86	11353	38	-0.08	          0.71	22.73	
01052	越秀交通基建	0.34	25832532	0.020	5.990	6.000	4304000	32000	0.00	          0.26	5.990	
02268	优源控股	0.30	25820012	0.010	--  	--  	7593000	11000	-0.29	          0.61	3.380	
300233	金城医药	0.72	25803260	0.13	18.13	18.14	14289	240	0.00	          0.62	18.00	
000633	合金投资	0.84	25671934	0.07	8.35	8.36	30937	357	0.12	          0.80	8.38	
300217	东方电热	0.00	25567202	0.00	2.85	2.86	89096	305	0.35	          1.00	2.86	
00524	E-KONG GROUP	33.85	25322422	0.110	--  	--  	55969000	20000	1.16	          6.39	0.330	
600793	宜宾纸业	0.58	25258390	0.13	22.54	22.55	11132	2	0.13	          1.06	22.41	
600152	维科精华	1.43	25053722	0.09	6.37	6.38	39695	65	0.47	          1.35	6.26	
002206	海 利 得	0.00	25017358	0.00	5.12	5.13	48796	312	0.00	          0.56	5.15	
600379	宝光股份	1.66	24856136	0.15	9.20	9.21	27381	10	0.22	          1.16	9.05	
600321	正源股份	0.29	24634276	0.01	3.45	3.46	71627	30	0.29	          0.61	3.42	
000659	*ST中富	0.84	24622716	0.03	3.60	3.61	68022	1417	-0.27	          0.53	3.55	
00308	香港中旅	0.70	24418018	0.020	2.860	2.870	8549202	92000	0.35	          0.16	2.840	
01448	福寿园	1.01	24382212	0.070	6.990	7.000	3474000	3000	0.29	          0.16	6.960	
603639	海利尔	0.05	24028602	0.02	43.41	43.45	5519	4	-0.06	          1.42	43.40	
03306	江南布衣	2.00	23936892	0.320	--  	--  	1466500	1500	0.00	          0.28	16.060	
00863	品牌中国	12.67	23788842	1.840	--  	--  	1406000	6000	-0.24	          0.56	14.420	
00777	网龙	1.75	23731624	0.350	20.300	20.400	1159050	13000	0.49	          0.22	20.000	
600131	岷江水电	2.43	23635532	0.14	5.88	5.89	40251	31	0.17	          1.01	5.75	
300293	蓝英装备	0.49	23600526	0.05	10.18	10.19	22968	423	0.39	          0.86	10.36	
002083	孚日股份	0.34	23591230	0.02	5.98	5.99	39511	389	-0.16	          0.46	5.94	
002838	道恩股份	1.40	23501970	0.65	46.92	46.95	5046	68	-0.37	          1.34	45.90	
300602	飞荣达	1.91	23407138	1.09	58.25	58.29	4044	63	0.15	          1.31	56.70	
01812	晨鸣纸业	0.74	23395022	0.100	13.600	13.620	1698000	2500	0.15	          0.48	13.400	
600249	两面针	0.36	23308662	0.02	5.54	5.55	42135	100	0.36	          0.77	5.50	
00874	白云山	0.23	23243850	0.050	21.600	21.700	1067839	12000	0.46	          0.49	21.550	
01929	周大福	0.58	23156750	0.050	8.610	8.630	2704270	43200	-0.12	          0.03	8.540	
01470	富一国际控股	9.78	23128402	0.090	--  	--  	23548000	36000	-0.98	          2.94	0.920	
600824	益民集团	0.45	23127872	0.02	4.42	4.44	52290	29	0.23	          0.50	4.42	
603618	杭电股份	0.00	22904264	0.00	7.32	7.33	31405	59	-0.13	          0.46	7.33	
300517	海波重科	2.17	22830872	0.35	16.45	16.46	13927	223	-0.29	          3.40	16.16	
300313	天山生物	1.08	22812824	0.10	9.30	9.32	24381	337	-0.10	          1.34	9.22	
300557	理工光科	2.42	22751636	0.82	34.70	34.72	6537	117	0.09	          1.95	34.15	
600781	辅仁药业	0.80	22692558	0.15	18.88	18.90	12040	7	0.37	          0.68	18.81	
600896	览海投资	2.16	22682776	0.13	6.14	6.15	37085	35	-0.31	          0.64	6.02	
300535	达威股份	0.33	22668702	0.10	30.08	30.09	7554	154	0.07	          2.38	29.96	
02005	石四药集团	0.00	22560138	0.000	6.100	6.120	3677131	44000	-0.33	          0.12	6.000	
600578	京能电力	0.29	22538876	0.01	3.47	3.48	64506	1	0.00	          0.14	3.45	
600247	ST成城	0.35	22470696	0.03	8.52	8.53	25747	2	0.00	          0.77	8.58	
601789	宁波建工	0.51	22412808	0.02	3.98	3.99	56561	5	0.25	          0.58	3.96	
600714	金瑞矿业	1.99	22300866	0.16	8.19	8.20	26936	33	0.12	          0.94	8.05	
000409	山东地矿	0.53	22163400	0.03	5.63	5.64	39080	131	0.00	          0.99	5.63	
002571	*ST德力	0.14	22102312	0.01	7.36	7.37	29980	192	0.27	          1.18	7.35	
600615	丰华股份	1.47	22087924	0.17	11.69	11.70	18865	10	0.60	          1.01	11.55	
00119	保利置业集团	0.25	22040494	0.010	3.970	3.980	5509443	39000	-0.25	          0.15	3.940	
600396	金山股份	1.45	21936562	0.04	2.79	2.80	78677	50	0.00	          0.68	2.75	
00410	ＳＯＨＯ中国	0.00	21920560	0.000	4.580	4.590	4771000	272500	0.22	          0.09	4.580	
600385	山东金泰	1.89	21894844	0.21	11.33	11.34	19187	28	0.18	          1.34	11.11	
300080	易成新能	0.34	21542604	0.02	5.83	5.84	36772	201	0.00	          0.73	5.82	
300552	万集科技	1.88	21513778	0.43	23.30	23.31	9237	98	0.04	          2.32	22.80	
002513	蓝丰生化	1.07	21320282	0.10	9.48	9.49	22612	1284	0.53	          0.90	9.45	
600706	曲江文旅	1.55	21053102	0.27	17.78	17.79	11929	2	-0.44	          0.67	17.49	
02128	中国联塑	0.56	21050350	0.030	5.350	5.360	3939000	79000	0.00	          0.13	5.310	
603311	金海环境	1.56	20971384	0.23	14.94	14.95	14126	58	0.07	          1.52	14.75	
600106	重庆路桥	0.00	20860000	0.00	4.12	4.13	50633	4	0.00	          0.51	4.11	
300653	正海生物	1.15	20669926	0.37	32.45	32.50	6369	154	0.31	          3.18	31.94	
00574	百信国际	10.13	20541710	0.040	--  	--  	47908000	166000	0.00	          4.50	0.400	
000755	*ST三维	0.00	20378184	0.00	6.68	6.69	30384	538	0.45	          0.65	6.72	
000715	中兴商业	2.57	20164182	0.22	8.78	8.79	23135	3310	1.50	          0.83	8.57	
01910	新秀丽	0.88	20120976	0.300	--  	--  	588600	300	0.29	          0.04	33.800	
300258	精锻科技	0.33	20056926	0.05	15.20	15.21	13166	202	-0.12	          0.35	15.19	
002686	亿利达	1.74	19993924	0.18	10.54	10.55	18748	105	-0.18	          0.58	10.37	
002105	信隆健康	0.17	19923148	0.01	5.75	5.76	34397	80	0.00	          0.93	5.74	
002868	绿康生化	0.94	19866570	0.20	21.52	21.54	9239	79	0.00	          3.08	21.34	
002810	山东赫达	0.14	19298010	0.03	21.83	21.84	8872	152	0.05	          1.73	21.80	
600272	开开实业	0.66	19291286	0.06	9.16	9.17	20933	5	-0.21	          1.31	9.09	
000573	粤宏远Ａ	0.00	19169068	0.00	4.84	4.85	39456	191	-0.20	          0.63	4.84	
600538	国发股份	1.36	18995196	0.08	5.96	5.97	32028	20	0.17	          0.69	5.91	
002696	百洋股份	0.91	18801702	0.17	18.74	18.85	9988	288	0.27	          0.57	18.53	
600639	浦东金桥	0.13	18703056	0.02	15.84	15.85	11716	55	-0.12	          0.17	15.71	
00535	金地商置	0.00	18675000	0.000	0.990	1.000	18752000	30000	0.00	          0.12	1.000	
603677	奇精机械	2.81	18450268	0.61	22.30	22.31	8344	6	0.18	          2.11	21.51	
002269	美邦服饰	0.00	18354314	0.00	2.92	2.93	62652	421	-0.33	          0.25	2.92	
002763	汇洁股份	0.24	18293138	0.03	12.68	12.69	14346	519	-0.15	          1.23	12.60	
600712	南宁百货	1.09	18196984	0.08	7.41	7.42	24499	30	-0.26	          0.46	7.35	
300194	福安药业	0.18	17673692	0.01	5.47	5.48	32135	294	0.18	          0.55	5.46	
601579	会稽山	2.45	17384860	0.27	11.28	11.29	15457	3	0.09	          0.39	11.02	
002053	云南能投	0.94	17345710	0.10	10.76	10.78	16075	595	-0.27	          0.43	10.69	
603819	神力股份	2.37	17206048	0.35	15.09	15.10	11521	7	-0.06	          2.05	14.80	
603200	上海洗霸	0.67	17197656	0.25	37.51	37.56	4589	5	-0.02	          2.49	37.25	
600128	弘业股份	0.00	17185664	0.00	9.08	9.09	18789	67	-0.10	          0.76	9.05	
002187	广百股份	0.10	17108374	0.01	9.87	9.92	17216	133	-0.59	          0.50	9.86	
00230	五矿地产	1.37	16954320	0.020	--  	--  	11462000	2000	0.00	          0.34	1.460	
000419	通程控股	0.00	16679146	0.00	5.54	5.55	30040	149	0.00	          0.55	5.53	
00041	鹰君	1.98	16670148	0.800	41.250	41.500	403884	1000	0.00	          0.06	41.000	
601339	百隆东方	0.72	16474004	0.04	5.57	5.58	29652	8	0.18	          0.20	5.54	
600493	凤竹纺织	0.69	16316891	0.05	7.35	7.36	22298	8	-0.13	          0.82	7.30	
300483	沃施股份	0.35	16245722	0.11	31.85	31.93	5084	71	-0.02	          1.57	31.68	
02183	三盛控股	5.06	16203061	0.640	--  	--  	1245000	2000	0.30	          0.30	12.600	
002495	佳隆股份	0.91	16173441	0.03	3.32	3.33	48696	221	0.30	          0.75	3.30	
600853	龙建股份	0.82	16164096	0.04	4.91	4.92	33061	10	0.41	          0.62	4.89	
600225	*ST松江	1.40	16161035	0.06	4.34	4.35	37215	3	0.23	          0.40	4.27	
600747	*ST大控	0.00	16096983	0.00	2.24	2.25	71096	50	0.00	          0.67	2.24	
603067	振华股份	0.63	16050356	0.07	11.10	11.11	14467	4	0.09	          1.30	11.05	
600889	南京化纤	0.15	15980991	0.01	6.62	6.63	23872	3	-0.29	          0.78	6.60	
002855	捷荣技术	1.90	15917714	0.21	11.23	11.24	14374	810	-0.08	          2.40	10.99	
603567	珍宝岛	0.07	15888564	0.01	13.85	13.86	11418	10	0.29	          0.42	13.88	
002275	桂林三金	0.19	15835855	0.03	15.47	15.48	10204	224	-0.05	          0.19	15.39	
00546	阜丰集团	2.31	15809971	0.120	5.300	5.320	3019000	54000	0.57	          0.12	5.230	
08138	同仁堂国药	3.68	15691910	0.480	--  	--  	1155020	1000	0.74	          0.14	13.060	
002731	萃华珠宝	0.68	15624880	0.10	14.83	14.84	10462	119	0.07	          0.69	14.75	
002485	希努尔	1.11	15481010	0.29	26.49	26.50	5902	96	-0.03	          0.18	26.02	
000908	景峰医药	0.00	15408990	0.00	5.41	5.42	28300	101	-0.17	          0.51	5.42	
002652	扬子新材	0.00	15342627	0.00	7.07	7.08	21631	383	-0.13	          0.50	7.10	
603828	柯利达	2.06	15259144	0.17	8.41	8.42	18335	9	-0.11	          0.57	8.27	
08227	西安海天天	0.50	15200031	0.030	--  	--  	2535000	3000	-0.17	          0.39	6.040	
002209	达 意 隆	1.80	15130127	0.16	9.07	9.08	16841	287	0.11	          0.88	8.93	
002394	联发股份	0.08	14843122	0.01	12.00	12.01	12369	88	0.08	          0.38	12.00	
300061	康旗股份	0.06	14668986	0.01	16.69	16.70	8704	175	-0.11	          0.44	16.69	
02869	绿城服务	0.00	14622361	0.000	5.760	5.770	2542000	2000	0.00	          0.09	5.760	
00196	宏华集团	2.41	14530341	0.020	--  	--  	17308000	10000	0.00	          0.32	0.820	
600805	悦达投资	0.00	14505357	0.00	5.57	5.58	26078	40	-0.17	          0.31	5.58	
000531	穗恒运Ａ	0.70	14174566	0.05	7.18	7.19	19695	10	0.14	          0.29	7.11	
600644	乐山电力	1.33	14032396	0.08	6.07	6.08	23092	10	0.00	          0.43	6.00	
002758	华通医药	0.46	13967238	0.04	8.76	8.77	15972	274	0.11	          1.29	8.74	
002272	川润股份	0.40	13892084	0.02	4.96	4.97	27893	629	0.20	          0.88	4.96	
300610	晨化股份	0.68	13855356	0.10	14.71	14.73	9434	323	0.00	          1.90	14.70	
600268	国电南自	1.24	13817461	0.06	4.88	4.89	28547	89	0.41	          0.45	4.80	
002286	保龄宝	0.88	13800835	0.09	10.27	10.28	13490	313	0.10	          0.47	10.20	
600178	东安动力	0.17	13680213	0.01	5.73	5.74	23902	2	0.17	          0.52	5.72	
600834	申通地铁	0.34	13517424	0.03	8.82	8.83	15426	7	0.00	          0.32	8.73	
603238	诺邦股份	0.25	13493731	0.05	20.20	20.21	6674	3	0.15	          2.22	20.19	
603360	百傲化学	0.05	13492899	0.01	19.93	19.99	6701	30	0.25	          1.20	20.06	
02877	神威药业	0.91	13361061	0.100	11.080	11.140	1199000	11000	-0.18	          0.14	10.860	
002623	亚玛顿	0.00	13326703	0.00	18.83	18.84	7082	106	0.27	          0.44	18.84	
002487	大金重工	1.08	13192442	0.05	4.68	4.69	28287	931	0.43	          0.52	4.70	
603331	百达精工	0.12	13107840	0.02	17.25	17.27	7568	30	0.12	          2.38	17.25	
600719	大连热电	0.19	12924797	0.01	5.28	5.30	24345	18	-0.18	          0.60	5.25	
00815	中国白银集团	2.67	12770231	0.050	--  	--  	6630000	2000	0.52	          0.41	1.880	
300106	西部牧业	0.15	12631036	0.01	6.59	6.60	19153	684	0.30	          0.91	6.60	
600250	南纺股份	0.87	12575069	0.07	8.14	8.15	15490	2	0.00	          0.60	8.08	
603226	菲林格尔	0.78	12451481	0.20	25.94	25.98	4805	5	-0.18	          2.22	25.56	
002290	中科新材	0.82	12288269	0.09	11.02	11.04	11249	425	0.45	          0.69	11.02	
600302	标准股份	1.11	12286184	0.06	5.45	5.46	22445	20	0.00	          0.65	5.39	
000042	中洲控股	0.32	12185930	0.05	15.65	15.66	7747	44	0.13	          0.16	15.61	
08062	俊盟国际	15.22	12141826	0.070	--  	--  	24815000	30000	0.00	          5.17	0.465	
02840	ＳＰＤＲ金ＥＴＦ	0.92	11868636	9.000	--  	--  	11970	300	-0.05	--  	991.500	
00336	华宝国际	0.35	11758581	0.020	5.600	5.670	2092000	258000	0.35	          0.07	5.550	
07321	ＦＩ华夏恒指	0.84	11561970	0.050	--  	--  	1942100	500	-0.33	--  	5.940	
002890	弘宇股份	0.38	11466619	0.11	28.94	28.95	3972	93	-0.02	          2.38	28.74	
00439	光启科学	1.51	11304371	0.030	2.000	2.020	5589000	64000	0.50	          0.09	1.960	
00315	数码通电讯	0.84	11271756	0.070	8.410	8.440	1344500	72500	-0.24	          0.12	8.350	
600083	博信股份	0.05	11198024	0.01	19.35	19.36	5790	23	0.10	          0.25	19.37	
600680	*ST上普	0.62	11164485	0.04	6.43	6.44	17355	36	0.16	          0.67	6.35	
300509	新美星	0.84	11160285	0.20	24.13	24.14	4590	42	0.04	          1.75	24.19	
83010	安硕亚洲除日－Ｒ	0.54	10972651	0.250	--  	--  	237500	5000	0.00	--  	46.200	
600218	全柴动力	0.16	10950479	0.01	6.18	6.19	17756	90	0.00	          0.48	6.17	
603199	九华旅游	0.34	10882812	0.09	26.90	26.91	4035	65	0.07	          0.55	26.91	
600505	西昌电力	1.40	10872369	0.09	6.48	6.49	16704	23	0.31	          0.46	6.38	
06178	光大证券	1.20	10808083	0.110	9.210	9.260	1179200	9200	0.33	          0.17	9.150	
002552	宝鼎科技	0.92	10716055	0.08	8.79	8.80	12310	426	0.34	          0.62	8.71	
01196	伟禄集团	1.98	10705031	0.100	5.130	5.140	2103000	2000	0.00	          0.18	5.040	
08137	洪桥集团	0.00	10491720	0.000	--  	--  	6358000	60000	0.00	          0.06	1.640	
600821	津劝业	0.16	10261966	0.01	6.09	6.10	16832	77	0.00	          0.40	6.15	
600356	恒丰纸业	0.00	10237817	0.00	7.90	7.91	12941	33	0.13	          0.43	7.92	
600156	华升股份	0.45	9754777	0.02	4.44	4.45	21892	100	-0.21	          0.54	4.43	
01239	TEAMWAY INTL GP	3.85	9734640	0.002	--  	--  	177220000	100000	0.00	          1.61	0.052	
002058	威 尔 泰	1.53	9614667	0.27	17.88	17.90	5453	533	1.07	          0.38	17.60	
000779	三毛派神	0.64	9361959	0.08	12.61	12.62	7418	61	0.24	          0.40	12.65	
02283	东江集团控股	2.11	9349740	0.120	--  	--  	1626000	2000	-0.17	          0.20	5.690	
002779	中坚科技	0.11	9318711	0.02	17.48	17.49	5297	60	-0.05	          1.31	17.46	
02014	浩泽净水	2.00	9262940	0.040	--  	--  	4524000	8000	0.49	          0.22	2.080	
300605	恒锋信息	0.21	9179996	0.05	24.16	24.22	3797	38	0.25	          1.02	24.16	
603536	惠发股份	0.94	9130513	0.17	18.21	18.25	5007	10	-0.21	          1.67	17.97	
600778	友好集团	0.20	8961640	0.01	4.98	4.99	17922	24	0.40	          0.58	5.00	
002832	比音勒芬	0.16	8950981	0.09	56.55	56.77	1566	4	0.42	          0.34	57.31	
08101	壹家壹品	2.63	8907356	0.003	--  	--  	77376000	80000	0.86	          2.68	0.115	
600891	秋林集团	0.00	8833958	0.00	6.46	6.47	13621	81	0.00	          0.35	6.49	
300200	高盟新材	0.23	8651208	0.02	8.88	8.89	9733	59	0.00	          0.48	8.85	
603679	华体科技	0.73	8645627	0.16	22.00	22.03	3920	1	0.09	          1.57	21.88	
000679	大连友谊	0.33	8530190	0.02	6.16	6.17	13860	10	0.00	          0.39	6.12	
00771	自动系统	2.14	8340638	0.030	--  	--  	5806660	4000	0.70	          0.87	1.400	
000430	张家界	0.00	8197083	0.00	8.04	8.05	10142	65	0.00	          0.39	8.07	
603037	凯众股份	0.08	8060220	0.02	24.82	24.83	3227	11	0.08	          0.52	24.80	
01138	中远海能	0.23	7878501	0.010	4.240	4.270	1844000	10000	0.71	          0.14	4.260	
600097	开创国际	0.56	7732983	0.08	14.31	14.33	5404	6	-0.20	          0.27	14.30	
00737	合和公路基建	0.00	7705149	0.000	4.720	4.730	1630291	75000	-0.21	          0.05	4.720	
00061	绿领控股	6.25	7412381	0.025	--  	--  	17550500	70000	0.00	          0.24	0.400	
603099	长白山	0.09	7378238	0.01	11.18	11.19	6600	1	0.18	          0.25	11.06	
603208	江山欧派	1.42	7256326	0.53	37.78	37.79	1945	8	0.67	          0.63	36.98	
08275	永勤集团控股	4.20	7091401	0.060	--  	--  	5020000	10000	0.68	          0.84	1.430	
000632	三木集团	1.20	7054083	0.07	5.87	5.88	12057	128	0.17	          0.26	5.82	
00104	ASIA COMM HOLD	3.95	6669791	0.015	--  	--  	16302000	75000	0.00	          1.04	0.390	
00672	众安房产	1.67	6564827	0.010	--  	--  	10569200	2000	0.00	          0.18	0.600	
00861	神州控股	1.15	6464090	0.050	4.380	4.390	1472855	12000	0.00	          0.09	4.380	
603669	灵康药业	0.06	6407671	0.01	17.26	17.28	3699	9	0.06	          0.43	17.19	
08022	永耀集团控股	1.85	6293071	0.020	--  	--  	5739000	60000	0.00	          0.35	1.100	
数据来源:通达信
