代码	名称	涨幅%%	总金额	涨跌	买价	卖价	总量	现量	涨速%%	换手%%	今开	
00700	腾讯控股	-2.52	10358474752	-11.000	425.000	425.400	24038692	1682500	-0.51	          0.25	436.000	
00939	建设银行	-2.75	4457434624	-0.220	7.780	7.790	568971264	33776000	-0.13	          0.24	7.950	
600516	方大炭素	-9.92	4438516224	-2.94	26.71	26.72	1602474	706	-0.51	          9.32	29.76	
02318	中国平安	-2.54	3734184192	-2.100	80.600	80.650	45927392	3247500	0.06	          0.62	83.000	
00388	香港交易所	-3.01	3068613632	-8.600	277.200	277.400	10916574	683500	-0.43	          0.88	285.000	
600519	贵州茅台	-2.21	2703927040	-16.30	720.20	720.39	37235	1	0.01	          0.30	738.18	
00005	汇丰控股	-1.62	2658025216	-1.250	75.900	75.950	34817652	1989600	-0.13	          0.17	77.000	
00941	中国移动	-3.17	2380773120	-2.300	70.250	70.300	33519640	2816500	-0.07	          0.16	72.500	
01398	工商银行	-1.95	2242451712	-0.130	6.530	6.540	341968928	18661000	0.31	          0.39	6.700	
601600	中国铝业	-3.00	2214966016	-0.16	5.17	5.18	4226896	375	0.00	          3.86	5.31	
000830	鲁西化工	-10.00	2118995200	-2.26	--  	20.33	1008018	2876	0.00	          6.89	22.64	
02828	恒生中国企业	-1.54	1816871808	-1.900	--  	--  	14916437	559000	0.17	--  	122.800	
02800	盈富基金	-2.27	1783667072	-0.700	--  	--  	58585844	1294000	0.17	--  	30.700	
601360	三六零	-3.55	1723532160	-1.88	51.12	51.15	343805	101	-0.59	          8.66	52.18	
600585	海螺水泥	-1.89	1626303616	-0.61	31.66	31.67	517567	447	0.00	          1.29	32.40	
01299	友邦保险	-2.87	1603728896	-1.850	62.500	62.550	25358212	3253400	0.40	          0.21	64.100	
601288	农业银行	-0.97	1556840960	-0.04	4.07	4.08	3822805	45	-0.24	          0.13	4.10	
000858	五 粮 液	-1.81	1534679296	-1.33	72.08	72.09	211151	2561	-0.02	          0.56	73.81	
03988	中国银行	-1.43	1409848832	-0.060	4.140	4.150	339416608	21709000	-0.24	          0.41	4.180	
600507	方大特钢	-6.21	1361594368	-1.14	17.21	17.22	773506	114	0.06	          5.83	18.47	
601398	工商银行	-0.90	1357444352	-0.06	6.61	6.62	2052888	569	0.15	          0.08	6.67	
600019	宝钢股份	-1.04	1285948928	-0.10	9.52	9.53	1359953	3	0.11	          0.62	9.62	
600352	浙江龙盛	-3.59	1189810816	-0.46	12.38	12.39	944968	62	-0.07	          3.09	12.83	
002497	雅化集团	-0.92	1167058560	-0.13	13.99	14.00	838385	14684	0.29	         10.29	14.34	
00175	吉利汽车	-2.41	1118203776	-0.600	24.250	24.300	45943332	1853000	0.21	          0.51	25.000	
01288	农业银行	-2.54	1117096448	-0.110	4.210	4.220	263762144	10798000	0.48	          0.86	4.290	
00883	中国海洋石油	-2.52	1079208704	-0.280	10.800	10.820	98757944	10351000	0.74	          0.22	11.100	
002415	海康威视	-0.14	1001083008	-0.06	42.74	42.75	234506	2211	0.19	          0.32	42.96	
000825	太钢不锈	-3.13	970856768	-0.21	6.50	6.51	1470801	14047	-0.14	          2.58	6.71	
601699	潞安环能	-3.65	968913344	-0.44	11.62	11.63	824845	73	0.26	          2.76	12.04	
600740	山西焦化	-8.25	957723008	-1.06	11.75	11.78	785559	1010	0.17	         11.96	12.84	
000732	泰禾集团	-1.56	874550848	-0.45	28.35	28.36	308091	7386	0.60	          2.48	28.10	
600581	八一钢铁	-6.58	778430528	-1.04	14.75	14.76	515406	66	-0.19	          6.72	15.84	
000807	云铝股份	-5.85	767787072	-0.49	7.87	7.88	949613	13752	0.00	          4.21	8.33	
000786	北新建材	-4.89	754744256	-1.17	22.74	22.75	328346	3043	0.18	          2.32	23.76	
000932	*ST华菱	-5.02	749499392	-0.53	--  	10.02	736539	3381	0.00	          2.44	10.51	
002110	三钢闽光	-7.21	728489920	-1.63	20.97	20.98	335120	6301	-0.23	          3.38	22.78	
00762	中国联通	-5.93	719182208	-0.590	9.360	9.370	75512752	5804000	0.54	          0.25	9.860	
02018	瑞声科技	-2.04	709825024	-3.100	148.600	148.700	4760318	231500	0.41	          0.39	149.300	
002508	老板电器	-1.98	692296256	-0.79	39.01	39.02	176825	1757	0.05	          1.89	39.81	
01336	新华保险	-3.33	675581888	-1.500	43.500	43.550	15241265	669400	-0.34	          1.47	45.200	
600567	山鹰纸业	-1.91	661975488	-0.10	5.13	5.14	1286597	435	0.59	          2.82	5.27	
002926	华西证券	-0.89	657426688	-0.13	14.48	14.49	455167	9540	0.14	          8.67	14.43	
01928	金沙中国有限公司	-2.56	648982400	-1.100	41.850	41.900	15385550	1622000	0.72	          0.19	43.000	
600782	新钢股份	-3.71	643884160	-0.27	7.02	7.03	904737	20	0.00	          3.25	7.30	
600596	新安股份	-3.50	640935232	-0.50	13.74	13.75	462648	43	0.44	          6.81	14.28	
600188	兖州煤业	-3.85	615992256	-0.58	14.48	14.49	417828	82	-0.13	          1.41	15.15	
601636	旗滨集团	-4.48	612186880	-0.30	6.40	6.41	945990	44	0.63	          3.76	6.72	
601988	中国银行	-0.24	607329344	-0.01	4.16	4.17	1463341	354	-0.23	          0.07	4.16	
600176	中国巨石	-5.33	596462528	-0.87	15.45	15.47	381034	100	0.26	          1.31	16.31	
600282	南钢股份	-2.10	574824256	-0.11	5.13	5.14	1110055	199	0.39	          2.86	5.25	
600362	江西铜业	-1.10	551873152	-0.20	17.97	17.98	303939	32	-0.05	          1.46	18.16	
600068	葛洲坝	-0.85	532059968	-0.08	9.29	9.30	574115	45	0.43	          1.25	9.39	
000488	晨鸣纸业	-2.69	521663584	-0.49	17.72	17.73	290429	3225	0.00	          2.63	18.38	
300110	华仁药业	-1.70	505895232	-0.11	6.34	6.35	795904	10061	0.00	          6.73	6.46	
00914	海螺水泥	-3.18	499838592	-1.300	39.550	39.600	12491841	584000	0.13	          0.96	40.900	
300107	建新股份	-5.27	496985856	-0.49	8.80	8.81	558548	8098	0.34	         17.06	9.40	
000100	TCL 集团	-1.10	483534272	-0.04	3.59	3.60	1344965	7488	0.00	          1.15	3.65	
03333	中国恒大	-3.52	480755360	-0.800	21.850	21.900	21695220	295000	0.23	          0.16	22.900	
600196	复星医药	-0.67	480223776	-0.27	39.94	39.95	121011	12	0.23	          0.63	40.54	
01088	中国神华	-1.61	477959008	-0.350	21.300	21.350	22272100	1743000	0.47	          0.66	21.500	
00016	新鸿基地产	-2.82	475364064	-3.700	127.200	127.300	3708115	424000	0.55	          0.13	129.800	
002320	海峡股份	-1.32	468013120	-0.35	26.25	26.26	178021	2475	0.96	          8.60	26.48	
002016	世荣兆业	-1.12	464787072	-0.15	13.28	13.29	345333	4101	0.00	          5.34	13.74	
01171	兖州煤业股份	-1.64	459775520	-0.180	10.780	10.800	42031548	1478000	0.19	          2.15	11.140	
000401	冀东水泥	-1.22	434404832	-0.17	13.76	13.77	315272	2959	0.15	          2.34	13.91	
02601	中国太保	-2.23	429729248	-0.850	37.300	37.350	11488590	1593600	0.67	          0.41	37.800	
01093	石药集团	-2.82	427829184	-0.500	17.240	17.260	24567188	1076000	-0.12	          0.39	17.760	
000933	神火股份	-3.97	424811008	-0.31	7.49	7.50	556652	9408	0.00	          2.93	7.82	
601233	桐昆股份	-5.10	413927840	-1.28	23.81	23.82	172441	2	0.00	          1.43	25.06	
00998	中信银行	-0.90	411336160	-0.050	5.480	5.490	74451344	5252000	-0.36	          0.50	5.550	
000338	潍柴动力	-1.56	402619584	-0.13	8.20	8.21	487385	2180	0.00	          1.13	8.34	
600346	恒力股份	-6.01	397597824	-0.92	14.38	14.41	271271	240	-0.13	          2.95	15.31	
002285	世联行	-1.85	394699200	-0.20	10.59	10.60	368943	7533	-0.08	          2.17	10.82	
00823	领展房产基金	-2.54	384145216	-1.750	--  	--  	5696240	965500	0.30	--  	68.800	
300226	上海钢联	-0.86	383745344	-0.52	60.09	60.10	64846	1173	0.12	          4.30	60.00	
00011	恒生银行	-3.55	382010144	-6.800	185.000	185.200	2035477	164100	-0.32	          0.11	190.000	
000717	韶钢松山	-0.39	377588224	-0.03	7.57	7.58	492775	3538	-0.12	          2.04	7.62	
600230	沧州大化	-1.94	371271360	-0.84	42.47	42.48	86130	10	0.35	          2.93	43.50	
06808	高鑫零售	-9.67	366545472	-1.040	9.710	9.720	36529000	1614000	-0.82	          0.38	10.560	
002142	宁波银行	-2.52	364182624	-0.51	19.70	19.71	183884	1162	0.00	          0.41	20.10	
002475	立讯精密	-1.12	362911200	-0.28	24.61	24.62	148577	1177	0.45	          0.47	24.79	
000792	盐湖股份	-0.69	359296864	-0.09	12.85	12.86	280086	6151	0.63	          1.02	12.95	
01113	长实集团	-2.72	356815360	-1.850	66.100	66.150	5345390	894000	0.53	          0.14	67.250	
00966	中国太平	-2.46	350377920	-0.700	27.750	27.800	12519072	229600	-0.54	          0.35	28.500	
601989	中国重工	-0.18	350067776	-0.01	5.61	5.62	622627	117	0.00	          0.34	5.67	
600497	驰宏锌锗	-1.77	341770560	-0.12	6.66	6.67	509253	29	0.00	          1.18	6.84	
600398	海澜之家	-2.70	340917024	-0.34	12.23	12.24	275962	290	-0.07	          0.61	12.69	
002078	太阳纸业	-3.18	339406784	-0.39	11.86	11.87	286369	2202	0.08	          1.13	12.25	
300027	华谊兄弟	-0.31	338916032	-0.03	9.79	9.80	348018	4293	-0.09	          1.81	9.85	
03323	中国建材	-5.30	333372192	-0.400	7.150	7.160	45847504	1922000	-0.56	          1.59	7.550	
02238	广汽集团	-0.35	331393408	-0.060	16.880	16.900	19604924	1332000	-0.12	          0.89	16.980	
000789	万年青	-2.68	327829312	-0.29	10.52	10.53	309333	3333	0.19	          5.04	10.76	
00004	九龙仓集团	-2.05	326634592	-0.600	28.600	28.650	11350522	954000	0.35	          0.37	29.200	
600009	上海机场	-0.26	309147328	-0.13	50.18	50.23	62503	3	0.10	          0.57	50.00	
002911	佛燃股份	-0.30	306139168	-0.08	26.43	26.44	117041	1595	-0.18	         20.90	26.40	
002797	第一创业	-0.24	301461024	-0.02	8.49	8.50	354141	7108	0.12	          1.85	8.48	
000060	中金岭南	-1.20	289065600	-0.12	9.92	9.93	289376	4125	0.10	          1.31	10.05	
600198	大唐电信	-3.19	285604896	-0.27	8.19	8.20	357308	123	0.61	          4.11	8.01	
600569	安阳钢铁	-2.38	282552800	-0.12	4.91	4.92	569764	4	0.20	          2.38	5.05	
000776	广发证券	-0.43	281756000	-0.07	16.37	16.38	171629	1611	0.06	          0.29	16.48	
002493	荣盛石化	-4.48	275679328	-0.75	16.00	16.01	170408	2934	-0.11	          0.50	16.72	
002547	春兴精工	-1.14	275068416	-0.10	8.67	8.68	315375	5181	0.46	          3.94	8.79	
600348	阳泉煤业	-2.87	272680864	-0.24	8.12	8.13	334607	130	0.00	          1.39	8.22	
000517	荣安地产	-2.42	269452192	-0.11	4.44	4.45	604902	10481	0.23	          1.99	4.47	
601998	中信银行	-0.60	268170016	-0.04	6.67	6.68	402305	470	0.15	          0.13	6.69	
600754	锦江股份	-5.25	267504720	-1.92	34.62	34.68	76917	14	0.29	          1.19	36.67	
002573	清新环境	-0.82	264759552	-0.13	15.73	15.74	169169	3000	0.13	          1.58	15.88	
002606	大连电瓷	-2.67	259695664	-0.23	8.36	8.37	309559	6089	0.12	          7.70	8.51	
600837	海通证券	-0.25	257605824	-0.03	11.98	11.99	214555	20	-0.16	          0.27	12.03	
600219	南山铝业	-2.07	255765216	-0.07	3.30	3.31	769848	178	0.00	          1.09	3.36	
002174	游族网络	-1.72	254363296	-0.41	23.44	23.45	108992	1438	-0.12	          1.89	23.99	
600779	水井坊	-2.90	252254704	-1.25	41.79	41.80	59887	20	0.12	          1.23	43.70	
600409	三友化工	-1.67	251722336	-0.16	9.40	9.41	266290	118	0.11	          1.44	9.56	
00728	中国电信	-2.05	250010752	-0.070	3.340	3.350	74224680	7990000	-0.30	          0.53	3.410	
002202	金风科技	-0.92	248317808	-0.16	17.24	17.25	144170	609	0.00	          0.51	17.40	
002081	金 螳 螂	-2.49	244335296	-0.35	13.69	13.70	177600	3087	0.15	          0.70	14.04	
600808	马钢股份	-1.22	240994272	-0.05	4.05	4.06	592887	20	0.00	          0.99	4.10	
03328	交通银行	-1.12	238408576	-0.070	6.160	6.170	38592596	2036000	0.16	          0.11	6.210	
000839	中信国安	-0.77	237553312	-0.06	7.74	7.75	307338	4202	0.13	          0.78	7.81	
002128	露天煤业	-0.98	236029328	-0.10	10.10	10.11	233219	2732	0.30	          1.43	10.24	
002076	雪 莱 特	-3.69	230977680	-0.21	5.48	5.49	426212	12721	0.74	         10.13	5.49	
002714	牧原股份	-3.37	229976496	-1.64	46.98	46.99	48440	839	0.36	          0.81	48.50	
600141	兴发集团	-2.67	229712448	-0.43	15.66	15.67	147136	4	-0.24	          2.94	15.95	
01177	中国生物制药	-2.78	223629120	-0.400	13.980	14.000	15771101	1292000	-0.57	          0.19	14.420	
00003	香港中华煤气	-0.91	223156368	-0.140	15.300	15.320	14523806	2429000	-0.13	          0.10	15.320	
002012	凯恩股份	-1.68	221143248	-0.12	7.01	7.02	316047	7330	-0.27	          6.76	6.90	
300498	温氏股份	-1.22	220616736	-0.27	21.90	21.91	100498	1243	-0.04	          0.28	22.25	
02333	长城汽车	-0.66	220438016	-0.060	9.020	9.030	24469250	1162500	0.00	          0.79	9.230	
601011	宝泰隆	-2.35	216743104	-0.18	7.46	7.47	288563	74	-0.12	          2.11	7.62	
601003	柳钢股份	-3.80	216047376	-0.28	7.08	7.09	299591	5	-0.13	          1.17	7.37	
01169	海尔电器	-3.91	215883472	-1.050	25.800	25.900	8214510	388000	-0.77	          0.29	26.500	
300213	佳讯飞鸿	-0.12	214394880	-0.01	8.07	8.08	268208	3495	0.00	          7.31	8.10	
002050	三花智控	-0.65	213665952	-0.13	19.79	19.80	108053	1529	0.25	          0.69	19.92	
600438	通威股份	-1.27	212726960	-0.13	10.07	10.08	210773	10	0.20	          0.76	10.20	
600970	中材国际	-1.68	211098496	-0.16	9.37	9.38	224012	16	0.00	          1.33	9.57	
002223	鱼跃医疗	-0.50	210687424	-0.11	22.01	22.02	95594	1437	0.14	          1.12	22.12	
01766	中国中车	-1.66	207605584	-0.120	7.130	7.140	29012036	2289000	0.00	          0.66	7.230	
600079	人福医药	-1.09	206992448	-0.17	15.43	15.44	134222	13	0.06	          1.27	15.60	
00384	中国燃气	-4.33	205948464	-1.050	23.150	23.200	8708621	336800	-0.22	          0.18	23.800	
601211	国泰君安	-0.23	205292080	-0.04	17.69	17.70	115945	33	-0.16	          0.24	17.72	
00002	中电控股	-1.39	204285744	-1.100	78.000	78.050	2604198	328500	-0.13	          0.10	79.100	
000709	河钢股份	-0.78	202770912	-0.03	3.82	3.83	527959	6191	-0.25	          0.50	3.85	
00017	新世界发展	-3.34	201356192	-0.400	11.560	11.580	17175648	1569000	0.17	          0.17	11.980	
00489	东风集团股份	-1.23	201230816	-0.120	9.660	9.670	20764568	924000	-0.21	          0.73	9.630	
002676	顺威股份	-2.91	199313744	-0.18	5.99	6.00	329344	5430	0.00	          4.57	6.19	
601877	正泰电器	-0.98	197661024	-0.23	23.17	23.19	85484	4	0.04	          0.50	23.50	
000895	双汇发展	-1.55	196943168	-0.43	27.31	27.32	71942	202	-0.10	          0.22	27.81	
600809	山西汾酒	-2.38	195945792	-1.32	54.20	54.21	35727	43	-0.50	          0.41	55.56	
00868	信义玻璃	-3.49	195420752	-0.440	12.140	12.160	15805996	302000	0.33	          0.39	12.740	
00285	比亚迪电子	-7.07	194641056	-1.300	17.060	17.080	11130000	461500	-0.47	          0.49	18.360	
603058	永吉股份	-0.74	193347488	-0.13	17.54	17.58	110867	23	0.17	          4.86	17.20	
02313	申洲国际	-3.17	189729312	-2.400	73.350	73.400	2557490	162000	-0.20	          0.17	75.800	
01128	永利澳门	-2.98	187483728	-0.800	26.000	26.050	7192091	778000	0.39	          0.14	26.500	
600258	首旅酒店	-3.19	186149648	-1.03	31.21	31.28	58864	3	0.16	          1.13	32.28	
06060	众安在线	-3.34	182476448	-2.300	66.450	66.500	2732210	84500	0.38	          0.58	68.500	
600810	神马股份	-3.34	182179632	-0.35	10.13	10.14	178209	4	-0.19	          4.03	10.35	
600138	中青旅	-2.79	181088272	-0.63	21.99	22.00	82577	33	0.32	          1.14	22.68	
00066	港铁公司	-1.34	180020992	-0.550	40.600	40.650	4403447	418000	0.00	          0.07	41.000	
02319	蒙牛乳业	-2.37	179034880	-0.600	24.700	24.750	7157842	274000	-0.20	          0.18	25.250	
00522	ASM PACIFIC	-2.12	178988016	-2.500	115.300	115.400	1545435	107300	0.09	          0.38	118.600	
002638	勤上股份	-0.38	178314000	-0.02	5.31	5.32	338530	12621	0.38	          3.46	5.29	
002555	三七互娱	-0.48	178259808	-0.10	20.68	20.69	86982	1018	0.24	          0.75	20.70	
600074	ST保千里	-5.06	174634560	-0.12	--  	2.25	773217	37	-0.43	          7.59	2.25	
00291	华润啤酒	-5.40	168189808	-1.700	29.800	29.850	5550305	200000	-0.33	          0.17	31.050	
600209	罗顿发展	-2.10	166821792	-0.20	9.34	9.35	177628	58	-0.52	          4.17	9.58	
600859	王府井	-2.41	165564240	-0.51	20.67	20.69	80276	388	0.05	          2.63	21.15	
00268	金蝶国际	-2.85	163168912	-0.160	5.450	5.460	29584800	556000	-0.37	          1.02	5.600	
600022	山东钢铁	-1.37	161960176	-0.03	2.16	2.17	745059	130	-0.45	          0.70	2.19	
300203	聚光科技	-0.62	161725952	-0.17	27.24	27.25	60048	418	-0.14	          1.33	27.36	
002583	海能达	-0.54	161543312	-0.07	12.85	12.86	126893	578	-0.15	          1.21	12.92	
01958	北京汽车	-3.53	159041744	-0.380	10.400	10.420	15035173	132500	-0.76	          0.72	10.700	
600966	博汇纸业	-1.61	157277712	-0.10	6.09	6.10	256475	246	0.16	          1.92	6.22	
002572	索菲亚	-2.34	153850528	-0.86	35.84	35.86	42629	755	-0.10	          0.69	36.69	
02888	渣打集团	-1.93	152971472	-1.650	83.950	84.000	1810911	100	0.00	          0.05	84.750	
02600	中国铝业	-1.31	152457056	-0.060	4.530	4.540	33781744	2978000	-0.22	          0.86	4.580	
002178	延华智能	-1.29	149684272	-0.09	6.90	6.91	217449	5592	-0.28	          3.58	6.91	
00323	马鞍山钢铁股份	-3.75	149549264	-0.150	3.850	3.860	38770184	496000	0.52	          2.24	3.980	
02688	新奥能源	-3.29	146331200	-2.000	58.800	58.850	2473790	375000	-0.08	          0.23	60.500	
002074	国轩高科	-1.11	146098080	-0.23	20.51	20.52	71239	2374	0.05	          1.13	20.70	
000806	银河生物	-1.82	145721872	-0.12	6.49	6.50	224897	4234	0.00	          3.22	6.55	
01038	长江基建集团	-2.05	145575248	-1.350	64.550	64.650	2235989	203500	-0.39	          0.08	65.650	
000418	小天鹅Ａ	-3.96	144655440	-2.72	65.98	66.00	21561	245	0.00	          0.49	68.51	
000888	峨眉山Ａ	-7.20	143995824	-0.78	10.05	10.06	139890	1927	0.10	          2.65	10.81	
002127	南极电商	-2.53	143772416	-0.36	13.86	13.87	103030	1079	-0.06	          1.06	14.10	
601099	太平洋	-0.33	143762416	-0.01	3.06	3.07	470826	2	0.00	          0.73	3.07	
000301	东方市场	-1.22	143609376	-0.08	6.46	6.47	220309	2432	-0.14	          1.81	6.54	
02186	绿叶制药	-5.10	142814496	-0.340	6.320	6.330	22133000	444500	-0.31	          0.67	6.670	
02338	潍柴动力	-2.44	140565376	-0.210	8.380	8.390	16679000	693000	0.00	          0.86	8.620	
600388	龙净环保	-0.72	140382064	-0.11	15.06	15.07	93429	18	0.13	          0.87	15.25	
600867	通化东宝	-2.47	140220400	-0.58	22.90	22.91	60959	105	-0.08	          0.37	23.31	
00656	复星国际	-2.31	139985904	-0.380	16.100	16.140	8569285	508500	-0.25	          0.10	16.280	
002457	青龙管业	-2.36	133370192	-0.26	10.74	10.75	123203	2480	-0.27	          4.46	10.88	
600237	铜峰电子	-1.02	133206488	-0.05	4.87	4.88	278498	10	0.62	          4.93	4.78	
600600	青岛啤酒	-1.44	133203152	-0.54	36.96	36.97	35804	7	0.14	          0.51	37.50	
600755	厦门国贸	-0.21	133027184	-0.02	9.64	9.65	137951	30	0.00	          0.76	9.68	
600521	华海药业	-2.09	132029336	-0.58	27.20	27.21	48327	9	-0.14	          0.47	27.55	
02282	美高梅中国	-2.57	131443232	-0.600	22.700	22.750	5764872	272000	0.00	          0.15	23.100	
600298	安琪酵母	-2.14	131197176	-0.66	30.11	30.12	43167	3	0.00	          0.52	30.51	
601666	平煤股份	-0.32	129045560	-0.02	6.15	6.16	209307	259	0.49	          0.89	6.19	
00799	IGG	-5.14	127992008	-0.540	9.960	10.000	12477000	333000	-0.60	          0.94	10.600	
002258	利尔化学	-0.19	127867080	-0.04	21.05	21.06	60931	1755	-0.13	          1.16	21.17	
01313	华润水泥控股	-5.79	127148680	-0.340	5.510	5.530	22546028	554000	0.00	          0.35	5.750	
002045	国光电器	-1.03	126562216	-0.14	13.49	13.50	93667	1053	0.22	          2.25	13.63	
601168	西部矿业	-0.69	123963792	-0.05	7.19	7.20	171597	20	-0.13	          0.72	7.26	
300145	中金环境	-1.26	123863632	-0.14	10.95	10.96	114039	874	-0.08	          1.54	11.09	
00586	海螺创业	-2.17	122265280	-0.500	22.500	22.550	5375156	209500	-0.22	          0.30	22.850	
600054	黄山旅游	-3.31	121497640	-0.45	13.13	13.14	91694	3	0.00	          1.79	13.64	
002569	步森股份	-3.00	120622424	-0.60	19.40	19.41	61655	1543	-0.25	          4.45	19.39	
002666	德联集团	-0.83	119802104	-0.05	5.98	5.99	199102	1501	-0.49	          4.49	5.93	
600822	上海物贸	-1.22	118988496	-0.16	12.93	12.94	92554	7	-0.14	          2.34	12.98	
600633	浙数文化	-1.63	118442448	-0.23	13.86	13.88	85169	3	-0.06	          0.66	14.15	
600621	华鑫股份	-0.66	115637288	-0.08	12.06	12.07	96027	57	-0.16	          1.83	12.15	
300021	大禹节水	-0.15	115507048	-0.01	6.78	6.79	171928	4120	0.30	          2.63	6.70	
600971	恒源煤电	-0.20	115442216	-0.02	10.00	10.01	114936	208	0.10	          1.15	10.05	
002054	德美化工	-1.45	114814808	-0.10	6.79	6.80	168937	2920	0.00	          5.37	6.95	
603969	银龙股份	-1.44	114193016	-0.19	13.03	13.04	87072	5	0.08	          2.18	13.12	
600885	宏发股份	-2.43	113842640	-1.09	43.70	43.75	25703	30	-0.38	          0.48	44.52	
600010	包钢股份	-0.85	113445144	-0.02	2.31	2.32	489847	622	0.43	          0.22	2.33	
603323	吴江银行	-1.38	111136608	-0.12	8.56	8.57	129243	9	0.00	          2.13	8.70	
601388	怡球资源	-1.58	111062816	-0.06	3.73	3.74	295672	1	0.54	          1.46	3.82	
06869	长飞光纤光缆	-5.72	108601624	-1.850	30.500	30.550	3510671	48000	0.00	          1.00	32.500	
601607	上海医药	-1.07	108385624	-0.24	22.13	22.14	48757	25	0.00	          0.25	22.35	
300176	鸿特精密	-0.81	108284608	-1.07	130.53	130.55	8347	338	0.04	          0.78	130.22	
00019	太古股份公司Ａ	-1.22	107981600	-0.950	77.100	77.150	1391319	450500	-0.13	          0.15	78.000	
00669	创科实业	-3.56	107660896	-1.700	45.950	46.000	2317303	290000	0.00	          0.13	47.450	
300230	永利股份	-1.31	107641864	-0.17	12.79	12.80	83411	2179	0.00	          3.16	12.81	
600486	扬农化工	-2.04	107562768	-1.05	50.33	50.34	21377	12	-0.78	          0.69	51.77	
000036	华联控股	-1.53	106400840	-0.14	9.01	9.02	116672	3865	0.22	          1.03	9.18	
00270	粤海投资	-1.86	106307464	-0.220	11.600	11.620	9100999	610000	0.17	          0.14	11.840	
00425	敏实集团	-1.09	105922912	-0.500	45.100	45.200	2339525	294000	0.11	          0.20	45.750	
300148	天舟文化	-1.37	105361112	-0.11	7.92	7.93	133170	1951	0.00	          1.75	7.90	
06837	海通证券	-1.44	105156176	-0.160	10.900	10.920	9588000	2290800	-0.36	          0.28	11.000	
002385	大北农	-0.96	104559960	-0.06	6.17	6.18	167862	1793	-0.31	          0.74	6.23	
000059	华锦股份	-0.63	104369712	-0.06	9.44	9.45	110137	570	0.00	          0.69	9.54	
01658	邮储银行	-2.06	104179952	-0.100	4.750	4.760	21813288	1815000	0.42	          0.11	4.880	
00144	招商局港口	-1.88	103972856	-0.340	17.740	17.760	5828343	434000	0.00	          0.18	18.160	
002048	宁波华翔	-1.20	103724816	-0.24	19.78	19.80	52456	254	-0.09	          1.14	20.10	
01910	新秀丽	-2.60	103629024	-0.900	--  	--  	3052405	300	0.30	          0.21	34.650	
000630	铜陵有色	-0.36	103154904	-0.01	2.72	2.73	377490	1918	0.37	          0.39	2.74	
600985	雷鸣科化	-3.14	103076896	-0.47	14.50	14.51	70554	13	0.00	          2.68	15.03	
07288	ＦＬ二南方国指	-2.93	102854616	-0.300	--  	--  	10213000	10000	0.20	--  	10.240	
600926	杭州银行	-0.43	102731704	-0.05	11.64	11.65	88263	30	0.17	          0.60	11.68	
000778	新兴铸管	-0.58	102109736	-0.03	5.10	5.11	199635	2386	0.00	          0.55	5.12	
002188	ST巴士	-4.84	102094456	-0.36	7.07	7.08	143507	930	0.00	          7.78	7.32	
600295	鄂尔多斯	-1.94	101352592	-0.24	12.13	12.15	83274	15	0.58	          1.36	12.35	
300157	恒泰艾普	-1.56	100272808	-0.10	6.31	6.32	158063	1416	0.16	          2.58	6.48	
00101	恒隆地产	-1.49	99605368	-0.280	18.500	18.520	5361349	486000	-0.22	          0.12	18.780	
00135	昆仑能源	-3.74	99104368	-0.270	6.940	6.950	14128850	2428000	-0.71	          0.18	7.220	
00347	鞍钢股份	-3.61	98055088	-0.300	8.000	8.020	12165087	234000	0.00	          1.12	8.250	
000723	美锦能源	-2.55	96629568	-0.16	6.12	6.13	157775	8677	0.00	          1.46	6.25	
01316	耐世特	-1.26	96155560	-0.200	15.700	15.740	6100583	258000	0.26	          0.24	16.060	
01193	华润燃气	-3.02	95584624	-0.800	25.550	25.650	3708332	430000	0.39	          0.17	26.100	
02314	理文造纸	-1.32	95490744	-0.120	8.970	8.980	10642008	264000	-0.22	          0.24	9.140	
600780	通宝能源	-4.35	95456120	-0.19	4.18	4.19	229119	2	0.97	          2.00	4.35	
600153	建发股份	-0.25	95099208	-0.03	12.06	12.07	78595	120	0.17	          0.28	12.03	
000885	同力水泥	-0.53	95067224	-0.08	14.96	14.97	63686	1238	0.20	          1.28	15.06	
000822	山东海化	-1.27	95029560	-0.11	8.57	8.58	110740	1820	0.35	          1.24	8.67	
300467	迅游科技	-0.32	94039064	-0.13	40.78	40.80	23158	392	-0.06	          2.32	41.90	
000049	德赛电池	-0.56	93842216	-0.20	35.26	35.27	26548	402	0.06	          1.29	35.45	
603369	今世缘	-1.13	93359488	-0.18	15.81	15.82	58501	2	0.06	          0.47	15.98	
000915	山大华特	-0.66	93147336	-0.16	24.22	24.23	38490	419	-0.03	          1.65	24.39	
002032	苏 泊 尔	-2.86	91982168	-1.25	42.53	42.54	21513	66	-0.08	          0.40	43.59	
00023	东亚银行	-1.60	91805080	-0.550	33.750	33.800	2708808	252000	0.30	          0.10	34.350	
000910	大亚圣象	-2.25	91741536	-0.47	20.42	20.43	44785	523	-0.04	          0.85	20.90	
002589	瑞康医药	-2.08	91454872	-0.30	14.08	14.09	64493	419	0.21	          0.55	14.31	
600060	海信电器	-1.23	91304880	-0.19	15.26	15.27	59737	5	0.00	          0.46	15.30	
00083	信和置业	-2.54	91056160	-0.360	13.840	13.860	6534293	622000	0.14	          0.10	14.160	
002736	国信证券	-0.37	90875816	-0.04	10.73	10.74	84648	1389	0.19	          0.10	10.74	
601212	白银有色	-0.99	90501504	-0.06	5.98	5.99	150788	7	0.17	          0.77	6.06	
002038	双鹭药业	-0.66	90045112	-0.20	30.02	30.03	30052	170	-0.16	          0.53	30.10	
01728	正通汽车	-1.57	89570712	-0.110	6.870	6.890	12933320	110000	0.58	          0.52	7.020	
600197	伊力特	-1.88	89120736	-0.39	20.30	20.31	43361	6	0.25	          0.98	20.59	
601101	昊华能源	-1.18	88267264	-0.09	7.51	7.52	116402	65	0.13	          0.97	7.63	
300152	科融环境	-0.44	87875288	-0.02	4.51	4.52	195124	2526	-0.21	          2.74	4.48	
600654	*ST中安	-5.04	86411296	-0.17	3.20	3.21	267741	276	0.00	          3.55	3.22	
002180	纳思达	-0.39	86065512	-0.11	27.74	27.75	31416	224	0.25	          0.46	27.88	
00551	裕元集团	-2.99	85473896	-1.000	32.350	32.400	2626800	421000	-0.15	          0.16	33.250	
300492	山鼎设计	-5.05	84887048	-1.89	35.39	35.51	24039	1246	1.69	          9.73	36.75	
600373	中文传媒	-0.73	84859072	-0.12	16.36	16.37	51837	70	0.06	          0.38	16.45	
600161	天坛生物	-0.08	83929720	-0.02	26.61	26.63	31554	19	-0.07	          0.47	26.53	
002711	欧浦智网	-2.16	83021192	-0.22	9.95	9.96	83040	5950	-0.09	          0.79	10.20	
002365	永安药业	-0.27	82765984	-0.08	29.14	29.15	28431	98	-0.06	          1.79	29.00	
02196	复星医药	-2.20	82369664	-1.000	44.350	44.450	1851000	80500	0.11	          0.38	45.500	
002069	獐子岛	-4.02	82269552	-0.18	4.30	4.31	189583	3163	-0.22	          2.76	4.32	
00358	江西铜业股份	-1.50	82245440	-0.180	11.800	11.820	6919604	602000	-0.17	          0.50	12.040	
002108	沧州明珠	-0.90	82023224	-0.09	9.93	9.94	82299	693	0.20	          0.75	10.03	
000009	中国宝安	-0.67	81258400	-0.04	5.95	5.96	136147	1837	0.00	          0.64	6.00	
601985	中国核电	-0.28	79223440	-0.02	7.13	7.14	110896	50	-0.13	          0.26	7.15	
601369	陕鼓动力	-2.45	78120048	-0.17	6.77	6.78	115058	10	-0.14	          0.70	6.85	
603188	亚邦股份	-2.09	77929024	-0.30	14.07	14.09	55141	67	0.14	          0.96	14.48	
600231	凌钢股份	-0.65	77686040	-0.03	4.59	4.60	168092	13	0.00	          1.05	4.59	
000623	吉林敖东	-0.14	76681688	-0.03	20.70	20.71	36995	158	0.05	          0.34	20.73	
01919	中远海控	-2.25	76487840	-0.090	3.910	3.920	19540860	311500	0.26	          0.76	4.020	
00958	华能新能源	-4.06	75886936	-0.110	2.590	2.600	28974000	2308000	0.39	          0.58	2.690	
000979	中弘股份	-0.63	75847136	-0.01	1.57	1.58	482801	7476	0.00	          0.58	1.58	
600062	华润双鹤	-1.36	75774656	-0.30	21.68	21.72	34818	31	0.09	          0.51	22.00	
300299	富春股份	-0.64	75377200	-0.05	7.75	7.76	97961	2724	0.39	          2.33	7.83	
600289	ST信通	-4.35	75227376	-0.18	3.95	3.97	189199	100	0.25	          3.34	3.96	
002297	博云新材	-0.39	75139736	-0.03	7.74	7.75	97552	1736	0.26	          2.46	7.77	
002244	滨江集团	-1.42	74536696	-0.11	7.60	7.61	97477	1087	-0.25	          0.36	7.69	
600565	迪马股份	-1.01	74229792	-0.04	3.90	3.91	189822	1000	0.26	          0.80	3.96	
000761	本钢板材	-1.17	74127720	-0.06	5.06	5.07	145721	2128	0.20	          0.53	5.06	
600872	中炬高新	-1.31	73545432	-0.35	26.39	26.44	27728	5	-0.22	          0.35	26.82	
300205	天喻信息	-0.57	73365272	-0.05	8.65	8.66	85248	1300	0.23	          2.00	8.68	
600109	国金证券	-0.12	71681224	-0.01	8.49	8.50	84402	10	-0.11	          0.28	8.49	
300158	振东制药	-0.64	70667712	-0.09	13.96	13.97	50737	1160	0.29	          1.77	14.10	
600657	信达地产	-1.26	70590592	-0.07	5.50	5.51	127839	5	0.00	          0.84	5.57	
600123	兰花科创	-0.95	70164696	-0.08	8.32	8.33	83753	15	-0.11	          0.73	8.42	
300143	星普医科	-1.69	70047400	-0.39	22.65	22.66	31407	266	0.40	          2.28	22.23	
002326	永太科技	-1.79	70040576	-0.17	9.33	9.34	74757	635	0.00	          1.39	9.49	
01357	美图公司	-1.20	69655272	-0.120	9.900	9.910	7026000	582000	0.41	          0.16	10.060	
00880	澳博控股	-0.83	69117544	-0.060	7.170	7.180	9606416	539000	0.28	          0.17	7.250	
00392	北京控股	-2.12	68553024	-0.900	41.650	41.750	1634025	61000	-0.24	          0.13	42.250	
300336	新文化	-0.36	67433640	-0.04	11.21	11.22	60520	1606	0.27	          1.34	11.25	
002463	沪电股份	-0.21	67407104	-0.01	4.66	4.67	145131	1527	-0.20	          0.87	4.65	
300407	凯发电气	-1.69	67376504	-0.20	11.60	11.61	57664	2523	-0.08	          3.50	11.79	
600308	华泰股份	-1.18	67295232	-0.08	6.71	6.72	100002	4	0.00	          0.86	6.82	
600175	美都能源	-2.60	67289416	-0.12	4.48	4.50	150207	7	0.00	          0.61	4.52	
600559	老白干酒	-1.60	67185664	-0.42	25.80	25.81	25872	2	-0.14	          0.74	26.49	
002729	好利来	-0.69	66808948	-0.25	35.97	35.98	18529	153	0.03	          2.78	36.25	
300269	联建光电	-0.25	66807916	-0.03	11.87	11.88	56389	1192	0.00	          1.58	11.80	
600583	海油工程	-0.93	66750632	-0.06	6.40	6.41	104146	23	0.16	          0.24	6.46	
603588	高能环境	-0.33	66603052	-0.04	12.25	12.26	54651	2	0.33	          0.84	12.26	
603690	至纯科技	-0.06	66600900	-0.01	16.99	17.00	39653	19	0.12	          4.34	17.04	
002400	省广股份	-1.20	66315776	-0.06	4.95	4.96	133804	8542	0.40	          0.81	5.00	
601015	陕西黑猫	-1.90	66071216	-0.16	8.23	8.24	79945	10	0.12	          0.86	8.40	
601555	东吴证券	-0.12	65965224	-0.01	8.47	8.48	77849	11	0.12	          0.27	8.46	
600707	彩虹股份	-0.46	65955176	-0.04	8.76	8.77	75475	107	0.81	          1.03	8.78	
00460	四环医药	-4.74	65924812	-0.130	2.610	2.620	24864000	1343000	-0.38	          0.26	2.750	
002477	雏鹰农牧	-1.04	65467808	-0.04	3.80	3.81	172053	1921	-0.25	          0.92	3.84	
07230	ＦＬ二未来国指	-2.82	65457668	-0.300	--  	--  	6178100	800	0.39	--  	10.640	
300141	和顺电气	-0.84	65438264	-0.09	10.66	10.67	62001	1404	0.28	          3.81	10.58	
600297	广汇汽车	-1.25	65361760	-0.09	7.08	7.10	91819	295	0.14	          0.38	7.10	
601019	山东出版	-0.37	65309860	-0.04	10.64	10.65	61479	10	0.19	          2.30	10.66	
00354	中国软件国际	-3.56	65254340	-0.210	5.680	5.710	11356000	184000	-0.35	          0.47	5.880	
002061	浙江交科	-0.72	65161640	-0.11	15.25	15.26	42774	630	0.66	          0.94	15.37	
000736	中交地产	-3.41	65150032	-0.63	17.82	17.83	35791	1022	-0.27	          1.20	18.23	
300031	宝通科技	-0.65	64927972	-0.10	15.40	15.42	42449	1706	-0.18	          1.65	15.43	
600561	江西长运	-5.22	64889920	-0.43	7.79	7.81	81777	8	-0.25	          3.45	8.11	
000760	斯太尔	-2.68	64223112	-0.14	5.07	5.08	126231	1752	0.20	          1.93	5.19	
601588	北辰实业	-3.52	64215328	-0.16	4.37	4.38	144325	117	0.00	          0.54	4.56	
01515	华润凤凰医疗	-4.35	64105984	-0.430	9.450	9.500	6669000	75000	-0.32	          0.51	9.880	
600459	贵研铂业	-0.93	63931912	-0.18	19.22	19.23	33114	5	0.21	          1.27	19.38	
000712	锦龙股份	-1.60	63868764	-0.22	13.53	13.54	46859	478	0.15	          0.52	13.79	
07221	ＦＬ二华夏恒指	-4.51	63807712	-0.600	--  	--  	4883900	80000	0.16	--  	13.300	
002856	美芝股份	-0.46	63638024	-0.13	28.33	28.34	22534	684	0.18	          8.89	28.29	
002431	棕榈股份	-0.41	63490868	-0.03	7.33	7.34	86196	1161	-0.26	          0.74	7.37	
000598	兴蓉环境	-0.60	62973232	-0.03	4.98	4.99	126743	2133	-0.19	          0.42	5.01	
002387	黑牛食品	-1.52	62855100	-0.24	15.57	15.58	40187	1236	-0.05	          1.26	15.82	
300167	迪威迅	-1.13	62467424	-0.09	7.84	7.85	79851	967	0.38	          2.66	7.94	
000686	东北证券	-0.25	62407016	-0.02	8.02	8.03	77832	802	0.12	          0.33	8.04	
002030	达安基因	-0.14	62249228	-0.02	14.55	14.56	42945	890	-0.06	          0.62	14.50	
002558	巨人网络	-0.49	61772712	-0.16	32.64	32.65	18853	143	0.12	          0.54	32.80	
03799	达利食品	-1.60	61729332	-0.120	7.390	7.400	8336000	187500	-0.27	          0.06	7.490	
300093	金刚玻璃	-0.34	61672296	-0.03	8.74	8.75	71440	1084	0.11	          3.32	8.74	
600170	上海建工	-0.26	61194200	-0.01	3.77	3.78	162233	1	0.00	          0.19	3.77	
002292	奥飞娱乐	-1.08	60762256	-0.13	11.89	11.90	51115	465	0.08	          0.67	12.02	
000902	新洋丰	-1.38	60476888	-0.14	10.01	10.03	60161	377	0.20	          0.51	10.20	
603899	晨光文具	-0.93	60377136	-0.26	27.88	27.89	21794	9	0.51	          0.24	28.30	
002562	兄弟科技	-0.21	60258152	-0.03	14.58	14.59	41396	356	0.21	          1.33	14.65	
03618	重庆农村商业银行	-2.24	60050956	-0.140	6.100	6.110	9813916	328000	0.00	          0.39	6.260	
002621	三垒股份	-7.21	59821816	-1.19	15.30	15.31	38538	282	-0.06	          1.94	16.20	
002434	万里扬	-0.11	59385944	-0.01	8.78	8.79	67845	1192	0.11	          0.67	8.80	
600112	*ST天成	-5.08	59270344	-0.25	--  	4.67	126802	6	0.00	          2.49	4.67	
300180	华峰超纤	-0.62	59111696	-0.15	23.96	23.98	24612	613	-0.11	          0.65	24.18	
002713	东易日盛	-3.41	58879880	-0.91	25.79	25.80	22662	345	-0.07	          3.03	26.74	
300547	川环科技	-0.57	58594412	-0.32	55.52	55.55	10655	264	-0.12	          3.41	55.20	
02883	中海油田服务	-1.86	58499064	-0.150	7.930	7.940	7342000	284000	-0.13	          0.41	8.100	
002445	中南文化	-0.53	58468512	-0.07	13.10	13.18	44599	5964	1.23	          0.59	13.20	
600503	华丽家族	-0.69	58137984	-0.04	5.78	5.79	100227	7	0.00	          0.63	5.81	
002563	森马服饰	-1.51	58124324	-0.15	9.77	9.78	59125	371	0.31	          0.32	10.05	
03633	中裕燃气	-4.16	57980964	-0.380	--  	--  	6576000	2000	0.23	          0.26	9.140	
000893	东凌国际	-1.49	57957792	-0.08	5.28	5.29	109756	2232	0.00	          2.74	5.33	
000012	南 玻Ａ	-0.25	57823704	-0.02	7.91	7.92	72983	806	0.00	          0.48	7.93	
002448	中原内配	-0.84	57673172	-0.08	9.44	9.45	61355	768	0.00	          1.33	9.49	
002833	弘亚数控	-1.04	57569324	-0.59	56.40	56.41	10317	61	0.20	          1.68	56.51	
06823	香港电讯－ＳＳ	-1.60	57547624	-0.160	--  	--  	5799888	5000	-0.20	          0.08	10.000	
600139	西部资源	-1.74	57369740	-0.10	5.63	5.64	101777	15	-0.34	          1.54	5.64	
01478	丘钛科技	-5.00	57187664	-0.560	10.620	10.640	5284000	62000	-0.19	          0.47	11.200	
601222	林洋能源	-0.50	57049440	-0.04	7.94	7.95	72023	5	0.13	          0.41	7.95	
600597	光明乳业	-0.39	56957720	-0.05	12.81	12.82	44425	4	0.00	          0.36	12.89	
01999	敏华控股	-0.83	56528184	-0.060	7.140	7.160	7861200	178000	-0.42	          0.21	7.220	
603077	和邦生物	-0.48	56350656	-0.01	2.07	2.08	271847	1	0.00	          0.31	2.08	
300654	世纪天鸿	-0.99	56316096	-0.31	30.93	30.94	18269	323	-0.25	          7.82	31.01	
000592	平潭发展	-0.23	55988248	-0.01	4.33	4.34	129186	2406	0.23	          0.68	4.35	
002353	杰瑞股份	-0.07	55342308	-0.01	14.42	14.43	38254	693	-0.06	          0.57	14.48	
601519	*ST智慧	-3.07	55282224	-0.13	4.09	4.10	134646	1	0.49	          0.68	4.18	
600844	丹化科技	-4.11	54911644	-0.26	6.08	6.09	89486	614	-0.15	          1.09	6.25	
02343	太平洋航运	-3.52	54425764	-0.080	2.180	2.190	24291286	515000	-0.45	          0.55	2.260	
600307	酒钢宏兴	-0.38	54270400	-0.01	2.61	2.62	207531	92	0.00	          0.33	2.63	
300344	太空板业	-0.34	54261804	-0.03	8.85	8.86	61639	3286	0.57	          3.19	8.82	
000751	锌业股份	-0.41	54080372	-0.02	4.80	4.81	112309	671	-0.20	          0.80	4.79	
600186	莲花健康	-2.43	53639676	-0.06	2.41	2.42	221301	53	0.00	          2.08	2.46	
002543	万和电气	-3.55	53492868	-0.88	23.90	23.91	22066	168	0.00	          0.59	24.79	
002386	天原集团	-0.54	53167904	-0.04	7.35	7.36	72132	555	0.14	          1.07	7.40	
00200	新濠国际发展	-4.07	52934552	-0.900	21.200	21.250	2462451	215000	-0.70	          0.16	22.100	
02607	上海医药	-1.54	52915496	-0.300	19.240	19.260	2728065	199600	0.00	          0.30	19.560	
603589	口子窖	-0.63	52504024	-0.27	42.69	42.70	12322	8	-0.04	          0.42	42.94	
03969	中国通号	-0.83	52419192	-0.050	5.990	6.000	8703418	68000	0.17	          0.44	6.050	
603167	渤海轮渡	-0.55	52075736	-0.06	10.86	10.87	47945	1	0.09	          1.00	10.88	
000913	钱江摩托	-1.47	52048216	-0.26	17.44	17.45	29822	415	-0.16	          0.66	17.70	
600997	开滦股份	-1.18	52043240	-0.07	5.86	5.87	88137	41	0.00	          0.71	5.93	
01317	枫叶教育	-1.80	51870464	-0.180	9.810	9.820	5265000	48000	0.00	          0.35	10.000	
002421	达实智能	-0.57	51732920	-0.03	5.23	5.24	98965	4289	0.38	          0.58	5.26	
03933	联邦制药	-3.17	51589264	-0.250	7.640	7.670	6736000	82000	-0.91	          0.41	7.730	
01966	中骏置业	-1.28	51437380	-0.050	3.840	3.850	13196000	228000	-0.26	          0.35	3.910	
002101	广东鸿图	-0.90	51319248	-0.17	18.63	18.64	27574	585	0.16	          1.11	18.72	
600820	隧道股份	-0.26	51129180	-0.02	7.61	7.62	67175	31	0.26	          0.21	7.61	
600155	宝硕股份	-0.31	50314372	-0.03	9.61	9.62	52288	3	0.10	          0.46	9.75	
002068	黑猫股份	-0.96	50269168	-0.09	9.28	9.29	54193	3042	0.43	          0.89	9.28	
300028	金亚科技	-1.13	50259156	-0.05	4.36	4.37	115109	2907	0.00	          3.35	4.40	
002819	东方中科	-2.15	49723304	-0.58	26.37	26.40	19004	252	0.11	          4.30	25.92	
002617	露笑科技	-0.06	49609524	-0.01	15.65	15.68	31673	1421	0.51	          0.45	15.70	
002530	金财互联	-1.01	49556816	-0.25	24.39	24.40	20519	206	0.00	          0.97	24.59	
000638	万方发展	-1.77	49534324	-0.16	8.87	8.88	55405	1344	0.00	          1.79	9.15	
300191	潜能恒信	-1.54	49437428	-0.30	19.21	19.22	25656	650	-0.04	          1.24	19.51	
00338	上海石油化工股份	-1.07	49038856	-0.050	4.620	4.630	10590000	1196000	0.65	          0.30	4.660	
300153	科泰电源	-0.67	48140240	-0.07	10.41	10.42	46347	1600	0.19	          1.45	10.42	
002070	*ST众和	-2.68	48104048	-0.11	3.98	3.99	120341	875	0.00	          2.12	4.01	
002112	三变科技	-2.09	48010608	-0.24	11.26	11.27	42487	745	0.18	          2.33	11.53	
002570	贝因美	-1.55	47965432	-0.08	5.09	5.10	93779	1758	-0.19	          0.92	5.14	
600350	山东高速	-0.17	47940152	-0.01	5.93	5.94	80765	1	0.34	          0.17	5.96	
600572	康恩贝	-0.87	47908368	-0.06	6.82	6.83	70267	4	-0.28	          0.34	6.88	
600691	阳煤化工	-1.25	46831600	-0.04	3.16	3.17	147255	1027	0.32	          0.84	3.22	
002685	华东重机	-2.47	46465768	-0.25	9.89	9.90	46420	2873	-0.69	          0.83	10.20	
002323	雅百特	-0.98	46089556	-0.06	6.07	6.08	76543	840	0.16	          2.38	6.02	
603113	金能科技	-0.96	46040960	-0.20	20.57	20.58	22498	1	0.15	          2.91	20.23	
002468	申通快递	-1.65	45824476	-0.40	23.80	23.81	19149	469	-0.12	          0.58	24.20	
600523	贵航股份	-1.12	45715032	-0.16	14.14	14.15	32189	2	0.07	          1.12	14.32	
000608	阳光股份	-1.56	45701236	-0.11	6.93	6.94	65146	1722	-0.13	          0.87	6.98	
02009	金隅集团	-1.83	45650372	-0.070	3.750	3.760	12105000	391000	0.00	          0.52	3.810	
300105	龙源技术	-2.01	45569864	-0.11	5.36	5.37	85101	2676	0.00	          1.66	5.41	
300247	乐金健康	-0.75	45476924	-0.04	5.28	5.29	86533	896	0.00	          1.50	5.33	
300500	启迪设计	-0.52	45397512	-0.16	30.46	30.47	14957	435	0.03	          3.45	30.31	
03883	中国奥园	-1.25	45340012	-0.080	6.280	6.320	7121876	42000	0.16	          0.27	6.430	
00215	和记电讯香港	-0.71	44739504	-0.020	2.790	2.800	15972000	380000	0.00	          0.33	2.830	
02098	卓尔集团	-1.96	44300344	-0.180	9.020	9.050	4892000	1000	0.11	          0.04	9.650	
00607	丰盛控股	-0.96	44044776	-0.040	4.130	4.150	10635000	1170000	-0.24	          0.05	4.170	
01788	国泰君安国际	-1.26	43757012	-0.030	2.350	2.360	18533000	279000	0.00	          0.24	2.380	
07267	ＦＬ二华夏国指	-2.83	43724996	-0.320	--  	--  	3903800	71000	0.00	--  	11.300	
00683	嘉里建设	-2.11	43719980	-0.750	34.850	34.900	1249234	280500	0.00	          0.09	35.300	
300022	吉峰农机	-1.56	43462284	-0.08	5.04	5.05	86470	1352	0.20	          2.69	5.06	
01776	广发证券	-0.54	43143256	-0.080	14.660	14.680	2934200	336800	-0.14	          0.17	14.740	
000982	*ST 中绒	-2.38	42890372	-0.08	3.28	3.29	130313	2097	0.00	          0.72	3.31	
002020	京新药业	-1.28	42637464	-0.14	10.76	10.77	39552	255	0.00	          0.77	10.93	
603367	辰欣药业	-0.32	42539404	-0.06	18.55	18.56	23084	1	0.11	          2.31	18.70	
002277	友阿股份	-1.22	42361956	-0.06	4.85	4.86	87101	855	0.00	          0.61	4.91	
00293	国泰航空	-1.51	42304468	-0.200	13.020	13.040	3229784	306000	0.00	          0.08	13.240	
00168	青岛啤酒股份	-2.56	42127020	-1.100	41.750	41.800	996000	76000	0.12	          0.15	42.400	
002560	通达股份	-0.78	42025940	-0.06	7.61	7.62	55234	1481	0.26	          2.01	7.68	
601020	华钰矿业	-0.66	41665184	-0.12	18.07	18.11	22931	1	0.11	          0.81	18.19	
002002	鸿达兴业	-0.74	41554008	-0.05	6.67	6.68	62068	1041	0.00	          0.30	6.73	
02208	金风科技	-2.30	41490716	-0.280	11.880	11.920	3476422	18000	0.51	          0.53	12.160	
600871	石化油服	-0.87	41266944	-0.02	2.26	2.27	182053	3	0.00	          0.15	2.28	
600420	现代制药	-0.35	40894804	-0.04	11.24	11.25	36491	2	0.18	          0.63	11.29	
600873	梅花生物	-0.60	40624200	-0.03	4.95	4.96	82021	137	0.20	          0.26	4.98	
300006	莱美药业	-1.54	40583772	-0.09	5.76	5.77	70545	774	-0.16	          1.21	5.82	
000501	鄂武商Ａ	-0.19	40362904	-0.03	16.05	16.06	25196	99	-0.11	          0.38	16.08	
002149	西部材料	-1.60	39947044	-0.14	8.62	8.63	45940	1026	-0.34	          1.08	8.76	
00493	国美零售	-2.20	39774296	-0.020	0.890	0.900	44326000	4254000	0.00	          0.21	0.910	
002820	桂发祥	-2.88	39737928	-0.70	23.60	23.61	16814	328	0.04	          1.96	24.01	
600716	凤凰股份	-1.34	39589280	-0.06	4.40	4.41	89878	51	0.00	          0.99	4.40	
600993	马应龙	-0.45	39464060	-0.08	17.51	17.53	22564	2	0.06	          0.52	17.53	
600636	*ST爱富	-0.66	39367968	-0.10	14.99	15.00	26258	45	0.07	          0.62	15.10	
600292	远达环保	-0.52	39340584	-0.04	7.57	7.58	52129	1	-0.25	          0.67	7.60	
00486	俄铝	-1.51	39063656	-0.080	--  	--  	7448366	5000	0.00	          0.05	5.230	
600252	中恒集团	-0.51	38951260	-0.02	3.91	3.92	99396	50	-0.25	          0.29	3.92	
600285	羚锐制药	-0.79	38488008	-0.07	8.78	8.79	43642	9	-0.10	          0.82	8.84	
002759	天际股份	-1.62	38229648	-0.22	13.40	13.41	28554	377	0.53	          2.43	13.45	
600369	西南证券	-0.22	38064008	-0.01	4.50	4.51	84563	104	0.22	          0.15	4.50	
08207	中新控股	-1.05	37862440	-0.010	--  	--  	40012000	12000	1.08	          0.18	0.960	
06818	中国光大银行	-0.51	37825340	-0.020	3.870	3.880	9734000	1801000	0.26	          0.08	3.920	
002746	仙坛股份	-0.79	37797544	-0.16	20.20	20.21	18903	535	0.20	          1.04	20.22	
000552	靖远煤电	-0.56	37770116	-0.02	3.55	3.56	106087	1891	0.28	          0.68	3.57	
02669	中海物业	-4.46	37738724	-0.120	2.570	2.580	14419999	190000	0.00	          0.44	2.720	
600595	中孚实业	-1.15	37646620	-0.05	4.30	4.31	87353	10	0.00	          0.50	4.35	
600582	天地科技	-0.22	37614228	-0.01	4.53	4.54	82731	168	-0.65	          0.20	4.51	
000852	石化机械	-0.98	37341344	-0.08	8.09	8.10	46107	1406	0.00	          0.77	8.14	
300013	新宁物流	-0.30	37170268	-0.04	13.09	13.10	28506	210	0.00	          1.21	12.98	
600917	重庆燃气	-0.24	37163052	-0.02	8.31	8.33	44630	10	-0.23	          0.29	8.30	
00787	利标品牌	-5.45	36883760	-0.030	0.510	0.520	70304000	438000	1.96	          0.82	0.550	
601558	*ST锐电	-0.72	36798992	-0.01	1.37	1.38	266951	200	0.00	          0.47	1.39	
002471	中超控股	-0.74	36616292	-0.03	3.99	4.00	91612	1758	0.50	          0.73	4.03	
600827	百联股份	-0.77	36548896	-0.09	11.59	11.60	31530	11	0.09	          0.20	11.65	
600546	山煤国际	-1.73	36538480	-0.08	4.53	4.54	80088	10	0.22	          0.40	4.60	
002372	伟星新材	-1.48	36527044	-0.30	20.00	20.03	18148	52	-0.19	          0.20	20.25	
00576	浙江沪杭甬	-2.16	36311764	-0.180	8.160	8.170	4426477	178000	-0.24	          0.31	8.300	
002665	首航节能	-0.46	36144844	-0.03	6.48	6.49	55925	1278	0.00	          0.36	6.51	
002265	西仪股份	-1.35	36067904	-0.16	11.64	11.65	30921	391	0.00	          1.02	11.77	
000018	神州长城	-0.35	35736456	-0.02	5.77	5.78	62043	707	0.17	          0.82	5.78	
01638	佳兆业集团	-3.65	35309380	-0.150	3.950	3.960	8828000	122000	0.25	          0.15	4.100	
000662	天夏智慧	-0.17	35265828	-0.02	11.69	11.70	30192	400	-0.25	          1.05	11.70	
002443	金洲管道	-1.30	35122588	-0.11	8.37	8.38	41821	538	0.12	          0.83	8.52	
00696	中国民航信息网络	-2.40	35035452	-0.600	24.350	24.400	1434000	58000	-0.20	          0.15	24.950	
300074	华平股份	-0.25	34871456	-0.02	7.96	7.98	44101	1215	1.14	          1.11	8.07	
03309	希玛眼科	-1.77	34505360	-0.200	--  	--  	3086000	2000	-0.36	          0.30	11.200	
002215	诺 普 信	-0.60	34447960	-0.04	6.66	6.67	51604	800	0.15	          0.73	6.71	
002546	新联电子	-0.44	34422164	-0.02	4.49	4.50	77069	652	0.00	          0.99	4.49	
600668	尖峰集团	-0.77	34367124	-0.11	14.23	14.24	24077	17	0.00	          0.70	14.39	
00336	华宝国际	-5.15	34147620	-0.300	5.510	5.520	6105000	30000	0.36	          0.20	5.810	
000990	诚志股份	-0.44	34023368	-0.07	15.81	15.83	21605	178	0.19	          0.56	15.78	
600238	海南椰岛	-0.38	33875688	-0.03	7.91	7.92	42735	50	0.25	          0.96	7.95	
603996	中新科技	-1.20	33694512	-0.20	16.49	16.50	20330	7	-0.17	          1.97	16.79	
002809	红墙股份	-0.50	33650136	-0.14	27.95	27.97	12051	231	0.18	          2.00	28.07	
300262	巴安水务	-0.13	33533130	-0.01	7.91	7.92	42505	722	0.25	          0.93	7.95	
00316	东方海外国际	-0.55	33258876	-0.400	72.500	72.600	458000	27000	-0.14	          0.07	72.750	
00806	惠理集团	-3.13	32949674	-0.230	7.120	7.130	4580092	36000	-0.28	          0.25	7.360	
600593	大连圣亚	-1.21	32556342	-0.40	32.76	32.77	9896	1	-0.11	          1.08	32.82	
03319	雅生活服务	-2.03	32506772	-0.220	--  	--  	3065000	1000	-0.19	          0.71	10.800	
002494	华斯股份	-0.90	32491406	-0.07	7.75	7.76	41857	446	0.00	          1.42	7.76	
000711	京蓝科技	-0.55	32438180	-0.07	12.56	12.57	25896	473	0.08	          0.77	12.60	
002289	宇顺电子	-1.00	32285186	-0.09	8.94	8.95	36386	1492	0.79	          1.40	9.00	
600200	江苏吴中	-0.89	32278908	-0.09	10.03	10.04	32051	39	0.00	          0.45	10.14	
02588	中银航空租赁	-0.70	32189512	-0.300	42.400	42.450	756830	81100	-0.12	          0.11	42.500	
600389	江山股份	-0.63	32099056	-0.12	18.79	18.80	17143	11	0.32	          0.58	18.94	
002581	未名医药	-0.97	32022826	-0.14	14.32	14.33	22318	90	0.07	          0.56	14.60	
01893	中材股份	-6.27	31975782	-0.400	--  	--  	5262000	1000	-0.83	          0.45	6.310	
01929	周大福	-2.29	31959836	-0.200	8.530	8.540	3720600	86800	-0.35	          0.04	8.730	
002042	华孚时尚	-0.24	31374366	-0.03	12.28	12.33	25408	54	-0.07	          0.30	12.38	
00279	民众金融科技	-4.19	31264402	-0.070	1.600	1.610	19560000	2800000	-0.62	          0.13	1.670	
000659	*ST中富	-2.76	31002900	-0.10	3.51	3.52	87567	358	0.00	          0.68	3.60	
000687	华讯方舟	-0.40	30693120	-0.04	9.95	9.96	30777	426	0.10	          0.58	10.05	
600576	祥源文化	-0.62	30623204	-0.04	6.42	6.44	47850	10	0.16	          1.00	6.50	
00606	中国粮油控股	-2.69	30603250	-0.090	3.240	3.250	9374767	482000	0.62	          0.18	3.310	
600508	上海能源	-0.25	30540744	-0.03	11.97	11.98	25528	38	0.00	          0.35	12.05	
000995	皇台酒业	-2.77	30360084	-0.25	8.76	8.77	34625	1020	0.11	          1.95	9.03	
002701	奥瑞金	-1.88	30346168	-0.11	5.73	5.74	52703	349	0.00	          0.29	5.84	
02638	港灯－ＳＳ	-0.68	30315982	-0.050	--  	--  	4159962	2000	-0.14	          0.05	7.330	
300096	易联众	-0.45	30301704	-0.05	11.07	11.08	27470	713	0.09	          0.71	11.12	
600075	新疆天业	-0.40	30035580	-0.03	7.56	7.57	39771	22	0.13	          0.48	7.59	
603299	井神股份	-0.20	29982344	-0.02	9.89	9.90	30325	10	0.00	          1.09	9.90	
03808	中国重汽	-3.92	29892716	-0.370	9.050	9.060	3270784	54000	0.00	          0.12	9.530	
002441	众业达	-1.08	29851416	-0.10	9.15	9.16	32765	291	-0.10	          0.84	9.20	
300175	朗源股份	-0.17	29626736	-0.01	6.01	6.02	49227	819	0.50	          1.07	6.06	
002848	高斯贝尔	-1.16	29611098	-0.15	12.79	12.80	23207	526	-0.22	          2.78	12.98	
000043	中航地产	-1.63	29569902	-0.15	9.03	9.04	32666	371	0.22	          0.49	9.23	
002631	德尔未来	-1.97	29540662	-0.17	8.47	8.48	34828	1613	-0.23	          0.54	8.65	
600339	中油工程	-1.33	29462584	-0.06	4.44	4.45	65882	11	-0.21	          0.42	4.50	
603883	老百姓	-0.99	29424300	-0.59	59.15	59.22	4992	1	-0.04	          0.59	59.31	
000407	胜利股份	-2.67	29421930	-0.16	5.83	5.84	50046	1491	-0.16	          0.68	5.99	
600026	中远海能	-0.35	29282172	-0.02	5.62	5.63	52074	5	0.00	          0.19	5.64	
002141	贤丰控股	-0.31	29260162	-0.02	6.36	6.37	45727	1047	0.95	          0.72	6.51	
00020	会德丰	-1.47	28721830	-0.850	56.750	56.800	505781	124000	0.44	          0.02	57.650	
600191	华资实业	-0.86	28685468	-0.06	6.94	6.95	41329	13	0.14	          0.85	6.99	
600126	杭钢股份	-0.15	28571692	-0.01	6.57	6.58	43416	20	0.15	          0.47	6.62	
300329	海伦钢琴	-1.36	28211006	-0.11	7.98	7.99	35502	536	-0.12	          1.42	8.09	
600094	大名城	-0.99	27952332	-0.07	7.00	7.01	39937	64	0.57	          0.18	7.09	
600331	宏达股份	-1.11	27933428	-0.05	4.46	4.48	62036	712	0.00	          0.31	4.51	
600479	千金药业	-0.41	27926194	-0.06	14.69	14.70	18935	2	-0.06	          0.62	14.78	
300368	汇金股份	-0.69	27894352	-0.05	7.23	7.24	38680	469	0.14	          1.48	7.28	
600193	创兴资源	-1.67	27880360	-0.08	4.72	4.73	59317	43	0.43	          1.39	4.77	
002576	通达动力	-0.58	27801454	-0.07	11.97	11.98	23343	855	0.25	          1.96	12.00	
002250	联化科技	-0.30	27655214	-0.03	10.09	10.10	27353	374	0.10	          0.36	10.06	
00152	深圳国际	-1.89	27641780	-0.300	15.520	15.540	1765750	25500	-0.26	          0.09	15.760	
00732	信利国际	-3.21	27618062	-0.080	2.410	2.420	11206000	104000	0.00	          0.36	2.500	
300196	长海股份	-0.97	27614820	-0.11	11.26	11.27	24557	572	0.72	          0.96	11.26	
600095	哈高科	-1.62	27469242	-0.09	5.47	5.48	50190	32	0.18	          1.39	5.51	
600381	青海春天	-0.10	27409292	-0.01	9.90	9.91	27689	20	0.20	          1.31	9.96	
000612	焦作万方	-0.25	27393448	-0.02	7.96	7.99	34441	395	0.50	          0.34	8.01	
601996	丰林集团	-0.46	27238908	-0.02	4.35	4.36	62473	46	0.23	          0.67	4.37	
600149	*ST坊展	-2.15	27036100	-0.18	8.17	8.18	32904	21	0.00	          0.87	8.19	
603002	宏昌电子	-0.38	27011856	-0.02	5.28	5.29	51505	10	0.00	          0.85	5.31	
00729	五龙电动车	-1.64	26789422	-0.005	0.295	0.300	89535800	2995000	0.00	          0.40	0.305	
600481	双良节能	-1.90	26783946	-0.08	4.12	4.14	64558	11	-0.23	          0.40	4.21	
600802	福建水泥	-1.15	26650082	-0.08	6.89	6.90	38604	110	0.00	          1.01	6.96	
600246	万通地产	-0.70	26570414	-0.03	4.23	4.25	62714	1	0.00	          0.52	4.25	
000028	国药一致	-0.38	26544350	-0.22	56.94	56.96	4683	37	0.21	          0.15	57.18	
300345	红宇新材	-0.59	26528108	-0.03	5.07	5.08	52693	660	0.20	          1.61	5.03	
002282	博深工具	-0.94	26511592	-0.12	12.68	12.69	20848	306	0.08	          1.13	12.80	
601016	节能风电	-0.32	26471492	-0.01	3.15	3.16	84043	2	-0.31	          0.20	3.15	
600121	*ST郑煤	-1.08	26206532	-0.06	5.48	5.49	47662	411	0.00	          0.47	5.53	
000586	汇源通信	-1.01	26167480	-0.16	15.69	15.70	16707	537	0.00	          0.86	15.53	
300388	国祯环保	-0.23	26081380	-0.05	21.29	21.30	12275	167	0.05	          0.41	21.26	
002324	普利特	-1.49	26033108	-0.33	21.88	22.00	11908	50	-0.54	          0.75	22.30	
300217	东方电热	-0.35	25849804	-0.01	2.84	2.85	91460	1624	0.00	          1.03	2.84	
600405	动力源	-0.89	25834756	-0.05	5.55	5.56	46525	20	0.18	          0.84	5.57	
600759	洲际油气	-0.84	25781648	-0.03	3.53	3.54	72824	100	-0.27	          0.32	3.58	
603777	来伊份	-0.72	25611672	-0.16	22.11	22.14	11642	9	0.05	          1.49	22.16	
01263	柏能集团	-5.26	25592922	-0.320	--  	--  	4386000	10000	0.35	          0.98	6.080	
000669	金鸿控股	-0.59	25500122	-0.07	11.74	11.75	21719	389	-0.08	          0.45	11.82	
000409	山东地矿	-2.96	25354714	-0.17	5.56	5.57	45082	670	-0.35	          1.14	5.66	
01337	雷蛇	-3.99	25207712	-0.140	--  	--  	7362000	7000	0.00	          0.08	3.500	
300268	佳沃股份	-0.13	25126972	-0.02	14.80	14.81	16984	378	0.14	          1.73	14.82	
300351	永贵电器	-0.47	25124238	-0.06	12.61	12.62	19925	1119	0.08	          0.84	12.76	
600743	华远地产	-0.28	25091796	-0.01	3.58	3.59	69978	1	0.00	          0.30	3.59	
002605	姚记扑克	-1.06	25058066	-0.12	11.24	11.25	22145	144	0.27	          0.83	11.28	
600980	北矿科技	-0.59	25015162	-0.08	13.55	13.59	18508	15	-0.14	          1.29	13.55	
000897	津滨发展	-0.31	24702382	-0.01	3.24	3.25	76149	1540	-0.60	          0.47	3.25	
000554	泰山石油	-0.30	24685598	-0.02	6.72	6.73	36642	445	0.00	          1.01	6.77	
600425	*ST青松	-1.10	24623580	-0.04	3.58	3.59	68373	13	0.00	          0.50	3.64	
002595	豪迈科技	-2.97	24413670	-0.53	17.32	17.34	13976	200	-0.05	          0.27	17.72	
300117	嘉寓股份	-0.69	24354608	-0.04	5.72	5.73	42419	958	-0.16	          0.59	5.81	
002248	*ST东数	-0.40	24280792	-0.04	9.96	9.98	24412	513	0.00	          0.79	10.00	
00506	中国食品	-5.11	24178442	-0.210	3.880	3.900	6078000	30000	0.00	          0.22	4.120	
01666	同仁堂科技	-1.82	24112074	-0.240	12.900	12.940	1853578	26000	0.15	          0.29	13.060	
300270	中威电子	-0.36	23955580	-0.05	13.88	13.89	17445	437	0.43	          1.16	13.90	
00028	天安	-0.61	23903094	-0.030	--  	--  	5082800	3000	0.62	          0.34	4.900	
300449	汉邦高科	-0.49	23792240	-0.09	18.24	18.30	13075	182	0.22	          1.43	18.39	
300518	盛讯达	-1.78	23693544	-0.95	52.42	52.43	4501	167	-0.05	          0.96	53.90	
00014	希慎兴业	-1.04	23524048	-0.450	42.900	43.000	545900	127000	-0.23	          0.05	43.200	
00303	VTECH HOLDINGS	-1.41	23474720	-1.500	104.900	105.000	222255	21300	-0.19	          0.09	105.800	
600293	三峡新材	-0.13	23423938	-0.01	7.43	7.44	31524	40	0.27	          0.61	7.44	
300192	科斯伍德	-0.12	23421672	-0.01	8.10	8.11	29151	693	0.37	          1.67	8.10	
603011	合锻智能	-1.27	23404404	-0.11	8.52	8.54	27401	7	0.00	          0.66	8.75	
06088	FIT HON TENG	-1.67	23267322	-0.070	4.110	4.120	5648000	128000	0.00	          0.08	4.200	
603599	广信股份	-0.94	23263276	-0.16	16.80	16.81	13775	200	0.00	          1.01	16.90	
00970	耀莱集团	-1.49	23094482	-0.010	--  	--  	35320000	48000	3.13	          0.71	0.670	
00698	通达集团	-2.20	23093294	-0.040	1.780	1.790	12941700	1290000	0.56	          0.21	1.840	
00874	白云山	-1.42	23028196	-0.300	20.800	20.950	1097300	10000	0.00	          0.50	21.200	
600602	云赛智联	-0.43	22838168	-0.03	6.90	6.91	33216	23	0.00	          0.38	6.96	
600063	皖维高新	-0.60	22482310	-0.02	3.34	3.35	67475	29	0.00	          0.44	3.35	
002554	惠博普	-0.25	22306056	-0.01	4.00	4.01	55790	277	0.00	          0.85	4.02	
002135	东南网架	-1.72	22292544	-0.11	6.28	6.29	35379	671	-0.15	          0.53	6.39	
600169	太原重工	-0.33	22267952	-0.01	3.06	3.07	72739	200	-0.32	          0.28	3.08	
600382	广东明珠	-0.16	22232268	-0.02	12.73	12.74	17455	44	0.00	          0.51	12.78	
600552	凯盛科技	-0.29	22210510	-0.02	6.87	6.88	32341	11	0.15	          0.44	6.95	
08349	美固科技控股	-18.42	22097692	-1.400	--  	--  	4091000	10000	0.00	          1.02	7.710	
02006	锦江酒店	-3.69	22020782	-0.130	--  	--  	6454000	198000	0.30	          0.46	3.530	
300258	精锻科技	-0.72	21949356	-0.11	15.18	15.19	14553	288	0.20	          0.39	15.29	
300040	九洲电气	-0.13	21829570	-0.01	7.92	7.93	27659	546	0.13	          1.18	7.94	
603639	海利尔	-0.07	21727472	-0.03	43.23	43.24	5048	3	-0.11	          1.30	43.37	
603027	千禾味业	-1.42	21628620	-0.25	17.38	17.39	12463	11	0.17	          0.94	17.64	
600557	康缘药业	-0.16	21286936	-0.02	12.62	12.64	16967	3	-0.07	          0.28	12.61	
00552	中国通信服务	-2.62	21250810	-0.120	4.450	4.460	4735258	206000	0.22	          0.20	4.540	
000875	吉电股份	-0.62	21230716	-0.02	3.23	3.24	65811	279	0.00	          0.37	3.25	
01618	中国中冶	-0.85	21196886	-0.020	2.310	2.320	9165020	1525000	0.87	          0.32	2.330	
000403	ST生化	-1.46	21102804	-0.44	29.68	29.69	7111	110	-0.19	          0.27	30.13	
600529	山东药玻	-0.26	21082136	-0.05	19.51	19.52	10823	10	0.36	          0.42	19.56	
600496	精工钢构	-0.28	20929268	-0.01	3.58	3.60	58284	190	-0.27	          0.39	3.60	
603665	康隆达	-4.24	20777786	-1.64	37.00	37.09	5606	1	1.20	          2.24	38.10	
01132	橙天嘉禾	-6.06	20589150	-0.040	--  	--  	33270000	10000	1.64	          1.19	0.660	
002499	科林环保	-0.05	20500134	-0.01	18.99	19.00	10804	90	-0.04	          0.66	19.09	
00419	华谊腾讯娱乐	-5.00	20492650	-0.020	0.375	0.380	53592500	920000	0.00	          0.40	0.400	
000903	云内动力	-0.33	20487614	-0.01	3.06	3.07	67153	390	-0.32	          0.39	3.06	
600969	郴电国际	-0.39	20476252	-0.04	10.22	10.23	20052	16	0.29	          0.76	10.29	
002411	必康股份	-1.30	20428320	-0.34	25.75	25.76	7907	209	-0.22	          0.28	26.15	
00177	江苏宁沪高速公路	-2.07	20334114	-0.240	11.360	11.400	1779036	210000	-0.87	          0.15	11.560	
601918	新集能源	-0.30	20279454	-0.01	3.34	3.35	60600	5	0.30	          0.23	3.35	
002514	宝馨科技	-0.74	20246570	-0.05	6.74	6.75	30248	107	0.00	          0.84	6.79	
03337	安东油田服务	-4.12	20194660	-0.040	--  	--  	21256000	50000	-1.06	          0.80	0.970	
600706	曲江文旅	-0.74	20141636	-0.13	17.39	17.40	11552	71	0.06	          0.65	17.46	
600825	新华传媒	-1.94	20097628	-0.11	5.54	5.55	36058	149	0.00	          0.35	5.69	
600609	金杯汽车	-1.92	20068484	-0.11	5.62	5.63	35604	9	0.18	          0.33	5.68	
002688	金河生物	-0.89	20055350	-0.06	6.68	6.69	29948	177	0.30	          0.56	6.75	
002719	麦趣尔	-0.07	20054382	-0.02	27.68	27.69	7298	897	0.07	          0.85	27.68	
300129	泰胜风能	-0.85	20011004	-0.05	5.79	5.80	34729	836	0.35	          0.71	5.85	
000048	康达尔	-0.48	19979746	-0.12	24.64	24.65	8054	169	0.04	          0.21	24.77	
600312	平高电气	-0.46	19944340	-0.04	8.69	8.70	22953	4	0.00	          0.17	8.72	
83115	安硕恒生指数－Ｒ	-2.52	19893550	-2.250	--  	--  	224600	10000	-0.68	--  	88.900	
300189	神农基因	-1.41	19891602	-0.05	3.50	3.51	56702	1213	-0.27	          0.64	3.54	
02727	上海电气	-1.38	19835812	-0.040	2.850	2.860	6926860	1472000	0.00	          0.23	2.890	
002694	顾地科技	-10.02	19832808	-1.29	--  	11.59	17112	331	0.00	          0.35	11.59	
000698	沈阳化工	-0.36	19596762	-0.02	5.46	5.47	35809	303	0.18	          0.83	5.49	
00991	大唐发电	-1.62	19558886	-0.040	2.430	2.440	7900023	198000	0.00	          0.24	2.450	
02128	中国联塑	-1.13	19556166	-0.060	5.240	5.250	3718000	63000	-0.38	          0.12	5.350	
600132	重庆啤酒	-0.78	19260038	-0.17	21.51	21.52	8944	3	-0.04	          0.18	21.52	
600793	宜宾纸业	-1.42	19240528	-0.32	22.25	22.26	8632	2	0.13	          0.82	22.59	
002462	嘉事堂	-0.54	19225420	-0.13	23.87	23.88	8089	30	0.08	          0.32	23.61	
002565	顺灏股份	-0.18	19221418	-0.01	5.66	5.67	34085	3035	0.71	          0.50	5.64	
00737	合和公路基建	-0.21	19204516	-0.010	4.720	4.730	4066460	277000	0.00	          0.13	4.720	
300432	富临精工	-0.06	19196840	-0.01	16.23	16.24	11883	216	0.31	          0.70	16.24	
603166	福达股份	-0.26	19168354	-0.02	7.75	7.76	24913	175	0.39	          0.42	7.78	
300204	舒泰神	-0.82	19013040	-0.10	12.08	12.10	15728	711	-0.32	          0.34	12.12	
000691	亚太实业	-2.11	19011148	-0.13	6.02	6.04	31498	823	-0.32	          1.08	6.04	
002193	如意集团	-1.19	18957288	-0.20	16.57	16.58	11411	289	0.24	          0.49	16.78	
002703	浙江世宝	-0.44	18953446	-0.03	6.76	6.77	28074	769	0.30	          0.62	6.73	
000585	东北电气	-1.17	18903140	-0.04	3.38	3.39	55854	1252	-0.58	          0.92	3.42	
00877	昂纳科技集团	-4.40	18697342	-0.240	--  	--  	3553000	1000	-0.76	          0.44	5.450	
603787	新日股份	-0.97	18670972	-0.14	14.30	14.31	13129	4	0.00	          2.57	14.31	
01882	海天国际	-1.75	18668676	-0.400	22.450	22.500	828000	154000	0.00	          0.05	22.400	
600533	栖霞建设	-0.71	18645304	-0.03	4.20	4.21	44233	8	0.00	          0.42	4.24	
000918	嘉凯城	-0.58	18509896	-0.04	6.80	6.81	27117	336	-0.14	          0.15	6.84	
300172	中电环保	-0.27	18135464	-0.02	7.28	7.29	25055	460	0.28	          0.73	7.31	
002504	*ST弘高	-0.29	18061486	-0.01	3.41	3.42	53219	1505	0.59	          1.28	3.40	
002715	登云股份	-0.89	18001562	-0.17	19.00	19.02	9514	94	0.00	          1.38	19.12	
002433	太安堂	-0.37	17782788	-0.03	8.12	8.13	21856	443	0.00	          0.32	8.14	
01812	晨鸣纸业	-3.40	17709494	-0.460	13.040	13.100	1326500	17500	-0.15	          0.38	13.520	
600152	维科精华	-1.94	17632284	-0.12	6.07	6.09	29059	2	0.33	          0.99	6.11	
600408	安泰集团	-2.01	17581504	-0.05	2.44	2.45	71838	104	0.00	          0.71	2.47	
002540	亚太科技	-0.83	17580108	-0.06	7.16	7.17	24531	140	-0.27	          0.35	7.27	
300106	西部牧业	-1.36	17555696	-0.09	6.54	6.55	26873	203	0.00	          1.28	6.62	
00612	中国投资基金公司	-2.38	17496044	-0.210	--  	--  	2046990	16000	2.74	          0.17	8.740	
002164	宁波东力	-0.50	17450872	-0.04	7.93	7.94	21950	186	0.00	          0.53	8.02	
01131	鸿宝资源	-6.06	17439644	-0.080	--  	--  	13851000	5000	1.64	          0.22	1.310	
01508	中国再保险	-1.16	17314210	-0.020	1.690	1.700	10182000	141000	0.59	          0.15	1.730	
000810	创维数字	-0.76	17305838	-0.05	6.52	6.53	26721	1200	0.00	          0.27	6.60	
02039	中集集团	-1.27	17263406	-0.180	13.920	13.940	1241272	12100	0.00	          0.07	14.160	
600199	金种子酒	-0.88	17231060	-0.06	6.79	6.80	25333	11	0.00	          0.46	6.85	
000498	山东路桥	-0.15	17219952	-0.01	6.51	6.52	26445	338	0.00	          0.75	6.53	
00308	香港中旅	-2.48	17204550	-0.070	2.750	2.760	6212000	526000	-0.72	          0.11	2.800	
01717	澳优	-3.61	17098850	-0.240	--  	--  	2683000	3000	-0.47	          0.21	6.650	
000788	北大医药	-0.39	16902786	-0.03	7.64	7.65	22160	323	0.00	          0.40	7.64	
300405	科隆股份	-0.14	16889322	-0.02	14.28	14.30	11863	114	0.21	          1.19	14.25	
02611	国泰君安	-0.68	16833092	-0.120	17.600	17.620	958200	68800	0.23	          0.08	17.360	
06099	招商证券	-0.17	16739663	-0.020	11.660	11.680	1440000	8000	-0.17	          0.15	11.600	
01448	福寿园	-3.29	16725946	-0.230	6.740	6.770	2447142	15000	0.59	          0.11	7.010	
601811	新华文轩	-1.23	16682761	-0.15	12.09	12.10	13855	1	0.00	          0.70	12.09	
01199	中远海运港口	-2.17	16665601	-0.160	7.220	7.230	2302000	198000	0.28	          0.08	7.390	
603987	康德莱	-1.25	16616250	-0.14	11.07	11.09	14989	2	0.00	          0.79	11.22	
000798	中水渔业	-1.78	16615449	-0.15	8.29	8.30	20089	300	0.24	          0.63	8.30	
603838	四通股份	-1.30	16582719	-0.15	11.40	11.42	14572	4	0.18	          1.50	11.49	
00826	天工国际	-3.21	16553221	-0.050	--  	--  	10910000	198000	-1.31	          0.49	1.560	
600467	好当家	-0.70	16524922	-0.02	2.84	2.85	58112	35	0.00	          0.40	2.86	
00368	中外运航运	-3.81	16482676	-0.090	2.270	2.280	7176500	68000	1.34	          0.18	2.360	
002669	康达新材	-1.32	16482355	-0.29	21.69	21.70	7565	4	-0.04	          0.35	21.76	
01829	中国机械工程	-1.71	16400756	-0.080	4.610	4.620	3539000	27000	0.22	          0.39	4.690	
00699	神州租车	-0.29	16380142	-0.020	6.980	6.990	2360734	25000	0.14	          0.11	7.030	
002476	宝莫股份	-0.61	16362519	-0.03	4.89	4.90	33378	818	0.20	          0.58	4.93	
603908	牧高笛	-2.41	16245990	-0.76	30.68	30.70	5315	15	-0.06	          3.18	30.90	
02778	冠君产业信托	-1.07	16227722	-0.060	--  	--  	2923352	237000	0.18	--  	5.600	
603319	湘油泵	-0.30	16149146	-0.09	29.61	29.64	5473	2	0.00	          0.97	29.66	
300261	雅本化学	-1.27	16126714	-0.10	7.76	7.77	20774	367	-0.25	          0.40	7.76	
000737	*ST南风	-0.24	16024683	-0.01	4.11	4.12	39238	167	0.24	          0.72	4.01	
000557	西部创业	-0.92	15981943	-0.04	4.33	4.34	36820	383	0.00	          0.63	4.35	
002586	围海股份	-0.37	15890761	-0.03	7.98	7.99	19964	252	-0.12	          0.29	7.97	
00179	德昌电机控股	-3.40	15873517	-1.050	29.750	29.800	531000	21500	-0.33	          0.06	31.200	
00095	绿景中国地产	-0.30	15829321	-0.010	3.330	3.340	4732000	4000	0.00	          0.10	3.360	
01458	周黑鸭	-1.48	15734513	-0.120	7.980	7.990	1958500	5000	0.00	          0.08	8.100	
300069	金利华电	-1.89	15655465	-0.58	30.09	30.10	5201	268	-0.02	          0.57	30.40	
01308	海丰国际	-4.30	15627876	-0.370	8.230	8.250	1860000	66000	-0.24	          0.07	8.500	
300062	中能电气	-0.84	15612082	-0.05	5.87	5.88	26574	759	-0.16	          1.40	5.92	
600509	天富能源	-0.49	15605507	-0.03	6.04	6.05	25766	26	-0.16	          0.28	6.07	
002318	久立特材	-0.16	15464051	-0.01	6.08	6.09	25378	188	0.16	          0.31	6.09	
002756	永兴特钢	-1.59	15445822	-0.39	24.10	24.11	6381	71	0.00	          0.46	24.43	
02233	西部水泥	-3.73	15392405	-0.050	1.290	1.300	11847283	1828000	0.78	          0.22	1.330	
300282	汇冠股份	-0.84	15303518	-0.15	17.71	17.75	8612	91	-0.05	          0.42	17.98	
01266	西王特钢	-3.09	15234336	-0.050	--  	--  	9621000	3000	0.00	          0.43	1.620	
00777	网龙	-3.21	15124131	-0.650	19.600	19.680	768500	37500	-0.51	          0.14	20.250	
002216	三全食品	-0.51	14865300	-0.04	7.75	7.76	19259	235	-0.25	          0.34	7.75	
000595	*ST宝实	-1.36	14815545	-0.06	4.35	4.36	33989	353	0.00	          0.69	4.40	
002227	奥 特 迅	-0.79	14764810	-0.13	16.35	16.36	9045	158	0.00	          0.41	16.41	
002757	南兴装备	-1.90	14706613	-0.66	34.10	34.22	4288	51	0.00	          1.12	34.90	
02386	中石化炼化工程	-2.56	14628945	-0.190	7.220	7.230	2017000	28500	0.14	          0.14	7.270	
600601	方正科技	-0.67	14553505	-0.02	2.96	2.97	49237	10	0.00	          0.22	2.95	
01469	结好金融	-5.46	14552307	-0.100	--  	--  	8084550	4000	1.17	          0.32	1.820	
600532	宏达矿业	-1.33	14450657	-0.12	8.89	8.90	16195	65	-0.10	          0.41	9.02	
00242	信德集团	-2.20	14345838	-0.070	3.100	3.110	4557750	34000	0.00	          0.15	3.200	
600814	杭州解百	-1.04	14290651	-0.08	7.63	7.64	18759	50	0.00	          0.26	7.70	
000716	黑芝麻	-0.95	14143591	-0.05	5.20	5.21	27066	382	0.00	          0.47	5.22	
603878	武进不锈	-0.13	14139646	-0.02	15.70	15.71	9044	36	0.06	          0.90	15.71	
600091	ST明科	-2.14	14115317	-0.10	4.57	4.58	30977	1	0.00	          0.92	4.62	
000609	中迪投资	-0.97	14114692	-0.09	9.16	9.18	15471	256	-0.10	          0.57	9.20	
600168	武汉控股	-0.13	14042443	-0.01	7.74	7.75	18124	629	0.00	          0.26	7.78	
002712	思美传媒	-1.77	13917557	-0.37	20.59	20.60	6736	32	0.10	          0.41	20.96	
03396	联想控股	-3.58	13654546	-0.950	25.500	25.550	532500	2800	0.59	          0.14	26.450	
000611	天首发展	-1.32	13353263	-0.09	6.68	6.71	19822	170	0.45	          0.62	6.80	
000420	吉林化纤	-0.33	13316584	-0.01	2.99	3.00	44619	592	0.00	          0.27	3.00	
000017	深中华A	-2.01	13308317	-0.11	5.37	5.38	24735	534	0.00	          0.82	5.42	
603360	百傲化学	-2.11	13288459	-0.42	19.46	19.48	6823	20	0.05	          1.22	19.80	
002172	澳洋科技	-0.19	13262956	-0.01	5.23	5.24	25491	443	0.38	          0.46	5.25	
002682	龙洲股份	-0.10	13213810	-0.01	10.07	10.08	13118	147	0.00	          0.68	10.09	
00054	合和实业	-1.92	13209923	-0.600	30.450	30.600	431512	500	0.33	          0.05	31.200	
01415	高伟电子	-6.67	13202701	-0.180	--  	--  	5178000	12000	0.00	          0.62	2.700	
002053	云南能投	-1.12	13164324	-0.12	10.55	10.57	12373	249	0.00	          0.33	10.69	
002291	星期六	-0.63	13106634	-0.04	6.29	6.30	20877	102	0.16	          0.57	6.33	
002316	键桥通讯	-0.60	13057587	-0.06	10.02	10.03	13038	308	0.00	          0.41	10.08	
601872	招商轮船	-0.25	13016581	-0.01	4.05	4.06	32108	333	0.50	          0.07	4.07	
02005	石四药集团	-3.75	13013293	-0.230	5.870	5.900	2180776	56000	-0.17	          0.07	6.130	
300264	佳创视讯	-1.12	13003555	-0.07	6.17	6.18	21073	177	-0.15	          0.66	6.19	
002083	孚日股份	-0.17	12987269	-0.01	5.91	5.92	21926	382	0.00	          0.25	5.97	
08337	直通电讯	-14.00	12888651	-0.035	--  	--  	60420000	10000	2.38	          1.94	0.250	
01729	汇聚科技	-2.94	12849961	-0.015	--  	--  	25952000	8000	1.02	          1.41	0.510	
01963	重庆银行	-1.07	12815332	-0.070	6.490	6.500	1963500	10500	0.15	          0.12	6.570	
00345	VITASOY INT'L	-2.73	12686601	-0.560	19.940	20.000	626000	28000	-0.30	          0.06	20.400	
600975	新五丰	-0.19	12682209	-0.01	5.14	5.15	24694	2	0.39	          0.53	5.16	
603306	华懋科技	-0.76	12608367	-0.18	23.65	23.68	5313	7	-0.16	          0.25	23.85	
00921	海信科龙	-1.98	12583904	-0.190	9.400	9.420	1338000	48000	-0.21	          0.29	9.570	
00169	万达酒店发展	-1.49	12500161	-0.020	--  	--  	9488000	205000	0.00	          0.20	1.350	
600463	空港股份	-0.19	12465694	-0.02	10.57	10.58	11808	30	0.00	          0.39	10.60	
600744	华银电力	-0.91	12300168	-0.03	3.26	3.27	37852	15	0.62	          0.46	3.28	
600748	上实发展	-0.50	12271759	-0.03	5.94	5.96	20626	3	0.17	          0.15	5.99	
01523	珩湾科技	-5.10	12249841	-0.100	--  	--  	6576000	8000	0.00	          0.65	1.910	
002204	大连重工	-0.50	12246398	-0.02	4.02	4.03	30445	707	0.25	          0.16	4.04	
002394	联发股份	-0.34	12184701	-0.04	11.88	11.89	10255	30	-0.07	          0.32	11.91	
600731	湖南海利	-0.14	12128689	-0.01	7.31	7.32	16590	17	0.14	          0.51	7.33	
600180	瑞茂通	-1.47	12077287	-0.15	10.07	10.10	11936	30	-0.29	          0.14	10.20	
600317	营口港	-0.32	12003178	-0.01	3.08	3.09	38938	12	0.00	          0.06	3.09	
002628	成都路桥	-1.11	11979970	-0.07	6.25	6.26	19159	153	0.16	          0.26	6.32	
000529	广弘控股	-0.48	11979428	-0.03	6.24	6.25	19177	132	0.16	          0.34	6.28	
01727	河北建设	-3.13	11922121	-0.160	--  	--  	2387000	3000	-0.20	          0.52	5.100	
002615	哈尔斯	-0.82	11869894	-0.06	7.24	7.25	16397	192	0.00	          0.70	7.26	
600821	津劝业	-0.82	11836202	-0.05	6.08	6.09	19426	60	-0.48	          0.47	6.17	
000607	华媒控股	-0.56	11762754	-0.03	5.31	5.32	22233	218	0.19	          0.25	5.38	
01428	耀才证券金融	-2.67	11730221	-0.070	--  	--  	4560000	48000	-1.16	          0.27	2.620	
002186	全 聚 德	-1.00	11724588	-0.16	15.90	15.91	7366	164	0.00	          0.24	16.08	
000785	武汉中商	-0.11	11597645	-0.01	9.22	9.23	12581	50	0.22	          0.50	9.19	
300384	三联虹普	-1.13	11546997	-0.28	24.53	24.55	4696	108	0.12	          0.66	24.78	
00511	电视广播	-1.73	11441066	-0.450	25.550	25.650	442000	1400	-0.20	          0.10	26.000	
002381	双箭股份	-1.08	11359083	-0.08	7.34	7.35	15429	204	0.00	          0.74	7.41	
600007	中国国贸	-0.47	11274842	-0.07	14.93	14.96	7553	50	0.13	          0.07	15.00	
300314	戴维医疗	-1.93	11263819	-0.27	13.74	13.75	8198	195	0.00	          0.43	13.50	
603116	红蜻蜓	-0.14	11255410	-0.02	14.40	14.41	7830	1	0.07	          0.43	14.43	
08227	西安海天天	-0.84	11227091	-0.050	--  	--  	1895000	1000	0.00	          0.29	6.080	
603866	桃李面包	-0.76	11213224	-0.32	42.05	42.14	2667	20	0.02	          0.45	42.55	
002473	*ST圣莱	-2.63	11190239	-0.21	7.78	7.79	14366	368	0.00	          0.90	7.89	
600035	楚天高速	-0.68	11183247	-0.03	4.35	4.36	25714	300	-0.22	          0.17	4.38	
00220	统一企业中国	-3.00	11078605	-0.200	6.460	6.470	1695100	33000	-0.31	          0.04	6.670	
300555	路通视信	-0.20	11068326	-0.02	10.16	10.17	10969	336	0.30	          1.18	9.96	
02002	阳光纸业	-5.24	11061816	-0.130	--  	--  	4592000	10000	0.00	          0.56	2.470	
01777	花样年控股	-6.06	11039181	-0.080	1.240	1.250	8728000	51000	0.00	          0.15	1.310	
600613	神奇制药	-0.26	11007249	-0.02	7.60	7.61	14547	1	0.40	          0.30	7.59	
600768	宁波富邦	-0.67	10919086	-0.08	11.93	11.94	9168	50	-0.24	          0.69	12.02	
83012	东汇香港３５－Ｒ	-2.07	10914201	-0.380	--  	--  	600000	30000	-0.66	--  	18.280	
000601	韶能股份	-0.87	10886962	-0.06	6.80	6.81	15992	491	0.15	          0.15	6.86	
300342	天银机电	-0.79	10878932	-0.11	13.84	13.85	7884	151	0.22	          0.20	14.05	
000909	数源科技	-0.10	10869586	-0.01	9.77	9.78	11138	85	0.20	          0.36	9.85	
600461	洪城水业	-0.48	10817979	-0.03	6.16	6.18	17577	1	0.00	          0.30	6.18	
01033	中石化油服	-1.63	10771711	-0.020	1.200	1.210	8803000	14000	-0.82	          0.16	1.220	
300475	聚隆科技	-0.22	10636610	-0.03	13.48	13.49	7908	334	0.60	          1.09	13.41	
600889	南京化纤	-1.05	10628859	-0.07	6.57	6.58	16211	10	-0.29	          0.53	6.66	
002306	*ST云网	-1.03	10621826	-0.04	3.85	3.86	27466	333	0.00	          0.34	3.91	
600101	明星电力	-0.61	10586187	-0.05	8.11	8.12	13056	35	0.00	          0.40	8.16	
300313	天山生物	-0.76	10465365	-0.07	9.15	9.16	11416	390	0.00	          0.63	9.21	
300138	晨光生物	-0.09	10463086	-0.01	11.47	11.48	9191	450	1.15	          0.35	11.61	
06066	中信建投证券	-2.39	10454545	-0.160	6.530	6.540	1586000	14500	-0.15	          0.13	6.840	
00297	中化化肥	-1.83	10389100	-0.020	1.060	1.070	9652000	94000	0.00	          0.14	1.090	
000518	四环生物	-0.36	10354909	-0.02	5.53	5.54	18683	304	0.00	          0.18	5.60	
600493	凤竹纺织	-0.83	10297813	-0.06	7.17	7.18	14390	3	0.14	          0.53	7.20	
600979	广安爱众	-0.20	10163928	-0.01	5.01	5.02	20289	20	0.20	          0.28	5.03	
002671	龙泉股份	-0.17	10158869	-0.01	6.03	6.04	16874	63	0.00	          0.52	6.04	
002718	友邦吊顶	-0.32	10113648	-0.15	46.95	46.99	2162	40	0.11	          0.83	47.25	
300443	金雷风电	-0.36	10110310	-0.05	13.95	13.96	7268	184	0.07	          0.57	14.00	
002272	川润股份	-0.61	10110156	-0.03	4.91	4.92	20664	105	-0.19	          0.65	4.91	
002187	广百股份	-0.61	10033537	-0.06	9.74	9.75	10282	307	-0.09	          0.30	9.81	
002767	先锋电子	-0.56	10024061	-0.10	17.90	17.91	5613	140	0.06	          1.50	18.03	
600540	*ST新赛	-1.64	9965343	-0.07	4.20	4.21	23757	67	-0.23	          0.50	4.21	
002286	保龄宝	-0.30	9935211	-0.03	10.08	10.09	9905	90	0.20	          0.34	10.10	
01520	华信金融投资	-13.79	9816360	-0.080	--  	--  	19110000	24000	0.00	          1.13	0.570	
002723	金莱特	-1.57	9746583	-0.29	18.24	18.26	5312	88	-0.32	          0.42	18.55	
600077	宋都股份	-0.56	9737173	-0.02	3.56	3.57	27312	1	0.28	          0.20	3.59	
600961	株冶集团	-1.55	9721891	-0.12	7.64	7.67	12666	39	0.00	          0.24	7.77	
600723	首商股份	-0.51	9678517	-0.04	7.77	7.78	12446	1	0.00	          0.19	7.78	
02866	中远海发	-1.92	9648286	-0.030	1.530	1.540	6235550	164000	0.00	          0.17	1.560	
01778	彩生活	-3.29	9605970	-0.170	4.990	5.000	1968000	58000	1.84	          0.18	5.170	
000908	景峰医药	-0.74	9582197	-0.04	5.33	5.34	17925	150	0.00	          0.33	5.38	
600127	金健米业	-0.48	9541435	-0.02	4.16	4.17	22912	100	0.00	          0.36	4.18	
600857	宁波中百	-1.39	9533589	-0.14	9.91	9.92	9640	2	0.20	          0.43	9.86	
00951	超威动力	-1.68	9499090	-0.080	4.670	4.680	2020000	22000	-0.43	          0.18	4.720	
000633	合金投资	-0.37	9381391	-0.03	8.16	8.17	11506	280	0.12	          0.30	8.25	
002134	*ST普林	-1.89	9368384	-0.14	7.26	7.27	12956	74	-0.13	          0.53	7.32	
600302	标准股份	-0.93	9360516	-0.05	5.29	5.30	17666	5	0.00	          0.51	5.35	
01239	TEAMWAY INTL GP	-7.14	9337680	-0.004	--  	--  	176940000	20000	0.00	          1.60	0.056	
00330	思捷环球	-0.99	9273834	-0.030	2.990	3.000	3090847	187600	-0.33	          0.16	3.010	
600696	ST匹凸	-1.06	9230823	-0.06	5.61	5.62	16465	10	-0.17	          0.48	5.60	
00934	中石化冠德	-1.08	9219861	-0.050	4.560	4.570	2031185	20000	0.22	          0.08	4.600	
603818	曲美家居	-0.39	9218676	-0.05	12.87	12.88	7153	1	-0.15	          0.54	12.92	
600275	*ST昌鱼	-0.67	9103207	-0.03	4.47	4.48	20388	1	0.00	          0.40	4.45	
002629	仁智股份	-0.37	9032883	-0.02	5.40	5.41	16722	260	0.00	          0.49	5.43	
01381	粤丰环保	-0.22	8996570	-0.010	4.530	4.560	1975000	12000	0.44	          0.08	4.560	
01367	广州基金国际控股	-3.08	8993520	-0.200	--  	--  	1436000	4000	4.83	          0.30	6.500	
002708	光洋股份	-0.92	8930555	-0.05	5.41	5.42	16496	614	-0.17	          0.69	5.48	
603737	三棵树	-0.44	8912406	-0.28	63.10	63.14	1412	14	0.03	          0.43	63.40	
600159	大龙地产	-1.13	8864068	-0.04	3.50	3.51	25163	2	-0.27	          0.30	3.54	
00232	中国航空工业国际	-1.27	8816080	-0.005	--  	--  	22530000	18000	0.00	          0.24	0.395	
02227	守益控股	-9.64	8797640	-0.080	--  	--  	11600000	40000	0.00	          1.38	0.830	
300120	经纬电材	-1.14	8755210	-0.13	11.26	11.27	7758	138	-0.08	          0.51	11.32	
600192	长城电工	-0.37	8738386	-0.02	5.45	5.46	16060	44	0.00	          0.36	5.47	
000159	国际实业	-0.66	8702843	-0.03	4.50	4.51	19382	169	0.00	          0.40	4.51	
002748	世龙实业	-0.31	8681157	-0.04	12.80	12.82	6792	131	0.00	          0.83	12.84	
600962	国投中鲁	-0.60	8622201	-0.05	8.31	8.32	10351	21	-0.11	          0.41	8.39	
603567	珍宝岛	-0.51	8621845	-0.07	13.75	13.77	6288	17	0.15	          0.23	13.85	
00815	中国白银集团	-1.05	8511932	-0.020	--  	--  	4503616	2000	0.00	          0.28	1.950	
000573	粤宏远Ａ	-0.62	8474075	-0.03	4.78	4.79	17715	235	0.21	          0.28	4.79	
000861	海印股份	-0.34	8467751	-0.01	2.90	2.91	29229	37	-0.33	          0.16	2.90	
603519	立霸股份	-0.62	8446946	-0.11	17.53	17.55	4847	30	0.69	          0.63	17.55	
01293	广汇宝信	-2.49	8418850	-0.080	3.130	3.140	2683000	99500	0.00	          0.09	3.200	
600070	浙江富润	-1.48	8390950	-0.14	9.31	9.32	8982	34	0.00	          0.22	9.45	
00256	冠城钟表珠宝	-2.92	8308641	-0.050	1.660	1.700	5040000	22000	1.22	          0.12	1.700	
00863	品牌中国	-8.57	8290161	-1.320	--  	--  	576000	2000	-0.85	          0.23	15.020	
01617	南方通信	-3.55	8191721	-0.150	--  	--  	2020000	112000	0.25	          0.18	4.200	
603798	康普顿	-0.55	8139359	-0.08	14.55	14.56	5614	62	0.21	          0.66	14.52	
00658	中国高速传动	-2.42	8135481	-0.320	12.820	12.880	632000	16000	0.47	          0.04	13.100	
603311	金海环境	-0.68	8128487	-0.10	14.55	14.57	5595	84	0.28	          0.60	14.69	
600767	*ST运盛	-0.33	8039899	-0.02	6.06	6.07	13251	100	-0.15	          0.39	6.09	
002170	芭田股份	-0.92	8038425	-0.05	5.38	5.39	14911	331	-0.18	          0.21	5.41	
00995	安徽皖通高速公路	-0.50	8037051	-0.030	6.010	6.020	1334000	20000	0.00	          0.27	6.090	
02662	承兴国际控股	-1.71	7940341	-0.100	--  	--  	1376000	2000	0.00	          0.13	5.810	
300318	博晖创新	-0.19	7930940	-0.01	5.23	5.24	15174	387	0.00	          0.27	5.25	
002225	濮耐股份	-1.08	7894571	-0.05	4.58	4.59	17178	159	-0.21	          0.28	4.63	
300210	森远股份	-0.19	7830912	-0.01	5.20	5.21	15098	223	0.39	          0.43	5.18	
000430	张家界	-0.87	7822184	-0.07	7.98	7.99	9791	48	0.25	          0.38	8.05	
002578	闽发铝业	-1.17	7737135	-0.05	4.23	4.24	18197	466	-0.46	          0.33	4.29	
002100	天康生物	-0.50	7713725	-0.04	7.95	7.96	9679	118	-0.12	          0.14	7.97	
600615	丰华股份	-0.43	7695677	-0.05	11.50	11.52	6696	28	0.00	          0.36	11.56	
300509	新美星	-0.21	7567480	-0.05	23.86	23.89	3164	101	0.04	          1.20	23.91	
600232	金鹰股份	-0.48	7521442	-0.03	6.21	6.22	12124	5	0.16	          0.33	6.23	
600488	天药股份	-0.89	7504932	-0.04	4.46	4.47	16805	28	-0.21	          0.17	4.53	
000899	赣能股份	-0.40	7413223	-0.02	4.93	4.94	15032	159	0.00	          0.23	4.94	
01315	允升国际	-9.33	7400571	-0.035	0.340	0.345	21866000	70000	0.00	          0.36	0.360	
002435	长江润发	-0.30	7398583	-0.05	16.85	16.86	4385	18	0.06	          0.24	16.90	
01138	中远海能	-1.65	7339755	-0.070	4.170	4.180	1749200	64000	0.00	          0.13	4.210	
300434	金石东方	-1.30	7319806	-0.29	21.98	21.99	3340	15	0.14	          0.60	22.19	
000026	飞亚达Ａ	-0.58	7298416	-0.06	10.21	10.22	7141	98	-0.19	          0.20	10.26	
00010	恒隆集团	-1.30	7247604	-0.350	26.450	26.500	272048	94000	0.38	          0.02	26.850	
00546	阜丰集团	-2.85	7215391	-0.150	5.110	5.120	1400000	70000	0.00	          0.05	5.230	
603223	恒通股份	-0.93	7196784	-0.17	18.19	18.25	3956	10	0.00	          0.50	18.46	
00588	北京北辰实业股份	-1.88	7147041	-0.050	2.600	2.610	2726000	8000	0.00	          0.39	2.660	
01052	越秀交通基建	-0.34	7120845	-0.020	5.900	5.910	1204505	74000	0.17	          0.07	5.950	
08470	莹岚集团	-6.49	7087201	-0.120	--  	--  	4024000	8000	0.00	          0.67	1.800	
002552	宝鼎科技	-1.04	7081820	-0.09	8.55	8.56	8222	306	0.12	          0.41	8.66	
00440	大新金融	-1.58	7029421	-0.800	49.650	49.700	140800	2800	0.00	          0.04	50.350	
300057	万顺股份	-1.39	6927557	-0.12	8.52	8.53	8146	102	0.24	          0.28	8.64	
01589	中国物流资产	-2.54	6912904	-0.060	--  	--  	3089000	6000	4.55	          0.11	2.300	
00564	郑煤机	-2.83	6870315	-0.130	4.470	4.510	1523600	600	0.00	          0.63	4.600	
01591	汛和集团	-7.64	6864121	-0.012	--  	--  	46020000	180000	-1.36	          1.15	0.157	
01848	中国飞机租赁	-0.51	6601816	-0.040	7.700	7.760	857500	4500	0.00	          0.13	7.800	
600396	金山股份	-0.73	6592812	-0.02	2.72	2.73	24255	50	0.37	          0.21	2.74	
300108	吉药控股	-1.69	6585135	-0.14	8.12	8.13	8047	232	-0.11	          0.19	8.26	
300416	苏试试验	-0.86	6531967	-0.21	24.16	24.20	2698	71	-0.40	          0.35	24.21	
300200	高盟新材	-0.34	6438273	-0.03	8.77	8.78	7354	115	0.11	          0.36	8.85	
600301	ST南化	-2.29	6423225	-0.15	6.42	6.43	10006	30	0.16	          0.43	6.52	
01086	好孩子国际	-1.12	6359931	-0.050	--  	--  	1448000	10000	0.46	          0.09	4.430	
300513	恒泰实达	-0.25	6269699	-0.08	31.81	31.82	1993	129	1.40	          0.33	31.88	
603099	长白山	-0.18	6196912	-0.02	11.12	11.13	5568	5	0.09	          0.21	11.16	
06123	先达国际物流	-7.12	6167241	-0.410	--  	--  	1126000	2000	-0.93	          0.27	5.760	
00563	上实城市开发	-2.06	6130601	-0.040	1.900	1.910	3200000	168000	0.00	          0.07	1.930	
00327	百富环球	-1.01	6103883	-0.040	3.910	3.950	1557679	79000	-0.51	          0.14	4.080	
002412	汉森制药	-0.99	6098571	-0.16	15.96	15.98	3820	46	-0.12	          0.13	16.01	
000619	海螺型材	-0.97	6080290	-0.07	7.15	7.16	8485	113	0.14	          0.24	7.22	
03789	御佳控股	-9.62	6061441	-0.050	--  	--  	12508000	60000	0.00	          1.04	0.520	
00856	伟仕佳杰	-2.25	6059917	-0.100	--  	--  	1379155	2000	0.00	          0.09	4.510	
00161	中航国际控股	-1.11	6050981	-0.070	--  	--  	974000	6000	0.48	          0.29	6.290	
601515	东风股份	-0.73	6041374	-0.07	9.55	9.56	6318	3	0.10	          0.06	9.60	
002154	报 喜 鸟	-0.32	5984830	-0.01	3.10	3.11	19228	549	0.32	          0.18	3.12	
603669	灵康药业	-0.87	5914147	-0.15	17.00	17.03	3480	29	0.24	          0.40	17.15	
002627	宜昌交运	-1.15	5866366	-0.21	17.99	18.00	3252	59	0.17	          0.25	18.20	
00207	大悦城地产	-2.31	5844781	-0.030	1.260	1.280	4572000	4000	0.00	          0.03	1.300	
603536	惠发股份	-0.22	5823193	-0.04	17.82	17.84	3274	30	-0.21	          1.09	17.85	
300125	易世达	-0.52	5813592	-0.12	22.70	22.80	2550	125	0.62	          0.28	22.80	
600190	锦州港	-0.26	5795845	-0.01	3.91	3.92	14839	176	0.26	          0.08	3.92	
01665	槟杰科达	-4.50	5787881	-0.050	--  	--  	5392000	140000	0.95	          0.34	1.130	
01361	３６１度	-3.17	5758406	-0.090	2.750	2.760	2064000	40000	-0.36	          0.10	2.840	
03983	中海石油化学	-2.13	5706861	-0.050	--  	--  	2474000	64000	0.00	          0.14	2.330	
600281	太化股份	-1.19	5662571	-0.06	4.96	4.97	11377	5	0.00	          0.22	5.00	
02280	慧聪网	-1.64	5599616	-0.080	4.800	4.820	1164500	27000	-0.21	          0.10	4.880	
00315	数码通电讯	-1.78	5579873	-0.150	8.300	8.310	669500	24500	-0.12	          0.06	8.450	
000570	苏常柴Ａ	-0.60	5551318	-0.03	4.98	4.99	11148	363	-0.19	          0.27	5.00	
01722	建鹏控股	-8.89	5476351	-0.040	--  	--  	13020000	10000	1.23	          1.30	0.455	
603611	诺力股份	-0.70	5432997	-0.14	19.97	19.98	2719	5	0.10	          0.17	20.11	
002750	龙津药业	-0.36	5432022	-0.03	8.23	8.24	6623	116	0.24	          0.29	8.32	
01375	中州证券	-1.92	5362741	-0.060	3.040	3.060	1748000	8000	0.33	          0.14	3.130	
00547	数字王国	-2.72	5350591	-0.005	0.179	0.180	29830000	500000	0.00	          0.12	0.184	
002591	恒大高新	-0.69	5309537	-0.07	10.05	10.06	5262	110	-0.09	          0.30	10.18	
03167	南方中国新行业	-1.53	5237153	-1.200	--  	--  	67650	300	0.00	--  	78.250	
00052	FAIRWOOD HOLD	-0.31	5191339	-0.100	--  	--  	161009	2500	0.00	          0.13	32.350	
01137	香港电视	-3.18	5109760	-0.100	--  	--  	1668000	3000	-0.33	          0.21	3.130	
002832	比音勒芬	-0.74	5109619	-0.42	56.34	56.50	902	9	0.28	          0.19	55.28	
08300	皇玺餐饮集团	-5.56	5042500	-0.008	--  	--  	36520000	40000	0.00	          1.38	0.142	
01020	赛伯乐国际控股	-3.13	4997100	-0.010	--  	--  	15912000	24000	-1.59	          0.38	0.315	
00043	卜蜂国际	-3.28	4962012	-0.020	0.590	0.600	8250152	664000	-1.67	          0.03	0.620	
00317	中船防务	-2.30	4895984	-0.260	11.060	11.100	438800	2000	0.91	          0.07	11.220	
03308	金鹰商贸集团	-0.38	4866840	-0.040	10.400	10.460	469000	2000	-0.19	          0.03	10.460	
01659	海天能源	-1.64	4806320	-0.005	--  	--  	16144000	40000	0.00	          0.18	0.305	
02198	中国三江化工	-2.17	4785890	-0.070	--  	--  	1501000	1000	-0.32	          0.13	3.200	
600444	国机通用	-1.15	4745514	-0.16	13.68	13.75	3458	1	0.15	          0.33	13.77	
01711	欧化	-3.61	4733600	-0.030	--  	--  	5810000	80000	-1.23	          0.73	0.830	
300423	鲁亿通	-0.08	4732108	-0.02	25.54	25.56	1860	118	0.24	          0.27	25.58	
01585	雅迪控股	-1.90	4712660	-0.050	2.570	2.580	1796000	14000	0.39	          0.06	2.640	
603023	威帝股份	-0.27	4703604	-0.02	7.27	7.28	6486	30	0.28	          0.51	7.36	
02283	东江集团控股	-1.57	4685470	-0.090	--  	--  	833000	2000	0.54	          0.10	5.690	
002725	跃岭股份	-0.92	4554518	-0.13	13.94	13.95	3269	23	-0.20	          0.48	14.15	
00365	紫光控股	-2.41	4508260	-0.100	--  	--  	1104000	10000	-0.25	          0.08	4.180	
00931	中国天然气	-2.27	4462760	-0.030	1.290	1.300	3435000	8000	0.00	          0.06	1.330	
06836	天韵国际控股	-0.78	4417660	-0.010	--  	--  	3438000	30000	0.00	          0.35	1.280	
300464	星徽精密	-0.12	4397868	-0.01	--  	--  	5239	20	0.00	          0.57	8.39	
00575	励晶太平洋	-2.70	4325115	-0.010	--  	--  	12018000	10000	0.00	          0.65	0.370	
00716	胜狮货柜	-1.96	4300600	-0.030	--  	--  	2848000	8000	0.00	          0.12	1.520	
00704	和嘉资源	-9.45	4252670	-0.026	--  	--  	16310000	70000	-0.40	          0.63	0.275	
00996	嘉年华国际	-2.56	4225300	-0.010	0.375	0.380	11010000	1820000	-1.30	          0.05	0.395	
00558	力劲科技	-1.29	4197850	-0.020	--  	--  	2710000	12500	-0.65	          0.23	1.580	
03738	阜博集团	-3.41	4166300	-0.100	--  	--  	1468000	1000	0.00	          0.35	2.870	
00468	纷美包装	-0.36	4108740	-0.020	5.400	5.480	755000	24000	1.48	          0.06	5.420	
03833	新疆新鑫矿业	-4.72	4104860	-0.060	--  	--  	3336000	10000	0.00	          0.44	1.250	
00579	京能清洁能源	-1.52	4077980	-0.030	1.940	1.950	2100000	8000	0.00	          0.09	1.980	
02199	维珍妮	-1.47	4072530	-0.100	6.700	6.710	615000	8000	0.00	          0.05	6.610	
08040	ＤＣＢ控股	-3.31	4018950	-0.040	--  	--  	3290000	10000	0.00	          1.03	1.190	
06198	青岛港	-1.27	4016290	-0.070	--  	--  	738000	2000	0.00	          0.07	5.430	
02236	惠生工程	-2.52	3977070	-0.040	--  	--  	2536000	22000	0.00	          0.06	1.620	
01651	津上机床中国	-4.89	3971160	-0.560	--  	--  	358000	1000	-0.91	          0.09	11.200	
01133	哈尔滨电气	-2.89	3818620	-0.090	--  	--  	1262000	2000	-0.33	          0.19	3.100	
02356	大新银行集团	-1.74	3808728	-0.300	16.900	16.940	224400	16000	0.00	          0.02	17.120	
06080	荣智控股	-10.96	3642060	-0.080	--  	--  	5340000	60000	0.00	          0.57	0.700	
603268	松发股份	-0.31	3636953	-0.08	25.94	25.99	1402	1	-0.07	          0.34	26.15	
01610	中粮肉食	-0.73	3613260	-0.010	1.360	1.370	2629000	2000	0.00	          0.07	1.380	
600421	ST仰帆	-1.21	3600891	-0.10	8.20	8.24	4372	6	-0.11	          0.22	8.39	
00530	高银金融	-0.80	3507120	-0.030	3.690	3.730	940000	2000	2.19	          0.01	3.740	
600817	*ST宏盛	-0.53	3480129	-0.05	9.43	9.47	3697	13	-0.20	          0.24	9.40	
01238	宝龙地产	-2.25	3411869	-0.090	3.900	3.910	865000	76000	-0.26	          0.02	4.000	
00107	四川成渝高速公路	-0.71	3368620	-0.020	2.780	2.790	1200000	6000	-0.36	          0.13	2.810	
00800	Ａ８新媒体	-5.26	3363500	-0.025	--  	--  	7362000	400000	-1.10	          0.27	0.475	
00680	南海控股	-1.64	3353600	-0.004	0.236	0.240	13950000	150000	0.42	          0.02	0.244	
01566	华夏动漫	-0.33	3311790	-0.010	--  	--  	1091000	2000	1.00	          0.12	3.080	
300243	瑞丰高材	-0.38	3287370	-0.04	10.33	10.37	3166	116	0.00	          0.19	10.41	
00309	新华通讯频媒	-1.69	3268130	-0.005	--  	--  	11101000	33000	-1.69	          0.77	0.300	
00945	宏利金融－Ｓ	-1.68	3230348	-2.500	--  	--  	21988	200	-0.14	          0.00	148.500	
06118	奥星生命科技	-1.13	3218420	-0.030	--  	--  	1217000	1000	-1.50	          0.24	2.630	
03344	互益集团	-3.08	3147010	-0.010	--  	--  	10134000	6000	1.61	          0.19	0.320	
03161	易亚中概股	-0.28	3104960	-0.040	--  	--  	218000	10000	0.00	--  	14.300	
00686	熊猫绿能	-1.11	3089400	-0.010	0.880	0.890	3515000	104000	0.00	          0.04	0.900	
02608	阳光１００中国	-3.01	3027800	-0.100	--  	--  	925000	6000	-0.62	          0.04	3.320	
03939	万国国际矿业	-1.01	2978820	-0.020	--  	--  	1510000	18000	-0.51	          0.21	1.980	
00697	SHOUGANG INT'L	-4.66	2933396	-0.011	--  	--  	12836000	44000	0.00	          0.07	0.237	
603158	腾龙股份	-0.05	2901431	-0.01	18.22	18.26	1594	8	-0.37	          0.15	18.09	
01600	天伦燃气	-0.18	2900865	-0.010	--  	--  	526500	1500	-0.18	          0.05	5.500	
02337	众诚能源	-1.43	2868270	-0.060	--  	--  	688000	19000	1.22	          0.29	4.200	
03382	天津港发展	-0.88	2799520	-0.010	1.120	1.130	2494000	50000	-0.88	          0.04	1.130	
00086	新鸿基公司	-1.35	2798980	-0.070	5.070	5.100	546000	1000	-0.39	          0.03	5.170	
600265	ST景谷	-1.88	2761072	-0.34	17.74	17.80	1551	1	0.17	          0.12	17.96	
03303	巨涛海洋石油服务	-1.98	2726340	-0.040	--  	--  	1362000	2000	-0.50	          0.08	2.060	
00084	宝光实业	-4.76	2707140	-0.030	--  	--  	4455000	54000	0.00	          0.43	0.630	
00861	神州控股	-2.27	2695525	-0.100	4.300	4.310	625501	27000	0.00	          0.04	4.330	
08422	ＷＴ集团	-1.46	2678600	-0.020	--  	--  	2030000	20000	0.75	          0.20	1.370	
00198	星美控股	-1.33	2634600	-0.050	3.670	3.710	710800	364000	0.82	          0.03	3.750	
00833	华讯	-1.22	2620700	-0.030	--  	--  	1075000	5000	-0.82	          0.11	2.490	
00038	第一拖拉机股份	-2.86	2540260	-0.090	3.050	3.060	824000	10000	-0.33	          0.21	3.150	
00636	嘉里物流	-1.31	2524080	-0.140	10.540	10.560	239000	4500	-0.19	          0.01	10.540	
01065	天津创业环保股份	-1.53	2498200	-0.070	4.490	4.500	550000	4000	0.45	          0.16	4.570	
08055	中国网络信息科技	-1.33	2495960	-0.005	--  	--  	6776000	160000	-1.33	          0.18	0.370	
00611	中国核能科技	-0.72	2495340	-0.010	--  	--  	1794000	10000	-0.72	          0.12	1.400	
03087	ＸＴＲ富时越南	-1.72	2439422	-5.000	--  	--  	8450	100	0.07	--  	290.800	
01130	中国环境资源	-9.46	2389480	-0.035	--  	--  	7068000	100000	0.00	          0.42	0.370	
01035	ＢＢＩ生命科学	-0.96	2323425	-0.030	--  	--  	754500	1500	0.32	          0.14	3.130	
01885	中国优材	-1.52	2319840	-0.030	--  	--  	1196000	4000	0.00	          0.12	1.960	
00816	华电福新	-1.03	2274920	-0.020	1.910	1.920	1196000	136000	0.52	          0.05	1.950	
01884	ＥＰＲＩＮＴ集团	-3.70	2228800	-0.030	--  	--  	2816000	24000	-1.27	          0.51	0.810	
01068	雨润食品	-3.85	2197920	-0.040	1.000	1.010	2148000	1000	-0.99	          0.12	1.050	
00062	载通	-0.43	2139723	-0.100	--  	--  	92801	400	0.22	          0.02	23.000	
00163	英皇国际	-1.63	2045380	-0.040	2.410	2.420	844000	70000	0.42	          0.02	2.430	
数据来源:通达信
