代码	名称	涨幅%%	总金额	涨跌	买价	卖价	总量	现量	涨速%%	换手%%	今开	最高	
603993	洛阳钼业	7.66	3794683904	0.64	8.99	9.00	4303335	648	0.00	          3.32	8.42	9.07	
603799	华友钴业	1.56	2994080512	1.92	125.01	125.02	239674	9	0.47	          4.09	124.54	127.89	
002049	紫光国芯	8.12	2188589056	3.56	47.39	47.40	478135	8720	-0.05	          7.93	43.90	47.98	
600588	用友网络	9.99	2081625600	3.72	40.94	--  	537073	10	0.00	          3.68	38.11	40.94	
600048	保利地产	0.41	1829904896	0.06	14.85	14.86	1215889	547	0.27	          1.04	14.92	15.38	
603019	中科曙光	7.97	1807175936	3.65	49.49	49.50	379306	7	0.10	          5.90	46.62	49.75	
300353	东土科技	3.41	1669610880	0.58	17.58	17.59	967103	8771	-0.39	         29.51	17.30	18.16	
000410	沈阳机床	6.40	1516509056	0.74	12.30	12.31	1240342	12759	0.00	         16.76	12.11	12.72	
002916	深南电路	10.01	1360745728	7.08	77.83	--  	180504	260	0.00	         25.79	71.97	77.83	
600570	恒生电子	2.88	1117298048	1.42	50.67	50.71	221166	31	0.42	          3.58	50.35	51.35	
600577	精达股份	9.94	1088987008	0.47	5.20	--  	2106805	79	0.00	         10.77	5.08	5.20	
002925	盈趣科技	10.01	1084753664	8.79	96.64	--  	118035	231	0.00	         15.74	88.00	96.64	
601166	兴业银行	0.22	1072982144	0.04	17.92	17.93	598963	37	0.00	          0.31	17.88	18.05	
002405	四维图新	2.61	993920704	0.61	23.93	23.94	422578	11753	0.42	          4.12	23.60	23.95	
002594	比亚迪	3.58	969390144	2.25	65.12	65.13	149505	1402	0.12	          1.31	63.00	65.90	
601155	新城控股	2.09	967564992	0.73	35.63	35.66	270217	6	-0.05	          3.76	35.03	36.20	
600104	上汽集团	0.49	919354816	0.17	35.20	35.21	262415	110	0.26	          0.23	35.08	35.66	
300618	寒锐钴业	2.24	917608064	6.65	302.94	302.95	30408	585	0.02	         10.14	296.30	309.36	
002769	普路通	9.99	889923136	1.86	20.47	--  	437437	328	0.00	         22.97	20.47	20.47	
001979	招商蛇口	0.73	807846080	0.16	22.08	22.09	362211	3046	0.00	          1.91	22.15	22.75	
002146	荣盛发展	0.66	799034624	0.07	10.67	10.68	742741	5231	-0.08	          1.91	10.71	10.98	
600029	南方航空	0.71	746003200	0.08	11.36	11.37	651094	10	0.35	          0.93	11.39	11.60	
600690	青岛海尔	0.10	744831488	0.02	20.03	20.04	375040	22	0.15	          0.62	20.03	20.11	
600028	中国石化	0.95	743488640	0.06	6.39	6.40	1167164	25	0.00	          0.12	6.33	6.42	
000938	紫光股份	2.86	732352512	1.92	68.99	69.00	107998	783	0.01	          5.24	67.07	69.28	
601668	中国建筑	0.33	722698816	0.03	9.04	9.05	799073	54	0.11	          0.27	9.00	9.12	
600606	绿地控股	0.27	722174848	0.02	7.54	7.55	951884	28	0.13	          2.95	7.57	7.68	
000738	航发控制	1.73	718443968	0.27	15.87	15.88	455928	10545	-0.24	          3.98	15.56	16.16	
601111	中国国航	0.38	652732864	0.05	13.18	13.19	494309	4	-0.14	          0.58	13.15	13.46	
300058	蓝色光标	2.23	630129088	0.17	7.79	7.80	817761	18945	0.13	          4.86	7.68	7.85	
300168	万达信息	3.10	614613760	0.47	15.64	15.65	397688	9494	0.19	          3.94	15.30	15.67	
601088	中国神华	0.51	602347008	0.12	23.47	23.48	256470	1	0.26	          0.16	23.47	23.78	
002402	和而泰	6.27	599426432	0.59	10.00	10.01	599780	10370	0.10	          8.35	10.35	10.35	
600884	杉杉股份	4.63	585349824	0.84	18.97	18.98	310834	10	0.11	          3.78	18.48	19.14	
300624	万兴科技	9.99	574397888	5.50	60.53	--  	98498	8	0.00	         49.25	56.17	60.53	
600093	易见股份	4.85	573166592	0.75	16.20	16.21	355674	87	-0.30	         11.03	15.75	16.50	
000735	罗 牛 山	3.28	562681024	0.28	8.82	8.83	645077	11247	0.34	          6.09	8.50	8.91	
300465	高伟达	6.55	559020160	0.65	10.57	10.58	533863	5674	-0.37	         19.85	10.39	10.90	
300355	蒙草生态	4.84	555974336	0.55	11.91	11.92	477007	12550	0.34	          4.12	11.42	11.92	
600760	中航沈飞	4.49	554196096	1.29	30.01	30.02	186739	36	0.50	          5.41	29.49	30.05	
300115	长盈精密	5.13	550932608	0.96	19.66	19.67	284313	3066	0.20	          3.16	19.15	19.80	
600436	片仔癀	4.44	530903008	3.29	77.48	77.49	69867	78	0.19	          1.16	74.14	77.50	
300450	先导智能	6.11	528551808	4.06	70.47	70.48	76377	715	0.04	          4.52	67.20	73.06	
002371	北方华创	2.07	512373280	0.74	36.54	36.55	142734	1437	0.08	          4.08	35.60	36.75	
300451	创业软件	8.13	510834112	2.44	32.43	32.44	161958	2348	0.25	         12.55	30.23	32.68	
300666	江丰电子	8.58	505488928	4.73	59.89	59.90	86657	1485	-0.36	         15.85	55.17	60.48	
300085	银之杰	2.95	491970624	0.48	16.73	16.74	299178	14073	0.84	          7.62	16.26	16.76	
600016	民生银行	0.00	481513024	0.00	8.42	8.43	570031	23	-0.11	          0.19	8.43	8.51	
600893	航发动力	2.63	480394080	0.69	26.91	26.92	180226	61	0.22	          0.93	26.78	26.95	
601336	新华保险	0.33	478182400	0.17	52.19	52.20	91861	37	0.17	          0.44	51.98	52.60	
600110	诺德股份	4.52	471166464	0.39	9.02	9.03	530028	93	0.11	          4.61	8.62	9.03	
600171	上海贝岭	4.74	466120480	0.63	13.93	13.94	341326	70	0.22	          5.07	13.24	14.08	
002156	通富微电	0.91	457597248	0.11	12.14	12.15	380107	6696	0.17	          3.91	11.90	12.28	
601766	中国中车	0.78	456219008	0.08	10.33	10.34	441877	74	0.19	          0.19	10.24	10.40	
603533	掌阅科技	9.99	455984512	3.81	41.94	--  	112442	3	0.00	         27.42	39.08	41.94	
300413	快乐购	9.99	449109664	3.87	42.61	--  	109556	365	0.00	          5.33	38.91	42.61	
002369	卓翼科技	5.34	446078880	0.47	9.27	9.28	486547	4522	-0.10	         11.59	9.05	9.38	
000936	华西股份	3.23	439689632	0.23	7.34	7.35	598917	6085	0.27	          8.01	7.40	7.48	
300476	胜宏科技	5.43	438562528	1.45	28.13	28.14	157125	2692	0.18	          8.43	27.24	28.61	
600038	中直股份	1.45	432954688	0.58	40.60	40.62	106588	5	-0.19	          1.81	40.99	41.20	
600797	浙大网新	5.57	429299776	0.64	12.15	12.16	361313	149	0.66	          4.30	11.70	12.16	
002281	光迅科技	2.36	426800320	0.62	26.91	26.92	159275	3025	0.07	          2.56	26.35	27.29	
600699	均胜电子	5.97	424917056	1.80	31.90	31.95	136153	19	0.00	          1.43	30.32	32.00	
002232	启明信息	9.93	405518112	1.05	11.61	11.62	357369	11427	0.26	          8.88	11.63	11.63	
300740	御家汇	10.00	401730784	4.16	45.74	--  	91938	122	0.00	         22.98	42.27	45.74	
000066	中国长城	4.71	397909632	0.32	7.12	7.13	563661	4674	0.00	          2.26	6.83	7.25	
600115	东方航空	0.53	389474496	0.04	7.55	7.56	513769	53	0.27	          0.52	7.58	7.66	
000868	安凯客车	2.22	389110432	0.15	6.89	6.90	565269	6195	0.00	          8.13	6.60	7.19	
002745	木林森	3.98	387010080	1.59	41.49	41.50	95074	636	0.12	          5.86	40.00	41.57	
603895	天永智能	10.01	386638912	4.86	53.41	--  	75175	24	0.00	         38.95	49.60	53.41	
300277	海联讯	3.68	386212928	0.43	12.10	12.11	329472	8753	0.17	          9.85	11.50	12.45	
300664	鹏鹞环保	8.06	380280032	1.48	19.84	19.85	192572	3372	-0.14	         24.07	18.69	20.21	
601888	中国国旅	0.45	375818624	0.24	53.62	53.63	70251	17	0.26	          0.36	53.50	53.98	
002373	千方科技	2.79	366857152	0.41	15.10	15.11	243954	2673	0.00	          2.98	14.90	15.30	
300003	乐普医疗	4.20	363905472	1.16	28.81	28.82	127423	1271	0.03	          0.90	27.55	29.06	
600125	铁龙物流	4.99	360842080	0.45	9.45	9.46	386813	120	0.42	          2.96	9.16	9.47	
600879	航天电子	1.87	355602016	0.14	7.63	7.64	463532	53	-0.38	          1.92	7.71	7.77	
002903	宇环数控	10.01	355079968	3.71	40.79	--  	88868	205	0.00	         35.55	39.00	40.79	
300738	奥飞数据	6.38	351760512	3.70	61.69	61.70	58248	1221	-0.17	         35.69	58.00	62.62	
000069	华侨城Ａ	1.55	348652672	0.13	8.50	8.51	410544	1426	-0.11	          0.67	8.41	8.57	
601069	西部黄金	1.33	348543232	0.20	15.20	15.21	232238	5	0.40	          3.65	14.97	15.30	
600895	张江高科	6.04	347271264	0.79	13.86	13.87	251846	53	-0.06	          1.63	13.43	14.16	
002151	北斗星通	3.44	346100992	0.98	29.44	29.45	118331	1301	0.03	          4.65	28.76	29.67	
600439	瑞贝卡	3.97	340188896	0.25	6.52	6.54	540179	530	0.77	          4.77	6.16	6.58	
000155	川化股份	4.75	336958816	0.30	6.61	6.62	505473	7318	-0.14	          5.39	6.57	6.91	
000050	深天马Ａ	1.39	336066816	0.24	17.53	17.54	190150	1469	0.11	          1.36	17.57	17.95	
000856	冀东装备	1.81	335541824	0.34	19.11	19.12	176849	3196	0.00	          7.79	18.87	19.31	
600635	大众公用	9.95	333151040	0.42	4.64	--  	729702	6	0.00	          3.02	4.41	4.64	
002668	奥马电器	2.75	326300992	0.69	25.78	25.80	126492	710	0.00	          3.24	25.25	26.59	
300739	明阳电路	9.22	325883616	3.41	40.40	40.41	83698	2433	0.75	         27.17	37.12	40.50	
600967	内蒙一机	2.83	317783264	0.36	13.07	13.09	242257	74	-0.14	          2.52	13.11	13.40	
000768	中航飞机	0.39	317072096	0.06	15.27	15.28	206320	2025	0.07	          0.75	15.56	15.68	
000963	华东医药	3.09	310018496	1.76	58.63	58.64	53480	883	0.07	          0.62	56.92	58.63	
300684	中石科技	7.40	304594752	3.54	51.40	51.44	60708	1150	0.33	         27.95	48.80	51.55	
600325	华发股份	1.14	304005600	0.09	8.00	8.01	377955	68	0.13	          1.97	8.00	8.13	
002422	科伦药业	4.82	298306944	1.21	26.29	26.30	115126	1022	0.19	          1.12	25.18	26.42	
603858	步长制药	2.34	297925760	1.18	51.58	51.60	57953	2	-0.01	          1.77	50.41	51.98	
002449	国星光电	5.87	297422016	1.06	19.11	19.12	160691	2549	0.47	          3.94	18.11	19.11	
300735	光弘科技	4.35	290987328	0.90	21.59	21.60	135306	1916	0.09	         15.26	21.17	21.95	
600118	中国卫星	3.08	290669600	0.65	21.72	21.73	134243	10	0.00	          1.14	21.80	21.98	
600645	中源协和	8.04	282968512	1.82	24.35	24.47	121614	115	1.20	          3.17	22.50	24.50	
600207	安彩高科	10.04	279325920	0.76	8.33	--  	336437	20	0.00	          4.88	8.33	8.33	
600579	天华院	1.75	279045632	0.20	11.61	11.62	239598	451	0.61	          5.83	11.40	12.10	
002094	青岛金王	5.59	275171904	1.15	21.72	21.74	128695	1549	0.79	          3.66	20.69	21.90	
600466	蓝光发展	2.04	271389408	0.20	10.02	10.03	271656	4	0.10	          3.08	9.90	10.14	
600900	长江电力	0.54	271360064	0.09	16.83	16.84	161916	5	0.30	          0.14	16.70	16.85	
000886	海南高速	1.58	269204960	0.10	6.41	6.44	413916	4958	-0.61	          4.29	6.28	6.76	
300433	蓝思科技	2.89	266779344	0.79	28.09	28.10	94791	529	0.04	          2.14	27.77	28.80	
603363	傲农生物	7.13	261042032	1.15	17.27	17.28	152695	42	0.35	         25.45	16.58	17.58	
600120	浙江东方	9.99	248874768	2.02	22.24	--  	115367	30	0.00	          2.28	20.59	22.24	
300677	英科医疗	3.97	248199520	2.90	75.99	76.00	33256	524	0.32	         13.68	73.38	76.41	
300496	中科创达	2.63	246974560	0.78	30.49	30.50	81775	1384	-0.54	          3.67	30.12	30.71	
601857	中国石油	0.63	246590368	0.05	8.00	8.01	308116	66	0.00	          0.02	7.96	8.04	
603708	家家悦	9.87	246425520	1.94	21.60	21.62	116643	10	-0.04	          7.43	19.95	21.63	
603138	海量数据	7.77	244750928	2.99	41.54	41.55	60874	4	0.44	         22.84	39.64	41.55	
603356	华菱精工	4.42	243104880	0.99	23.41	23.42	105804	18	0.47	         31.73	22.62	23.50	
000917	电广传媒	0.00	242571456	0.00	7.94	7.95	304987	2848	0.13	          2.36	7.90	8.27	
600528	中铁工业	3.53	242190240	0.42	12.35	12.36	200939	81	0.98	          1.38	11.72	12.36	
600728	佳都科技	9.99	241136864	0.89	9.80	--  	246058	3	0.00	          1.78	9.80	9.80	
600335	国机汽车	5.27	240256384	0.53	10.58	10.59	230995	8	0.28	          2.24	10.34	10.75	
300719	安达维尔	9.99	238402912	2.13	23.45	--  	103106	839	0.04	         24.55	22.00	23.45	
300474	景嘉微	3.80	238244480	1.85	50.50	50.51	47881	859	0.04	          7.15	48.73	50.66	
002389	南洋科技	9.98	237535856	1.60	17.64	--  	136151	155	0.00	          2.54	16.26	17.64	
600783	鲁信创投	4.56	234727344	0.59	13.53	13.55	172996	31	-0.28	          2.32	13.46	14.21	
601966	玲珑轮胎	3.91	231100160	0.73	19.41	19.42	120408	25	0.10	          3.05	18.70	19.46	
002013	中航机电	5.89	229739952	0.57	10.23	10.24	226768	1978	0.00	          1.08	9.86	10.42	
002310	东方园林	0.46	226923632	0.09	19.51	19.52	116713	1843	0.05	          0.72	19.50	19.69	
000988	华工科技	2.87	225661824	0.45	16.13	16.14	141318	2639	0.50	          1.59	15.65	16.15	
601116	三江购物	1.43	225055008	0.26	18.39	18.40	123947	76	-0.58	          3.08	17.99	18.70	
603988	中电电机	10.01	224714752	3.04	33.40	--  	68184	3	0.00	          5.68	31.00	33.40	
000829	天音控股	7.74	221865072	0.68	9.46	9.47	234008	1497	-0.20	          2.46	9.00	9.67	
600100	同方股份	1.97	220911904	0.20	10.33	10.34	214225	142	0.29	          0.72	10.18	10.44	
600667	太极实业	2.64	220232544	0.20	7.77	7.78	285737	11	0.26	          2.40	7.59	7.78	
600482	中国动力	1.14	218123296	0.29	25.82	25.83	84758	3	0.12	          0.93	25.73	26.17	
000987	越秀金控	6.74	216008912	0.65	10.29	10.30	212475	2403	0.29	          3.95	9.90	10.55	
600066	宇通客车	0.30	215142864	0.07	23.52	23.53	91734	501	-0.03	          0.41	23.24	23.60	
300122	智飞生物	3.21	215123408	0.95	30.58	30.59	70695	603	0.13	          0.81	29.67	31.08	
600566	济川药业	6.20	213809248	2.60	44.52	44.58	48983	6	0.02	          0.61	42.26	45.07	
300053	欧比特	0.50	212638352	0.07	13.99	14.00	152794	2248	-0.13	          3.29	14.01	14.10	
603108	润达医疗	4.14	211258448	0.58	14.60	14.62	146350	38	0.14	          6.60	14.00	14.83	
601628	中国人寿	0.56	207234624	0.15	26.92	26.93	77091	5	0.15	          0.04	26.76	27.13	
000983	西山煤电	0.11	206461568	0.01	9.02	9.03	228563	2084	0.11	          0.73	9.00	9.13	
000901	航天科技	3.94	206066560	0.79	20.84	20.85	99461	1114	0.10	          2.63	20.40	20.97	
000507	珠海港	1.43	204220752	0.13	9.22	9.23	219960	1352	-0.10	          2.85	9.30	9.47	
300161	华中数控	6.46	203176720	1.01	16.64	16.65	124279	2799	1.46	          7.51	16.10	16.85	
300612	宣亚国际	9.99	202640992	3.62	39.86	--  	51871	4	0.00	         16.71	36.50	39.86	
300725	药石科技	3.25	201745216	2.95	93.73	93.74	21710	503	0.18	         11.84	91.26	94.87	
002912	中新赛克	5.04	199523984	5.71	118.98	118.99	17056	361	-0.19	         10.21	113.90	120.38	
002650	加加食品	1.49	198479328	0.07	4.75	4.76	422004	59581	1.71	          4.46	4.69	4.76	
300232	洲明科技	6.27	197704224	0.96	16.27	16.28	124806	1507	0.56	          3.35	15.51	16.28	
002681	奋达科技	2.86	193860528	0.30	10.78	10.79	179262	1609	0.00	          2.91	10.99	11.10	
002080	中材科技	0.23	193672720	0.05	21.80	21.81	88484	852	0.00	          2.21	21.75	22.24	
600446	金证股份	3.72	192969184	0.57	15.90	15.91	121890	8	0.25	          1.52	15.45	16.05	
300678	中科信息	5.59	191963200	2.71	51.22	51.23	38138	692	0.02	         15.26	49.20	51.51	
300688	创业黑马	9.99	189709248	4.53	49.86	--  	38410	11	0.00	         22.59	48.27	49.86	
002918	蒙娜丽莎	5.72	189668176	2.56	47.29	47.30	40891	589	0.21	         10.37	44.94	47.88	
002007	华兰生物	1.69	189523872	0.46	27.74	27.75	68302	753	-0.06	          0.85	27.35	27.98	
002368	太极股份	2.58	189511264	0.61	24.22	24.23	79215	676	0.00	          2.02	23.69	24.28	
002157	正邦科技	6.54	188350496	0.31	5.05	5.06	381019	2957	0.00	          1.78	4.77	5.09	
603283	赛腾股份	6.85	187757296	1.73	27.02	27.04	70762	34	0.19	         17.69	25.71	27.22	
002645	华宏科技	4.55	186243008	1.11	25.51	25.52	74115	1260	-0.38	          4.99	24.94	25.88	
300292	吴通控股	1.59	184928128	0.09	5.76	5.77	316929	2040	-0.16	          3.48	5.72	6.12	
300706	阿石创	4.14	184081792	2.55	64.08	64.10	28932	700	-0.07	         14.76	61.65	64.88	
300479	神思电子	9.98	182715472	1.70	18.73	--  	101244	85	0.00	         11.51	17.48	18.73	
002867	周大生	5.42	178766224	1.66	32.26	32.27	56323	877	0.28	          7.33	30.68	32.60	
002208	合肥城建	9.99	178605648	1.00	11.01	--  	165309	525	0.00	          5.18	10.63	11.01	
603501	韦尔股份	4.60	177652208	1.56	35.47	35.50	50637	115	0.20	         12.17	33.94	35.67	
002680	长生生物	3.05	177437504	0.44	14.85	14.87	120624	866	-0.06	          3.00	14.42	14.99	
000625	长安汽车	0.17	176214400	0.02	12.05	12.06	146371	1151	0.00	          0.39	12.00	12.08	
603889	新澳股份	2.49	172404032	0.39	16.03	16.05	107896	20	0.12	          3.34	15.70	16.40	
601000	唐山港	0.58	171907376	0.03	5.16	5.17	333257	71	-0.18	          0.78	5.12	5.20	
600525	长园集团	2.29	171494112	0.37	16.45	16.53	105588	73	0.12	          0.84	16.25	16.60	
300477	合纵科技	10.01	170929824	2.16	23.73	--  	72073	5	0.00	          5.96	23.73	23.73	
300223	北京君正	4.02	168038144	1.07	27.68	27.69	61527	1411	0.29	          6.24	26.63	27.84	
002079	苏州固锝	4.22	166785712	0.31	7.65	7.66	222081	5148	0.39	          3.06	7.34	7.69	
002821	凯莱英	3.39	166697824	2.01	61.15	61.30	27209	595	0.39	          2.28	61.10	61.90	
002222	福晶科技	1.76	165996976	0.30	17.29	17.30	97383	1199	0.29	          2.31	17.03	17.30	
002043	兔 宝 宝	3.49	164283328	0.39	11.57	11.58	142376	2145	0.00	          1.99	11.20	11.72	
300502	新易盛	6.25	163512752	1.57	26.69	26.70	62893	1081	-0.14	          5.04	25.02	26.82	
601333	广深铁路	2.76	163369184	0.13	4.83	4.84	338974	14	0.21	          0.60	4.72	4.89	
002795	永和智控	10.03	162856160	1.34	14.70	--  	112917	93	0.00	         17.71	13.40	14.70	
002444	巨星科技	3.92	161882512	0.48	12.71	12.72	127185	1381	0.00	          1.26	12.60	12.96	
002334	英威腾	5.44	161046288	0.46	8.90	8.91	183525	3470	0.22	          3.21	8.47	8.91	
000837	秦川机床	5.43	160687472	0.31	6.01	6.02	265163	2495	0.00	          4.55	5.78	6.28	
603160	汇顶科技	3.09	159415552	2.67	88.95	88.99	18076	1	-0.03	          0.79	86.00	89.18	
002644	佛慈制药	3.30	156123728	0.38	11.90	11.91	132337	2330	0.17	          2.59	11.50	12.08	
603557	起步股份	6.01	155917056	0.94	16.53	16.54	95080	3	0.30	         20.23	16.12	16.70	
603707	健友股份	6.80	155527840	1.89	29.65	29.69	52411	23	0.27	          8.25	28.00	30.57	
600763	通策医疗	4.43	154143712	1.63	38.46	38.47	40844	2	-0.04	          1.27	36.84	38.54	
600210	紫江企业	3.83	152730880	0.18	4.87	4.88	313096	151	0.21	          2.06	4.72	5.04	
600291	西水股份	1.09	152459808	0.22	20.39	20.41	75101	5	0.30	          0.77	20.13	20.46	
300585	奥联电子	0.23	151831920	0.04	17.64	17.65	85912	1570	-0.39	         10.26	17.00	18.50	
002182	云海金属	4.94	151798720	0.38	8.07	8.08	189567	1638	0.25	          4.21	7.85	8.17	
603660	苏州科达	4.55	151677216	1.67	38.40	38.41	40033	2	0.39	          2.36	36.91	38.48	
300730	科创信息	3.07	151297616	1.00	33.60	33.61	45418	1014	0.03	         19.54	32.96	33.93	
300140	中环装备	3.13	150689776	0.37	12.17	12.18	125291	3069	0.25	          5.11	11.80	12.28	
000581	威孚高科	0.68	150608800	0.16	23.68	23.69	63566	443	-0.03	          0.76	23.52	23.86	
300462	华铭智能	10.01	148886512	2.24	24.61	--  	63935	64	0.00	         11.41	23.50	24.61	
300007	汉威科技	6.37	148647984	0.83	13.85	13.86	110277	1292	-0.06	          4.92	12.99	13.95	
300571	平治信息	10.01	147975920	6.17	67.83	--  	22472	4	0.00	          6.43	61.67	67.83	
300401	花园生物	1.34	146673552	0.65	48.99	49.00	30098	653	-0.19	          1.77	48.70	49.47	
600919	江苏银行	0.00	145789488	0.00	7.47	7.49	194966	37	-0.12	          0.33	7.49	7.52	
603648	畅联股份	0.21	143647440	0.04	18.76	18.77	77339	10	-0.15	          8.39	18.90	18.90	
603355	莱克电气	6.73	143647232	2.33	36.91	36.93	39965	6	0.16	          5.99	34.42	36.95	
002727	一心堂	3.29	143627520	0.78	24.48	24.49	59043	834	0.20	          2.21	23.72	24.60	
300142	沃森生物	0.41	143316224	0.08	19.74	19.75	72682	725	0.00	          0.54	19.78	19.95	
601958	金钼股份	3.05	143162320	0.21	7.10	7.11	202325	40	-0.13	          0.63	6.88	7.17	
000422	湖北宜化	9.87	142571728	0.31	3.45	--  	416602	1912	0.00	          4.64	3.22	3.45	
603709	中源家居	2.60	142260672	0.86	33.91	33.92	42439	2	0.00	         21.22	32.83	34.25	
603106	恒银金融	3.97	141013520	0.85	22.21	22.23	64176	30	0.18	          9.17	21.35	22.33	
603901	永创智能	4.99	140673760	0.44	9.25	9.26	156789	7	-0.31	         10.18	8.75	9.46	
600227	赤天化	1.26	140650704	0.07	5.63	5.64	251452	25	0.53	          2.02	5.42	5.79	
603776	永安行	4.36	140206624	2.34	56.02	56.05	24804	2	-0.26	         10.33	55.10	58.80	
002582	好想你	7.49	139406928	0.88	12.63	12.64	112712	1450	-0.15	          4.78	11.81	12.90	
002044	美年健康	1.83	136739840	0.43	23.87	23.88	57615	408	0.13	          0.54	23.45	24.00	
601801	皖新传媒	5.90	136084768	0.54	9.71	9.72	143155	89	0.41	          0.72	9.23	9.72	
600604	市北高新	1.59	135709360	0.11	7.05	7.06	191915	273	-0.13	          1.84	6.90	7.33	
002917	金奥博	4.47	134453040	1.12	26.15	26.16	52126	1291	0.15	         18.44	25.30	26.28	
000550	江铃汽车	2.87	134379536	0.55	19.73	19.74	68935	1683	0.05	          1.33	19.18	19.74	
300245	天玑科技	3.01	133321768	0.41	14.01	14.02	97115	1350	0.07	          4.72	13.51	14.03	
000710	贝瑞基因	2.92	132585272	1.37	48.24	48.28	27900	316	-0.03	          1.85	46.91	49.38	
300302	同有科技	0.57	132299584	0.06	10.55	10.56	125325	2632	0.19	          5.12	10.40	10.75	
601118	海南橡胶	0.51	131216272	0.03	5.92	5.93	220969	30	0.17	          0.56	5.84	6.02	
600701	工大高新	0.91	130786752	0.08	8.82	8.83	149163	5	0.23	          1.92	8.98	9.05	
000555	神州信息	5.04	129675056	0.53	11.05	11.06	119326	2492	0.09	          1.30	10.52	11.11	
300722	新余国科	1.49	127238368	0.48	32.68	32.70	38955	398	-0.05	         19.48	32.90	33.60	
603626	科森科技	3.95	127230504	0.88	23.19	23.20	55335	83	-0.03	          4.90	22.53	23.50	
300008	天海防务	0.00	126662912	0.00	6.75	6.76	186543	2468	-0.14	          3.22	6.94	6.94	
601228	广州港	0.00	124671736	0.00	5.90	5.91	209916	37	-0.33	          3.00	5.99	6.07	
002409	雅克科技	5.78	124418696	1.32	24.13	24.14	51929	776	-0.28	          2.84	23.10	24.67	
603180	金牌厨柜	4.71	124234240	7.23	160.77	160.82	7896	2	-0.10	          4.64	154.44	161.28	
002203	海亮股份	3.28	123958248	0.28	8.81	8.82	141825	1618	0.00	          0.96	8.56	8.87	
300503	昊志机电	4.00	123455792	0.53	13.76	13.77	89834	1569	-0.35	          8.71	13.64	13.99	
300613	富瀚微	1.61	122613024	2.71	171.00	171.01	7217	169	-0.03	          5.58	169.98	172.17	
300002	神州泰岳	1.17	122014432	0.08	6.89	6.90	177340	3303	-0.28	          1.28	6.88	6.99	
300628	亿联网络	2.93	120698768	3.45	121.35	121.36	10065	440	0.81	          2.70	118.07	121.43	
300692	中环环保	3.31	120652056	1.15	35.84	35.85	33958	1123	0.50	         12.73	35.25	36.50	
600208	新湖中宝	1.39	120576840	0.06	4.36	4.37	276649	42	0.46	          0.32	4.32	4.39	
300457	赢合科技	2.78	120445384	0.75	27.69	27.70	44249	704	0.36	          3.16	26.76	28.10	
300686	智动力	3.70	120412536	0.76	21.31	21.32	56003	834	0.61	         17.89	21.50	22.50	
002878	元隆雅图	2.88	118612584	1.16	41.44	41.45	28847	446	-0.21	         15.31	40.20	41.81	
002636	金安国纪	6.12	117189168	0.83	14.39	14.40	82842	858	0.07	          3.36	13.58	14.64	
002840	华统股份	2.16	117011656	0.73	34.56	34.57	34389	538	0.17	          3.52	33.85	34.80	
300601	康泰生物	1.35	116290232	0.68	51.00	51.02	22791	693	-0.03	          1.42	50.25	52.04	
002028	思源电气	0.64	114877024	0.11	17.35	17.36	65680	1051	0.00	          1.13	17.39	17.85	
601919	中远海控	0.00	114844312	0.00	5.96	5.97	192160	100	0.34	          0.25	5.96	6.03	
002737	葵花药业	1.39	113809728	0.51	37.11	37.13	30599	242	0.16	          2.33	36.59	37.60	
300373	扬杰科技	2.30	112860936	0.58	25.77	25.78	44047	579	0.04	          1.89	25.18	25.93	
000545	金浦钛业	2.60	112657896	0.12	4.73	4.74	237532	2474	-0.20	          2.48	4.69	4.84	
603938	三孚股份	2.06	112290824	0.67	33.14	33.15	34054	2	0.06	          9.07	32.90	34.00	
300732	设研院	2.36	111939752	1.82	78.80	78.81	14382	359	0.15	          7.99	77.06	78.88	
603399	吉翔股份	3.56	111633264	0.53	15.40	15.41	73210	1	0.06	          1.47	14.87	15.46	
300558	贝达药业	3.14	111443904	1.72	56.52	56.53	19751	142	0.20	          1.16	54.72	57.20	
603595	东尼电子	10.01	108979480	9.02	99.17	--  	11373	2	0.00	          4.55	91.98	99.17	
300227	光韵达	6.31	108318536	1.20	20.22	20.23	55074	887	0.00	          4.05	18.92	20.39	
600990	四创电子	2.97	106939912	1.53	52.93	53.00	20162	4	-0.20	          1.47	51.54	53.97	
601882	海天精工	2.12	105843880	0.25	12.03	12.04	87369	77	0.25	          6.94	12.00	12.68	
002356	赫美集团	7.23	105504464	1.92	28.46	28.48	38377	957	1.35	          1.35	26.82	28.49	
600527	江南高纤	3.69	105320952	0.18	5.06	5.07	209811	30	0.40	          2.62	4.88	5.14	
002885	京泉华	10.00	103213808	2.98	32.78	--  	32054	50	0.00	         16.03	31.89	32.78	
603289	泰瑞机器	4.53	103021472	0.70	16.14	16.15	64415	16	0.12	         12.63	15.49	16.29	
600855	航天长峰	0.23	102871744	0.03	13.17	13.18	77657	9	0.23	          2.35	13.55	13.83	
603578	三星新材	0.25	102711768	0.09	35.82	35.90	28240	8	0.93	         12.84	36.30	37.30	
002850	科达利	5.56	102409656	2.70	51.29	51.30	20382	584	0.69	          3.29	49.48	51.30	
002352	顺丰控股	0.18	102051232	0.09	50.67	50.68	20062	191	-0.05	          0.39	50.58	51.31	
600886	国投电力	1.30	101824912	0.09	6.98	7.00	146478	10	0.00	          0.22	6.90	7.01	
000889	茂业通信	4.24	101236824	0.54	13.27	13.28	77256	727	0.00	          1.24	12.75	13.38	
600562	国睿科技	1.60	100342336	0.32	20.36	20.38	49251	38	0.39	          1.50	20.30	20.74	
300526	中潜股份	10.01	100056432	1.40	15.39	--  	66436	234	0.00	         11.11	14.10	15.39	
002452	长高集团	10.00	99610608	0.56	6.16	--  	162958	207	0.00	          4.27	6.16	6.16	
600611	大众交通	2.77	99592480	0.13	4.82	4.83	206125	516	0.21	          1.32	4.69	4.95	
002288	超华科技	4.07	97151504	0.21	5.37	5.38	183309	2217	0.00	          2.78	5.19	5.42	
601689	拓普集团	3.10	96994344	0.66	21.95	21.96	44331	10	-0.04	          2.60	21.40	22.23	
002254	泰和新材	1.93	96970224	0.23	12.16	12.17	80386	1461	0.00	          1.32	11.94	12.20	
002336	人人乐	7.14	96774776	0.93	13.95	13.96	70157	837	0.22	          2.07	12.99	14.30	
002023	海特高新	2.44	96255296	0.23	9.65	9.66	100152	1451	0.21	          1.52	9.50	9.72	
000402	金 融 街	0.39	95577936	0.04	10.36	10.37	92324	1937	0.10	          0.31	10.33	10.43	
300698	万马科技	5.84	95299216	1.28	23.19	23.20	42011	1485	-0.55	         12.54	22.09	23.38	
600027	华电国际	1.08	95191568	0.04	3.72	3.73	257064	5	0.00	          0.38	3.67	3.75	
603228	景旺电子	4.95	93670192	2.46	52.19	52.20	18010	1	-0.09	          2.22	49.74	53.49	
300661	圣邦股份	8.25	93606392	7.08	92.89	92.98	10281	72	-0.11	          6.90	86.28	94.39	
300209	天泽信息	3.70	93566520	0.67	18.77	18.78	50755	882	0.27	          2.08	18.13	18.85	
002327	富安娜	0.34	92615952	0.04	11.69	11.70	79741	2672	0.09	          1.60	11.65	11.77	
300729	乐歌股份	6.56	92342848	1.70	27.59	27.60	33822	549	-0.53	         15.73	26.59	28.19	
002614	奥佳华	3.68	92236880	0.77	21.69	21.70	42882	765	0.28	          1.48	20.94	21.80	
002677	浙江美大	1.47	92210752	0.25	17.24	17.30	53435	272	0.00	          1.89	16.98	17.50	
600693	东百集团	5.03	91994552	0.36	7.50	7.51	125258	11	-0.52	          1.83	7.25	7.56	
600023	浙能电力	1.44	91971944	0.08	5.62	5.63	164115	18	0.00	          0.12	5.53	5.64	
002106	莱宝高科	2.50	91451072	0.20	8.20	8.21	111438	2029	-0.23	          1.58	8.01	8.40	
002747	埃斯顿	3.46	90925960	0.37	11.06	11.07	82814	1214	0.09	          2.93	10.48	11.33	
002429	兆驰股份	2.73	90742800	0.09	3.38	3.39	268688	2723	0.00	          0.68	3.38	3.43	
300726	宏达电子	4.36	90061192	0.98	23.47	23.48	38380	875	0.13	          9.57	22.82	23.99	
300306	远方信息	4.80	89228840	0.76	16.58	16.59	55029	1572	0.06	          4.06	16.00	16.65	
603386	广东骏亚	5.27	88973376	0.77	15.36	15.38	58756	31	0.26	         11.63	14.66	15.39	
000876	新 希 望	0.00	88327896	0.00	7.57	7.58	116193	2694	0.00	          0.28	7.60	7.65	
600761	安徽合力	1.90	87813744	0.20	10.70	10.71	81851	5	0.00	          1.11	10.46	10.88	
300691	联合光电	5.13	87733976	2.76	56.55	56.56	15733	195	0.32	          7.35	53.81	56.56	
300094	国联水产	3.74	87660376	0.27	7.48	7.49	118184	3077	0.54	          1.58	7.22	7.56	
300300	汉鼎宇佑	5.04	87346312	0.78	16.25	16.26	54598	1210	0.12	          2.00	15.65	16.29	
002145	中核钛白	1.47	87268744	0.08	5.51	5.52	158932	2617	0.36	          1.46	5.46	5.55	
603081	大丰实业	4.05	87044320	0.93	23.89	23.91	37046	3	0.13	          7.15	23.02	23.98	
300609	汇纳科技	10.02	86554512	2.89	31.74	--  	28500	57	0.00	          5.39	28.98	31.74	
300339	润和软件	2.40	86244976	0.24	10.25	10.26	84520	1218	0.29	          1.68	10.28	10.47	
002522	浙江众成	5.47	85650432	0.50	9.63	9.64	90920	2687	0.73	          1.09	9.10	9.64	
600133	东湖高新	0.32	85537240	0.03	9.48	9.49	90170	60	0.11	          1.68	9.47	9.57	
600195	中牧股份	3.93	85319728	0.79	20.90	20.91	41569	2	0.00	          0.97	20.17	20.95	
002278	神开股份	0.10	84392840	0.01	10.48	10.49	80819	1436	0.19	          2.36	10.48	10.55	
000799	酒鬼酒	1.08	84101296	0.23	21.53	21.54	39057	433	0.09	          1.20	21.41	21.67	
300149	量子高科	6.14	83977048	0.90	15.56	15.57	55219	464	0.00	          1.36	14.60	15.69	
002657	中科金财	1.55	83165592	0.30	19.63	19.64	42410	621	0.00	          1.54	19.41	19.90	
600803	新奥股份	0.82	82735192	0.10	12.30	12.31	67382	5	0.24	          0.55	12.18	12.45	
600053	九鼎投资	4.59	82708144	1.01	23.03	23.04	35891	20	0.48	          0.83	22.35	23.99	
002684	猛狮科技	0.29	82691624	0.04	13.86	13.88	60109	481	0.29	          1.86	13.82	14.00	
002876	三利谱	1.30	82441032	0.87	67.85	67.93	12122	80	0.07	          6.06	67.00	68.48	
600080	金花股份	4.23	82408480	0.37	9.10	9.11	91230	5	0.11	          2.99	8.80	9.16	
603801	志邦股份	0.83	81572736	0.52	63.28	63.29	12842	2	0.13	          3.21	62.11	64.48	
600256	广汇能源	0.68	80508528	0.03	4.45	4.46	180056	10	0.00	          0.34	4.42	4.50	
600456	宝钛股份	2.44	80467288	0.46	19.28	19.29	41757	4	0.05	          0.97	18.86	19.48	
600695	绿庭投资	4.30	80280096	0.47	11.39	11.40	72520	2	0.09	          1.98	10.91	11.44	
603885	吉祥航空	0.43	80242984	0.07	16.20	16.21	49424	50	-0.11	          0.92	16.13	16.39	
300437	清水源	7.00	80174016	1.04	15.89	15.90	51423	746	0.00	          5.21	14.78	16.30	
001965	招商公路	0.88	79108552	0.09	10.27	10.28	77104	2113	0.10	          1.39	10.21	10.36	
300696	爱乐达	6.86	79013600	3.43	53.40	53.45	15075	621	0.47	          8.74	50.85	53.40	
600114	东睦股份	3.43	78983280	0.51	15.38	15.39	51836	10	-0.25	          1.23	14.98	15.49	
002550	千红制药	3.95	78572192	0.22	5.79	5.80	137866	2214	0.00	          1.63	5.62	5.82	
603898	好莱客	5.55	78121544	1.60	30.37	30.41	25550	18	0.23	          2.87	29.58	31.70	
002773	康弘药业	3.93	77451192	1.84	48.70	48.72	16091	276	0.41	          2.28	47.40	48.96	
300046	台基股份	3.62	77440040	0.60	17.16	17.17	45892	1541	-0.16	          3.23	16.60	17.21	
300543	朗科智能	3.78	76684416	0.89	24.45	24.46	31923	682	-0.15	          7.49	23.90	24.53	
002177	御银股份	3.38	76584008	0.16	4.89	4.90	158590	5749	0.20	          2.63	4.73	4.94	
300298	三诺生物	1.69	76490416	0.37	22.31	22.35	34141	370	0.09	          1.14	21.80	22.77	
002214	大立科技	4.22	76458160	0.28	6.90	6.91	111941	2112	0.29	          3.07	6.68	6.92	
002602	世纪华通	2.26	76280632	0.75	33.98	33.99	22657	457	0.06	          0.22	33.58	34.10	
000020	深华发Ａ	6.03	75620440	0.75	13.18	13.20	57488	403	0.23	          3.17	13.01	13.54	
600433	冠豪高新	0.86	75323976	0.04	4.68	4.69	160282	102	0.21	          1.26	4.63	4.80	
002841	视源股份	3.78	75285744	2.74	75.27	75.28	10063	83	0.15	          2.48	73.85	75.88	
300723	一品红	2.53	74925112	0.80	32.39	32.40	23331	499	-0.02	          5.83	31.81	32.50	
600580	卧龙电气	0.00	74524448	0.00	8.14	8.15	91921	20	0.37	          0.83	8.20	8.20	
300671	富满电子	3.22	74509520	1.12	35.93	35.95	20933	588	-0.24	          8.26	34.80	36.28	
002158	汉钟精机	0.51	74423688	0.06	11.88	11.90	62521	946	0.17	          1.18	11.78	12.12	
000683	远兴能源	0.35	73804968	0.01	2.86	2.87	257362	1372	-0.34	          0.91	2.85	2.89	
002489	浙江永强	2.50	73667776	0.11	4.51	4.52	162601	799	-0.21	          0.87	4.42	4.74	
002329	皇氏集团	0.16	73417832	0.01	6.26	6.27	117285	1162	0.00	          2.07	6.21	6.35	
000818	方大化工	1.55	73083064	0.19	12.43	12.44	58902	896	0.16	          0.85	12.30	12.55	
002328	新朋股份	2.12	72812616	0.14	6.75	6.76	109777	1649	0.15	          3.38	6.60	6.77	
002479	富春环保	0.00	72536864	0.00	8.64	8.65	83537	813	0.00	          1.14	8.61	8.85	
002815	崇达技术	4.76	72109088	1.38	30.38	30.40	24169	158	0.23	          2.28	29.02	30.46	
300079	数码科技	0.81	71736376	0.03	3.75	3.76	192022	1854	-0.26	          1.59	3.71	3.80	
300068	南都电源	0.06	70810840	0.01	15.89	15.90	44561	973	0.25	          0.76	16.12	16.15	
600933	爱柯迪	1.54	70330360	0.22	14.45	14.46	48995	6	0.07	          3.54	14.25	14.48	
300731	科创新源	4.04	69952640	1.10	28.30	28.31	24961	348	-0.13	         11.35	27.12	28.58	
000688	建新矿业	0.31	69850272	0.03	9.72	9.73	71820	560	0.10	          0.63	9.69	9.76	
000023	深天地Ａ	3.51	69242728	0.62	18.25	18.26	37694	691	0.33	          2.72	18.00	18.87	
603018	中设集团	1.34	69225496	0.37	28.03	28.05	24492	26	0.11	          1.18	28.60	28.68	
002115	三维通信	2.99	69016960	0.25	8.59	8.60	80870	1560	0.12	          2.34	8.32	8.73	
600262	北方股份	7.09	68946096	1.43	21.61	21.62	32948	23	-0.22	          1.94	20.10	21.72	
600765	中航重机	1.15	67821752	0.12	10.60	10.61	63761	12	-0.18	          0.82	10.55	10.79	
600622	光大嘉宝	3.26	67533264	0.48	15.20	15.22	44273	10	0.07	          0.66	14.66	15.50	
603896	寿仙谷	1.65	67041120	0.76	46.69	46.70	14468	42	0.15	          4.14	45.47	47.20	
002093	国脉科技	2.19	66818708	0.20	9.32	9.33	72682	1628	0.11	          0.75	9.14	9.32	
002029	七 匹 狼	2.21	66249864	0.20	9.25	9.26	72186	645	0.00	          0.96	9.11	9.26	
603458	勘设股份	2.77	65794664	1.73	64.26	64.27	10389	8	0.47	          3.35	62.83	64.30	
000090	天健集团	0.31	65410408	0.03	9.81	9.82	66297	918	-0.09	          0.86	9.79	9.95	
002210	飞马国际	0.40	65046644	0.05	12.64	12.65	51243	876	-0.23	          0.40	12.60	12.79	
300589	江龙船艇	3.76	64975892	0.68	18.76	18.78	34294	775	-0.10	         10.28	18.58	19.60	
600862	中航高科	2.74	64948696	0.23	8.63	8.64	75826	1	0.12	          0.96	8.50	8.65	
002568	百润股份	1.63	64677680	0.21	13.12	13.13	49176	1137	-0.29	          1.29	12.89	13.48	
600986	科达股份	5.35	64067904	0.53	10.43	10.44	62678	5	0.10	          1.27	10.02	10.48	
000088	盐 田 港	0.77	63881748	0.06	7.83	7.84	80907	782	0.00	          0.42	8.06	8.06	
002446	盛路通信	1.85	63672220	0.15	8.25	8.26	78470	3725	0.36	          1.85	8.20	8.29	
002651	利君股份	6.33	63515592	0.41	6.89	6.90	91945	1243	-0.13	          2.43	6.53	7.07	
600738	兰州民百	7.49	63455008	0.59	8.46	8.47	75775	1	-0.11	          2.06	7.90	8.67	
300118	东方日升	0.58	63086520	0.07	12.13	12.14	52105	261	0.17	          1.03	12.09	12.23	
300469	信息发展	7.72	63010568	2.56	35.70	35.71	18112	461	-0.35	          6.33	32.95	36.28	
002184	海得控制	10.02	62979624	1.21	13.28	--  	47550	101	0.00	          3.50	13.28	13.28	
300394	天孚通信	2.86	62820896	0.53	19.03	19.05	33596	423	0.11	          2.05	18.41	19.30	
600280	中央商场	0.99	62674960	0.08	8.19	8.20	76546	15	0.12	          0.67	8.10	8.34	
603165	荣晟环保	1.23	62669896	0.61	50.10	50.14	12535	59	-0.01	          3.96	49.50	50.33	
002862	实丰文化	4.24	62309032	1.25	30.68	30.75	20448	42	0.03	         10.22	29.50	32.35	
300081	恒信东方	0.44	62253384	0.05	11.39	11.40	54289	1488	-0.08	          2.21	11.26	11.66	
603833	欧派家居	0.89	62062768	1.25	140.96	140.99	4435	2	0.21	          1.07	139.65	142.52	
300579	数字认证	4.82	61779816	2.01	43.72	43.73	14330	144	0.02	          4.99	41.68	43.88	
601326	秦港股份	1.48	61742836	0.08	5.48	5.49	113257	2	0.00	          2.03	5.42	5.51	
300456	耐威科技	3.84	61041660	1.28	34.58	34.60	17801	568	-2.03	          2.46	33.31	35.44	
600677	航天通信	0.81	60797012	0.08	9.98	9.99	60724	20	-0.09	          1.46	10.11	10.18	
002768	国恩股份	1.14	60670560	0.30	26.53	26.54	23110	494	0.08	          2.66	26.19	26.56	
600310	桂东电力	5.27	60508776	0.27	5.38	5.39	113612	50	0.19	          1.37	5.20	5.58	
300241	瑞丰光电	0.12	60418292	0.02	17.33	17.34	34711	700	0.17	          1.89	17.31	17.76	
002588	史丹利	2.61	59745528	0.19	7.48	7.49	80391	2265	0.13	          1.14	7.30	7.52	
603269	海鸥股份	5.27	59545420	1.78	35.53	35.60	16932	10	0.03	          7.40	33.85	35.74	
002293	罗莱生活	2.58	59509492	0.39	15.47	15.49	38800	2803	0.26	          0.55	15.11	15.50	
600843	上工申贝	3.96	59006076	0.39	10.24	10.25	58025	9	0.59	          1.90	9.85	10.37	
603181	皇马科技	3.77	58932144	0.74	20.39	20.40	29247	11	0.10	          5.85	19.66	20.45	
300604	长川科技	4.15	58911828	1.91	47.88	47.90	12507	158	0.15	          6.57	46.08	48.29	
300581	晨曦航空	2.73	58857472	0.76	28.58	28.59	20280	260	-0.27	          6.46	29.09	30.00	
600185	格力地产	0.75	58856760	0.04	5.39	5.40	108843	227	0.19	          0.53	5.39	5.45	
300716	国立科技	3.28	58770480	0.73	22.98	22.99	25779	477	0.04	          9.66	22.26	23.20	
000957	中通客车	0.32	57928916	0.03	9.48	9.49	60823	817	-0.10	          1.28	9.40	9.77	
300357	我武生物	0.06	57324060	0.03	49.76	49.77	11429	77	-0.05	          0.81	50.20	51.16	
600419	天润乳业	0.12	56006296	0.05	42.42	42.48	12852	1	0.07	          1.44	42.05	45.28	
600064	南京高科	1.71	55783792	0.23	13.65	13.66	40980	10	0.00	          0.53	13.44	13.78	
600057	象屿股份	0.12	55746640	0.01	8.55	8.56	64799	2	-0.22	          0.45	8.58	8.71	
300607	拓斯达	4.07	55704980	2.58	65.89	65.90	8579	162	0.02	          2.63	63.02	66.50	
300291	华录百纳	2.33	55656812	0.27	11.85	11.86	47860	6136	1.28	          0.80	11.58	11.88	
000967	盈峰环境	2.51	55591116	0.20	8.16	8.17	68151	641	0.37	          0.92	7.97	8.58	
000532	华金资本	6.99	55520372	0.69	10.56	10.57	52993	486	0.09	          1.54	9.92	10.86	
002515	金字火腿	1.82	55185812	0.14	7.83	7.84	70724	685	0.00	          1.15	7.82	8.00	
000089	深圳机场	1.64	55049384	0.14	8.69	8.70	63728	2462	0.35	          0.31	8.58	8.70	
002375	亚厦股份	0.89	54954688	0.06	6.78	6.79	80784	639	0.30	          0.69	6.72	7.00	
603797	联泰环保	2.08	54942944	0.37	18.19	18.20	30291	3	0.00	          5.68	18.00	18.40	
600082	海泰发展	4.10	54416104	0.22	5.58	5.59	95837	1	-0.35	          1.52	5.42	5.90	
300689	澄天伟业	3.98	54060348	1.38	36.05	36.06	15233	414	0.14	          8.96	34.51	36.16	
600978	宜华生活	2.00	54018976	0.17	8.69	8.70	62709	126	-0.10	          0.42	8.54	8.71	
300710	万隆光电	4.99	53927284	1.67	35.12	35.13	15690	576	-0.08	          8.97	33.90	35.17	
002022	科华生物	0.38	53642792	0.05	13.20	13.21	40689	573	-0.07	          0.89	13.15	13.35	
603668	天马科技	9.99	53522452	1.03	11.34	--  	47625	20	0.00	          2.56	10.72	11.34	
600717	天津港	0.69	53475952	0.07	10.21	10.22	52523	3	0.10	          0.31	10.15	10.25	
002831	裕同科技	2.29	52963328	1.30	58.00	58.02	9126	100	-0.08	          0.76	56.88	59.18	
002789	建艺集团	3.04	52705064	1.10	37.23	37.25	14131	217	-0.58	          3.81	35.88	39.77	
002459	天业通联	1.60	52687788	0.20	12.73	12.74	41484	401	0.08	          1.07	12.58	12.85	
002342	巨力索具	0.35	52572836	0.02	5.81	5.82	90415	2407	0.00	          1.03	5.80	5.86	
002886	沃特股份	6.21	52552948	1.72	29.39	29.40	18104	539	-0.43	          9.23	28.58	29.55	
601718	际华集团	0.75	52099728	0.04	5.38	5.39	96741	100	0.00	          0.25	5.37	5.44	
600202	哈空调	1.59	51548720	0.12	7.66	7.67	67272	37	0.26	          1.75	7.60	7.80	
603488	展鹏科技	0.95	51500500	0.18	19.05	19.06	27120	11	-0.04	          5.22	18.84	19.20	
002299	圣农发展	0.64	51272000	0.09	14.24	14.25	35885	164	0.07	          0.89	14.09	14.49	
601969	海南矿业	0.41	51187992	0.03	7.43	7.44	68428	60	0.00	          0.35	7.35	7.59	
603607	京华激光	3.57	51092004	1.16	33.70	33.72	15408	1	0.33	          6.76	32.55	33.74	
000158	常山北明	0.89	50977692	0.07	7.96	7.97	64072	1092	0.13	          0.63	7.78	8.07	
000713	丰乐种业	1.65	50878440	0.11	6.78	6.79	75338	2784	-0.14	          2.52	6.65	6.86	
600113	浙江东日	2.70	50758588	0.24	9.13	9.14	55893	9	0.11	          1.75	8.87	9.24	
000926	福星股份	0.19	50683360	0.02	10.50	10.51	48179	2573	-0.09	          0.51	10.55	10.58	
000546	金圆股份	2.58	50612812	0.37	14.71	14.72	34695	290	0.00	          0.61	14.55	14.80	
600888	新疆众和	1.33	50360108	0.08	6.08	6.09	83190	11	0.33	          1.00	6.01	6.09	
002877	智能自控	4.50	50020948	0.86	19.99	20.00	25228	574	-0.29	          8.26	19.08	20.51	
300084	海默科技	2.44	49592896	0.15	6.30	6.31	78919	1794	-0.15	          2.54	6.17	6.36	
000921	海信科龙	0.00	49460888	0.00	13.32	13.33	37090	559	0.15	          0.41	13.29	13.46	
600679	上海凤凰	3.07	49315552	0.50	16.79	16.80	29576	71	0.12	          1.55	16.16	17.12	
601018	宁波港	0.19	49114496	0.01	5.33	5.34	92206	635	0.00	          0.07	5.32	5.35	
002887	绿茵生态	0.68	49046376	0.46	68.40	68.41	7221	162	-0.14	          3.61	67.61	68.97	
000848	承德露露	2.30	48920376	0.21	9.35	9.36	52739	1568	0.11	          0.54	9.19	9.35	
000701	厦门信达	1.82	48861208	0.15	8.37	8.38	58654	1122	0.24	          1.55	8.26	8.39	
603848	好太太	2.71	48844800	0.45	17.06	17.07	28928	20	0.18	          7.06	16.63	17.10	
002717	岭南股份	0.16	48648212	0.04	25.72	25.73	18963	263	0.00	          0.84	25.63	25.98	
603416	信捷电气	3.97	48619020	1.18	30.86	30.87	15931	4	0.06	          4.53	29.97	31.00	
603922	金鸿顺	2.95	48429972	0.69	24.07	24.10	20166	22	-0.57	          6.30	23.60	24.45	
300309	吉艾科技	0.13	48302152	0.03	22.28	22.30	21606	276	-0.26	          0.50	22.23	22.60	
300114	中航电测	1.40	48150720	0.13	9.39	9.40	51302	386	-0.10	          0.87	9.54	9.59	
603917	合力科技	2.75	47961952	0.62	23.19	23.20	20867	18	-0.21	          7.45	22.57	23.26	
300648	星云股份	5.13	47504312	2.60	53.27	53.28	9075	157	0.23	          5.34	50.85	53.57	
603555	贵人鸟	0.66	47145120	0.15	22.71	22.72	20772	5	0.22	          0.33	22.56	22.98	
603856	东宏股份	2.25	46942632	0.38	17.24	17.25	27446	4	0.06	          5.56	16.82	17.30	
600662	强生控股	2.07	46619324	0.10	4.93	4.94	94803	96	0.00	          0.90	4.84	5.09	
603699	纽威股份	1.12	46372696	0.19	17.14	17.19	26914	10	0.18	          0.36	16.89	17.70	
002003	伟星股份	1.26	46372320	0.15	12.09	12.10	38426	365	0.00	          0.81	11.75	12.18	
300632	光莆股份	5.61	46312864	1.02	19.21	19.22	23847	266	0.05	          8.24	18.42	20.01	
300505	川金诺	3.51	46219140	0.93	27.45	27.46	17057	459	0.07	          4.50	27.02	27.50	
603903	中持股份	2.03	45515036	0.63	31.59	31.60	14515	10	-0.08	          5.67	30.75	31.70	
300681	英搏尔	2.43	45472500	1.21	50.93	50.94	8948	242	0.16	          4.73	49.73	51.88	
000802	北京文化	0.92	44932592	0.11	12.11	12.12	37427	701	0.25	          0.97	12.03	12.17	
603507	振江股份	2.56	44734752	0.76	30.39	30.40	14857	19	0.03	          4.73	29.78	30.43	
600211	西藏药业	5.40	44530524	1.76	34.38	34.39	13141	5	0.20	          0.90	32.65	34.59	
600370	三房巷	1.90	44515936	0.06	3.20	3.23	136685	2385	-0.61	          1.71	3.15	3.35	
002200	云投生态	5.03	44482780	0.45	9.39	9.40	47753	668	0.00	          3.39	9.00	9.55	
000951	中国重汽	0.84	44456924	0.13	15.69	15.72	28343	169	-0.05	          0.42	15.57	15.88	
002843	泰嘉股份	4.30	44425828	0.72	17.46	17.47	25439	212	-0.05	          3.03	17.03	17.86	
002557	洽洽食品	3.92	44360536	0.58	15.39	15.40	29156	19	-0.05	          0.58	14.81	15.50	
002041	登海种业	1.66	44302568	0.19	11.64	11.65	38289	556	0.00	          0.44	11.46	11.75	
603110	东方材料	3.62	44107384	0.78	22.35	22.37	19950	31	0.18	          7.77	21.57	22.41	
000697	炼石有色	1.39	43850984	0.26	19.02	19.04	23060	400	0.11	          0.51	18.92	19.13	
603096	新经典	2.82	43806332	1.92	70.00	70.08	6257	1	-0.02	          1.88	67.99	71.28	
300178	腾邦国际	1.71	43773524	0.23	13.70	13.71	31970	662	-0.06	          0.60	13.53	13.89	
002846	英联股份	2.41	43623352	0.34	14.44	14.45	30303	596	0.00	          6.01	14.11	14.60	
600684	珠江实业	0.49	43448060	0.03	6.18	6.19	70069	43	0.00	          0.82	6.18	6.26	
000597	东北制药	1.68	43143432	0.16	9.68	9.69	44891	823	0.00	          0.95	9.52	9.72	
300481	濮阳惠成	3.09	42910332	0.61	20.36	20.37	21240	243	-0.09	          2.91	19.60	20.66	
300430	诚益通	9.49	42777016	1.65	19.03	19.04	23206	380	0.05	          3.51	17.38	19.09	
000613	*ST东海A	0.55	42443716	0.05	9.13	9.14	47344	558	-0.10	          1.78	9.05	9.23	
300260	新莱应材	10.02	42442716	1.23	13.50	--  	32078	126	0.00	          3.17	12.27	13.50	
600371	万向德农	4.57	42135308	0.42	9.61	9.63	43847	6	0.21	          1.95	9.25	9.76	
603617	君禾股份	1.45	41689096	0.30	20.94	20.95	20081	3	0.14	          8.03	20.67	21.15	
600710	ST常林	1.24	41626880	0.08	6.52	6.53	64226	1	-0.45	          1.00	6.48	6.63	
000999	华润三九	0.63	41514484	0.16	25.44	25.45	16383	147	0.04	          0.17	25.25	25.49	
601106	*ST一重	1.68	41456592	0.06	3.63	3.64	114235	10	0.00	          0.17	3.61	3.67	
002377	国创高新	1.38	41400660	0.11	8.09	8.10	51599	467	0.00	          1.19	7.86	8.18	
002344	海宁皮城	0.79	41285784	0.05	6.37	6.38	64732	561	0.00	          0.51	6.32	6.55	
000955	欣龙控股	0.29	41227944	0.02	6.95	6.96	59224	655	0.29	          1.10	6.94	7.06	
600590	泰豪科技	3.79	40965888	0.36	9.86	9.87	42044	30	-0.09	          0.83	9.59	9.90	
300577	开润股份	2.07	40897596	1.36	66.80	66.98	6113	44	0.16	          1.73	66.00	68.50	
600067	冠城大通	0.63	40626104	0.04	6.35	6.36	64037	10	0.00	          0.43	6.28	6.38	
603278	大业股份	2.43	40570512	0.43	18.09	18.10	22574	45	0.06	          4.34	17.80	18.18	
300569	天能重工	2.74	40182344	0.60	22.50	22.51	17905	118	0.22	          2.24	21.90	22.88	
603298	杭叉集团	1.61	39908192	0.24	15.12	15.13	26419	3	-0.06	          1.55	14.94	15.20	
603179	新泉股份	1.92	39733492	0.69	36.58	36.64	10971	2	-0.29	          2.75	35.83	36.80	
603685	晨丰科技	2.78	39633792	0.81	29.91	29.92	13403	15	0.23	          5.36	29.04	29.93	
600890	中房股份	2.64	39537292	0.28	10.90	10.91	36571	22	0.18	          0.63	10.62	11.10	
603359	东珠景观	1.39	39449156	0.45	32.83	32.84	12106	1	0.03	          2.13	32.38	32.86	
002900	哈三联	2.26	39227792	0.55	24.83	24.85	15889	516	0.04	          3.01	24.32	24.90	
002823	凯中精密	2.81	39102052	0.39	14.29	14.30	27387	428	-0.13	          2.78	14.01	14.63	
603320	迪贝电气	2.37	38963392	0.50	21.56	21.59	18287	15	0.05	          7.31	21.18	21.71	
603698	航天工程	3.53	38792608	0.63	18.47	18.50	21019	7	0.16	          0.51	17.96	18.65	
001696	宗申动力	3.32	38668912	0.19	5.91	5.92	65988	1166	-0.16	          0.74	5.73	5.95	
300011	鼎汉技术	3.93	38563092	0.40	10.58	10.59	36945	544	0.00	          0.83	10.30	10.61	
002755	东方新星	6.32	38002136	1.52	25.56	25.57	14671	194	0.04	          4.17	25.50	26.45	
603198	迎驾贡酒	1.93	37976968	0.30	15.88	15.89	24077	43	-0.24	          1.45	15.58	15.96	
600757	长江传媒	1.33	37964340	0.09	6.86	6.87	55824	4	0.00	          0.46	6.78	6.87	
300390	天华超净	10.05	37831752	0.65	7.12	--  	53282	20	0.00	          2.87	6.99	7.12	
300712	永福股份	1.95	37729400	0.39	20.34	20.35	18692	469	0.10	          5.34	20.07	20.39	
603609	禾丰牧业	3.25	37582720	0.28	8.89	8.90	42325	20	0.34	          0.51	8.78	9.00	
002741	光华科技	3.91	37374652	0.56	14.86	14.87	25323	342	-0.33	          0.82	14.36	14.95	
000505	珠江控股	0.24	37266812	0.02	8.18	8.19	45609	508	0.24	          1.27	8.14	8.28	
002417	深南股份	4.26	37175864	0.46	11.25	11.26	33335	729	-0.08	          1.48	10.80	11.50	
600776	东方通信	2.06	37137052	0.13	6.45	6.46	58047	40	0.00	          0.61	6.30	6.47	
002492	恒基达鑫	0.16	37132228	0.01	6.08	6.09	61054	439	0.16	          1.73	6.15	6.18	
300285	国瓷材料	0.11	36133924	0.02	18.45	18.46	19598	317	0.11	          0.48	18.36	18.88	
000617	中油资本	3.56	36098100	0.48	13.94	13.95	25928	158	-0.20	          0.90	13.47	14.12	
000777	中核科技	1.32	35754024	0.18	13.83	13.84	25900	571	0.07	          0.68	13.79	13.91	
000838	财信发展	1.74	35618296	0.09	5.26	5.27	67577	1146	0.19	          1.07	5.18	5.39	
603963	大理药业	2.99	35334556	0.75	25.78	25.79	13815	5	0.12	          5.53	25.07	25.88	
600834	申通地铁	5.71	35057300	0.48	8.88	8.89	39933	70	-0.10	          0.84	8.37	9.04	
300201	海伦哲	2.89	35045324	0.18	6.39	6.40	54947	852	0.00	          0.64	6.28	6.49	
002526	山东矿机	1.95	34668560	0.11	5.73	5.74	60293	434	0.00	          1.31	5.63	5.94	
002388	新亚制程	3.44	34565264	0.26	7.82	7.83	44455	925	-0.12	          1.11	7.73	7.95	
603126	中材节能	0.00	34531464	0.00	8.80	8.81	39247	13	0.00	          0.64	8.81	8.92	
002672	东江环保	1.05	34503584	0.16	15.34	15.35	22545	247	0.07	          0.41	15.28	15.44	
300193	佳士科技	0.80	34501656	0.06	7.52	7.53	45856	1126	-0.12	          1.04	7.48	7.68	
300473	德尔股份	4.02	34305900	1.60	41.39	41.40	8369	102	0.07	          1.79	39.80	41.49	
300123	亚光科技	2.59	34160160	0.29	11.50	11.51	29845	1014	0.09	          1.08	11.31	11.57	
600233	圆通速递	0.70	33833712	0.11	15.77	15.78	21444	3	0.13	          0.27	15.85	15.95	
603079	圣达生物	3.15	33711256	1.35	44.16	44.18	7703	3	0.09	          3.85	43.21	44.30	
002247	帝龙文化	1.82	33575284	0.23	12.87	12.88	26379	531	0.16	          0.50	12.62	12.88	
002888	惠威科技	3.58	33153956	0.84	24.28	24.29	13587	221	0.08	          6.54	23.23	25.44	
600736	苏州高新	2.12	33094420	0.13	6.24	6.25	53116	10	0.48	          0.47	6.08	6.32	
600236	桂冠电力	0.69	33023416	0.04	5.85	5.86	56538	10	0.00	          0.16	5.84	5.89	
000411	英特集团	6.34	32928794	1.30	21.76	21.80	15453	267	0.14	          0.75	20.58	22.05	
600184	光电股份	1.22	32195392	0.20	16.52	16.53	19464	30	0.30	          0.46	16.56	16.66	
603826	坤彩科技	1.91	32155680	0.26	13.87	13.88	23274	30	0.00	          2.59	13.66	13.89	
002370	亚太药业	3.12	31927174	0.45	14.86	14.87	21621	163	-0.06	          0.53	14.42	14.98	
002527	新时达	1.38	31889418	0.13	9.57	9.58	33485	449	0.21	          0.87	9.44	9.69	
603036	如通股份	1.51	31607844	0.21	14.16	14.17	22268	7	0.50	          4.38	13.95	14.45	
000813	德展健康	2.99	31396476	0.25	8.60	8.61	37022	2852	0.58	          0.34	8.44	8.60	
300512	中亚股份	1.29	31155186	0.21	16.47	16.48	18858	474	0.24	          2.42	16.27	16.90	
000976	华铁股份	0.48	30961416	0.04	8.39	8.40	37169	1902	0.36	          0.63	8.35	8.40	
002889	东方嘉盛	2.22	30894384	0.56	25.80	25.81	12070	274	0.04	          3.50	25.59	25.85	
300715	凯伦股份	1.83	30762766	0.55	30.68	30.69	10119	196	0.00	          5.62	30.14	30.85	
300400	劲拓股份	2.27	30684474	0.32	14.40	14.46	21269	745	-0.27	          1.37	14.35	14.66	
300534	陇神戎发	1.57	30587024	0.13	8.40	8.41	36571	1413	0.12	          1.93	8.28	8.44	
002482	广田集团	0.86	30407196	0.07	8.18	8.19	37295	1094	0.12	          0.28	8.14	8.21	
600624	复旦复华	1.65	30390176	0.10	6.15	6.16	49604	19	0.33	          0.72	6.04	6.18	
603233	大参林	4.41	30297860	1.96	46.38	46.39	6642	4	-0.16	          1.66	44.43	46.68	
601137	博威合金	1.07	29901422	0.12	11.29	11.30	26287	49	0.18	          0.47	11.19	11.49	
600415	小商品城	0.75	29867456	0.04	5.37	5.38	55614	203	0.00	          0.10	5.35	5.39	
002111	威海广泰	1.52	29775400	0.18	12.05	12.06	24690	354	0.17	          0.87	11.99	12.18	
600592	龙溪股份	0.35	29722692	0.03	8.58	8.59	34447	4	0.00	          0.86	8.56	8.75	
002899	英派斯	1.50	29590434	0.34	23.00	23.02	12921	805	0.17	          4.31	22.65	23.10	
601058	赛轮金宇	0.62	29572720	0.02	3.23	3.24	91780	11	0.31	          0.40	3.20	3.25	
600099	林海股份	4.70	29554326	0.37	8.22	8.23	36480	110	-0.71	          1.66	7.87	8.37	
600650	锦江投资	0.97	29220296	0.13	13.48	13.49	21683	14	0.00	          0.56	13.29	13.69	
002480	新筑股份	1.49	29005980	0.10	6.81	6.82	42870	1105	0.29	          0.67	6.70	6.85	
600020	中原高速	0.21	28889852	0.01	4.79	4.80	60347	9	-0.20	          0.27	4.79	4.81	
300652	雷迪克	3.00	28869390	0.72	24.72	24.73	11752	106	0.00	          5.34	24.38	24.80	
002014	永新股份	2.85	28850518	0.32	11.55	11.56	25277	463	-0.08	          0.78	11.24	11.57	
002620	瑞和股份	3.36	28796796	0.29	8.92	8.93	32616	575	-0.21	          1.08	8.63	9.03	
300643	万通智控	2.83	28758588	0.31	11.27	11.28	25702	566	-0.26	          5.14	10.84	11.50	
600616	金枫酒业	1.85	28508636	0.14	7.72	7.73	36982	42	0.00	          0.72	7.59	7.83	
600073	上海梅林	1.10	28468794	0.08	7.34	7.35	39004	5	0.14	          0.42	7.24	7.36	
300620	光库科技	3.60	28271516	1.14	32.81	32.82	8744	258	-0.05	          3.97	31.70	32.98	
000906	浙商中拓	1.02	28254454	0.08	7.92	7.93	35788	909	0.51	          0.83	7.83	8.00	
600368	五洲交通	0.58	28142308	0.03	5.16	5.17	54765	40	0.19	          0.66	5.13	5.19	
300293	蓝英装备	2.40	28060108	0.24	10.22	10.23	27403	512	0.39	          1.02	9.91	10.74	
002880	卫光生物	2.33	28053918	1.12	49.11	49.15	5754	52	-0.07	          2.13	48.02	49.48	
300338	开元股份	2.84	27966514	0.53	19.21	19.22	14678	151	0.00	          0.87	18.57	19.28	
300662	科锐国际	5.28	27631372	1.04	20.73	20.74	13623	419	0.19	          3.03	19.71	20.79	
603518	维格娜丝	0.25	27510044	0.06	24.09	24.13	11481	101	0.37	          0.78	24.00	24.20	
002211	宏达新材	0.67	27315572	0.04	5.99	6.00	45583	706	0.00	          1.06	5.93	6.07	
603313	梦百合	2.38	27298152	0.57	24.45	24.49	11173	12	0.08	          1.36	23.97	24.77	
002535	林州重机	0.46	27072034	0.02	4.35	4.36	62220	1688	-0.22	          1.16	4.35	4.40	
002700	新疆浩源	5.45	26972128	0.50	9.68	9.69	28681	1077	-0.30	          0.92	9.15	9.77	
600501	航天晨光	0.21	26955204	0.02	9.36	9.37	28594	8	-0.10	          0.70	9.43	9.67	
300622	博士眼镜	2.13	26886106	0.46	22.09	22.10	12041	353	0.00	          5.61	23.79	23.79	
600248	延长化建	3.52	26765558	0.18	5.30	5.31	50200	10	0.00	          0.83	5.15	5.51	
000027	深圳能源	0.53	26749700	0.03	5.70	5.71	46937	465	0.00	          0.12	5.67	5.74	
600526	菲达环保	0.57	26469070	0.05	8.84	8.85	29936	4	-0.10	          0.74	8.80	8.97	
002660	茂硕电源	2.12	26315194	0.21	10.09	10.10	26304	856	0.20	          1.38	9.93	10.10	
000541	佛山照明	0.23	26119974	0.02	8.75	8.76	29882	203	0.11	          0.31	8.74	8.79	
002693	双成药业	7.20	25910476	0.37	5.50	5.51	48681	1894	0.36	          1.21	5.11	5.52	
603429	集友股份	0.08	25851064	0.03	35.58	35.80	7216	30	0.79	          2.12	35.79	36.80	
603637	镇海股份	1.72	25790538	0.34	20.12	20.32	12809	605	0.00	          3.85	19.60	20.56	
600697	欧亚集团	1.72	25497340	0.41	24.27	24.29	10570	14	-0.11	          0.68	23.86	24.46	
002743	富煌钢构	0.11	25391630	0.01	9.09	9.10	27933	460	0.00	          0.84	9.09	9.14	
600081	东风科技	2.27	25200640	0.28	12.59	12.60	20152	10	0.00	          0.64	12.27	12.60	
002865	钧达股份	1.74	25101070	0.29	16.94	16.95	14893	485	0.00	          4.96	16.72	17.00	
300346	南大光电	1.85	25020186	0.47	25.81	25.82	9791	293	0.16	          0.80	24.90	25.82	
300328	宜安科技	10.00	24783068	0.91	10.01	--  	24758	455	0.00	          0.60	10.01	10.01	
002810	山东赫达	2.74	24735130	0.57	21.40	21.41	11673	240	0.33	          2.28	20.94	21.48	
600992	贵绳股份	1.70	24305796	0.16	9.57	9.60	25469	16	-0.30	          1.04	9.41	9.81	
002367	康力电梯	0.60	24286996	0.05	8.36	8.37	28975	464	0.00	          0.56	8.31	8.45	
600894	广日股份	0.23	24276396	0.02	8.78	8.80	27611	129	0.00	          0.32	8.87	8.90	
300576	容大感光	3.18	24272780	0.48	15.58	15.59	15727	285	0.32	          3.94	15.06	15.62	
300702	天宇股份	1.92	24203606	0.63	33.36	33.37	7299	276	0.00	          2.43	32.76	33.40	
300669	沪宁股份	3.05	23879424	0.62	20.98	20.99	11473	184	0.00	          5.45	20.49	21.00	
002040	南 京 港	0.52	23852104	0.06	11.65	11.66	20437	495	0.09	          0.67	11.59	11.76	
600167	联美控股	4.36	23767428	1.06	25.37	25.38	9518	5	0.44	          0.45	24.48	25.50	
600517	置信电气	1.73	23406824	0.09	5.27	5.29	44497	352	0.00	          0.36	5.19	5.33	
600556	ST慧球	3.03	23366998	0.16	5.43	5.44	43583	104	0.00	          1.10	5.23	5.53	
603043	广州酒家	0.95	23352740	0.17	18.09	18.11	12975	18	0.00	          2.59	17.92	18.14	
300602	飞荣达	1.98	23347076	1.10	56.78	56.79	4103	99	0.18	          1.33	55.78	57.80	
002469	三维工程	2.04	23322974	0.11	5.48	5.49	42715	433	-0.35	          0.92	5.38	5.53	
000524	岭南控股	4.37	23299846	0.44	10.50	10.51	22628	360	-0.09	          0.84	10.06	10.66	
002579	中京电子	1.17	23247288	0.10	8.62	8.63	26896	640	0.12	          0.78	8.55	8.80	
002783	凯龙股份	1.38	23199194	0.24	17.64	17.65	13160	310	0.00	          1.23	17.49	17.80	
603232	格尔软件	2.89	22700128	1.18	41.92	41.94	5471	4	-0.16	          3.59	40.96	42.17	
000099	中信海直	1.22	22662380	0.10	8.28	8.30	27470	519	0.12	          0.45	8.18	8.30	
600387	海越股份	2.01	22637392	0.16	8.11	8.12	28027	5	-0.11	          0.73	7.95	8.26	
300535	达威股份	2.34	22514792	0.68	29.69	29.70	7642	435	0.03	          2.41	29.11	29.70	
300402	宝色股份	1.74	22473840	0.18	10.54	10.55	21159	497	0.00	          2.45	10.37	10.88	
600530	交大昂立	0.74	22450460	0.04	5.46	5.47	41187	4	0.18	          0.53	5.41	5.49	
300537	广信材料	0.32	22405824	0.05	15.69	15.70	14239	230	0.00	          2.06	15.86	16.20	
300690	双一科技	1.98	22216490	0.95	48.95	48.96	4568	227	0.10	          2.63	48.02	49.04	
600162	香江控股	0.00	22103036	0.00	3.17	3.18	69534	30	0.00	          0.29	3.17	3.19	
603729	龙韵股份	1.70	22051204	0.75	44.80	44.85	4921	4	0.20	          1.36	44.25	45.33	
300575	中旗股份	2.21	21982100	0.90	41.70	41.71	5330	120	0.07	          1.55	40.81	41.70	
600351	亚宝药业	0.14	21924528	0.01	7.35	7.36	29816	11	0.14	          0.43	7.36	7.41	
002873	新天药业	2.44	21868394	0.93	38.99	39.00	5641	172	0.15	          3.28	37.95	39.18	
600648	外高桥	0.22	21862782	0.04	18.11	18.12	12092	3	0.06	          0.13	18.08	18.17	
600965	福成股份	2.45	21596132	0.25	10.44	10.45	20785	87	0.10	          0.39	10.21	10.49	
002130	沃尔核材	0.18	21571122	0.01	5.56	5.57	38789	666	0.00	          0.40	5.54	5.60	
000514	渝 开 发	1.15	21521218	0.07	6.17	6.18	35025	1238	0.16	          0.42	6.11	6.18	
600586	金晶科技	0.00	21435318	0.00	4.08	4.09	52397	31	-0.23	          0.37	4.07	4.11	
000421	南京公用	2.25	21128820	0.12	5.46	5.47	38979	935	0.18	          0.99	5.35	5.49	
603003	龙宇燃油	2.42	21108120	0.26	11.00	11.01	19433	12	0.09	          0.44	10.74	11.02	
603757	大元泵业	2.33	21011932	1.25	54.90	54.97	3866	6	0.04	          1.84	54.11	55.00	
600483	福能股份	1.14	21002528	0.08	7.10	7.11	29557	6	-0.13	          0.23	7.02	7.18	
300354	东华测试	1.83	20908176	0.20	11.12	11.13	18675	296	0.09	          2.57	11.04	11.43	
300215	电科院	1.16	20893764	0.09	7.81	7.82	26824	932	0.26	          0.45	7.77	7.87	
300557	理工光科	3.46	20823162	1.13	33.79	33.80	6266	513	0.57	          1.86	32.66	33.79	
603337	杰克股份	0.27	20597392	0.14	51.10	51.18	4048	5	0.29	          0.74	50.79	51.50	
002453	天马精化	0.28	20539348	0.02	7.25	7.26	28359	391	0.00	          0.53	7.22	7.27	
300563	神宇股份	4.30	20469790	1.03	24.99	25.00	8142	151	0.00	          2.54	24.00	26.36	
002404	嘉欣丝绸	1.76	20441962	0.12	6.91	6.92	29624	571	-0.13	          0.74	6.80	6.95	
002395	双象股份	4.93	20374516	0.53	11.28	11.29	18264	148	0.09	          1.02	10.76	11.49	
002116	中国海诚	1.49	20216466	0.13	8.87	8.88	22915	583	0.23	          0.55	8.70	8.90	
000790	泰合健康	4.88	20134154	0.30	6.44	6.45	31860	893	0.31	          0.74	6.19	6.47	
002314	南山控股	0.67	20113122	0.04	6.02	6.03	33446	752	0.17	          0.45	6.01	6.04	
002734	利民股份	2.14	19460474	0.51	24.30	24.33	8097	181	0.21	          0.66	23.80	24.38	
002869	金溢科技	0.94	19060544	0.26	27.97	27.98	6829	188	0.00	          2.31	27.61	28.11	
002898	赛隆药业	1.82	18940878	0.32	17.94	17.95	10622	304	0.22	          2.66	17.65	18.01	
600300	维维股份	0.71	18900926	0.03	4.22	4.23	45069	60	0.48	          0.27	4.20	4.23	
002776	柏堡龙	0.93	18742420	0.15	16.31	16.32	11454	347	-0.17	          1.09	16.16	16.66	
300559	佳发安泰	2.47	18728508	1.04	43.11	43.14	4356	34	0.09	          0.92	42.23	43.30	
600658	电子城	1.52	18707708	0.15	10.03	10.05	18786	174	0.10	          0.24	9.90	10.06	
600791	京能置业	1.11	18597024	0.07	6.39	6.40	29091	8	0.00	          0.64	6.33	6.43	
600012	皖通高速	0.85	18572348	0.09	10.71	10.72	17360	77	0.09	          0.15	10.61	10.75	
603859	能科股份	1.10	18556032	0.20	18.44	18.46	10119	10	0.71	          2.03	18.25	18.50	
002150	通润装备	4.01	18165742	0.33	8.55	8.56	21706	2185	0.71	          0.79	8.19	8.68	
300600	瑞特股份	1.21	18055726	0.48	40.11	40.15	4445	39	0.12	          1.08	42.43	42.43	
603926	铁流股份	3.04	17927448	0.73	24.75	24.76	7319	2	0.12	          2.44	24.17	24.77	
603035	常熟汽饰	0.45	17837896	0.06	13.46	13.47	13235	3	0.07	          0.77	13.39	13.63	
603767	中马传动	1.00	17690960	0.13	13.15	13.16	13470	17	-0.22	          2.53	12.96	13.26	
603601	再升科技	1.47	17436340	0.19	13.14	13.15	13216	23	0.08	          0.34	12.96	13.44	
603788	宁波高发	0.55	17251692	0.21	38.36	38.37	4515	1	0.00	          0.32	37.83	38.50	
600551	时代出版	1.44	17134396	0.17	11.98	11.99	14392	44	0.00	          0.28	11.82	12.03	
603580	艾艾精工	2.25	16972198	0.57	25.85	25.90	6623	2	0.04	          3.97	25.34	25.90	
603586	金麒麟	1.49	16902250	0.31	21.11	21.13	8074	9	0.24	          1.54	20.92	21.14	
002274	华昌化工	1.73	16818826	0.12	7.05	7.06	24126	470	0.28	          0.49	6.89	7.05	
002860	星帅尔	1.14	16816756	0.43	37.90	38.00	4437	169	-0.20	          2.92	37.69	38.30	
002774	快意电梯	1.23	16707805	0.11	9.07	9.08	18439	334	0.00	          2.20	8.98	9.14	
000952	广济药业	1.36	16638839	0.18	13.40	13.41	12561	642	0.07	          0.50	13.04	13.49	
603101	汇嘉时代	3.40	16543871	0.41	12.46	12.48	13368	1	0.08	          1.86	12.05	12.58	
000880	潍柴重机	6.82	16464705	0.61	9.55	9.56	17825	4176	2.80	          1.32	9.00	9.56	
002608	江苏国信	0.00	16387054	0.00	9.29	9.30	17599	20	-0.20	          0.33	9.18	9.39	
603500	祥和实业	1.00	16385160	0.22	22.30	22.31	7380	5	-0.03	          2.34	22.18	22.47	
600106	重庆路桥	0.25	16349047	0.01	4.07	4.08	40182	100	0.00	          0.40	4.05	4.09	
000833	贵糖股份	1.46	16135562	0.09	6.25	6.26	25997	293	0.32	          0.69	6.18	6.26	
603380	易德龙	2.09	16071839	0.36	17.61	17.62	9238	10	0.06	          2.31	17.33	17.64	
000828	东莞控股	0.67	15855412	0.07	10.51	10.52	15057	12	0.10	          0.14	10.52	10.58	
601858	中国科传	0.53	15709843	0.05	9.40	9.41	16781	10	0.21	          1.29	9.32	9.44	
600379	宝光股份	3.20	15647982	0.27	8.71	8.72	18104	5	0.00	          0.77	8.44	8.73	
002785	万里石	0.97	15364887	0.11	11.47	11.48	13441	568	-0.25	          1.39	11.34	11.58	
600071	凤凰光学	0.23	15247750	0.04	17.41	17.42	8738	176	0.06	          0.37	17.42	17.84	
600730	中国高科	1.01	14957952	0.06	6.01	6.02	25009	8	0.00	          0.43	5.96	6.04	
000068	华控赛格	1.52	14536685	0.07	4.67	4.68	31386	595	0.43	          0.31	4.64	4.72	
600639	浦东金桥	1.02	14204950	0.16	15.88	15.89	8943	2	-0.12	          0.13	15.70	15.99	
603630	拉芳家化	1.39	14193298	0.32	23.28	23.32	6100	33	0.04	          1.40	23.13	23.43	
002060	粤 水 电	0.29	14046074	0.01	3.45	3.46	40662	1720	0.00	          0.34	3.45	3.47	
603860	中公高科	1.92	14005521	0.59	31.26	31.27	4520	2	0.03	          2.71	30.88	31.31	
300511	雪榕生物	1.20	13880438	0.25	21.11	21.12	6602	85	0.00	          0.66	20.71	21.17	
300627	华测导航	10.01	13846993	4.06	44.63	--  	3103	11	0.00	          1.04	44.63	44.63	
300599	雄塑科技	1.47	13749011	0.16	11.03	11.04	12527	193	0.18	          1.38	10.88	11.06	
603226	菲林格尔	1.40	13587985	0.35	25.38	25.39	5398	10	0.00	          2.49	24.99	25.50	
603861	白云电器	1.04	13587637	0.15	14.61	14.62	9298	10	0.00	          0.77	14.84	14.84	
600818	中路股份	1.10	13443258	0.19	17.54	17.59	7716	7	0.17	          0.32	17.43	17.64	
601126	四方股份	1.17	13305007	0.08	6.92	6.93	19249	20	0.00	          0.24	6.90	6.96	
603067	振华股份	1.10	13301181	0.12	11.03	11.04	12143	20	0.64	          1.09	10.92	11.15	
002548	金新农	0.74	13161706	0.07	9.52	9.53	13806	91	0.11	          0.44	9.46	9.66	
603517	绝味食品	0.39	12971218	0.15	39.04	39.20	3323	5	-0.27	          0.66	39.49	39.49	
002659	凯文教育	1.26	12728013	0.16	12.83	12.84	9885	85	-0.15	          0.33	12.67	12.99	
300515	三德科技	2.09	12691523	0.21	10.23	10.24	12512	363	0.20	          1.37	9.97	10.27	
002868	绿康生化	2.01	12649903	0.42	21.27	21.29	5984	135	0.05	          1.99	20.87	21.31	
002374	丽鹏股份	1.10	12621624	0.05	4.59	4.60	27735	1782	0.44	          0.34	4.56	4.60	
300647	超频三	2.02	12530539	0.32	16.15	16.16	7791	229	0.12	          2.60	15.77	16.25	
603203	快克股份	1.65	12467439	0.61	37.49	37.50	3335	4	0.13	          0.82	37.06	37.60	
600644	乐山电力	0.68	12453531	0.04	5.89	5.90	21157	33	-0.16	          0.39	5.82	5.96	
002226	江南化工	0.19	12389693	0.01	5.28	5.29	23462	399	-0.18	          0.26	5.30	5.33	
000523	广州浪奇	1.14	12370045	0.08	7.09	7.10	17487	150	-0.13	          0.39	7.01	7.12	
002816	和科达	1.77	12330053	0.28	16.11	16.12	7714	238	0.25	          1.20	15.81	16.15	
000850	华茂股份	0.00	12159914	0.00	4.22	4.23	28688	162	0.00	          0.30	4.22	4.27	
000526	*ST紫学	3.71	12133596	1.00	27.92	27.95	4383	53	0.14	          0.46	26.86	28.14	
300452	山河药辅	2.28	12003084	0.48	21.50	21.55	5603	48	0.14	          1.33	21.07	21.65	
300572	安车检测	4.35	11981361	2.87	68.90	68.91	1781	23	0.03	          0.58	66.00	68.98	
600129	太极集团	0.52	11958142	0.08	15.32	15.33	7799	20	-0.12	          0.18	15.50	15.50	
600746	江苏索普	0.12	11870340	0.01	8.14	8.15	14623	20	0.00	          0.48	8.13	8.20	
603345	安井食品	0.66	11630302	0.16	24.38	24.41	4778	3	0.08	          0.39	24.25	24.47	
600824	益民集团	0.69	11472705	0.03	4.38	4.40	26203	255	0.00	          0.25	4.36	4.42	
002758	华通医药	0.12	11424493	0.01	8.68	8.70	13139	12	0.58	          1.06	8.67	8.80	
600235	民丰特纸	0.00	11282791	0.00	6.03	6.04	18592	51	0.17	          0.53	6.06	6.15	
603030	全筑股份	0.69	11120377	0.05	7.34	7.35	15175	4	0.27	          0.62	7.27	7.38	
002803	吉宏股份	0.69	10856634	0.28	40.88	40.89	2634	66	0.07	          0.57	40.99	42.50	
600033	福建高速	0.28	10795557	0.01	3.54	3.55	30486	50	0.00	          0.11	3.53	3.55	
603608	天创时尚	0.40	10795301	0.04	10.08	10.09	10702	50	-0.09	          0.84	9.97	10.19	
002732	燕塘乳业	0.12	10786375	0.03	25.77	25.78	4187	149	0.08	          0.27	25.80	25.94	
002461	珠江啤酒	0.31	10738131	0.03	9.64	9.65	11146	94	0.10	          0.16	9.61	9.69	
603020	爱普股份	3.08	10716006	0.33	11.04	11.08	9906	426	2.51	          0.51	10.72	11.10	
600329	中新药业	1.41	10650474	0.19	13.62	13.64	7865	2	0.07	          0.14	13.45	13.65	
600189	吉林森工	0.54	10277648	0.04	7.51	7.52	13682	51	0.13	          0.44	7.45	7.58	
002478	常宝股份	1.62	10043493	0.08	5.01	5.02	20103	238	0.20	          0.33	4.95	5.02	
600223	鲁商置业	0.00	9946746	0.00	3.68	3.69	27059	100	0.27	          0.27	3.69	3.71	
600321	正源股份	0.30	9772979	0.01	3.39	3.40	28882	272	0.30	          0.24	3.40	3.41	
600792	云煤能源	0.79	9540777	0.03	3.83	3.84	24934	20	0.00	          0.25	3.83	3.85	
000096	广聚能源	0.37	9334454	0.05	13.55	13.56	6917	206	0.07	          0.14	13.47	13.57	
002871	伟隆股份	1.35	9148115	0.41	30.77	30.78	2987	28	0.00	          1.76	30.48	30.92	
300281	金明精机	1.45	9126103	0.15	10.53	10.54	8720	344	0.67	          0.59	10.32	10.54	
600883	博闻科技	0.13	9053355	0.01	7.98	8.00	11275	94	-0.11	          0.48	7.98	8.11	
603266	天龙股份	1.43	9009557	0.33	23.37	23.40	3880	5	-0.16	          1.55	23.25	23.45	
603178	圣龙股份	1.21	9000873	0.15	12.53	12.55	7231	30	0.16	          1.45	12.38	12.56	
600774	汉商集团	1.19	8859141	0.19	16.07	16.20	5508	14	-0.67	          0.32	15.90	16.27	
000779	三毛派神	1.46	8753230	0.18	12.53	12.54	7013	144	0.00	          0.38	12.35	12.57	
300305	裕兴股份	1.29	8595949	0.09	7.05	7.06	12270	99	-0.41	          0.75	6.93	7.09	
300169	天晟新材	1.31	8585026	0.08	6.17	6.18	13946	210	0.16	          0.54	6.12	6.20	
000803	*ST金宇	4.00	8433913	0.82	21.28	21.30	3963	3	0.24	          0.31	21.44	21.44	
002290	中科新材	0.74	8080749	0.08	10.86	10.87	7420	208	-0.08	          0.45	10.79	11.04	
601188	龙江交通	1.26	8076150	0.05	4.02	4.03	20174	11	0.00	          0.15	3.98	4.03	
600272	开开实业	0.33	8046237	0.03	8.99	9.02	8958	10	0.00	          0.56	9.06	9.07	
601177	杭齿前进	1.70	8034645	0.13	7.78	7.79	10392	5	-0.12	          0.26	7.65	7.80	
601798	蓝科高新	0.88	7990799	0.07	8.06	8.07	9902	13	-0.11	          0.28	7.98	8.16	
600218	全柴动力	0.66	7837679	0.04	6.13	6.14	12844	6	0.16	          0.35	6.10	6.14	
002046	轴研科技	1.12	7606137	0.09	8.16	8.17	9344	121	0.12	          0.27	8.14	8.20	
000637	茂化实华	0.56	7544139	0.03	5.35	5.36	14137	258	-0.18	          0.39	5.31	5.37	
002613	北玻股份	0.94	7322457	0.03	3.21	3.22	22716	242	0.00	          0.42	3.21	3.26	
002337	赛象科技	0.80	7283788	0.04	5.00	5.01	14548	247	0.20	          0.25	4.97	5.06	
603633	徕木股份	1.67	7034409	0.26	15.82	15.83	4471	4	-0.05	          0.54	15.68	15.86	
002487	大金重工	1.57	6803191	0.07	4.53	4.54	15149	1086	0.44	          0.28	4.45	4.54	
600819	耀皮玻璃	0.41	6103119	0.02	4.88	4.89	12567	60	0.41	          0.17	4.86	4.88	
002420	毅昌股份	0.45	6080296	0.02	4.49	4.50	13533	485	0.00	          0.35	4.48	4.54	
数据来源:通达信
