代码	名称	涨幅%%	总金额	现价	买价	卖价	总量	现量	涨速%%	换手%%	
000651	格力电器	-4.83	6096349696	52.01	52.00	52.01	1157391	8120	0.00	          1.94	
601318	中国平安	-1.40	5485814784	69.81	69.80	69.81	780995	42	0.22	          0.72	
00939	建设银行	-1.06	4215758592	8.380	8.380	8.390	501478464	62430000	0.60	          0.21	
00005	汇丰控股	-1.19	2942022400	78.600	78.600	78.650	37296696	1816000	-0.06	          0.18	
01398	工商银行	-1.85	2862282752	6.900	6.890	6.900	412455712	49026000	0.29	          0.48	
600048	保利地产	-3.84	2718958848	14.51	14.48	14.49	1868184	2306	0.62	          1.59	
601288	农业银行	-2.78	2697143296	4.20	4.18	4.19	6379449	130	0.24	          0.22	
000333	美的集团	-5.37	2667769344	54.60	54.60	54.61	478853	7961	-0.45	          0.75	
002460	赣锋锂业	-2.49	2442598912	71.01	71.01	71.02	341402	5030	-0.05	          6.57	
600516	方大炭素	-3.71	2404043520	29.32	29.29	29.30	807247	252	-0.26	          4.70	
601398	工商银行	-3.28	2345465600	6.79	6.76	6.78	3437454	1026	0.74	          0.13	
000858	五 粮 液	-3.08	2243446016	76.10	76.10	76.11	290749	2860	0.05	          0.77	
600036	招商银行	-2.03	2216706048	30.87	30.85	30.86	715338	5171	0.42	          0.35	
600019	宝钢股份	-4.52	2203170048	10.14	10.12	10.13	2157809	332	0.40	          0.98	
600585	海螺水泥	-5.94	2083176064	33.08	33.00	33.01	621494	363	0.36	          1.55	
601166	兴业银行	-0.93	2058983808	18.08	18.06	18.07	1137611	416	0.33	          0.60	
600690	青岛海尔	-4.16	1836026624	19.79	19.78	19.79	923220	15	0.20	          1.51	
601899	紫金矿业	-3.89	1748333952	4.70	4.69	4.70	3688115	1091	0.43	          2.33	
600029	南方航空	-3.97	1694564992	12.08	12.08	12.09	1392417	303	0.58	          1.98	
002466	天齐锂业	-3.28	1687329280	59.00	58.99	59.00	283953	4395	0.00	          2.50	
000002	万 科Ａ	-3.74	1683177728	32.90	32.90	32.91	506598	6341	-0.02	          0.52	
000001	平安银行	-2.77	1590018432	12.28	12.28	12.29	1285869	11134	-0.15	          0.76	
00941	中国移动	-0.54	1586939264	73.850	73.800	73.850	21454592	3589500	0.07	          0.10	
002925	盈趣科技	-9.54	1542476928	88.20	88.19	88.20	167861	4948	-0.53	         22.38	
601699	潞安环能	-6.56	1516527744	12.67	12.66	12.67	1185347	23	0.32	          3.96	
601939	建设银行	-3.77	1446251136	8.42	8.41	8.42	1704025	1155	0.60	          1.78	
001979	招商蛇口	-5.19	1434279808	21.91	21.91	21.92	648897	3484	0.14	          3.42	
601088	中国神华	-5.11	1344848768	24.51	24.47	24.50	541746	279	0.29	          0.33	
600740	山西焦化	-7.78	1299838336	13.39	13.43	13.44	953151	44	0.15	         14.51	
601328	交通银行	-1.79	1284472704	6.58	6.58	6.59	1945104	3	0.30	          0.50	
600507	方大特钢	-3.83	1197943552	18.56	18.52	18.54	643380	70	0.49	          4.85	
000825	太钢不锈	-4.04	1181545472	6.88	6.87	6.88	1683708	29468	-0.28	          2.96	
002001	新 和 成	-4.58	1165919872	37.69	37.69	37.70	301408	4388	-0.04	          2.81	
600028	中国石化	-1.06	1129185920	6.56	6.55	6.56	1720690	30	0.15	          0.18	
02007	碧桂园	-3.91	1106967424	14.240	14.240	14.260	76658904	3809000	0.14	          0.35	
01288	农业银行	-1.98	1097751680	4.450	4.450	4.460	245252864	17920000	0.00	          0.80	
601988	中国银行	-1.82	1080786688	4.32	4.31	4.32	2495358	146	0.23	          0.12	
01918	融创中国	-5.71	1072290560	28.900	28.800	28.900	36459880	1500000	1.05	          0.83	
601225	陕西煤业	-5.00	1031534848	8.74	8.74	8.75	1167274	1	-0.10	          1.17	
01088	中国神华	-3.42	947845824	22.600	22.600	22.650	41477964	2342000	0.22	          1.22	
601336	新华保险	-3.42	913853696	53.97	53.95	53.96	168773	6	0.15	          0.81	
601933	永辉超市	-2.90	890485568	10.39	10.38	10.39	852075	15	0.29	          1.31	
600031	三一重工	-2.85	879722368	8.52	8.52	8.53	1024665	157	-0.11	          1.34	
600188	兖州煤业	-7.11	846989120	15.94	15.94	15.96	521816	13	-0.24	          1.76	
03968	招商银行	-2.30	832644672	34.000	33.950	34.000	24382986	3235500	0.29	          0.53	
601009	南京银行	-4.84	822183808	9.04	9.06	9.07	889601	96	-0.54	          1.10	
03993	洛阳钼业	-7.26	811743808	6.260	6.250	6.260	126695464	1560000	-0.16	          3.22	
601818	光大银行	-2.01	789706496	4.38	4.38	4.39	1796252	47	0.23	          0.45	
600104	上汽集团	-0.26	776204608	34.39	34.37	34.38	226628	7	0.26	          0.20	
002110	三钢闽光	-3.48	765331136	22.74	22.74	22.75	333707	2412	-0.03	          3.37	
00998	中信银行	-1.84	760876544	5.880	5.870	5.880	129132232	5310000	0.34	          0.87	
002650	加加食品	-5.79	756523136	4.72	4.71	4.72	1614806	17729	-0.62	         17.08	
600282	南钢股份	-1.76	755382720	5.59	5.59	5.60	1344724	102	-0.17	          3.47	
600581	八一钢铁	-5.24	737167936	15.74	15.71	15.72	462492	11	0.13	          6.03	
600016	民生银行	-2.05	724540160	8.59	8.59	8.60	833898	12	-0.11	          0.28	
600383	金地集团	-2.35	704257344	12.46	12.45	12.46	562938	14	0.32	          1.25	
000932	*ST华菱	-2.82	689307520	10.01	10.01	10.02	682445	4756	0.10	          2.26	
01109	华润置地	-3.36	667585728	28.800	28.800	28.850	22892122	1960000	-0.17	          0.33	
002594	比亚迪	-2.23	644261760	63.46	63.46	63.47	100651	704	0.06	          0.88	
601636	旗滨集团	-5.55	633187584	6.81	6.81	6.82	916950	62	-0.14	          3.65	
002251	步 步 高	-7.88	623624320	16.61	16.60	16.61	364671	7951	0.24	          4.80	
002035	华帝股份	-6.23	594704960	30.23	30.23	30.24	197823	435	0.10	          3.80	
000672	上峰水泥	-5.34	590439424	11.88	11.87	11.88	488939	6506	0.08	          6.01	
02238	广汽集团	-2.40	586551936	17.900	17.880	17.900	32622028	1520000	0.45	          1.47	
00215	和记电讯香港	-14.67	585931712	2.850	2.840	2.850	204596528	1984000	0.00	          4.25	
600111	北方稀土	-1.92	584769088	12.75	12.76	12.77	456380	30	-0.07	          1.26	
600782	新钢股份	-3.62	578764608	7.72	7.72	7.73	740742	7	-0.12	          2.66	
000933	神火股份	-2.31	566622848	8.05	8.05	8.06	704317	4242	-0.11	          3.71	
000983	西山煤电	-4.27	561384064	9.19	9.19	9.20	602710	3509	-0.10	          1.91	
002050	三花智控	-3.12	550061888	19.57	19.56	19.57	280930	1267	0.05	          1.80	
02601	中国太保	-1.51	533725888	39.150	39.100	39.150	13580067	2149000	0.38	          0.49	
03333	中国恒大	-3.75	513043744	23.100	23.050	23.100	22074720	1520000	0.43	          0.17	
00762	中国联通	-0.20	503678240	10.120	10.100	10.120	49826488	4580000	0.20	          0.16	
01211	比亚迪股份	-2.14	499532704	73.150	73.100	73.150	6757196	622000	-0.14	          0.74	
000898	鞍钢股份	-3.87	492960128	7.21	7.21	7.22	674787	5675	0.00	          1.10	
000960	锡业股份	-3.37	485999040	14.62	14.62	14.63	328963	4287	-0.13	          2.72	
300212	易华录	-5.32	481565024	30.64	30.63	30.64	153479	3453	0.07	          5.03	
01171	兖州煤业股份	-7.08	468464384	11.820	11.800	11.820	38619432	1386000	0.34	          1.98	
601997	贵阳银行	-1.92	446487744	15.32	15.31	15.32	289201	56	0.00	          2.33	
600348	阳泉煤业	-4.23	445114880	8.61	8.59	8.60	513341	20	0.12	          2.13	
601229	上海银行	-2.38	444493824	15.56	15.55	15.56	283692	13	0.13	          0.77	
002714	牧原股份	-4.32	435958816	48.25	48.25	48.26	90062	572	-0.09	          1.50	
03328	交通银行	-1.23	434312864	6.400	6.390	6.400	67656288	5470000	0.16	          0.19	
600547	山东黄金	-1.20	431316352	26.30	26.31	26.32	164198	50	0.04	          1.13	
02319	蒙牛乳业	-2.08	425027904	25.950	25.950	26.000	16316670	1061000	0.00	          0.42	
01988	民生银行	-2.00	417920128	8.330	8.320	8.330	49987220	4048500	0.48	          0.72	
000789	万年青	-4.03	397661312	10.72	10.72	10.73	367007	3732	-0.08	          5.98	
002304	洋河股份	-1.22	390315552	127.21	127.21	127.22	30546	209	-0.06	          0.25	
600808	马钢股份	-2.53	389014784	4.23	4.23	4.24	913219	56	-0.23	          1.53	
002092	中泰化学	-2.12	385055104	12.90	12.89	12.90	297359	3525	-0.07	          1.46	
600426	华鲁恒升	-3.08	382969408	18.26	18.25	18.26	209010	23	-0.15	          1.29	
000792	盐湖股份	-2.24	379895040	12.68	12.67	12.68	297072	4871	0.00	          1.08	
000568	泸州老窖	-2.37	379823552	60.09	60.09	60.10	62384	483	-0.09	          0.44	
03323	中国建材	-4.28	372682656	7.610	7.600	7.610	48078360	3980000	-0.26	          1.67	
002572	索菲亚	-4.21	368976320	36.88	36.88	36.89	99895	139	-0.04	          1.61	
600176	中国巨石	-3.09	357071872	15.99	15.99	16.00	220794	46	-0.11	          0.76	
600569	安阳钢铁	-2.28	350692352	5.14	5.14	5.15	678014	177	-0.18	          2.83	
600346	恒力股份	-4.97	349451264	15.50	15.48	15.49	220822	1	-0.12	          2.40	
600970	中材国际	-2.30	345409856	9.77	9.76	9.77	352497	22	-0.19	          2.09	
601857	中国石油	-1.57	342018016	8.13	8.13	8.14	418637	146	0.12	          0.03	
600216	浙江医药	-2.19	337256800	15.61	15.60	15.62	212286	6	-0.12	          2.24	
01548	金斯瑞生物科技	-2.20	335584096	24.450	24.450	24.500	13763200	60000	-0.61	          0.79	
02899	紫金矿业	-6.25	330019744	3.750	3.740	3.750	86573432	3586000	0.54	          1.51	
601998	中信银行	-1.54	329416000	7.03	7.02	7.03	468209	100	0.43	          0.15	
600436	片仔癀	-0.84	318002560	74.12	74.10	74.17	43105	24	-0.10	          0.71	
000426	兴业矿业	-4.16	315514400	11.07	11.06	11.07	281975	1250	0.09	          2.12	
002127	南极电商	-1.98	313566752	14.34	14.34	14.35	217699	1191	-0.41	          2.25	
00817	中国金茂	-6.49	304158272	4.610	4.600	4.610	65327560	1298000	0.66	          0.56	
00884	旭辉控股集团	-4.42	301044352	6.490	6.450	6.490	46590968	2894000	1.41	          0.61	
600801	华新水泥	-3.27	297265120	13.59	13.59	13.60	216298	16	0.07	          2.22	
600153	建发股份	-3.42	297123872	12.43	12.40	12.42	236803	60	-0.07	          0.84	
300003	乐普医疗	-1.91	295838080	26.76	26.75	26.76	109448	966	0.11	          0.78	
601666	平煤股份	-4.44	291256960	6.46	6.45	6.47	445623	550	-0.14	          1.89	
300075	数字政通	-0.06	288699232	16.25	16.25	16.26	179506	1805	0.18	          6.55	
002294	信立泰	-4.75	286417088	38.34	38.34	38.35	73830	794	0.03	          0.71	
002709	天赐材料	-2.52	285097408	46.10	46.10	46.11	61828	746	0.09	          3.28	
600015	华夏银行	-1.47	283535776	9.40	9.39	9.40	300188	5	0.00	          0.23	
600919	江苏银行	-1.05	283052832	7.54	7.54	7.55	373622	215	-0.12	          0.63	
002128	露天煤业	-3.32	278735904	10.49	10.48	10.49	263878	1864	0.00	          1.61	
601169	北京银行	-2.00	273343808	7.34	7.34	7.35	368820	10	-0.13	          0.20	
02202	万科企业	-1.65	271908224	35.800	35.750	35.800	7523600	972100	0.14	          0.57	
600810	神马股份	-1.76	267797904	10.60	10.59	10.61	254219	14	-0.46	          5.75	
600499	科达洁能	-2.51	262394208	10.10	10.10	10.11	258304	114	-0.09	          1.83	
000663	永安林业	-10.00	261657952	16.29	--  	16.29	156362	675	0.00	          7.24	
01958	北京汽车	-3.38	260981216	10.300	10.280	10.300	24566556	693000	-0.77	          1.17	
002080	中材科技	-4.57	258651664	21.71	21.70	21.71	116852	1055	-0.08	          2.92	
000709	河钢股份	-1.49	254430128	3.97	3.97	3.98	638526	4220	0.00	          0.60	
002271	东方雨虹	-3.57	250887504	40.00	40.00	40.01	62178	372	0.00	          1.09	
600022	山东钢铁	-1.33	239499056	2.23	2.23	2.24	1070400	379	0.00	          1.00	
300409	道氏技术	-2.29	234869584	51.16	51.15	51.16	45617	143	-0.07	          3.47	
600971	恒源煤电	-3.71	227151200	10.37	10.36	10.37	216095	16	-0.09	          2.16	
600060	海信电器	-3.37	224423008	15.48	15.45	15.46	143885	16	0.13	          1.10	
02600	中国铝业	-2.29	222397040	4.700	4.690	4.700	47088848	2314000	0.00	          1.19	
600219	南山铝业	-1.47	222366960	3.35	3.35	3.36	662702	50	0.00	          0.93	
002188	ST巴士	-5.00	220283792	7.60	--  	7.60	287750	963	0.00	         15.60	
000625	长安汽车	-1.40	217834000	11.96	11.95	11.96	181131	4720	0.00	          0.48	
002192	融捷股份	-2.06	216773696	27.12	27.11	27.12	79989	1322	0.04	          4.20	
000876	新 希 望	-1.55	216648320	7.60	7.60	7.61	283862	1429	-0.12	          0.68	
603833	欧派家居	-3.07	215015648	141.99	142.50	142.70	15292	45	1.80	          3.68	
600141	兴发集团	-2.64	213625104	15.48	15.48	15.49	138005	10	0.06	          2.76	
601011	宝泰隆	-2.47	208083552	7.50	7.50	7.51	276262	5	0.00	          2.02	
01030	新城发展控股	-4.01	204503312	5.990	5.980	5.990	33918000	338000	0.34	          0.57	
000877	天山股份	-1.83	202265728	10.73	10.73	10.74	187976	1892	-0.08	          2.14	
601228	广州港	-3.32	199638720	5.83	5.83	5.84	341512	20	0.34	          4.89	
002508	老板电器	-10.00	199265312	45.19	--  	45.19	44095	248	0.00	          0.47	
000055	方大集团	-2.14	199069200	7.77	7.77	7.78	255299	3689	-0.25	          3.76	
601003	柳钢股份	-1.96	195826880	7.52	7.51	7.52	258738	117	-0.39	          1.01	
00813	世茂房地产	-5.66	194444352	20.000	20.000	20.050	9611464	724500	0.10	          0.28	
02777	富力地产	-2.67	192801088	18.940	18.920	18.940	10154446	356800	0.42	          1.00	
600926	杭州银行	-1.99	192368352	11.80	11.80	11.81	161714	24	0.08	          1.10	
300401	花园生物	-2.41	191317664	45.85	45.84	45.85	41456	643	0.33	          2.43	
00960	龙湖地产	-4.47	190605232	23.500	23.450	23.500	7958372	552000	0.21	          0.13	
000418	小天鹅Ａ	-1.62	188352912	71.70	71.70	71.71	26365	168	0.06	          0.60	
600518	康美药业	-0.05	187272880	21.17	21.17	21.18	88581	382	0.05	          0.20	
600208	新湖中宝	-1.81	186197712	4.34	4.33	4.34	429200	8	0.23	          0.50	
01169	海尔电器	-3.01	186066560	27.400	27.350	27.400	6790137	690000	0.00	          0.24	
002136	安 纳 达	-1.73	183818992	15.87	15.86	15.87	115866	1626	-0.18	          5.43	
00670	中国东方航空股份	-6.89	183025616	6.620	6.620	6.630	27056968	494000	-0.15	          0.58	
01339	中国人民保险集团	-0.92	182573232	4.310	4.300	4.310	42253524	4750000	0.47	          0.48	
000910	大亚圣象	-4.31	178332720	21.53	21.52	21.53	82435	273	-0.04	          1.56	
01359	中国信达	-1.32	178222896	2.980	2.970	2.980	59676700	5049000	0.34	          0.44	
600298	安琪酵母	-3.25	176516144	30.97	30.96	30.97	56275	7	-0.18	          0.68	
600829	人民同泰	-8.25	174065312	11.23	11.22	11.24	152645	33	0.54	          2.63	
600138	中青旅	-2.86	172261440	22.44	22.40	22.49	76216	6	0.13	          1.05	
01813	合景泰富	-4.78	168532672	11.160	11.160	11.200	14871662	697000	-0.53	          0.47	
603180	金牌厨柜	-4.18	167559376	153.75	153.78	153.85	10800	1	0.00	          6.35	
600511	国药股份	-0.80	166841840	29.58	29.60	29.62	56481	19	0.00	          2.03	
00347	鞍钢股份	-2.06	166499424	8.550	8.520	8.550	19387812	154000	0.12	          1.79	
02313	申洲国际	-0.64	166464656	77.500	77.500	77.550	2152645	279000	0.26	          0.14	
002258	利尔化学	-2.65	164695872	21.65	21.64	21.65	76078	1693	0.37	          1.45	
00358	江西铜业股份	-2.94	162871888	12.540	12.520	12.540	12884730	551000	0.32	          0.93	
600872	中炬高新	-2.25	161732000	27.34	27.34	27.35	59235	164	0.00	          0.74	
00932	顺腾国际控股	-1.61	160136848	1.220	--  	--  	131092000	120000	0.00	          6.20	
600212	江泉实业	-5.69	158118384	7.95	7.91	7.93	202925	14	1.53	          3.97	
002729	好利来	-9.99	157974496	40.46	--  	40.46	38657	261	0.00	          5.80	
600600	青岛啤酒	-2.31	157069168	38.13	38.13	38.16	41037	10	-0.23	          0.59	
601000	唐山港	-1.95	154995776	5.03	5.03	5.04	307399	26	-0.19	          0.72	
01208	五矿资源	-6.77	151049408	5.650	5.640	5.650	26267364	284000	0.18	          0.33	
601333	广深铁路	-1.66	148777952	4.75	4.74	4.75	311435	24	0.00	          0.55	
600985	雷鸣科化	-1.41	146266000	16.04	15.95	16.02	92291	31	-0.36	          3.51	
000507	珠海港	-1.00	145058080	8.92	8.91	8.92	163203	1389	0.00	          2.11	
601101	昊华能源	-2.62	144513536	7.81	7.80	7.81	184492	31	0.00	          1.54	
002866	传艺科技	-0.25	143044288	24.13	24.13	24.14	60370	1132	0.08	         16.81	
300675	建科院	-1.71	142602912	31.53	31.52	31.53	45423	1213	0.35	         12.39	
002842	翔鹭钨业	-2.83	139091328	42.27	42.27	42.29	33085	324	0.21	          7.83	
03383	雅居乐集团	-2.53	138001152	13.120	13.080	13.120	10449078	426000	0.15	          0.27	
600123	兰花科创	-1.72	137903648	8.56	8.56	8.57	160417	5	-0.11	          1.40	
03908	中金公司	-3.68	136756016	15.200	15.180	15.200	8912234	139600	0.53	          0.59	
600231	凌钢股份	-2.05	134728752	4.77	4.77	4.78	282079	8	0.00	          1.75	
02799	中国华融	-1.37	134582384	3.600	3.580	3.600	37299456	5289000	0.84	          0.15	
600338	西藏珠峰	-2.05	134180560	36.71	36.69	36.70	36332	10	-0.26	          2.29	
600486	扬农化工	-0.15	132608736	53.34	53.24	53.34	25160	1	0.45	          0.81	
600754	锦江股份	-2.87	130229048	36.89	36.88	36.89	35183	2	-0.10	          0.54	
603801	志邦股份	-2.70	126186752	60.14	60.12	60.13	20862	1	0.02	          5.22	
600258	首旅酒店	-2.43	123674672	31.28	31.29	31.30	39037	1	0.00	          0.75	
601001	大同煤业	-3.50	122029200	6.06	6.05	6.06	199661	186	-0.15	          1.19	
000761	本钢板材	-2.25	120942896	5.22	5.21	5.22	230597	1422	0.00	          0.84	
01186	中国铁建	-0.47	120736608	8.530	8.520	8.530	14194811	1337500	0.24	          0.68	
06886	HTSC	-1.35	115036752	16.100	16.080	16.100	7170662	811800	0.63	          0.42	
002102	冠福股份	-2.23	113790656	4.82	4.82	4.83	234040	1365	0.00	          1.48	
000778	新兴铸管	-1.15	111182872	5.18	5.18	5.19	214133	1935	-0.18	          0.59	
00772	阅文集团	-0.45	110348160	78.100	--  	--  	1410224	200	-0.13	          0.16	
600023	浙能电力	-0.18	110001896	5.63	5.63	5.64	196019	60	0.00	          0.14	
603288	海天味业	-0.52	109596680	55.00	55.00	55.03	20019	1	-0.12	          0.07	
06881	中国银河	-1.05	108643416	5.630	5.620	5.630	19312560	2565500	0.36	          0.52	
00371	北控水务集团	-1.15	108116184	5.140	5.130	5.140	20972940	2822000	0.59	          0.23	
01728	正通汽车	-5.84	106412176	6.930	6.920	6.930	15213000	153000	0.58	          0.61	
000301	东方市场	-1.57	104454880	6.28	6.27	6.28	166312	2127	-0.15	          1.37	
03800	保利协鑫能源	-0.79	103971504	1.250	1.240	1.250	82376408	4526000	0.00	          0.44	
000587	金洲慈航	-1.84	103943448	6.94	6.93	6.94	148764	8699	-0.13	          1.23	
600622	光大嘉宝	-3.00	103469632	13.88	13.89	13.90	74665	8	0.14	          1.12	
02009	金隅集团	-2.77	103103912	3.860	3.850	3.860	26250094	316000	0.26	          1.12	
603458	勘设股份	-0.40	101946352	64.46	64.46	64.53	15773	34	0.06	          5.08	
600988	赤峰黄金	-1.62	101052016	5.48	5.48	5.49	184008	22	0.00	          1.51	
600395	盘江股份	-2.03	100792464	6.74	6.73	6.74	149406	8	0.00	          0.90	
000157	中联重科	-0.92	97978352	4.29	4.29	4.30	227826	2118	-0.22	          0.37	
000546	金圆股份	-4.56	97835864	13.80	13.79	13.80	69789	670	0.07	          1.24	
601021	春秋航空	-2.42	96824184	33.47	33.45	33.49	28962	2	-0.08	          0.36	
000937	冀中能源	-1.92	96806392	5.63	5.63	5.64	171359	1779	0.00	          0.59	
000831	五矿稀土	-1.52	96384848	10.40	10.39	10.40	92509	1082	0.00	          0.94	
002311	海大集团	-2.13	96290736	22.07	22.07	22.10	43397	591	-0.17	          0.28	
00323	马鞍山钢铁股份	-3.69	95383688	4.180	4.170	4.180	22569032	356000	0.00	          1.30	
600997	开滦股份	-2.12	94971728	6.01	6.01	6.02	157394	92	0.00	          1.27	
002431	棕榈股份	-1.20	94665632	7.42	7.41	7.42	127563	2058	0.00	          1.10	
000008	神州高铁	-1.64	93735496	7.78	7.75	7.78	121813	9728	0.78	          0.61	
00665	海通国际	-2.59	93204736	4.880	4.870	4.880	18873000	158000	0.21	          0.34	
002563	森马服饰	-3.10	92670352	9.06	9.05	9.06	101497	123	-0.10	          0.55	
01999	敏华控股	-4.03	89680256	7.150	7.140	7.150	12420000	117200	0.42	          0.32	
002422	科伦药业	-1.49	88246560	25.06	25.05	25.06	35050	567	-0.11	          0.34	
600295	鄂尔多斯	-2.54	86362424	12.26	12.26	12.27	69734	50	-0.07	          1.14	
601898	中煤能源	-2.11	86037352	5.58	5.57	5.58	153294	16	-0.17	          0.17	
603589	口子窖	-0.48	85932856	43.94	43.90	43.96	19650	4	0.25	          0.67	
03377	远洋集团	-1.06	85537120	5.580	5.570	5.580	15128040	1591000	0.18	          0.20	
002233	塔牌集团	-1.52	85531232	11.02	11.01	11.02	77400	351	-0.08	          0.96	
600307	酒钢宏兴	-1.11	85524552	2.67	2.67	2.68	320461	38	0.00	          0.51	
002112	三变科技	-9.22	84282208	11.52	11.52	11.57	73603	2436	-3.10	          4.03	
002061	浙江交科	-1.16	82830472	15.38	15.37	15.38	53581	284	-0.25	          1.18	
601100	恒立液压	-0.58	81964936	32.55	32.60	32.68	25135	6	0.40	          0.40	
000822	山东海化	-1.18	81648896	8.39	8.38	8.39	97170	542	0.12	          1.09	
000552	靖远煤电	-2.45	80782712	3.58	3.58	3.59	224113	1479	-0.27	          1.44	
600739	辽宁成大	-0.23	80397456	17.47	17.47	17.48	45785	12	-0.05	          0.34	
00581	中国东方集团	-2.84	80177712	6.150	6.150	6.160	12736000	66000	0.16	          0.34	
601600	中国铝业	-10.03	79823536	6.55	--  	6.55	121868	13	0.00	          0.11	
00291	华润啤酒	-0.32	79776672	30.800	30.700	30.800	2604782	766000	0.65	          0.08	
08207	中新控股	-0.99	79309352	1.000	--  	--  	79360000	20000	0.00	          0.35	
601886	江河集团	-2.59	78788072	8.65	8.65	8.66	90029	20	0.23	          0.96	
600684	珠江实业	-2.83	78411080	6.18	6.17	6.18	125841	147	-0.15	          1.47	
600418	江淮汽车	-1.41	77357000	7.70	7.72	7.73	100078	25	-0.38	          0.69	
002124	天邦股份	-1.03	77329216	9.61	9.61	9.62	81298	1127	0.10	          2.13	
01919	中远海控	-1.19	77205600	4.140	4.140	4.150	18491638	448000	0.00	          0.72	
002387	黑牛食品	-2.70	77186088	15.86	15.85	15.86	48011	1293	-0.18	          1.50	
601326	秦港股份	-1.27	77009288	5.46	5.46	5.47	141371	59	0.00	          2.53	
03618	重庆农村商业银行	-4.63	76305584	6.390	6.390	6.400	11757585	1021000	-0.16	          0.47	
03900	绿城中国	-3.73	75908584	11.880	11.880	11.920	6336825	56000	0.17	          0.29	
002262	恩华药业	-1.83	75449936	13.42	13.40	13.42	55828	177	0.00	          0.65	
000016	深康佳Ａ	-1.82	74841672	5.93	5.93	5.94	125095	935	-0.16	          0.78	
002588	史丹利	-1.57	74763088	7.50	7.48	7.50	99754	1273	0.27	          1.41	
000550	江铃汽车	-1.35	74644592	19.05	19.05	19.06	39203	665	0.26	          0.76	
601015	陕西黑猫	-2.17	73269776	8.55	8.55	8.56	85599	15	0.12	          0.92	
03380	龙光地产	-3.48	72279048	10.540	10.540	10.560	6821581	132000	0.57	          0.12	
002330	得利斯	-3.11	71163352	7.80	7.79	7.80	90127	7806	-0.63	          1.80	
600717	天津港	-1.07	70603144	10.18	10.18	10.19	69201	10	0.00	          0.41	
002071	长城影视	-2.38	70575840	9.01	9.01	9.02	77984	1019	-0.43	          1.51	
00494	利丰	-1.53	70025808	3.870	3.870	3.880	18004360	1748000	0.00	          0.21	
300621	维业股份	-3.70	69745072	19.25	19.25	19.26	36340	664	0.21	         10.69	
00806	惠理集团	-1.29	68942392	7.650	7.630	7.650	8866800	92000	0.13	          0.48	
00081	中国海外宏洋集团	-1.47	68938456	4.010	4.010	4.020	17192060	195000	0.25	          0.50	
01628	禹洲地产	-1.80	68897024	4.900	4.890	4.900	13859000	197000	0.41	          0.33	
002155	湖南黄金	-1.26	68107040	8.60	8.59	8.60	79048	855	0.00	          0.74	
002248	*ST东数	-3.52	67562232	9.88	9.88	9.89	67306	851	-0.09	          2.19	
06818	中国光大银行	-1.43	66529436	4.130	4.120	4.130	16079616	666000	0.24	          0.13	
000758	中色股份	-1.58	66273100	6.21	6.21	6.22	106507	730	-0.15	          0.54	
603399	吉翔股份	-2.89	66165008	14.11	14.07	14.08	46178	140	-0.62	          0.92	
03883	中国奥园	-2.52	65748500	6.180	6.170	6.180	10556860	83000	0.16	          0.39	
01898	中煤能源	-2.17	64197284	3.610	3.610	3.620	17557712	415000	-0.28	          0.43	
00384	中国燃气	-0.61	63094552	24.450	24.450	24.500	2576350	708400	0.41	          0.05	
300299	富春股份	-1.98	62589572	7.44	7.43	7.44	84522	925	0.13	          2.01	
600686	金龙汽车	-0.92	61423868	11.86	11.86	11.87	51834	86	-0.16	          1.17	
002501	利源精制	-1.09	60537640	9.07	9.06	9.07	66566	677	0.00	          0.71	
603661	恒林股份	-1.31	60449776	57.16	57.15	57.16	10565	9	0.07	          4.23	
603708	家家悦	-2.02	60335704	19.89	19.93	19.94	30467	6	0.15	          1.94	
01528	红星美凯龙	-0.86	59201232	9.180	9.140	9.180	6347600	50000	0.11	          0.60	
002609	捷顺科技	-1.08	58690820	14.67	14.66	14.67	39852	794	0.14	          1.09	
03918	金界控股	-2.30	58327976	7.230	--  	--  	8024066	2000	0.42	          0.18	
002666	德联集团	-0.16	57829372	6.18	6.18	6.19	94221	6199	0.49	          2.12	
002873	新天药业	-5.46	57741068	38.80	38.79	38.80	14649	339	-0.12	          8.51	
01788	国泰君安国际	-2.01	57484028	2.440	2.440	2.450	23151000	881000	-0.41	          0.30	
06099	招商证券	-1.01	57337448	11.800	11.800	11.840	4839605	143600	-0.34	          0.49	
600242	中昌数据	-0.46	56817380	15.07	15.07	15.08	37792	10	0.00	          1.32	
600269	赣粤高速	-0.79	56762464	5.00	5.00	5.01	113270	46	0.00	          0.49	
600280	中央商场	-1.84	56311148	8.02	8.03	8.04	70097	36	0.00	          0.61	
000869	张 裕Ａ	-0.55	55990796	36.18	36.16	36.18	15505	187	0.00	          0.34	
002506	协鑫集成	-0.99	55678368	4.02	4.01	4.02	138532	1336	-0.24	          0.55	
002706	良信电器	-3.27	54915396	10.06	10.05	10.06	53920	253	0.10	          1.47	
600771	广誉远	-0.22	54726808	41.77	41.75	41.83	13117	1	-0.30	          0.49	
002390	信邦制药	-1.60	54528912	8.02	8.01	8.02	67409	1016	0.00	          0.66	
002182	云海金属	-2.08	54438368	7.53	7.53	7.54	71978	1284	-0.25	          1.60	
002543	万和电气	-2.75	54301996	24.75	24.75	24.76	21859	290	-0.03	          0.59	
600892	大晟文化	-0.76	53515616	10.45	10.41	10.42	51379	212	0.67	          2.04	
000815	美利云	-2.39	53339908	12.65	12.65	12.66	41794	1400	-0.38	          1.32	
002249	大洋电机	-0.94	52481172	6.30	6.29	6.30	83355	1116	0.16	          0.61	
300233	金城医药	-1.31	51282204	18.05	18.04	18.05	28448	117	-0.21	          1.23	
03301	融信中国	-5.36	50811216	10.600	10.580	10.600	4673500	50500	0.76	          0.31	
000955	欣龙控股	-0.58	50032744	6.91	6.91	6.92	72233	727	-0.13	          1.34	
600193	创兴资源	-3.23	49298924	4.80	4.80	4.81	102517	2	0.21	          2.41	
01826	丰展控股	-9.04	48743204	1.510	--  	--  	33570000	40000	-0.66	          2.72	
603183	建研院	-1.07	48604044	35.13	35.12	35.14	13894	4	0.03	          6.32	
000959	首钢股份	-1.03	47776576	5.76	5.75	5.76	82698	707	0.00	          0.28	
00279	民众金融科技	-2.79	47113088	1.740	1.690	1.740	27534120	3700000	3.57	          0.18	
00570	中国中药	-3.69	46908448	4.700	4.700	4.710	9876134	608000	0.00	          0.22	
02868	首创置业	-3.76	46629632	4.350	--  	--  	10656000	182000	0.23	          1.04	
600890	中房股份	-3.68	45976032	10.73	10.74	10.75	42551	35	0.85	          0.73	
601005	*ST重钢	-1.72	45606260	2.29	2.29	2.30	199265	2	0.44	          0.24	
01668	华南城	-3.63	45492076	1.860	1.860	1.870	23984382	228000	-0.53	          0.30	
06169	宇华教育	-0.92	45368904	4.330	4.320	4.340	10367000	110000	-0.23	          0.32	
600743	华远地产	-2.43	45200712	3.61	3.61	3.62	124007	10	-0.81	          0.53	
002687	乔治白	-0.61	45065172	6.51	6.51	6.52	68769	1583	-0.30	          2.15	
03309	希玛眼科	-1.60	44617964	11.040	--  	--  	3996000	6000	0.18	          0.39	
002521	齐峰新材	-1.10	44117548	9.00	9.00	9.01	48806	756	0.00	          1.13	
603278	大业股份	-1.70	43782292	17.94	17.94	17.95	24307	22	0.11	          4.67	
00168	青岛啤酒股份	-0.12	43331076	42.250	42.250	42.350	1021339	76000	0.36	          0.16	
01515	华润凤凰医疗	-0.74	43289984	10.740	10.680	10.740	4033000	95500	0.56	          0.31	
002899	英派斯	-1.29	43249668	22.88	22.88	22.90	18785	202	-0.12	          6.26	
600766	园城黄金	-2.22	43044592	8.80	8.78	8.79	49218	17	-0.10	          2.20	
00119	保利置业集团	-2.93	42853424	3.980	3.980	4.000	10633660	539000	0.00	          0.29	
002684	猛狮科技	-9.98	42581184	13.89	--  	13.89	30656	1072	0.00	          0.95	
600405	动力源	-1.41	41930224	5.59	5.59	5.60	74787	17	0.00	          1.35	
00272	瑞安房地产	-0.91	41272412	2.180	2.160	2.180	18968754	217000	0.46	          0.24	
600389	江山股份	-1.15	41262944	17.98	17.94	17.98	22883	8	-0.32	          0.77	
600546	山煤国际	-2.29	41257160	4.70	4.70	4.71	87547	19	0.00	          0.44	
02669	中海物业	-4.76	40793344	2.600	2.590	2.610	15501999	355000	0.00	          0.47	
002242	九阳股份	-1.24	40613940	17.58	17.58	17.59	23077	367	0.17	          0.30	
002798	帝王洁具	-3.34	40435184	44.27	44.26	44.27	9076	55	0.02	          2.81	
002254	泰和新材	-1.08	40081064	11.95	11.94	11.95	33503	233	-0.07	          0.55	
601139	深圳燃气	-1.19	39881092	7.50	7.49	7.50	53056	66	0.13	          0.24	
00220	统一企业中国	-0.88	39729188	6.740	6.730	6.740	5852400	245000	0.15	          0.14	
600239	云南城投	-1.89	39433092	4.66	4.65	4.66	84381	33	0.22	          0.53	
300221	银禧科技	-1.87	38992904	15.19	15.18	15.19	25536	396	-0.06	          0.63	
00316	东方海外国际	-0.14	38576248	73.850	73.850	73.900	521922	24000	-0.07	          0.08	
03606	福耀玻璃	-0.47	37797812	32.050	32.000	32.050	1175561	90800	0.47	          0.23	
00354	中国软件国际	-1.98	36618864	5.450	5.450	5.460	6651718	126000	0.00	          0.28	
01060	阿里影业	-0.94	36610592	1.050	1.050	1.060	34763984	5320000	0.96	          0.14	
300616	尚品宅配	-1.74	36287688	165.08	165.08	165.66	2181	45	0.19	          0.81	
600059	古越龙山	-0.82	35686764	8.45	8.45	8.46	42218	13	0.12	          0.52	
600844	*ST丹科	-2.95	35289872	5.93	5.90	5.94	59538	42	0.68	          0.72	
000708	大冶特钢	-1.24	35001628	11.19	11.19	11.20	31254	148	-0.35	          0.70	
00860	奥立仕控股	-4.04	34757620	1.900	--  	--  	18134000	4000	0.53	          0.31	
300650	太龙照明	-1.25	34688808	34.86	34.51	34.86	10078	192	0.90	          6.38	
01966	中骏置业	-3.61	34603440	3.740	3.730	3.740	9164000	137000	1.08	          0.24	
601113	华鼎股份	-1.31	33721080	13.59	13.58	13.60	24989	5	0.89	          0.39	
600722	金牛化工	-1.70	33542708	6.35	6.34	6.35	52690	10	0.00	          0.77	
000952	广济药业	-1.87	33540682	13.09	13.09	13.10	25563	284	0.00	          1.02	
603198	迎驾贡酒	-0.70	33021260	15.62	15.63	15.64	21107	2	0.26	          1.27	
600428	中远海特	-1.31	32959856	5.27	5.27	5.28	62320	1	0.00	          0.37	
601366	利群股份	-1.11	32889644	9.82	9.82	9.83	33510	10	-0.09	          1.90	
00008	电讯盈科	-0.88	32628198	4.500	4.500	4.510	7237945	1205000	0.22	          0.09	
01458	周黑鸭	-4.15	32392106	8.080	8.070	8.080	3952000	66500	0.50	          0.17	
601918	新集能源	-1.17	32372096	3.39	3.38	3.39	95337	159	0.00	          0.37	
002669	康达新材	-1.54	31860980	22.35	22.35	22.38	14192	618	0.31	          0.66	
600790	轻纺城	-1.53	31781680	5.80	5.79	5.80	54543	34	0.17	          0.52	
002756	永兴特钢	-1.19	31251510	24.10	24.09	24.10	12960	300	0.08	          0.93	
000680	山推股份	-0.67	31200954	4.47	4.46	4.47	69928	1355	0.22	          0.66	
600126	杭钢股份	-1.16	31028750	6.80	6.80	6.81	45552	4	-0.14	          0.49	
00054	合和实业	-1.10	30796608	31.500	31.500	31.650	972403	4000	0.16	          0.11	
00123	越秀地产	-1.25	30778830	1.580	1.570	1.580	19508604	474000	0.64	          0.16	
01789	爱康医疗	-4.53	30611902	3.790	--  	--  	7904000	8000	0.26	          0.76	
300492	山鼎设计	-10.00	30095674	41.38	--  	41.38	7273	128	0.00	          2.94	
01112	Ｈ＆Ｈ国际控股	-0.61	29842526	48.650	48.500	48.650	617945	59500	-0.21	          0.10	
01638	佳兆业集团	-2.14	29692282	4.120	4.120	4.130	7139000	207000	0.00	          0.12	
002630	华西能源	-0.43	29236846	11.62	11.61	11.62	25206	595	0.26	          0.42	
603729	龙韵股份	-1.89	28996088	44.06	44.05	44.06	6558	3	-0.19	          1.82	
03836	和谐汽车	-1.90	28672064	5.690	5.680	5.690	5021500	55000	0.18	          0.33	
600149	*ST坊展	-1.90	28495040	8.27	8.28	8.29	34197	2	-0.23	          0.90	
600811	东方集团	-0.66	28408100	4.53	4.52	4.53	62603	40	0.22	          0.19	
01031	金利丰金融	-5.24	28008482	4.700	4.690	4.700	5832000	784000	-0.21	          0.04	
01513	丽珠医药	-4.12	27820714	59.300	59.300	59.750	461300	7500	-0.08	          0.24	
300510	金冠电气	-1.86	27694984	27.39	27.38	27.39	10068	211	-0.06	          1.36	
01970	IMAX CHINA	-1.51	27473604	22.900	22.900	23.000	1195100	9900	-0.22	          0.33	
600318	新力金融	-3.47	26785304	11.42	11.43	11.44	23258	138	-0.43	          0.48	
01508	中国再保险	-0.57	26532062	1.750	1.740	1.750	15189364	96000	0.57	          0.23	
600129	太极集团	-1.76	25685068	14.52	14.52	14.53	17610	5	0.07	          0.41	
002356	赫美集团	-1.72	25347240	25.70	25.70	25.71	9800	90	-0.34	          0.35	
000407	胜利股份	-0.66	25099378	6.02	6.02	6.03	41433	809	-0.32	          0.56	
600299	安迪苏	-0.80	24243946	12.34	12.35	12.36	19688	15	-0.15	          0.34	
00363	上海实业控股	-1.36	23953876	21.700	21.700	21.750	1096326	82000	0.00	          0.10	
600731	湖南海利	-2.89	23582112	7.39	7.38	7.39	31746	10	-0.13	          0.97	
00410	ＳＯＨＯ中国	-1.33	23546508	4.440	4.430	4.440	5279154	600500	0.00	          0.10	
00520	呷哺呷哺	-2.62	23170554	14.840	--  	--  	1541000	1000	0.13	          0.14	
600681	百川能源	-1.33	23032396	11.86	11.83	11.84	19446	10	-0.07	          0.59	
06068	睿见教育	-3.19	22837962	5.760	--  	--  	3927000	24000	0.35	          0.19	
300074	华平股份	-1.10	22714968	8.10	8.09	8.10	27905	306	-0.11	          0.71	
600311	荣华实业	-1.10	22101596	4.51	4.51	4.52	49033	37	0.22	          0.74	
300371	汇中股份	-2.83	22044896	17.85	17.85	17.86	12245	183	-0.05	          2.14	
601008	连云港	-1.15	22013362	4.31	4.30	4.31	51017	27	0.23	          0.50	
600781	辅仁药业	-1.17	22011704	17.71	17.71	17.73	12355	4	0.40	          0.70	
00127	华人置业	-0.98	21905932	12.140	--  	--  	1805000	500	0.33	          0.09	
02869	绿城服务	-4.41	21733422	5.630	5.630	5.640	3776420	14000	-0.18	          0.14	
00590	六福集团	-2.56	21277602	26.600	26.600	26.700	796000	16000	0.00	          0.14	
00604	深圳控股	-0.30	21107804	3.330	3.330	3.340	6346198	540000	0.30	          0.08	
300515	三德科技	-1.35	21074244	10.21	10.21	10.22	20687	231	-0.09	          2.27	
02001	新高教集团	-1.72	20977120	5.150	--  	--  	4004000	3000	-0.96	          0.28	
00563	上实城市开发	-3.00	20962926	1.940	1.940	1.950	10654000	342000	0.00	          0.22	
600897	厦门空港	-1.01	20938336	21.54	21.53	21.54	9715	2	0.05	          0.33	
02005	石四药集团	-1.90	20858394	5.680	5.670	5.680	3668260	34000	0.18	          0.12	
01722	建鹏控股	-11.82	20796700	0.485	--  	--  	41020000	100000	0.00	          4.10	
06158	正荣地产	-3.12	20385690	4.660	--  	--  	4360000	10000	0.87	          0.11	
600658	电子城	-0.70	20338450	9.96	9.94	9.96	20430	3	0.30	          0.26	
02006	锦江酒店	-2.35	20220920	3.320	--  	--  	6043000	94000	0.00	          0.43	
600678	四川金顶	-1.04	19845548	9.55	9.54	9.55	20753	117	0.00	          0.59	
00921	海信科龙	-2.41	19447400	9.710	9.660	9.710	2008000	16000	0.31	          0.44	
600077	宋都股份	-0.85	19408408	3.50	3.49	3.50	55505	2	0.29	          0.41	
002780	三夫户外	-0.96	19345574	17.48	17.47	17.48	10999	274	0.00	          1.70	
01157	中联重科	-1.51	19199090	3.270	3.260	3.270	5831676	21400	0.31	          0.42	
00337	绿地香港	-1.55	19183050	3.820	3.810	3.820	4964000	50000	-0.26	          0.18	
01686	新意网集团	-3.17	19029058	5.190	--  	--  	3616000	1000	0.58	          0.16	
01310	香港宽频	-1.24	18550458	8.790	8.790	8.850	2091500	161500	-0.68	          0.21	
601339	百隆东方	-1.25	18506936	5.53	5.52	5.53	33498	10	0.18	          0.22	
00839	中教控股	-0.60	18470770	8.240	--  	--  	2227000	1000	0.00	          0.11	
01330	绿色动力环保	-3.09	18311260	4.080	--  	--  	4486000	2000	0.25	          1.11	
00815	中国白银集团	-5.00	18087420	1.900	--  	--  	9230000	10000	0.00	          0.57	
01665	槟杰科达	-6.30	17986040	1.190	--  	--  	14888000	4000	-0.83	          0.93	
600368	五洲交通	-0.77	17617724	5.16	5.15	5.17	34124	7	0.19	          0.41	
01266	西王特钢	-4.22	17260186	1.590	--  	--  	10731000	1000	0.63	          0.47	
00819	天能动力	-0.77	16747441	7.710	7.700	7.710	2162000	56000	0.39	          0.19	
002480	新筑股份	-1.47	16612458	6.70	6.69	6.70	24666	160	-0.29	          0.38	
00970	耀莱集团	-2.86	16487681	0.680	--  	--  	24288000	24000	1.49	          0.49	
600620	天宸股份	-1.07	16399952	8.34	8.34	8.35	19591	10	0.00	          0.29	
02858	易鑫集团	-1.45	16155406	6.110	--  	--  	2621000	3500	0.00	          0.04	
002406	远东传动	-0.45	16118807	6.70	6.69	6.70	24109	211	0.00	          0.62	
01428	耀才证券金融	-2.90	16111981	2.680	--  	--  	5928000	12000	0.00	          0.35	
00297	中化化肥	-0.88	16042881	1.130	1.120	1.130	14194000	20000	0.89	          0.20	
300385	雪浪环境	-0.92	16016329	22.69	22.69	22.89	7047	50	-0.47	          1.11	
002719	麦趣尔	-0.04	15616893	27.95	27.94	27.95	5609	117	0.54	          0.66	
600982	宁波热电	-0.51	15412650	3.88	3.87	3.88	39936	5	0.00	          0.53	
002060	粤 水 电	-1.15	15401379	3.45	3.44	3.45	44647	479	0.29	          0.37	
83188	华夏沪深三百－Ｒ	-1.55	15220320	41.200	--  	--  	368722	1000	0.00	--  	
002553	南方轴承	-0.78	15059250	7.62	7.61	7.62	19715	187	-0.12	          0.89	
02233	西部水泥	-2.21	15032671	1.330	1.330	1.340	11178000	332000	0.00	          0.21	
600665	天地源	-0.94	14730345	4.22	4.22	4.23	34827	7	0.24	          0.40	
00058	新威国际	-8.06	14502161	0.057	--  	--  	250520000	20000	1.79	          3.99	
01618	中国中冶	-0.40	14497097	2.460	2.450	2.460	5901899	428000	0.41	          0.21	
00737	合和公路基建	-0.21	14403568	4.750	4.740	4.750	3035020	15500	0.21	          0.10	
01263	柏能集团	-2.98	13855381	6.180	--  	--  	2210000	2000	0.49	          0.50	
600706	曲江文旅	-1.12	13564966	17.65	17.61	17.65	7692	3	0.00	          0.43	
01572	中国艺术金融	-8.65	13454059	0.950	--  	--  	14067640	24000	-1.04	          0.88	
600317	营口港	-1.27	13340335	3.10	3.10	3.12	42831	28	-0.31	          0.07	
01083	港华燃气	-3.38	13233271	6.280	6.270	6.280	2091000	122000	-0.16	          0.08	
00951	超威动力	-2.19	12977036	4.920	4.900	4.920	2611000	22000	0.20	          0.24	
600696	ST匹凸	-1.76	12944408	5.57	5.56	5.57	23112	9	0.00	          0.68	
000526	*ST紫学	-1.49	12793861	26.40	26.40	26.50	4834	67	-0.37	          0.50	
08238	惠陶集团	-13.95	12632149	0.074	--  	--  	168060000	80000	1.37	          1.95	
00506	中国食品	-2.38	12564826	4.110	4.110	4.120	3035018	100000	-0.24	          0.11	
600712	南宁百货	-0.57	12400069	6.98	6.98	6.99	17808	40	0.29	          0.33	
01333	中国忠旺	-0.94	12025709	4.200	4.190	4.200	2874965	70800	0.72	          0.05	
01893	中材股份	-3.57	11930837	6.480	--  	--  	1813886	1000	0.00	          0.16	
00471	中播控股	-1.69	11700921	0.290	--  	--  	40316000	8000	0.00	          1.79	
600683	京投发展	-1.26	11638630	5.47	5.47	5.49	21256	18	0.00	          0.29	
000523	广州浪奇	-0.85	11548066	7.00	7.00	7.01	16488	109	0.00	          0.37	
01098	路劲	-2.04	11505001	14.400	14.380	14.400	787000	14000	-0.14	          0.11	
00811	新华文轩	-2.59	11492431	6.020	6.010	6.020	1892000	14000	-0.17	          0.43	
002578	闽发铝业	-0.94	11270088	4.23	4.23	4.24	26585	461	0.00	          0.49	
300475	聚隆科技	-1.35	11250663	13.17	13.16	13.17	8508	220	-0.22	          1.17	
002473	*ST圣莱	-1.37	11245140	7.90	7.89	7.90	14166	360	0.13	          0.89	
002404	嘉欣丝绸	-0.44	11184910	6.77	6.77	6.78	16560	95	-0.14	          0.41	
00718	太和控股	-7.41	11133051	1.000	1.000	1.020	10720000	70000	-0.99	          0.20	
00179	德昌电机控股	-2.78	10978001	31.500	31.450	31.500	345500	9000	0.32	          0.04	
01963	重庆银行	-1.78	10547176	6.620	6.620	6.640	1579500	1000	0.00	          0.10	
00330	思捷环球	-2.19	10544857	3.120	3.110	3.120	3364706	12600	0.00	          0.18	
01363	中滔环保	-1.42	10393680	1.390	1.380	1.390	7466000	94000	0.72	          0.12	
01573	中国优质能源	-0.34	10332880	11.640	--  	--  	890000	4000	0.17	          0.12	
01138	中远海能	-0.46	10085622	4.290	4.280	4.290	2345060	72000	0.00	          0.18	
00315	数码通电讯	-0.11	9936638	8.870	8.860	8.870	1117530	163000	-0.11	          0.10	
600714	金瑞矿业	-1.16	9636064	7.70	7.69	7.70	12489	43	0.26	          0.44	
01777	花样年控股	-3.10	9598545	1.250	1.240	1.250	7548000	51000	0.00	          0.13	
03329	交银国际	-0.44	9555624	2.260	2.260	2.280	4212192	9000	-0.44	          0.15	
00341	大家乐集团	-0.20	9531640	19.960	19.900	19.960	478000	22000	0.30	          0.08	
600386	北巴传媒	-1.04	9281773	4.78	4.77	4.78	19393	20	-0.20	          0.24	
600235	民丰特纸	-0.67	9219020	5.91	5.91	5.92	15614	31	-0.16	          0.44	
00547	数字王国	-3.39	9082190	0.171	0.170	0.171	52780000	10000	0.00	          0.22	
603023	威帝股份	-0.27	9034460	7.28	7.28	7.29	12494	4	-0.13	          0.98	
01711	欧化	-7.37	9022600	0.880	--  	--  	9980000	10000	-1.12	          1.25	
000017	深中华A	-0.73	8893671	5.41	5.40	5.41	16502	639	0.00	          0.54	
01681	康臣药业	-4.00	8734293	8.170	--  	--  	1054000	15000	0.25	          0.12	
00095	绿景中国地产	-2.03	8729460	3.380	3.380	3.400	2552000	236000	0.00	          0.05	
002485	希努尔	-0.12	8627592	25.94	25.94	25.97	3329	94	0.12	          0.10	
00345	VITASOY INT'L	-1.69	8463100	20.300	20.250	20.300	416000	16000	0.00	          0.04	
01196	伟禄集团	-2.10	8321901	5.120	5.120	5.160	1604000	8000	-0.78	          0.14	
01302	先健科技	-1.04	8272266	1.910	1.890	1.910	4314003	120000	0.53	          0.10	
08469	盛业资本	-0.27	8248681	7.400	--  	--  	1110000	2000	-0.13	          0.15	
600738	兰州民百	-1.13	8149804	7.89	7.89	7.90	10304	1	-0.24	          0.28	
03818	中国动向	-1.95	8046261	1.510	1.500	1.510	5275503	124000	0.00	          0.09	
00497	资本策略地产	-1.03	8015301	0.480	--  	--  	16490000	40000	0.00	          0.16	
00863	品牌中国	-5.22	7841841	17.060	--  	--  	456000	4000	1.91	          0.18	
00956	新天绿色能源	-2.08	7800475	1.880	--  	--  	4096800	18000	-0.53	          0.22	
06828	北京燃气蓝天	-1.67	7694601	0.590	0.580	0.590	13020000	1800000	0.00	          0.13	
00729	五龙电动车	-3.13	7602874	0.310	0.310	0.315	24150600	2185000	0.00	          0.11	
300174	元力股份	-2.01	7595209	28.30	28.29	28.30	2673	23	0.11	          0.12	
02827	标智沪深３００	-1.61	7565831	39.650	--  	--  	190200	1600	0.00	--  	
06865	福莱特玻璃	-2.80	7559971	2.430	--  	--  	3092000	1000	1.25	          0.69	
000590	启迪古汉	-0.44	7535304	11.27	11.17	11.27	6696	103	0.90	          0.30	
01238	宝龙地产	-2.03	7470021	3.870	3.840	3.870	1914000	17000	0.52	          0.05	
03983	中海石油化学	-1.24	7434094	2.390	--  	--  	3076062	268000	-0.42	          0.17	
00207	大悦城地产	-1.55	7419841	1.270	1.270	1.280	5826000	2000	-0.78	          0.04	
06182	乙德投资控股	-1.67	7339921	0.590	--  	--  	12584000	8000	1.72	          1.57	
002691	冀凯股份	-0.97	7223470	23.47	23.47	23.48	3075	26	0.00	          0.15	
00451	协鑫新能源	-2.02	7093751	0.485	0.485	0.490	14353400	104000	-1.02	          0.08	
002591	恒大高新	-0.10	6847859	9.85	9.85	9.86	6974	103	0.00	          0.40	
08228	国艺娱乐	-3.85	6477641	0.375	--  	--  	17068000	240000	0.00	          0.38	
600785	新华百货	-1.12	6475280	21.22	21.21	21.23	3035	10	0.09	          0.13	
00180	开达集团	-0.58	6329341	1.700	--  	--  	3760000	2000	0.00	          0.40	
01585	雅迪控股	-0.37	6319081	2.690	2.680	2.690	2362000	84000	0.00	          0.08	
01360	MEGAEXPO HLDG	-2.89	6316751	2.350	--  	--  	2640000	10000	-0.42	          0.19	
01132	橙天嘉禾	-1.45	6157451	0.680	--  	--  	9070000	10000	1.49	          0.32	
600671	天目药业	-0.83	6113955	22.67	22.70	22.71	2692	1	-0.12	          0.22	
06166	中国宏泰发展	-3.43	6092108	3.940	--  	--  	1532000	1000	-1.01	          0.09	
01003	欢喜传媒	-1.91	6073801	1.540	--  	--  	3880000	10000	-0.65	          0.14	
00120	COSMOPOL INT'L	-3.61	6064801	0.800	--  	--  	7320000	40000	-1.23	          0.17	
02840	ＳＰＤＲ金ＥＴＦ	-0.45	5902016	990.000	--  	--  	5960	150	0.00	--  	
01886	汇源果汁	-2.75	5831723	2.120	2.110	2.120	2737000	14000	0.95	          0.10	
01571	信邦控股	-2.08	5826161	6.120	--  	--  	955000	1000	-0.49	          0.09	
06118	奥星生命科技	-3.45	5722271	2.800	--  	--  	1987000	6000	-0.36	          0.39	
01366	江南集团	-1.92	5648671	0.510	--  	--  	11150000	2000	2.00	          0.27	
01375	中州证券	-1.82	5572121	3.230	3.220	3.230	1706000	3000	0.00	          0.14	
00978	招商局置地	-3.38	5383921	1.430	1.430	1.440	3706000	62000	-0.69	          0.08	
00579	京能清洁能源	-0.50	5206967	1.990	1.980	1.990	2613998	36000	0.51	          0.11	
06128	泛亚国际	-0.28	5135260	3.550	--  	--  	1444000	2000	0.00	          0.33	
01086	好孩子国际	-1.27	5123880	4.650	--  	--  	1098000	13000	1.09	          0.07	
02198	中国三江化工	-0.97	5104742	3.060	--  	--  	1662000	1000	0.00	          0.14	
00816	华电福新	-1.02	5073293	1.940	1.920	1.940	2604712	140000	0.52	          0.10	
00546	阜丰集团	-1.83	5064104	5.350	5.350	5.360	940667	142000	0.00	          0.04	
00128	安宁控股	-2.82	5047320	0.690	--  	--  	7300000	200000	0.00	          0.44	
01130	中国环境资源	-2.63	4901600	0.370	--  	--  	13296000	4000	0.00	          0.78	
01293	广汇宝信	-0.62	4896655	3.180	3.170	3.180	1529500	239500	0.00	          0.05	
002107	沃华医药	-0.92	4826067	10.82	10.82	10.83	4444	49	0.09	          0.13	
08073	兴业新材料	-2.55	4760752	1.530	--  	--  	3154787	64000	2.00	          0.66	
02199	维珍妮	-0.89	4638040	6.680	6.680	6.690	691000	1000	-0.15	          0.06	
601188	龙江交通	-0.75	4490602	3.97	3.96	3.97	11291	3	0.25	          0.09	
03688	莱蒙国际	-4.52	4337345	3.800	--  	--  	1127000	10000	-0.26	          0.08	
03308	金鹰商贸集团	-1.54	4277235	10.240	10.240	10.320	415794	1000	-0.78	          0.02	
00230	五矿地产	-0.68	4124420	1.450	--  	--  	2844000	2000	0.00	          0.09	
02236	惠生工程	-1.84	4057700	1.600	--  	--  	2517000	3000	0.00	          0.06	
00548	深圳高速公路股份	-1.14	4001161	7.800	7.770	7.800	511192	20000	0.00	          0.07	
06826	昊海生物科技	-2.92	3925785	41.500	--  	--  	93600	100	0.00	          0.23	
600265	ST景谷	-0.83	3913047	17.85	17.85	17.99	2173	40	-0.16	          0.17	
01065	天津创业环保股份	-0.86	3907280	4.600	4.560	4.600	850000	22000	0.88	          0.25	
06178	光大证券	-1.71	3816626	9.190	9.190	9.220	412200	800	0.00	          0.06	
03344	互益集团	-8.45	3625410	0.325	--  	--  	11072000	4000	0.00	          0.21	
06066	中信建投证券	-1.75	3544210	6.730	6.730	6.750	523500	1500	-0.15	          0.04	
00595	AV CONCEPT HOLD	-3.33	3538460	0.580	--  	--  	6036000	150000	1.75	          0.65	
00364	区块链集团（新）	-3.32	3463578	0.204	--  	--  	16593200	8000	-0.49	          1.40	
01569	民生教育	-1.26	3463280	1.570	1.550	1.570	2202000	4000	0.64	          0.05	
00309	新华通讯频媒	-3.23	3457660	0.300	--  	--  	11615000	1000	1.69	          0.80	
00024	宝威控股	-3.23	3349560	0.300	--  	--  	11102000	48000	0.00	          0.22	
01205	中信资源	-2.41	3335984	0.810	0.800	0.810	4113200	48000	0.00	          0.05	
01091	中信大锰	-3.64	3319195	0.530	--  	--  	6156704	3000	0.00	          0.18	
02801	安硕中国ＥＴＦ	-1.31	3130900	30.200	--  	--  	102800	200	0.00	--  	
02356	大新银行集团	-2.13	3114008	17.500	17.480	17.500	177200	44400	0.23	          0.01	
03948	伊泰煤炭	-3.81	3106162	11.120	--  	--  	276700	3000	0.18	          0.08	
01720	普天通信集团	-1.43	3095160	1.380	--  	--  	2204000	4000	-0.72	          0.20	
02608	阳光１００中国	-0.61	2995120	3.260	--  	--  	913000	1000	-0.61	          0.03	
01733	易大宗	-2.44	2822370	0.800	--  	--  	3481500	12000	-1.23	          0.11	
00631	三一国际	-2.55	2724950	2.290	--  	--  	1174500	22000	0.00	          0.04	
03161	易亚中概股	-1.98	2625944	14.860	--  	--  	176200	16000	0.00	--  	
00833	华讯	-1.93	2624618	2.540	--  	--  	1015600	1000	-0.39	          0.11	
08470	莹岚集团	-4.81	2570098	1.780	--  	--  	1392650	8000	0.56	          0.23	
600234	ST山水	-1.23	2504838	12.86	12.86	12.89	1950	19	0.00	          0.10	
03303	巨涛海洋石油服务	-1.42	2498000	2.080	--  	--  	1194000	6000	0.48	          0.07	
600882	广泽股份	-1.24	2443562	8.75	8.74	8.75	2781	59	0.00	          0.07	
02698	魏桥纺织	-0.95	2430620	4.190	--  	--  	583000	500	-0.24	          0.14	
00086	新鸿基公司	-1.71	2360565	5.180	5.170	5.180	452985	1000	0.00	          0.02	
02448	恒宇集团	-3.20	2355475	1.210	--  	--  	1915000	25000	0.00	          0.25	
03600	现代牙科	-3.17	2349650	2.440	--  	--  	954000	1000	-0.41	          0.10	
01103	大生农业金融	-2.04	2348520	0.480	--  	--  	4864000	8000	0.00	          0.08	
01124	沿海家园	-5.71	2289530	0.330	--  	--  	6796000	40000	1.54	          0.16	
00588	北京北辰实业股份	-0.36	2168440	2.750	2.740	2.760	792466	18000	0.73	          0.11	
06183	中国绿宝	-1.52	2156160	1.300	--  	--  	1661000	1000	0.78	          0.15	
01068	雨润食品	-1.90	2130750	1.030	1.030	1.040	2047000	1000	0.00	          0.11	
00038	第一拖拉机股份	-1.57	2126840	3.140	3.130	3.140	672000	14000	0.32	          0.17	
00687	香港国际建投	-3.72	2078660	2.070	2.070	2.080	994000	4000	-0.48	          0.03	
02014	浩泽净水	-0.52	2067310	1.900	--  	--  	1095000	50000	1.06	          0.05	
数据来源:通达信
