代码	名称	涨幅%%	总金额	现价	昨收	每手	总量	涨速%%	今开	最高	最低	抛空额	股息率%%	振幅%%	涨跌	活跃度	买价	按盘价	总资产(万)	
00700	腾讯控股	0.46	2801460480	259.400	258.200	100	10809011	0.08	259.600	260.600	257.800	--  	0.24	1.08	1.200	   4156	259.200	259.400	39589900.00	
00005	汇丰控股	1.10	998870336	68.850	68.100	400	14553372	0.07	68.000	68.900	68.000	--  	2.37	1.32	0.750	   1842	68.850	68.850	237498592.00	
01398	工商银行	0.98	971353664	5.130	5.080	1000	189477680	0.20	5.100	5.150	5.090	--  	0.00	1.18	0.050	   1242	5.120	5.130	2490493696.00	
02828	恒生Ｈ股	1.35	934137920	104.800	103.400	200	8911908	0.19	103.800	105.200	103.800	--  	0.00	1.35	1.400	    404	--  	104.800	0.00	
02318	中国平安	1.41	769845312	46.700	46.050	500	16457706	0.00	46.300	47.000	46.300	--  	0.00	1.52	0.650	   1526	46.650	46.700	577331776.00	
00939	建设银行	0.94	765623744	6.430	6.370	1000	118992768	0.00	6.410	6.450	6.400	--  	0.00	0.78	0.060	   1888	6.430	6.430	2169520384.00	
00001	长和	0.89	693518400	102.500	101.600	500	6811037	0.29	102.000	102.800	101.500	--  	1.90	1.28	0.900	    904	102.300	102.500	101346496.00	
02800	盈富基金	0.39	664405120	25.450	25.350	500	26085476	0.00	25.400	25.500	25.400	--  	0.00	0.39	0.100	    409	--  	25.450	0.00	
03988	中国银行	1.58	569735488	3.860	3.800	1000	148141808	0.26	3.810	3.870	3.810	--  	0.00	1.58	0.060	   1435	3.850	3.860	1891754880.00	
02628	中国人寿	1.43	525246816	24.900	24.550	1000	21093302	0.20	24.650	25.000	24.650	--  	0.00	1.43	0.350	   1174	24.850	24.900	280570208.00	
00883	中国海洋石油	1.55	455323872	9.200	9.060	1000	49613128	0.00	9.120	9.210	9.100	--  	2.50	1.21	0.140	   1144	9.200	9.200	63768100.00	
01299	友邦保险	0.45	450095872	55.650	55.400	200	8074090	0.00	55.800	56.150	55.400	--  	1.15	1.35	0.250	   1996	55.600	55.650	18507400.00	
03968	招商银行	2.88	342868160	21.450	20.850	500	15988577	0.23	21.100	21.700	21.050	--  	0.00	3.12	0.600	   1048	21.450	21.450	600067392.00	
00857	中国石油股份	0.19	314744384	5.320	5.310	2000	59050912	-0.37	5.310	5.370	5.300	--  	0.00	1.32	0.010	    861	5.320	5.320	238985104.00	
00388	香港交易所	0.66	306671360	196.800	195.500	100	1559862	0.15	196.000	197.400	195.500	--  	1.04	0.97	1.300	   1030	196.600	196.800	24731800.00	
01800	中国交通建设	1.47	306363328	11.060	10.900	1000	27606708	-0.18	11.100	11.260	10.940	--  	0.00	2.94	0.160	   2396	11.060	11.060	81650384.00	
00027	银河娱乐	0.86	271734016	40.900	40.550	1000	6636640	0.00	41.250	41.250	40.650	--  	0.00	1.48	0.350	    919	40.900	40.900	6626103.00	
01928	金沙中国有限公司	0.14	255394480	34.550	34.500	400	7392453	-0.14	35.200	35.200	34.300	--  	0.00	2.61	0.050	   1597	34.550	34.550	1118300.00	
03188	华夏沪深三百	0.26	246436640	39.300	39.200	200	6269800	0.00	39.250	39.500	39.250	--  	0.00	0.64	0.100	    450	--  	39.300	0.00	
02333	长城汽车	-0.24	233425920	8.170	8.190	500	28597160	0.00	8.190	8.230	8.110	--  	0.00	1.47	-0.020	   1618	8.170	8.170	8983688.00	
00799	IGG	3.23	231724000	12.140	11.760	1000	19350926	0.00	11.860	12.180	11.700	--  	0.00	4.08	0.380	   1273	12.120	12.140	24343.10	
02823	Ｘ安硕Ａ５０中国	0.71	218111168	11.420	11.340	100	19083052	0.18	11.400	11.460	11.380	--  	0.00	0.71	0.080	   1016	--  	11.420	0.00	
02601	中国太保	1.20	214778352	29.450	29.100	200	7268498	0.17	29.500	29.850	29.350	--  	0.00	1.72	0.350	    708	29.400	29.450	108917104.00	
00386	中国石油化工股份	1.92	212248304	6.370	6.250	2000	33375824	0.16	6.300	6.390	6.300	--  	2.98	1.44	0.120	    734	6.370	6.370	149860896.00	
00688	中国海外发展	1.36	208313952	22.350	22.050	2000	9354993	0.00	22.250	22.400	22.050	--  	1.88	1.59	0.300	    597	22.350	22.350	57128928.00	
02822	南方Ａ５０	0.51	183084016	11.800	11.740	200	15486925	0.17	11.780	11.860	11.780	--  	0.00	0.68	0.060	    373	--  	11.800	0.00	
01357	美图公司	-0.78	177484960	10.240	10.320	500	17266000	0.00	10.500	10.500	10.180	--  	0.00	3.10	-0.080	   1427	10.220	10.240	655026.50	
02388	中银香港	1.98	175265728	33.450	32.800	500	5274824	0.00	32.900	33.450	32.900	--  	1.87	1.68	0.650	    811	33.400	33.450	232778096.00	
02328	中国财险	1.09	149888048	13.000	12.860	2000	11509058	-0.15	12.960	13.100	12.840	--  	2.65	2.02	0.140	    582	13.000	13.000	47594900.00	
01288	农业银行	0.83	148122272	3.660	3.630	1000	40440660	-0.27	3.640	3.680	3.640	--  	0.00	1.10	0.030	    973	3.660	3.660	2032398336.00	
00066	港铁公司	1.82	140710096	47.500	46.650	500	2976374	0.11	46.850	47.500	46.650	--  	6.36	1.82	0.850	    808	47.450	47.500	25734000.00	
01099	国药控股	0.29	140403072	34.350	34.250	400	4083450	0.15	34.300	34.700	34.250	--  	0.00	1.31	0.100	    756	34.300	34.350	15938198.00	
00914	安徽海螺水泥股份	2.01	136251136	25.400	24.900	500	5379500	0.20	25.300	25.500	25.200	--  	0.00	1.20	0.500	   1000	25.400	25.400	11131118.00	
00762	中国联通	0.77	127782384	10.480	10.400	2000	12191761	0.00	10.500	10.580	10.440	--  	0.00	1.35	0.080	    860	10.480	10.480	61415400.00	
01113	长实地产	0.44	127197496	57.650	57.400	500	2216287	0.17	57.550	57.750	57.150	--  	1.99	1.05	0.250	    557	57.650	57.650	39683600.00	
00686	联合光伏	7.56	124188936	1.280	1.190	2000	96808416	0.00	1.200	1.340	1.200	--  	0.00	11.76	0.090	    505	--  	1.280	1718100.00	
06881	中国银河	4.28	122681768	7.060	6.770	500	17674800	0.00	6.790	7.060	6.790	--  	0.00	3.99	0.290	   1057	7.050	7.060	23491816.00	
00823	领展房产基金	-0.09	118643504	58.050	58.100	500	2034452	0.00	58.400	58.800	57.900	--  	0.00	1.55	-0.050	    769	--  	58.050	0.00	
00916	龙源电力	1.85	118349512	6.040	5.930	1000	19818000	0.17	5.940	6.050	5.900	--  	0.00	2.53	0.110	    405	6.030	6.040	13866069.00	
01988	民生银行	1.57	104881032	7.760	7.640	500	13462481	0.39	7.700	7.890	7.680	--  	0.00	2.75	0.120	    800	7.750	7.760	595660672.00	
00002	中电控股	1.27	104426912	83.950	82.900	500	1247162	0.06	83.700	84.000	83.500	--  	1.30	0.60	1.050	    496	83.900	83.950	20597800.00	
00932	御药堂	0.86	102319784	4.700	4.660	4000	21590000	0.21	4.670	4.830	4.670	--  	0.00	3.43	0.040	    459	--  	4.700	23537.80	
00011	恒生银行	0.92	101634368	164.400	162.900	100	618693	0.06	163.500	165.000	163.300	--  	1.70	1.04	1.500	    694	164.300	164.400	137724192.00	
00390	中国中铁	1.21	97489280	6.710	6.630	1000	14442550	0.15	6.680	6.850	6.670	--  	0.00	2.71	0.080	    994	6.710	6.710	75781448.00	
00998	中信银行	1.03	97090168	4.920	4.870	1000	19726804	0.00	4.900	4.940	4.880	--  	0.00	1.23	0.050	   1415	4.920	4.920	575186176.00	
03888	金山软件	2.06	96860488	22.250	21.800	1000	4348541	-0.22	22.200	22.600	21.950	--  	0.45	2.98	0.450	    395	22.200	22.250	1757895.25	
00607	丰盛控股	0.00	93593032	3.380	3.380	2500	27590000	-0.29	3.390	3.430	3.380	--  	0.50	1.48	0.000	    284	3.380	3.380	4829467.50	
06030	中信证券	2.30	90027432	16.000	15.640	500	5652200	0.13	15.720	16.000	15.720	--  	0.00	1.79	0.360	    510	15.980	16.000	62457908.00	
01109	华润置地	1.45	89875560	21.000	20.700	2000	4306415	0.00	20.700	21.050	20.650	--  	2.91	1.93	0.300	    333	21.000	21.000	42704476.00	
01766	中国中车	0.95	82710960	7.460	7.390	1000	11074646	-0.27	7.430	7.510	7.410	--  	0.00	1.35	0.070	    543	7.460	7.460	34417644.00	
00303	VTECH HOLDINGS	7.50	76345872	110.300	102.600	100	706272	0.18	103.800	110.800	103.300	--  	1.20	7.31	7.700	    723	110.000	110.300	109930.00	
03328	交通银行	0.34	75822032	5.920	5.900	1000	12794285	0.00	5.940	5.950	5.900	--  	0.00	0.85	0.020	    939	5.920	5.920	873371072.00	
06837	海通证券	2.06	74745496	12.900	12.640	400	5811578	0.00	12.640	12.980	12.580	--  	0.00	3.16	0.260	    495	12.900	12.900	55905444.00	
01114	BRILLIANCE CHI	1.20	73826440	13.440	13.280	2000	5498940	0.15	13.500	13.700	13.280	--  	0.00	3.16	0.160	    494	13.420	13.440	3104301.25	
07200	ＦＬ二南方恒指	1.50	73175200	8.100	7.980	100	9043500	0.00	8.070	8.110	8.060	--  	0.00	0.63	0.120	    166	--  	8.100	0.00	
01065	天津创业环保股份	3.88	73061024	5.620	5.410	2000	12974000	0.18	5.420	5.780	5.420	--  	0.00	6.65	0.210	    736	5.610	5.620	1082913.25	
01458	周黑鸭	-0.22	70349368	9.020	9.040	500	7758500	0.11	9.100	9.300	8.900	--  	1.11	4.42	-0.020	    848	9.020	9.020	410701.59	
01339	中国人民保险集团	1.24	69989024	3.260	3.220	1000	21428020	0.00	3.250	3.280	3.240	--  	1.17	1.24	0.040	    570	3.250	3.260	93214896.00	
08059	朝威控股	16.67	68527656	0.700	0.600	5000	107530000	0.00	0.610	0.710	0.580	--  	0.00	21.67	0.100	    483	--  	0.700	20408.70	
01186	中国铁建	0.54	67146864	11.220	11.160	500	5955000	-0.18	11.240	11.460	11.140	--  	0.00	2.87	0.060	    451	11.220	11.220	77476544.00	
01918	融创中国	0.00	65812624	10.280	10.280	1000	6416900	0.00	10.360	10.420	10.120	--  	2.79	2.92	0.000	    656	10.260	10.280	29318310.00	
01317	枫叶教育	2.69	58476652	7.260	7.070	2000	7980000	-0.41	7.110	7.400	7.090	--  	0.83	4.38	0.190	    537	7.260	7.260	331632.91	
03993	洛阳钼业	4.74	53918760	2.430	2.320	3000	22381228	0.00	2.330	2.440	2.330	--  	0.00	4.74	0.110	    481	2.430	2.430	8808833.00	
00012	恒基地产	0.50	51933500	49.900	49.650	1000	1041943	0.10	49.900	50.000	49.700	--  	2.26	0.60	0.250	    222	49.850	49.900	35549800.00	
02020	安踏体育	0.70	50895384	21.700	21.550	1000	2346000	0.46	21.700	21.950	21.500	--  	1.94	2.09	0.150	    438	21.700	21.700	1422354.13	
00551	裕元集团	0.46	47735092	32.950	32.800	500	1434396	-0.15	33.600	33.950	32.800	--  	3.03	3.51	0.150	    441	32.950	32.950	761177.38	
03320	华润医药	-0.11	47713852	9.120	9.130	500	5231000	0.33	9.190	9.200	9.070	--  	0.99	1.42	-0.010	    363	9.110	9.120	13398551.00	
01980	天鸽互动	-0.87	47496500	5.730	5.780	1000	8197304	-0.17	5.800	5.890	5.710	--  	1.22	3.11	-0.050	    177	5.720	5.730	290704.19	
06886	HTSC	2.50	45699612	14.780	14.420	200	3106800	0.00	14.480	14.800	14.460	--  	3.78	2.36	0.360	    728	14.760	14.780	40145040.00	
00135	昆仑能源	-0.85	44757256	6.980	7.040	2000	6354213	0.00	7.080	7.120	6.970	--  	1.06	2.13	-0.060	    294	6.980	6.980	13876900.00	
01055	中国南方航空股份	2.22	43479244	5.530	5.410	2000	7908000	0.18	5.490	5.570	5.370	--  	0.00	3.70	0.120	    380	5.510	5.520	20213100.00	
01632	膳源控股	6.22	42335044	20.650	19.440	2000	2136000	-0.24	19.440	20.800	18.940	--  	0.00	9.57	1.210	    317	--  	20.650	7807.70	
01548	金斯瑞生物科技	14.37	42083796	3.980	3.480	2000	10715389	-0.25	3.560	4.080	3.550	--  	0.30	15.23	0.500	    733	--  	3.980	22603.20	
01128	永利澳门	-0.12	40556348	16.080	16.100	400	2509035	-0.12	16.240	16.260	16.060	--  	2.61	1.24	-0.020	    726	16.080	16.080	4294547.50	
07221	ＦＬ二华夏恒指	1.47	39798736	8.980	8.850	100	4442600	0.00	8.960	8.990	8.930	--  	0.00	0.68	0.130	    101	--  	8.980	0.00	
00338	上海石油化工股份	1.82	39677212	4.470	4.390	2000	8940000	0.00	4.400	4.480	4.400	--  	6.26	1.82	0.080	    597	4.460	4.470	3394561.00	
02380	中国电力	0.69	35372016	2.920	2.900	1000	12121600	0.00	2.900	2.950	2.900	--  	6.20	1.72	0.020	    232	2.910	2.920	9118716.00	
01071	华电国际电力股份	0.00	34329688	3.480	3.480	2000	9887400	-0.29	3.490	3.490	3.450	--  	4.37	1.15	0.000	    752	3.480	3.480	21307572.00	
00371	北控水务集团	0.68	34259456	5.910	5.870	2000	5817640	0.00	5.870	5.930	5.830	--  	1.02	1.70	0.040	    744	5.900	5.910	8104727.00	
00728	中国电信	0.79	34226792	3.830	3.800	2000	8929855	0.00	3.820	3.850	3.810	--  	2.74	1.05	0.030	    335	3.830	3.830	65236800.00	
03323	中国建材	0.88	33973360	4.600	4.560	2000	7352000	0.00	4.600	4.680	4.580	--  	1.04	2.19	0.040	    398	4.600	4.600	34075416.00	
00200	新濠国际发展	1.15	33288878	17.580	17.380	1000	1883844	0.00	17.720	17.880	17.440	--  	0.11	2.53	0.200	    491	17.580	17.580	10365093.00	
00425	敏实集团	-0.16	33240654	30.850	30.900	2000	1074526	0.00	31.150	31.150	30.600	--  	2.20	1.78	-0.050	    179	30.800	30.850	1505071.25	
07231	ＦＬ二未来恒指	1.32	32758092	16.840	16.620	100	1947200	0.00	16.840	16.860	16.760	--  	0.00	0.60	0.220	     50	--  	16.860	0.00	
00582	蓝鼎国际（六万）	3.74	32673506	0.111	0.107	60000	298223008	-0.89	0.109	0.113	0.104	--  	0.00	8.41	0.004	    421	--  	0.111	1734523.25	
00692	中国家居	3.23	32442026	0.480	0.465	5000	67980000	1.05	0.465	0.485	0.465	--  	0.00	4.30	0.015	    338	--  	0.480	165192.30	
00753	中国国航	2.68	32334082	7.270	7.080	2000	4466000	0.14	7.080	7.320	7.080	--  	1.65	3.39	0.190	    356	7.270	7.270	22405096.00	
00489	东风集团股份	0.35	32019802	8.510	8.480	2000	3760000	0.12	8.500	8.570	8.490	--  	3.02	0.94	0.030	    359	8.520	8.520	18495900.00	
02338	潍柴动力	0.80	31440792	12.600	12.500	1000	2506235	-0.16	12.680	12.680	12.480	--  	0.00	1.60	0.100	    392	12.600	12.600	17477112.00	
01469	结好金融	4.76	31427426	1.320	1.260	4000	23485276	0.76	1.270	1.380	1.270	--  	2.27	8.73	0.060	    291	--  	1.320	419271.41	
07288	ＦＬ二南方国指	2.93	31188216	7.370	7.160	100	4235600	0.14	7.300	7.410	7.290	--  	0.00	1.68	0.210	    133	--  	7.370	0.00	
01316	耐世特	0.48	31009912	12.460	12.400	1000	2491000	0.16	12.660	12.660	12.340	--  	1.49	2.58	0.060	    264	12.440	12.460	269336.81	
00656	复星国际	0.00	30346472	11.780	11.780	500	2565500	0.17	11.800	11.900	11.760	--  	1.78	1.19	0.000	    360	11.760	11.780	48677948.00	
00358	江西铜业股份	1.39	29138962	11.700	11.540	1000	2498000	0.00	11.560	11.720	11.560	--  	0.00	1.39	0.160	    255	11.700	11.700	8974011.00	
00347	鞍钢股份	1.85	28711342	4.960	4.870	2000	5802000	0.20	4.920	4.970	4.900	--  	0.00	1.44	0.090	    430	4.950	4.960	9380500.00	
00460	四环医药	0.00	28320256	3.610	3.610	1000	7809345	0.00	3.580	3.670	3.580	--  	2.88	2.49	0.000	    676	3.600	3.610	1218760.38	
01880	百丽国际	-0.16	27527294	6.080	6.090	1000	4525087	0.00	6.090	6.100	6.070	--  	0.00	0.49	-0.010	    394	6.080	6.080	3148940.00	
00023	东亚银行	0.77	27508028	32.900	32.650	200	836596	0.00	32.800	33.000	32.750	--  	0.85	0.77	0.250	    314	32.900	32.900	76570600.00	
01999	敏华控股	1.01	27455246	6.970	6.900	400	3935600	-0.14	7.040	7.040	6.840	--  	2.01	2.90	0.070	    815	6.960	6.970	633196.63	
01313	华润水泥控股	2.33	27375138	3.960	3.870	2000	6875907	-0.50	3.930	4.040	3.930	--  	0.00	2.84	0.090	    610	3.960	3.960	5350692.00	
00144	招商局港口	0.46	26990028	21.750	21.650	2000	1240470	0.23	21.700	21.900	21.650	--  	2.99	1.15	0.100	    183	21.700	21.750	10311300.00	
00316	东方海外国际	3.13	26338340	42.800	41.500	500	617348	0.12	41.800	42.950	41.800	--  	0.00	2.77	1.300	    234	42.750	42.800	940459.00	
02869	绿城服务	1.69	26154442	3.000	2.950	2000	8722000	0.00	2.990	3.030	2.960	--  	1.33	2.37	0.050	    220	2.990	3.000	332271.91	
01498	培力控股	4.56	25550576	3.900	3.730	500	7246500	0.00	3.730	3.930	3.730	--  	0.51	5.36	0.170	     45	--  	3.900	86024.80	
03898	中车时代电气一百	0.73	25376564	41.350	41.050	100	612300	0.00	41.500	41.800	41.150	--  	0.00	1.58	0.300	    518	41.400	41.400	2392899.00	
00778	置富产业信托	1.09	25036922	9.280	9.180	1000	2680000	-1.07	9.180	9.400	9.180	--  	0.00	2.40	0.100	    360	--  	9.320	0.00	
00921	海信科龙	4.01	24879550	11.420	10.980	1000	2199601	-0.17	11.120	11.620	11.120	--  	2.93	4.55	0.440	    335	11.420	11.420	1905505.88	
03933	联邦制药	0.00	24382222	4.580	4.580	2000	5282000	0.00	4.600	4.800	4.560	--  	0.00	5.24	0.000	    280	4.570	4.580	1666927.88	
02319	蒙牛乳业	0.27	24146770	14.820	14.780	1000	1622566	-0.13	14.800	15.040	14.800	--  	0.67	1.62	0.040	    302	14.800	14.820	4912442.50	
00177	江苏宁沪高速公路	0.55	23765602	10.980	10.920	2000	2161560	0.18	10.980	11.100	10.920	--  	0.00	1.65	0.060	    295	10.960	10.980	3722143.75	
00508	鼎亿集团投资	6.30	23560102	1.350	1.270	5000	17690000	0.00	1.270	1.360	1.270	--  	0.00	7.09	0.080	    173	--  	1.350	81190.10	
01019	康宏环球	2.43	23206472	0.211	0.206	6000	110928000	0.00	0.204	0.212	0.203	--  	0.00	4.37	0.005	    115	--  	0.211	654672.38	
07267	ＦＬ二华夏国指	3.03	22474568	8.170	7.930	100	2751600	0.12	8.090	8.200	8.090	--  	0.00	1.39	0.240	     72	--  	8.170	0.00	
01776	广发证券	2.17	22410142	16.040	15.700	200	1401000	-0.12	15.740	16.060	15.720	--  	0.00	2.17	0.340	    614	16.040	16.040	35493512.00	
01829	中国机械工程	0.17	21774266	5.860	5.850	1000	3709000	0.00	5.880	5.950	5.830	--  	3.89	2.05	0.010	    858	5.860	5.860	4745228.00	
01138	中远海能	0.95	21558742	4.260	4.220	2000	5076000	0.24	4.230	4.290	4.220	--  	0.00	1.66	0.040	    243	4.250	4.260	5926654.00	
00818	高阳科技	8.33	21520712	1.430	1.320	3000	15360000	0.00	1.330	1.450	1.330	--  	0.00	9.09	0.110	    314	--  	1.430	549904.13	
01816	中广核电力	0.85	21049500	2.360	2.340	1000	8944000	0.43	2.360	2.370	2.340	--  	2.42	1.28	0.020	    321	2.350	2.360	28763380.00	
00763	中兴通讯	2.08	20772180	14.700	14.400	200	1416432	-0.14	14.420	14.760	14.420	--  	0.00	2.36	0.300	    466	14.680	14.700	14119826.00	
02313	申洲国际	0.00	20348886	52.750	52.750	1000	385841	-0.09	53.150	53.150	52.550	--  	2.27	1.14	0.000	    118	52.650	52.750	2181606.25	
00880	澳博控股	0.00	20198382	7.190	7.190	1000	2802000	0.00	7.250	7.280	7.180	--  	2.50	1.39	0.000	    358	7.180	7.190	3875500.00	
08366	FRASER HLDGS	-6.85	20032326	0.340	0.365	10000	55915000	-2.86	0.365	0.420	0.320	--  	0.00	27.40	-0.025	    411	--  	0.340	10655.10	
06818	中国光大银行	0.84	19815880	3.600	3.570	1000	5501000	0.00	3.580	3.620	3.580	--  	0.00	1.12	0.030	    355	3.590	3.600	412697984.00	
02883	中海油田服务	0.90	19797094	6.740	6.680	2000	2938000	0.00	6.680	6.780	6.680	--  	0.00	1.50	0.060	    259	6.730	6.740	7950294.50	
00270	粤海投资	-0.70	19679240	11.280	11.360	2000	1736000	0.00	11.440	11.440	11.240	--  	2.66	1.76	-0.080	    190	11.280	11.280	5213035.50	
02298	都市丽人	6.18	19333602	2.920	2.750	1000	6677000	0.00	2.780	2.960	2.760	--  	2.12	7.27	0.170	    396	2.920	2.920	377938.59	
02357	中航科工	1.38	19089610	5.150	5.080	1000	3707000	0.00	5.120	5.180	5.100	--  	0.43	1.57	0.070	    293	5.140	5.150	6950876.50	
01093	石药集团	0.71	18989170	11.380	11.300	2000	1662716	0.35	11.280	11.520	11.280	--  	1.05	2.12	0.080	    238	11.360	11.380	1476018.63	
00165	中国光大控股	0.58	18690480	17.380	17.280	2000	1075400	-0.23	17.480	17.480	17.280	--  	2.88	1.16	0.100	    252	17.380	17.380	6749533.50	
00694	北京首都机场股份	-0.52	17881492	11.440	11.500	2000	1556432	0.00	11.580	11.660	11.340	--  	1.00	2.78	-0.060	    198	11.420	11.440	3390419.00	
07230	ＦＬ二未来国指	2.82	17094464	15.300	14.880	100	1113700	0.00	15.360	15.380	15.280	--  	0.00	0.67	0.420	    334	--  	15.340	0.00	
01046	寰宇国际金融	-1.16	16500151	0.850	0.860	5000	19040000	0.00	0.860	0.900	0.830	--  	0.00	8.14	-0.010	    138	--  	0.850	127379.50	
01499	前进控股集团　新	1.63	16445951	0.250	0.246	10000	63810000	0.00	0.255	0.280	0.250	--  	0.00	12.20	0.004	    243	--  	0.250	41922.40	
03708	日成控股	4.40	16170151	5.220	5.000	5000	3250000	1.20	4.980	5.220	4.860	--  	0.00	7.20	0.220	     50	--  	5.220	27545.80	
01439	中华包装控股	1.28	16156401	2.370	2.340	5000	6860000	0.00	2.350	2.380	2.340	--  	0.84	1.71	0.030	    183	--  	2.370	130579.60	
00168	青岛啤酒股份	-0.59	15817501	33.600	33.800	2000	468000	0.00	33.750	34.300	33.600	--  	1.16	2.07	-0.200	    108	33.450	33.600	3007715.75	
00665	海通国际	1.65	15531579	4.300	4.230	1000	3633265	0.23	4.250	4.310	4.230	--  	1.86	1.89	0.070	    317	4.290	4.300	13150525.00	
02208	金风科技	1.72	15067717	11.800	11.600	200	1286000	0.51	11.620	11.860	11.580	--  	0.00	2.41	0.200	    266	11.780	11.800	6181265.00	
02899	紫金矿业	-0.39	14862141	2.580	2.590	2000	5756845	0.00	2.590	2.600	2.570	--  	0.00	1.16	-0.010	    220	2.580	2.580	9178688.00	
00874	白云山	0.70	14778801	21.600	21.450	2000	680000	0.00	21.600	21.850	21.550	--  	0.00	1.40	0.150	    122	21.600	21.600	2657972.00	
01199	中远海运港口	0.92	14732926	8.760	8.680	2000	1688314	0.11	8.750	8.780	8.720	--  	0.00	0.69	0.080	    103	8.750	8.760	685470.13	
00008	电讯盈科	0.44	14595906	4.600	4.580	1000	3174988	0.00	4.600	4.620	4.570	--  	4.39	1.09	0.020	    577	4.590	4.600	7958400.00	
07205	ＦＬ二　三星恒指	1.51	14535191	6.730	6.630	200	2161400	0.00	6.720	6.740	6.700	--  	0.00	0.60	0.100	    255	--  	6.730	0.00	
01066	威高股份	1.85	13843121	6.050	5.940	4000	2288000	-0.17	5.980	6.200	5.980	--  	0.84	3.70	0.110	    143	6.040	6.050	1575630.88	
00372	德祥企业	2.60	13673001	0.790	0.770	2000	17248000	0.00	0.780	0.830	0.740	--  	0.00	11.69	0.020	    344	--  	0.790	367719.19	
00197	亨泰	2.74	13564479	0.750	0.730	5000	18088520	1.33	0.730	0.770	0.730	--  	0.00	5.48	0.020	    253	--  	0.750	260424.20	
00410	ＳＯＨＯ中国	0.47	13397776	4.240	4.220	500	3171500	0.24	4.230	4.240	4.200	--  	9.13	0.95	0.020	    211	4.230	4.240	6740584.50	
01919	中远海控	1.52	13337147	3.340	3.290	500	4005393	0.00	3.290	3.350	3.290	--  	0.00	1.82	0.050	    339	3.340	3.340	12057430.00	
02098	卓尔集团	0.00	13039801	4.300	4.300	3000	3018000	0.00	4.330	4.360	4.300	--  	0.00	1.40	0.000	    153	4.300	4.300	2974765.00	
07228	ＦＬ二　三星国指	2.85	12215887	6.130	5.960	200	1990000	0.00	6.080	6.160	6.070	--  	0.00	1.51	0.170	     49	--  	6.130	0.00	
02778	冠君产业信托	0.57	12124790	5.300	5.270	1000	2297309	0.00	5.280	5.350	5.230	--  	0.00	2.28	0.030	    265	--  	5.300	0.00	
00309	新华通讯频媒	15.69	12068851	0.590	0.510	1000	21268000	-1.67	0.510	0.620	0.510	--  	0.00	21.57	0.080	     74	--  	0.590	19082.50	
03115	安硕恒生指数	0.72	11796076	91.400	90.750	10	129240	0.00	91.200	91.450	91.150	--  	0.00	0.33	0.650	     26	--  	91.400	0.00	
01786	铁建装备	4.25	11692786	3.680	3.530	500	3183000	0.00	3.600	3.710	3.600	--  	4.86	3.12	0.150	    317	--  	3.680	698121.00	
00915	道和环球	0.58	11411331	6.890	6.850	1000	1646000	0.00	6.980	7.050	6.830	--  	0.20	3.21	0.040	    180	--  	6.890	6178.60	
00342	新海能源	-0.39	10769281	2.530	2.540	2000	4194000	0.00	2.560	2.630	2.510	--  	0.00	4.72	-0.010	    132	--  	2.530	1254412.75	
00806	惠理集团	1.11	10745241	7.280	7.200	1000	1482000	0.14	7.250	7.280	7.200	--  	1.65	1.11	0.080	    327	7.270	7.280	395698.19	
00323	马鞍山钢铁股份	1.97	10470500	2.590	2.540	2000	4064000	0.00	2.540	2.590	2.540	--  	0.00	1.97	0.050	    413	2.580	2.590	6876288.00	
01347	华虹半导体	-0.18	10297641	11.380	11.400	1000	896000	-0.35	11.800	11.800	11.300	--  	0.00	4.39	-0.020	    177	11.380	11.380	186753.70	
01628	禹洲地产	-0.57	10210820	3.510	3.530	1000	2883000	0.00	3.550	3.580	3.490	--  	6.27	2.55	-0.020	    226	3.510	3.510	6886051.00	
01882	海天国际	0.11	9844810	18.780	18.760	1000	525000	0.00	18.720	18.980	18.700	--  	1.06	1.49	0.020	    133	18.740	18.780	1510028.88	
01157	中联重科	2.23	9229160	3.670	3.590	200	2536620	0.55	3.590	3.680	3.590	--  	0.00	2.51	0.080	    292	3.650	3.670	9417517.00	
03836	和谐汽车	1.05	8893660	2.880	2.850	500	3072000	0.00	2.980	2.980	2.860	--  	0.00	4.21	0.030	    243	2.880	2.880	959968.88	
02356	大新银行集团	0.74	8651440	16.340	16.220	400	530000	-0.24	16.220	16.400	16.220	--  	1.71	1.11	0.120	    156	16.340	16.340	20521064.00	
00405	越秀房产信托基金	0.44	8538550	4.590	4.570	1000	1859000	0.00	4.570	4.610	4.570	--  	0.00	0.88	0.020	    102	--  	4.590	0.00	
03377	远洋集团	-0.27	8488316	3.680	3.690	500	2301500	0.27	3.690	3.710	3.650	--  	3.26	1.63	-0.010	    412	3.670	3.680	15126518.00	
00606	中国粮油控股	0.54	8289241	3.700	3.680	1000	2243500	0.00	3.630	3.750	3.630	--  	1.46	3.26	0.020	    411	3.690	3.700	7212600.00	
01086	好孩子国际	2.73	8160557	3.760	3.660	1000	2193315	0.00	3.690	3.770	3.690	--  	1.33	2.19	0.100	     92	--  	3.760	551873.81	
00563	上实城市开发	4.29	8115961	1.700	1.630	2000	4852000	0.00	1.630	1.710	1.630	--  	1.94	4.91	0.070	     84	1.690	1.700	5812535.50	
02600	中国铝业	-0.28	7899117	3.560	3.570	2000	2216727	-0.28	3.600	3.600	3.550	--  	0.00	1.40	-0.010	    131	3.560	3.560	19247496.00	
03618	重庆农村商业银行	-0.39	7636562	5.170	5.190	1000	1468451	-0.19	5.200	5.240	5.160	--  	0.00	1.54	-0.020	    283	5.170	5.170	82443440.00	
02100	百奥家庭互动	4.00	7511101	0.780	0.750	2000	9632000	0.00	0.770	0.810	0.750	--  	2.31	8.00	0.030	    206	--  	0.780	201783.91	
03823	德普科技	3.70	7451841	0.140	0.135	2000	53726000	0.72	0.135	0.141	0.133	--  	0.00	5.93	0.005	    289	0.138	0.140	86449.60	
00968	信义光能	0.00	7434741	2.400	2.400	2000	3094000	0.00	2.400	2.420	2.390	--  	2.50	1.25	0.000	    168	2.390	2.400	1678638.25	
01428	耀才证券金融	1.68	7261061	2.420	2.380	2000	2992000	-0.41	2.390	2.450	2.390	--  	0.00	2.52	0.040	    101	--  	2.420	626863.31	
00717	英皇证券	-1.56	6820861	0.630	0.640	6000	10698000	0.00	0.640	0.650	0.630	--  	2.06	3.12	-0.010	     98	--  	0.630	816400.88	
08423	CHI HO DEV	7.69	6507251	0.490	0.455	10000	13130000	0.00	0.450	0.530	0.425	--  	0.00	23.08	0.035	     96	--  	0.490	15149.80	
00036	远东控股国际	5.75	6491881	0.920	0.870	3000	7275000	2.22	0.880	0.930	0.840	--  	0.00	10.34	0.050	    194	--  	0.910	82168.00	
00129	泛海集团	2.96	6487011	2.090	2.030	2000	3092862	0.00	2.030	2.120	2.030	--  	0.00	4.43	0.060	    137	--  	2.090	2644188.75	
01129	中国水业集团	0.00	6476481	1.730	1.730	4000	3728000	0.00	1.750	1.770	1.710	--  	0.00	3.47	0.000	     12	--  	1.730	275283.19	
01466	钱唐控股	-0.70	6456325	4.230	4.260	2000	1524400	0.00	4.240	4.290	4.160	--  	0.00	3.05	-0.030	     63	--  	4.230	33080.40	
01618	中国中冶	0.71	6363066	2.840	2.820	1000	2236000	0.00	2.830	2.860	2.830	--  	0.00	1.06	0.020	    254	2.840	2.840	38880236.00	
00729	五龙电动车	1.45	6195201	0.350	0.345	5000	17905000	0.00	0.340	0.350	0.340	--  	0.00	2.90	0.005	     79	0.345	0.350	953690.81	
数据来源:通达信
