代码	名称	涨幅%%	总金额	现价	昨收	每手	总量	涨速%%	今开	最高	最低	抛空额	股息率%%	振幅%%	涨跌	活跃度	买价	按盘价	总资产(万)	
002236	大华股份	-5.61	1254922240	16.99	18.00	0	733440	0.00	17.88	18.03	16.76	--  	0.00	7.06	-1.01	   4020	16.99	-0.000	1488720.25	
03669	永达汽车	-8.47	1122646016	6.590	7.200	500	170136272	0.00	6.700	6.820	6.570	16801546	2.88	3.47	-0.610	   4431	--  	6.590	2037512.50	
00981	中芯国际	-8.01	821014528	8.380	9.110	500	95820176	-0.12	9.040	9.040	8.350	--  	0.00	7.57	-0.730	   5499	8.380	8.380	1011527.81	
002699	美盛文化	-9.99	527438112	25.86	28.73	0	203324	0.00	25.86	26.76	25.86	--  	0.00	3.13	-2.87	   2937	--  	0.000	370714.69	
00004	九龙仓集团	-1.57	410829440	65.950	67.000	1000	6225307	-0.15	66.550	66.800	65.450	--  	2.38	2.01	-1.050	   1059	65.900	65.950	44382700.00	
300115	长盈精密	-6.68	387458592	26.70	28.61	0	140006	0.00	28.62	28.85	26.53	--  	0.00	8.11	-1.91	   2712	26.70	0.000	782236.94	
002174	游族网络	-9.82	354197856	24.98	27.70	0	137181	0.04	27.52	27.52	24.93	--  	0.00	9.35	-2.72	   3279	24.98	-0.000	543354.81	
600365	通葡股份	7.47	334800288	10.64	9.90	0	324911	-0.18	9.91	10.89	9.10	--  	0.00	18.08	0.74	   2586	10.64	0.000	95905.74	
002354	天神娱乐	-4.93	314808992	21.80	22.93	0	141711	-0.32	22.80	23.27	21.51	--  	0.00	7.68	-1.13	   3250	21.79	-0.000	1274960.13	
300450	先导智能	-4.35	274674848	40.45	42.29	0	66427	-0.12	42.50	42.65	40.29	--  	0.00	5.58	-1.84	   2586	40.45	0.000	257758.17	
002364	中恒电气	-8.78	254441968	15.37	16.85	0	163679	0.52	16.80	16.85	15.17	--  	0.00	9.97	-1.48	   2236	15.37	-0.000	262402.66	
603997	继峰股份	0.43	234069104	25.83	25.72	0	90988	0.15	25.74	25.91	25.59	--  	0.00	1.24	0.11	   2087	25.83	-0.000	195153.50	
01112	合生元	-12.70	232937328	21.650	24.800	500	10747300	-0.23	24.700	25.000	20.600	--  	0.00	17.74	-3.150	   1576	21.600	21.650	1420514.25	
000635	英 力 特	-9.98	230933072	22.47	24.96	0	99549	0.04	24.96	25.00	22.46	--  	0.00	10.18	-2.49	   1201	--  	-0.000	338351.63	
002259	升达林业	-4.07	230876176	6.84	7.13	0	345048	0.14	7.25	7.33	6.42	--  	0.00	12.76	-0.29	   2505	6.84	0.000	328006.84	
600712	南宁百货	-9.98	227729072	7.58	8.42	0	300292	0.00	7.58	7.92	7.58	--  	0.00	4.04	-0.84	   2258	--  	-0.000	203052.25	
600166	福田汽车	-1.74	213326896	2.83	2.88	0	751877	0.00	2.87	2.89	2.80	--  	0.00	3.12	-0.05	   3373	2.84	-0.000	5819084.00	
002465	海格通信	-0.56	204498736	10.62	10.68	0	195516	0.00	10.68	10.68	10.29	--  	0.00	3.65	-0.06	   2662	10.61	-0.000	1072966.38	
300296	利亚德	-1.55	182135680	19.66	19.97	0	93237	0.30	19.90	20.11	19.20	--  	0.00	4.56	-0.31	   2440	19.66	-0.000	1086901.00	
002061	江山化工	-10.04	181798000	8.06	8.96	0	222010	0.00	8.37	8.60	8.06	--  	0.00	6.03	-0.90	   1513	--  	0.000	551830.50	
002248	*ST东数	-5.00	181638096	6.84	7.20	0	264325	0.00	6.84	7.15	6.84	--  	0.00	4.31	-0.36	   2632	--  	0.000	182904.95	
600380	健康元	-5.67	179685264	8.65	9.17	0	209076	-0.11	8.67	8.85	8.42	--  	0.00	4.69	-0.52	   2794	8.65	-0.000	1762344.38	
000659	*ST中富	-4.97	176138608	3.44	3.62	0	504875	0.00	3.47	3.65	3.44	--  	0.00	5.80	-0.18	   2777	--  	0.000	280051.94	
002148	北纬通信	-1.39	172079984	9.23	9.36	0	183169	-0.32	9.30	9.68	9.00	--  	0.00	7.26	-0.13	   2887	9.22	-0.000	127810.47	
600469	风神股份	-4.48	158167296	8.32	8.71	0	190464	-0.35	8.73	8.77	8.03	--  	0.00	8.50	-0.39	   2848	8.29	-0.000	801827.69	
603919	金徽酒	-10.02	155290544	23.27	25.86	0	65915	0.00	24.80	25.30	23.27	--  	0.00	7.85	-2.59	   1802	--  	0.000	217292.34	
002086	东方海洋	2.08	137085920	10.30	10.09	0	136143	0.00	9.75	10.40	9.13	--  	0.00	12.59	0.21	   1892	10.28	0.000	384288.72	
002159	三特索道	-8.99	133590312	25.30	27.80	0	52251	-0.58	25.50	26.69	25.02	--  	0.00	6.01	-2.50	   1386	25.25	-0.000	258733.77	
300037	新宙邦	-5.14	132257312	21.39	22.55	0	60417	0.04	22.20	22.75	21.21	--  	0.00	6.83	-1.16	   2374	21.39	-0.000	295571.09	
600630	龙头股份	2.07	123913424	11.81	11.57	0	105300	0.00	11.50	12.22	11.24	--  	0.00	8.47	0.24	   2101	11.80	0.000	256390.52	
603026	石大胜华	-3.10	121507232	27.86	28.75	0	43628	0.17	28.68	28.68	27.15	--  	0.00	5.32	-0.89	   2263	27.89	0.000	230822.34	
002707	众信旅游	-4.00	119512160	12.47	12.99	0	96425	-0.08	12.92	13.07	11.69	--  	0.00	10.62	-0.52	   2146	12.45	0.000	412248.72	
000922	*ST佳电	-4.94	119180144	7.12	7.49	0	166056	0.00	7.43	7.53	7.12	--  	0.00	5.47	-0.37	   1972	--  	-0.000	278573.94	
02343	太平洋航运	-1.42	104012192	1.390	1.410	1000	76971000	2.21	1.410	1.420	1.310	6147761	0.00	7.80	-0.020	   1040	--  	1.390	210722.50	
600452	涪陵电力	-2.42	98353536	48.39	49.59	0	20521	-0.02	49.62	49.62	47.20	--  	0.00	4.88	-1.20	   1629	48.05	-0.000	379814.50	
002396	星网锐捷	-2.16	93478712	17.22	17.60	0	54135	0.05	17.62	17.69	16.93	--  	0.00	4.32	-0.38	   1848	17.21	-0.000	503482.09	
600335	国机汽车	-2.81	89005032	11.76	12.10	0	76249	-0.16	11.90	12.07	11.24	--  	0.00	6.86	-0.34	   2692	11.74	0.000	1833514.63	
600438	通威股份	-2.25	87582616	5.64	5.77	0	154015	0.00	5.80	5.82	5.56	--  	0.00	4.51	-0.13	   2482	5.64	-0.000	2315351.25	
600757	长江传媒	-1.49	84534464	7.26	7.37	0	116287	0.00	7.36	7.37	7.22	--  	0.00	2.04	-0.11	   2359	7.26	0.000	961224.50	
300274	阳光电源	-2.49	83357552	8.99	9.22	0	92221	0.22	9.25	9.25	8.89	--  	0.00	3.90	-0.23	   1726	8.99	-0.000	1110434.13	
000408	*ST金源	2.19	82467408	14.01	13.71	0	61270	0.43	13.77	14.22	13.02	--  	0.00	8.75	0.30	   1395	14.00	0.000	676203.19	
603718	海利生物	-5.22	80529280	13.62	14.37	0	59847	0.81	13.68	13.87	12.99	--  	0.00	6.12	-0.75	   1257	13.58	-0.000	166394.81	
000504	南华生物	1.48	77559488	16.47	16.23	0	46075	0.00	16.68	17.38	16.23	--  	0.00	7.09	0.24	   1242	16.46	-0.000	29995.55	
601113	华鼎股份	3.13	75938920	9.56	9.27	0	83301	0.73	8.62	9.79	8.56	--  	0.00	13.27	0.29	   1705	9.50	0.000	471208.34	
01972	太古地产	-2.92	72532696	24.950	25.700	200	2883306	-0.60	25.400	25.550	24.900	--  	1.92	2.53	-0.750	   1030	24.950	24.950	28170800.00	
603959	百利科技	-9.91	71984336	19.01	21.10	0	36909	0.05	21.06	21.06	18.99	--  	0.00	9.81	-2.09	   2095	18.99	0.000	187283.59	
002181	粤 传 媒	-3.61	67355376	5.61	5.82	0	119336	0.00	5.81	5.84	5.57	--  	0.00	4.64	-0.21	   1617	5.61	0.000	460135.75	
000665	湖北广电	-2.98	66072368	12.03	12.40	0	54636	0.08	12.40	12.40	11.95	--  	0.00	3.63	-0.37	   1223	12.02	-0.000	809383.00	
002425	凯撒文化	-3.83	65283232	14.80	15.39	0	43607	-0.33	15.32	15.43	14.64	--  	0.00	5.13	-0.59	   2361	14.80	0.000	423524.44	
002289	*ST宇顺	5.00	64239532	17.23	16.41	0	38559	0.00	16.21	17.23	15.81	--  	0.00	8.65	0.82	   1010	17.23	-0.000	121385.05	
002487	大金重工	-6.10	63710360	6.31	6.72	0	99431	0.15	6.63	6.67	6.28	--  	0.00	5.80	-0.41	   1946	6.31	-0.000	264077.66	
600889	南京化纤	-2.35	61112428	9.97	10.21	0	61269	0.10	10.20	10.30	9.82	--  	0.00	4.70	-0.24	   1711	9.96	0.000	222562.42	
600377	宁沪高速	-0.54	60361624	9.14	9.19	0	65854	0.00	9.18	9.23	9.13	--  	0.00	1.09	-0.05	   2193	9.13	0.000	3722143.50	
603658	安图生物	-3.38	57639580	40.27	41.68	0	14247	-0.07	41.48	41.87	39.10	--  	0.00	6.65	-1.41	    917	40.28	0.000	192542.69	
300338	开元股份	0.04	56331344	23.00	22.99	0	25456	0.00	22.90	23.01	21.42	--  	0.00	6.92	0.01	   1958	22.99	0.000	257778.59	
06099	招商证券	-0.34	56152300	11.860	11.900	200	4730600	0.34	11.700	11.960	11.700	--  	0.00	2.18	-0.040	    236	11.860	11.860	24293728.00	
03933	联邦制药	-3.17	53497104	4.580	4.730	2000	11698500	0.44	4.710	4.740	4.500	--  	0.00	5.07	-0.150	    609	4.570	4.580	1666927.88	
300468	四方精创	-3.58	52943176	46.60	48.33	0	11359	-0.10	48.00	48.29	45.50	--  	0.00	5.77	-1.73	   1242	46.50	-0.000	103677.93	
603918	金桥信息	-6.16	50521568	25.90	27.60	0	19214	0.03	27.82	27.82	24.86	--  	0.00	10.72	-1.70	   1734	25.90	-0.000	74269.90	
600077	宋都股份	-0.50	50505912	3.98	4.00	0	128451	-0.25	3.98	4.00	3.88	--  	0.00	3.00	-0.02	   1524	3.97	0.000	1019739.13	
000020	深华发Ａ	-1.91	49891012	21.00	21.41	0	24065	0.00	21.25	21.45	20.14	--  	0.00	6.12	-0.41	   1502	21.00	0.000	64690.01	
000055	方大集团	-3.27	48908508	7.70	7.96	0	63472	0.00	7.80	7.85	7.58	--  	0.00	3.39	-0.26	   1752	7.70	-0.000	653953.81	
601139	深圳燃气	-0.12	47264304	8.61	8.62	0	55276	0.11	8.71	8.71	8.46	--  	0.00	2.90	-0.01	    909	8.62	-0.000	1722848.63	
002441	众业达	-2.12	43450960	11.08	11.32	0	39086	0.09	11.22	11.31	10.98	--  	0.00	2.92	-0.24	   1417	11.07	-0.000	480067.25	
000509	华塑控股	-3.51	42342996	6.05	6.27	0	69593	-0.16	6.29	6.29	6.00	--  	0.00	4.63	-0.22	   1091	6.05	0.000	32830.84	
600493	凤竹纺织	-1.74	41977652	10.72	10.91	0	39432	-0.18	10.90	11.06	10.17	--  	0.00	8.16	-0.19	   1211	10.70	0.000	95554.78	
00275	凯华集团	-7.14	35707776	0.195	0.210	10000	173933584	0.00	0.215	0.218	0.194	121030	0.00	11.43	-0.015	    826	--  	0.195	1141196.13	
600736	XD苏州高	0.14	35263680	7.35	7.34	0	48596	0.13	7.39	7.40	7.18	--  	0.00	3.00	0.01	   1794	7.34	-0.000	2272549.00	
06066	中信建投证券	0.00	34196016	7.100	7.100	500	4812500	0.00	7.100	7.140	7.050	--  	2.83	1.27	0.000	    262	7.090	7.100	18169504.00	
300473	德尔股份	-3.27	33607292	48.81	50.46	0	6796	-0.14	50.14	50.69	48.25	--  	0.00	4.84	-1.65	    684	48.81	0.000	219495.34	
01371	华彩控股	-6.79	32508130	0.206	0.221	20000	160657200	0.98	0.220	0.222	0.196	525760	0.00	11.76	-0.015	    628	--  	0.206	222528.80	
300158	振东制药	-2.56	31377372	16.35	16.78	0	19083	-0.36	16.85	16.85	16.20	--  	0.00	3.87	-0.43	   1590	16.35	0.000	698206.44	
00136	恒腾网络	-2.80	30146788	0.139	0.143	4000	215506080	0.72	0.143	0.144	0.138	--  	0.00	4.20	-0.004	    848	0.138	0.139	110087.60	
01233	时代地产	-3.56	27939182	4.880	5.060	1000	5625000	-0.20	5.150	5.150	4.860	119250	7.21	5.73	-0.180	    870	--  	4.880	6908894.50	
02128	中国联塑	-1.80	27821946	6.000	6.110	1000	4630000	-0.17	6.110	6.180	5.870	--  	2.50	5.07	-0.110	    619	6.000	6.000	2219528.50	
01963	重庆银行	-0.81	25475356	6.110	6.160	500	4154700	-0.33	6.150	6.190	6.100	--  	0.00	1.46	-0.050	    504	6.100	6.110	39943476.00	
01666	同仁堂科技	-1.89	24651242	12.460	12.700	1000	1964000	0.00	12.760	12.820	12.420	--  	1.44	3.15	-0.240	    363	12.440	12.460	818416.63	
603429	集友股份	-0.79	22967310	73.99	74.58	0	3155	0.66	73.75	74.50	71.20	--  	0.00	4.42	-0.59	    264	73.31	-0.000	56228.43	
01019	康宏环球	1.98	22491354	0.206	0.202	6000	110632000	0.00	0.202	0.207	0.200	194436	0.00	3.47	0.004	    225	--  	0.206	654672.38	
002758	华通医药	-4.54	20369366	15.14	15.86	0	13343	0.13	15.86	15.86	14.56	--  	0.00	8.20	-0.72	    845	15.14	0.000	108734.11	
00182	协合新能源	-4.11	20127562	0.350	0.365	10000	57441584	1.45	0.365	0.365	0.345	490150	2.86	5.48	-0.015	    289	--  	0.350	1433934.88	
01565	成实外教育	0.78	13670711	5.160	5.120	1000	2683000	-0.19	5.110	5.190	5.010	--  	1.36	3.52	0.040	    106	--  	5.160	420124.59	
00895	东江环保	-2.30	13501850	11.880	12.160	200	1129575	-0.17	12.060	12.100	11.660	--  	0.00	3.62	-0.280	    481	11.840	11.880	892218.56	
06828	北京燃气蓝天	1.82	13341201	0.560	0.550	8000	24560000	1.82	0.550	0.560	0.540	--  	0.00	3.64	0.010	    101	--  	0.560	428907.91	
00251	爪哇控股	-29.06	12765521	13.380	18.860	2000	916000	0.30	13.100	16.000	13.100	356640	0.45	15.38	-5.480	    178	--  	13.380	1727988.75	
02399	虎都	0.26	11659851	7.690	7.670	1000	1560000	0.13	7.690	7.700	7.210	--  	0.00	6.39	0.020	    243	--  	7.690	230428.50	
06878	鼎丰集团控股	-7.69	11132301	0.600	0.650	2000	17926000	1.69	0.640	0.640	0.580	--  	0.00	9.23	-0.050	    114	--  	0.600	184099.00	
01269	首控集团	4.22	10802301	2.470	2.370	2000	4582000	0.41	2.470	2.470	2.320	--  	0.00	6.33	0.100	    324	--  	2.470	726613.88	
数据来源:通达信
