00001
00002
00003
00004
02018
00388
00941
00066
00799
00016
02333
00992
00004
01113
01044
00823
01880
02388
08182
01339
01980
00267
03888
02382
00285
00135
01530
00686
01128
01211
00293
01177
01317
03333
06823
00303
01193
00836
02020
02319
01038
00215
00002
01999
03188
00200
01958
01109
02380
00003
06808
02238
01458
00006
00698
00371
01515
02338
02869
00669
02007
00582
00020
01818
03993
00508
00358
02280
00656
01919
00017
01918
03606
01060
01972
03836
00152
01112
00405
00101
02899
00806
00570
08071
08021
01776
00604
00257
00323
06169
00268
08318
01569
00777
01929
01848
00659
00144
01728
06068
02001
01513
01141
00493
01528
00911
03666
00753
02600
01478
00552
00354
00177
00521
03396
01293
01138
00119
00468
03799
08410
02309
08366
00968
01508
02314
00062
01072
01469
00345
03899
01638
00410
00087
01808
00500
00168
01051
00881
00808
08127
01308
06878
01368
00766
00058
02221
00710
