代码	名称	涨幅%%	总金额	现价	昨收	每手	总量	涨速%%	今开	最高	最低	抛空额	股息率%%	振幅%%	涨跌	细分行业	抛空量	按盘价	
600230	沧州大化	-6.46	874242624	46.04	49.22	0	186039	-0.44	48.78	48.78	45.96	--  	0.26	5.73	-3.18	农药化肥	--  	0.000	
000587	金洲慈航	-5.03	856169856	6.98	7.35	0	1275625	1.45	7.35	7.35	6.62	--  	1.02	9.93	-0.37	批发业	--  	0.000	
600068	葛洲坝	-3.03	808713152	9.61	9.91	0	837493	-0.20	9.90	9.91	9.54	--  	2.08	3.73	-0.30	建筑施工	--  	-0.000	
601169	北京银行	0.14	414901056	7.36	7.35	0	567662	0.14	7.35	7.38	7.26	--  	2.83	1.63	0.01	银行	--  	0.000	
600409	三友化工	-2.92	361341280	10.31	10.62	0	348545	0.00	10.63	10.63	10.23	--  	1.05	3.77	-0.31	化工原料	--  	0.000	
002500	山西证券	0.30	314973920	10.07	10.04	0	314633	0.00	9.99	10.21	9.78	--  	0.90	4.28	0.03	证券	--  	-0.000	
300122	智飞生物	-5.26	310332384	26.30	27.76	0	116187	-0.07	27.50	27.50	26.20	--  	0.04	4.68	-1.46	生物制药	--  	-0.000	
600643	爱建集团	-2.64	308362432	13.63	14.00	0	226281	-0.14	14.04	14.04	13.41	--  	0.71	4.50	-0.37	多元金融	--  	0.000	
600919	江苏银行	-1.23	299972128	8.01	8.11	0	373089	0.00	8.10	8.12	7.99	--  	2.19	1.60	-0.10	银行	--  	0.000	
300134	大富科技	-9.95	270257376	12.67	14.07	0	205412	0.00	14.12	14.14	12.66	--  	1.21	10.52	-1.40	通信设备	--  	0.000	
600352	浙江龙盛	-1.67	269352640	10.02	10.19	0	267084	-0.09	10.19	10.19	10.00	--  	1.96	1.86	-0.17	染料涂料	--  	0.000	
002721	金一文化	-8.26	263000896	11.88	12.95	0	222126	0.59	13.00	13.02	11.66	--  	0.27	10.50	-1.07	服饰	--  	0.000	
000528	柳 工	-5.59	257957312	8.27	8.76	0	304891	0.00	8.76	8.76	8.23	--  	1.14	6.05	-0.49	工程机械	--  	0.000	
601099	太平洋	0.25	248402832	3.97	3.96	0	627386	-0.24	3.96	3.99	3.91	--  	0.76	2.02	0.01	证券	--  	0.000	
002717	岭南园林	-6.26	240383344	28.29	30.18	0	83218	-0.24	29.97	29.97	28.28	--  	0.41	5.60	-1.89	建筑施工	--  	0.000	
00002	中电控股	-0.69	217622832	78.850	79.400	500	2755521	-0.19	79.000	79.300	78.850	--  	0.75	0.57	-0.550	公用事业	--  	78.850	
002101	广东鸿图	-7.07	208038320	22.46	24.17	0	91532	0.00	24.05	24.05	22.01	--  	0.41	8.44	-1.71	机械基件	--  	-0.000	
06837	海通证券	-0.65	202915648	12.240	12.320	400	16508970	-0.33	12.280	12.380	12.220	--  	0.00	1.30	-0.080	其他金融	--  	12.240	
600326	西藏天路	-3.61	195462192	9.61	9.97	0	201218	-0.30	9.96	9.97	9.60	--  	0.62	3.71	-0.36	建筑施工	--  	-0.000	
000519	中兵红箭	-5.27	184881264	9.16	9.67	0	198971	-0.10	9.66	9.69	9.11	--  	0.00	6.00	-0.51	矿物制品	--  	-0.000	
002807	江阴银行	-0.22	163902928	9.10	9.12	0	179392	-0.21	9.16	9.28	9.05	--  	1.64	2.52	-0.02	银行	--  	0.000	
000028	国药一致	-2.97	160135504	65.10	67.09	0	24388	0.02	67.45	67.45	64.60	--  	0.49	4.25	-1.99	医药商业	--  	-0.000	
600649	城投控股	0.00	159729024	9.51	9.51	0	169337	-0.10	9.52	9.54	9.33	--  	2.48	2.21	0.00	区域地产	--  	0.000	
600563	法拉电子	-0.27	155077952	52.61	52.75	0	29849	-0.33	52.85	53.08	51.25	--  	2.09	3.47	-0.14	元器件	--  	0.000	
600337	美克家居	6.86	154343840	6.70	6.27	0	234728	-0.88	6.28	6.79	6.26	--  	1.71	8.45	0.43	家居用品	--  	-0.000	
002479	富春环保	0.00	153266592	10.92	10.92	0	143154	0.65	10.92	10.95	10.54	--  	0.92	3.75	0.00	火力发电	--  	0.000	
002400	省广股份	-2.15	149929904	5.91	6.04	0	251771	-0.16	6.05	6.05	5.90	--  	0.48	2.48	-0.13	广告包装	--  	-0.000	
000690	宝新能源	4.91	148512032	7.69	7.33	0	201571	0.13	7.32	7.75	7.18	--  	0.45	7.78	0.36	火力发电	--  	0.000	
00101	恒隆地产	-0.22	148288256	17.980	18.020	1000	8268424	0.11	18.020	18.080	17.840	--  	0.95	1.33	-0.040	地产	--  	17.980	
601890	亚星锚链	-5.55	141826512	7.49	7.93	0	186604	-0.12	7.85	7.85	7.48	--  	0.38	4.67	-0.44	船舶	--  	-0.000	
600155	宝硕股份	-2.21	138580624	11.97	12.24	0	114931	-0.07	12.22	12.30	11.92	--  	0.06	3.10	-0.27	证券	--  	0.000	
600480	凌云股份	-3.59	128359616	16.39	17.00	0	77597	-0.11	17.00	17.01	16.39	--  	0.83	3.65	-0.61	汽车配件	--  	-0.000	
000928	中钢国际	-4.27	124318576	7.39	7.72	0	166756	0.27	7.73	7.75	7.32	--  	0.36	5.57	-0.33	建筑施工	--  	-0.000	
600116	三峡水利	-1.76	123861816	8.91	9.07	0	138804	0.45	9.03	9.08	8.85	--  	0.77	2.54	-0.16	水力发电	--  	-0.000	
000703	恒逸石化	-0.85	119513848	15.15	15.28	0	78850	0.60	15.28	15.29	15.03	--  	0.64	1.70	-0.13	化纤	--  	-0.000	
000982	*ST 中绒	-4.97	117836104	3.63	3.82	0	323036	0.00	3.81	3.81	3.63	--  	1.45	4.71	-0.19	纺织	--  	0.000	
000926	福星股份	0.08	114785432	12.24	12.23	0	94715	0.74	12.23	12.25	11.98	--  	2.04	2.21	0.01	区域地产	--  	-0.000	
002336	人人乐	-10.02	111561960	10.24	11.38	0	106664	0.00	10.82	10.90	10.24	--  	4.39	5.80	-1.14	超市连锁	--  	-0.000	
002331	皖通科技	-3.58	103045480	11.59	12.02	0	87777	-0.08	12.03	12.07	11.59	--  	0.42	3.99	-0.43	软件服务	--  	0.000	
002073	软控股份	2.22	102846720	8.75	8.56	0	121001	0.00	8.56	8.79	8.23	--  	0.29	6.54	0.19	软件服务	--  	0.000	
601179	中国西电	-1.93	95259656	5.07	5.17	0	187375	0.20	5.18	5.18	5.04	--  	1.93	2.71	-0.10	电气设备	--  	0.000	
600621	华鑫股份	-4.58	92156464	11.04	11.57	0	83131	-0.53	11.20	11.27	10.83	--  	0.32	3.80	-0.53	证券	--  	-0.000	
000708	大冶特钢	-2.84	89963408	11.98	12.33	0	74818	0.08	12.33	12.33	11.89	--  	1.62	3.57	-0.35	特种钢	--  	-0.000	
002489	浙江永强	3.07	88384184	6.37	6.18	0	141896	0.31	6.19	6.39	6.09	--  	0.97	4.85	0.19	家居用品	--  	-0.000	
000055	方大集团	-3.28	86256752	7.08	7.32	0	120607	-0.13	7.34	7.34	7.03	--  	3.19	4.23	-0.24	其他建材	--  	-0.000	
002462	嘉事堂	-5.09	86091584	31.88	33.59	0	26751	0.03	33.60	33.62	31.80	--  	0.45	5.42	-1.71	医药商业	--  	-0.000	
603528	多伦科技	-2.80	83962016	10.77	11.08	0	80305	-0.18	11.08	11.10	9.97	--  	1.50	10.20	-0.31	软件服务	--  	0.000	
002425	凯撒文化	-2.81	81694632	8.66	8.91	0	93281	0.12	8.92	8.97	8.64	--  	0.35	3.70	-0.25	互联网	--  	-0.000	
601928	凤凰传媒	-1.54	78168696	8.97	9.11	0	86738	0.00	9.10	9.11	8.94	--  	1.65	1.87	-0.14	出版业	--  	0.000	
300151	昌红科技	5.25	71407488	9.23	8.77	0	78240	-0.10	8.80	9.58	8.73	--  	0.34	9.69	0.46	机械基件	--  	-0.000	
300279	和晶科技	4.35	69584992	11.76	11.27	0	60325	-0.16	11.27	11.85	11.21	--  	0.32	5.68	0.49	元器件	--  	0.000	
600433	冠豪高新	-3.79	69071400	5.08	5.28	0	133909	-0.58	5.29	5.29	5.07	--  	0.72	4.17	-0.20	造纸	--  	-0.000	
600586	金晶科技	1.07	68531576	4.71	4.66	0	146002	0.00	4.65	4.76	4.58	--  	0.52	3.86	0.05	玻璃	--  	0.000	
02038	富智康集团	-5.65	68002144	2.340	2.480	1000	29183182	0.00	2.390	2.390	2.280	--  	0.00	4.44	-0.140	信息器材	--  	2.340	
000718	苏宁环球	-1.32	66656248	5.25	5.32	0	126736	0.00	5.32	5.32	5.19	--  	3.76	2.44	-0.07	区域地产	--  	0.000	
002349	精华制药	2.46	60868972	9.15	8.93	0	66938	0.00	8.94	9.26	8.89	--  	0.84	4.14	0.22	中成药	--  	-0.000	
600727	鲁北化工	-4.56	60842288	8.99	9.42	0	66778	-0.32	9.42	9.46	8.98	--  	1.15	5.10	-0.43	农药化肥	--  	-0.000	
002706	良信电器	-4.17	59502320	11.27	11.76	0	52322	-0.08	11.73	11.75	11.20	--  	1.68	4.68	-0.49	电气设备	--  	0.000	
300094	国联水产	-2.99	57629156	6.17	6.36	0	92342	-0.15	6.36	6.37	6.14	--  	0.16	3.62	-0.19	渔业	--  	0.000	
600262	北方股份	-1.83	55375744	21.99	22.40	0	25166	-0.08	22.27	22.35	21.71	--  	1.12	2.86	-0.41	汽车整车	--  	-0.000	
600202	哈空调	-3.78	55286208	9.41	9.78	0	58719	0.97	9.86	9.86	9.28	--  	0.18	5.93	-0.37	电气设备	--  	-0.000	
600462	九有股份	-4.06	54781364	5.20	5.42	0	104407	-0.18	5.41	5.41	5.18	--  	0.00	4.24	-0.22	元器件	--  	-0.000	
600894	广日股份	-2.68	54774376	10.52	10.81	0	51536	-0.08	10.81	10.82	10.49	--  	3.52	3.05	-0.29	运输设备	--  	0.000	
600642	申能股份	-0.34	52456468	5.81	5.83	0	90021	-0.16	5.84	5.86	5.80	--  	3.77	1.03	-0.02	火力发电	--  	-0.000	
600180	瑞茂通	-3.57	49732100	12.41	12.87	0	39812	0.16	12.86	12.86	12.34	--  	0.41	4.04	-0.46	仓储物流	--  	-0.000	
600186	莲花健康	-3.07	47156572	3.79	3.91	0	124062	0.00	3.90	3.92	3.70	--  	0.00	5.63	-0.12	食品	--  	-0.000	
002763	汇洁股份	-2.44	46895940	15.60	15.99	0	29945	-0.12	15.94	16.10	15.42	--  	0.00	4.25	-0.39	服饰	--  	0.000	
002762	金发拉比	-2.63	45730956	19.59	20.12	0	23238	0.05	20.05	20.12	19.47	--  	0.50	3.23	-0.53	服饰	--  	0.000	
000702	正虹科技	-3.36	45048952	8.06	8.34	0	55354	-0.24	8.34	8.35	8.05	--  	0.89	3.60	-0.28	饲料	--  	0.000	
000883	湖北能源	-1.21	44967036	4.88	4.94	0	91872	0.00	4.93	4.95	4.87	--  	1.84	1.62	-0.06	火力发电	--  	0.000	
300135	宝利国际	-3.28	43741108	4.13	4.27	0	104611	0.00	4.27	4.27	4.13	--  	0.47	3.28	-0.14	化工原料	--  	0.000	
600880	博瑞传播	-1.87	43225236	5.76	5.87	0	74709	-0.16	5.85	5.90	5.75	--  	0.34	2.56	-0.11	广告包装	--  	0.000	
600790	轻纺城	-1.37	42186864	6.50	6.59	0	64669	-0.30	6.59	6.60	6.49	--  	1.52	1.67	-0.09	商品城	--  	0.000	
002029	七 匹 狼	-1.48	41222408	9.30	9.44	0	44060	0.00	9.43	9.44	9.29	--  	1.06	1.59	-0.14	服饰	--  	0.000	
002205	国统股份	-3.47	39883968	21.17	21.93	0	18624	-0.04	21.90	21.90	21.10	--  	0.82	3.65	-0.76	其他建材	--  	0.000	
600726	华电能源	-3.56	39492936	3.79	3.93	0	103378	-0.25	3.90	3.91	3.76	--  	0.35	3.82	-0.14	火力发电	--  	-0.000	
600577	精达股份	-1.18	38542244	4.19	4.24	0	91596	0.00	4.24	4.24	4.18	--  	1.18	1.42	-0.05	电气设备	--  	0.000	
300345	红宇新材	-3.84	36946756	6.51	6.77	0	56077	0.31	6.67	6.67	6.46	--  	0.44	3.10	-0.26	钢加工	--  	0.000	
300107	建新股份	-1.88	35349504	6.26	6.38	0	56348	-0.15	6.35	6.38	6.21	--  	0.47	2.66	-0.12	化工原料	--  	0.000	
002420	毅昌股份	-3.72	34543584	5.95	6.18	0	57263	-0.16	6.11	6.14	5.93	--  	0.16	3.40	-0.23	塑料	--  	-0.000	
002483	润邦股份	-2.48	34189792	5.91	6.06	0	57244	0.00	6.04	6.07	5.89	--  	1.03	2.97	-0.15	工程机械	--  	-0.000	
600077	宋都股份	-1.21	34007084	4.08	4.13	0	83969	0.49	4.15	4.15	4.00	--  	0.15	3.63	-0.05	全国地产	--  	-0.000	
601218	吉鑫科技	-1.98	33731996	3.97	4.05	0	84436	-0.24	4.05	4.05	3.96	--  	0.37	2.22	-0.08	机械基件	--  	0.000	
603869	北部湾旅	0.87	33401008	24.26	24.05	0	13796	0.33	24.04	24.49	24.02	--  	0.62	1.95	0.21	旅游服务	--  	0.000	
002568	百润股份	-3.15	31978058	15.97	16.49	0	19724	-0.18	16.39	16.52	15.94	--  	3.88	3.52	-0.52	红黄药酒	--  	0.000	
000936	华西股份	-1.82	31617982	6.48	6.60	0	48500	-0.30	6.62	6.62	6.45	--  	1.82	2.58	-0.12	化纤	--  	0.000	
603718	海利生物	-1.50	31582084	12.47	12.66	0	25312	0.65	12.60	12.70	12.38	--  	0.32	2.53	-0.19	生物制药	--  	0.000	
002688	金河生物	-2.57	29652236	7.20	7.39	0	40926	-0.13	7.38	7.38	7.16	--  	2.03	2.98	-0.19	化学制药	--  	-0.000	
601339	百隆东方	-0.91	29582048	5.47	5.52	0	54175	-0.17	5.52	5.52	5.42	--  	2.32	1.81	-0.05	纺织	--  	-0.000	
002269	美邦服饰	-2.23	29476546	3.50	3.58	0	83685	-0.27	3.57	3.58	3.50	--  	1.12	2.23	-0.08	服饰	--  	0.000	
600936	广西广电	-1.92	26807592	7.17	7.31	0	37080	0.14	7.31	7.34	7.14	--  	1.78	2.74	-0.14	影视音像	--  	0.000	
002599	盛通股份	1.56	20371820	13.71	13.50	0	15147	0.15	13.49	13.73	13.21	--  	0.11	3.85	0.21	广告包装	--  	0.000	
000850	华茂股份	-0.99	18069428	5.00	5.05	0	35987	0.00	5.05	5.06	4.99	--  	0.99	1.39	-0.05	纺织	--  	0.000	
002058	威 尔 泰	-1.92	17930764	18.40	18.76	0	9872	-0.21	18.76	18.76	17.95	--  	0.11	4.32	-0.36	电器仪表	--  	-0.000	
00091	标准资源控股	40.00	14087426	0.063	0.045	25000	254775008	0.00	0.045	0.065	0.045	--  	0.00	44.44	0.018	石油天然气	--  	0.063	
01566	华夏动漫	-1.72	13727941	2.850	2.900	1000	4788000	-0.35	2.880	2.920	2.750	710500	0.70	5.86	-0.050	媒体及娱乐	249000	2.850	
00915	道和环球	-1.22	13087831	2.420	2.450	1000	5396000	0.41	2.460	2.480	2.310	177970	0.00	6.94	-0.030	工用支援	74000	2.420	
00697	SHOUGANG INT'L	-1.31	6213181	0.226	0.229	2000	27330000	-0.44	0.228	0.229	0.226	330600	0.00	1.31	-0.003	一般金属	1450000	0.226	
00496	卡森国际	-3.03	5227570	1.280	1.320	1000	4055000	0.00	1.320	1.330	1.180	--  	0.00	11.36	-0.040	家电及用品	--  	1.280	
数据来源:通达信
