代码	名称	涨幅%%	总金额	现价	昨收	每手	总量	涨速%%	今开	最高	最低	抛空额	股息率%%	振幅%%	涨跌	细分行业	抛空量	按盘价	
601166	兴业银行	3.03	3190676992	17.36	16.85	0	1858945	0.12	16.85	17.40	16.84	--  	3.62	3.32	0.51	银行	--  	0.000	
601229	上海银行	-2.14	3175896576	15.08	15.41	0	2174588	-0.19	14.04	15.41	14.04	--  	2.50	8.89	-0.33	银行	--  	-0.000	
601288	农业银行	2.52	2119303168	3.66	3.57	0	5864141	0.27	3.57	3.67	3.56	--  	4.76	3.08	0.09	银行	--  	0.000	
601328	交通银行	2.81	1639293696	6.22	6.05	0	2662908	-0.15	6.05	6.25	6.04	--  	4.49	3.47	0.17	银行	--  	-0.000	
600000	浦发银行	3.15	1378873216	12.78	12.39	0	1093365	0.24	12.38	12.80	12.38	--  	1.19	3.39	0.39	银行	--  	-0.000	
601988	中国银行	2.08	1288300160	3.92	3.84	0	3309362	0.00	3.85	3.94	3.84	--  	4.38	2.60	0.08	银行	--  	0.000	
600837	海通证券	2.92	1220736640	14.46	14.05	0	857290	0.21	14.05	14.50	13.95	--  	1.57	3.91	0.41	证券	--  	0.000	
000807	云铝股份	-10.00	1151517312	8.91	9.90	0	1261068	0.00	9.10	9.36	8.91	--  	0.18	4.55	-0.99	铝	--  	-0.000	
601939	建设银行	3.10	1146765440	6.99	6.78	0	1652932	0.14	6.79	7.00	6.79	--  	4.10	3.10	0.21	银行	--  	-0.000	
601169	北京银行	2.62	1144388096	7.45	7.26	0	1559056	0.54	7.26	7.46	7.22	--  	2.87	3.31	0.19	银行	--  	-0.000	
601211	国泰君安	3.15	1026771648	20.32	19.70	0	513340	0.15	19.69	20.35	19.58	--  	1.73	3.91	0.62	证券	--  	-0.000	
601006	大秦铁路	2.73	971205440	9.03	8.79	0	1093673	0.22	8.80	9.06	8.70	--  	2.84	4.10	0.24	铁路	--  	-0.000	
002497	雅化集团	-10.01	962001792	13.75	15.28	0	670595	0.00	15.25	15.48	13.75	--  	0.33	11.32	-1.53	化工原料	--  	0.000	
601985	中国核电	1.21	956788032	7.53	7.44	0	1301370	0.27	7.42	7.55	7.19	--  	1.48	4.84	0.09	新型电力	--  	0.000	
000933	神火股份	-9.47	917790336	8.22	9.08	0	1075900	0.49	8.96	9.06	8.17	--  	0.28	9.80	-0.86	煤炭开采	--  	0.000	
002310	东方园林	-4.10	840256704	20.13	20.99	0	415214	0.20	20.93	20.99	20.00	--  	0.14	4.72	-0.86	建筑施工	--  	-0.000	
600068	葛洲坝	0.76	757511360	9.24	9.17	0	831728	0.22	9.17	9.25	8.99	--  	2.25	2.84	0.07	建筑施工	--  	-0.000	
600795	国电电力	2.68	751729024	3.45	3.36	0	2220017	0.58	3.35	3.45	3.31	--  	3.27	4.17	0.09	火力发电	--  	0.000	
601377	兴业证券	1.95	622667328	7.83	7.68	0	804798	-0.12	7.66	7.85	7.62	--  	1.93	2.99	0.15	证券	--  	-0.000	
600015	华夏银行	2.24	587146176	9.13	8.93	0	648004	0.00	8.92	9.15	8.92	--  	1.69	2.58	0.20	银行	--  	0.000	
601800	中国交建	0.77	558643968	14.33	14.22	0	396885	0.00	14.19	14.39	13.81	--  	1.37	4.08	0.11	建筑施工	--  	-0.000	
601618	中国中冶	2.23	536937280	5.05	4.94	0	1083284	-0.38	4.93	5.08	4.78	--  	1.21	6.07	0.11	建筑施工	--  	0.000	
600388	龙净环保	-7.96	536412320	16.18	17.58	0	320072	-0.05	17.57	17.68	15.84	--  	1.08	10.47	-1.40	环境保护	--  	0.000	
600219	南山铝业	0.82	532728128	3.69	3.66	0	1473016	0.82	3.65	3.71	3.55	--  	1.37	4.37	0.03	铝	--  	0.000	
000983	西山煤电	-1.33	521942048	8.91	9.03	0	593094	-0.10	9.00	9.09	8.61	--  	0.12	5.32	-0.12	煤炭开采	--  	-0.000	
300053	欧比特	-10.00	521130400	14.13	15.70	0	354779	0.00	15.62	15.69	14.13	--  	0.10	9.94	-1.57	半导体	--  	0.000	
601992	金隅股份	1.06	520503296	5.73	5.67	0	924982	0.35	5.67	5.74	5.50	--  	0.81	4.23	0.06	水泥	--  	0.000	
600797	浙大网新	-6.42	519515264	13.26	14.17	0	382176	0.76	14.00	14.07	13.00	--  	0.18	7.55	-0.91	软件服务	--  	0.000	
601669	中国电建	2.78	501737152	7.39	7.19	0	691435	0.27	7.19	7.42	7.03	--  	1.19	5.42	0.20	建筑施工	--  	-0.000	
000709	河钢股份	-2.43	490921952	4.01	4.11	0	1215165	0.00	4.10	4.11	3.96	--  	1.95	3.65	-0.10	普钢	--  	0.000	
300408	三环集团	-1.42	483108320	22.17	22.49	0	219654	-0.35	22.22	22.57	21.50	--  	0.89	4.76	-0.32	元器件	--  	0.000	
002467	二六三	-9.75	475015296	8.05	8.92	0	569501	0.25	8.75	8.76	8.03	--  	0.46	8.18	-0.87	电信运营	--  	0.000	
00688	中国海外发展	-0.63	474568896	23.850	24.000	2000	19828856	0.21	24.050	24.200	23.750	--  	1.47	1.87	-0.150	地产	--  	23.850	
600125	铁龙物流	-7.10	471177792	9.82	10.57	0	465694	0.00	10.63	10.63	9.80	--  	0.57	7.85	-0.75	铁路	--  	-0.000	
02689	玖龙纸业	-6.98	462080768	12.800	13.760	1000	35482684	0.63	13.860	13.880	12.600	--  	2.31	9.30	-0.960	原材料	--  	12.800	
300024	机器人	-4.63	435975360	19.38	20.32	0	220610	0.21	20.35	20.46	19.28	--  	0.22	5.81	-0.94	专用机械	--  	-0.000	
600874	创业环保	-10.00	432925760	13.59	15.10	0	305634	0.00	15.11	15.26	13.59	--  	0.63	11.06	-1.51	环境保护	--  	0.000	
601998	中信银行	2.00	405169888	6.13	6.01	0	665640	-0.32	6.00	6.15	5.99	--  	3.58	2.66	0.12	银行	--  	0.000	
300197	铁汉生态	-6.37	402936864	12.06	12.88	0	329327	0.08	12.80	12.80	11.98	--  	0.39	6.37	-0.82	环境保护	--  	0.000	
600909	华安证券	-7.33	393475168	8.60	9.28	0	450599	0.12	9.23	9.23	8.41	--  	0.65	8.84	-0.68	证券	--  	0.000	
300115	长盈精密	-3.17	389472544	27.20	28.09	0	142321	-0.25	28.15	28.40	26.00	--  	0.53	8.54	-0.89	元器件	--  	0.000	
601555	东吴证券	2.16	381088800	10.86	10.63	0	354453	0.09	10.63	10.88	10.53	--  	1.41	3.29	0.23	证券	--  	-0.000	
600893	航发动力	-5.81	381088544	27.88	29.60	0	133528	0.04	29.65	29.75	27.80	--  	0.40	6.59	-1.72	航空	--  	-0.000	
600410	华胜天成	-6.16	379111744	10.20	10.87	0	363429	1.59	10.86	10.91	9.93	--  	0.28	9.02	-0.67	软件服务	--  	-0.000	
600971	恒源煤电	-6.83	365689088	10.10	10.84	0	353986	0.70	10.88	10.88	9.91	--  	0.92	8.95	-0.74	煤炭开采	--  	0.000	
002662	京威股份	-9.94	360521056	7.70	8.55	0	447470	-0.12	8.52	8.62	7.70	--  	2.05	10.76	-0.85	汽车配件	--  	-0.000	
600820	隧道股份	0.86	356839808	9.39	9.31	0	384018	-0.52	9.32	9.44	9.09	--  	1.72	3.76	0.08	建筑施工	--  	0.000	
02314	理文造纸	-3.28	356612448	8.860	9.160	1000	40254252	-0.45	9.180	9.250	8.660	--  	1.92	6.44	-0.300	原材料	--  	8.860	
000596	古井贡酒	-5.17	356597600	66.38	70.00	0	53391	-0.25	68.80	69.20	64.66	--  	0.86	6.49	-3.62	白酒	--  	-0.000	
000856	冀东装备	-10.02	350022944	19.40	21.56	0	173320	-0.09	21.52	21.58	19.40	--  	0.00	10.11	-2.16	机械基件	--  	-0.000	
300203	聚光科技	-6.14	345492768	30.55	32.55	0	109769	0.23	32.79	32.79	30.31	--  	0.46	7.62	-2.00	环境保护	--  	-0.000	
600497	驰宏锌锗	-4.76	334424416	6.20	6.51	0	530170	0.49	6.47	6.54	6.10	--  	0.77	6.76	-0.31	铅锌	--  	-0.000	
600415	小商品城	1.06	329839200	6.70	6.63	0	495430	0.45	6.61	6.83	6.46	--  	0.90	5.58	0.07	商品城	--  	-0.000	
300083	劲胜智能	-3.97	325760128	7.99	8.32	0	401524	0.00	8.31	8.36	7.91	--  	0.24	5.41	-0.33	元器件	--  	-0.000	
600038	中直股份	-2.26	305290848	44.98	46.02	0	68105	1.08	46.05	46.06	42.80	--  	0.50	7.08	-1.04	航空	--  	-0.000	
600008	首创股份	-4.58	305007456	5.21	5.46	0	574811	0.39	5.49	5.50	5.15	--  	1.47	6.41	-0.25	环境保护	--  	0.000	
300315	掌趣科技	-6.84	303227552	6.27	6.73	0	470385	0.00	6.71	6.73	6.21	--  	0.28	7.73	-0.46	互联网	--  	-0.000	
000723	美锦能源	-1.87	301411680	7.89	8.04	0	388905	0.00	8.04	8.12	7.28	--  	0.69	10.45	-0.15	焦炭加工	--  	-0.000	
600477	杭萧钢构	-4.51	301125920	10.79	11.30	0	275935	-0.17	11.35	11.35	10.55	--  	0.54	7.08	-0.51	钢加工	--  	-0.000	
601198	东兴证券	2.78	291288320	17.00	16.54	0	174712	0.06	16.54	17.05	16.13	--  	0.91	5.56	0.46	证券	--  	0.000	
300033	同花顺	-3.04	287395520	53.50	55.18	0	53784	-0.10	55.10	55.49	51.80	--  	1.63	6.69	-1.68	软件服务	--  	0.000	
600649	城投控股	1.88	286273280	9.21	9.04	0	318056	-0.10	9.04	9.23	8.81	--  	2.61	4.65	0.17	区域地产	--  	0.000	
002712	思美传媒	0.30	286252576	26.43	26.35	0	109175	0.19	26.36	26.71	24.50	--  	0.27	8.39	0.08	广告包装	--  	0.000	
603858	步长制药	-8.08	282530112	60.41	65.72	0	45727	-0.06	65.49	65.49	60.00	--  	2.46	8.35	-5.31	中成药	--  	-0.000	
002108	沧州明珠	-4.82	279473120	12.05	12.66	0	227832	0.08	12.71	12.75	12.02	--  	0.74	5.77	-0.61	塑料	--  	0.000	
600023	浙能电力	2.26	278865184	5.42	5.30	0	519358	-0.17	5.30	5.44	5.26	--  	4.34	3.40	0.12	火力发电	--  	0.000	
600348	阳泉煤业	-3.04	275731104	6.70	6.91	0	406782	0.45	6.91	6.96	6.62	--  	1.69	4.92	-0.21	煤炭开采	--  	-0.000	
300170	汉得信息	-7.69	275051808	10.93	11.84	0	241460	-0.26	11.87	11.89	10.92	--  	0.42	8.19	-0.91	软件服务	--  	0.000	
002736	国信证券	-2.65	274967136	12.51	12.85	0	222143	-0.39	12.80	12.81	12.02	--  	1.56	6.15	-0.34	证券	--  	0.000	
000402	金 融 街	-1.76	274962784	11.14	11.34	0	248408	0.09	11.35	11.36	10.95	--  	3.53	3.62	-0.20	全国地产	--  	0.000	
600594	益佰制药	-7.31	273034112	12.30	13.27	0	215346	-0.31	13.25	13.25	12.12	--  	0.45	8.52	-0.97	中成药	--  	0.000	
000066	中国长城	-6.33	267685904	7.25	7.74	0	358384	0.42	7.76	7.78	7.21	--  	0.13	7.36	-0.49	电脑设备	--  	0.000	
002249	大洋电机	-7.18	266370112	7.11	7.66	0	365121	0.28	7.64	7.64	7.04	--  	1.04	7.83	-0.55	电气设备	--  	0.000	
601666	平煤股份	-4.73	260518816	5.64	5.92	0	454505	0.36	5.90	5.92	5.57	--  	0.44	5.91	-0.28	煤炭开采	--  	-0.000	
600456	宝钛股份	-7.80	247693376	21.29	23.09	0	110060	-0.41	23.12	23.59	21.20	--  	0.22	10.35	-1.80	小金属	--  	0.000	
000166	申万宏源	0.54	247410512	5.61	5.58	0	444524	-0.35	5.57	5.64	5.50	--  	1.79	2.51	0.03	证券	--  	0.000	
600879	航天电子	-4.19	245097648	7.78	8.12	0	308482	0.00	8.13	8.15	7.72	--  	0.00	5.30	-0.34	航空	--  	0.000	
00384	中国燃气	-5.54	241744560	22.150	23.450	2000	10630241	-1.12	23.550	23.950	22.050	--  	0.90	8.10	-1.300	公用事业	--  	22.150	
600061	国投安信	2.49	238607504	14.79	14.43	0	163341	-0.33	14.42	14.85	14.17	--  	0.42	4.71	0.36	证券	--  	-0.000	
300116	坚瑞沃能	-6.02	234806256	8.58	9.13	0	267738	-0.22	9.10	9.15	8.50	--  	0.05	7.12	-0.55	专用机械	--  	-0.000	
000157	中联重科	-0.89	231269664	4.45	4.49	0	515352	0.00	4.48	4.55	4.44	--  	3.34	2.45	-0.04	工程机械	--  	-0.000	
002302	西部建设	-7.89	230792672	14.36	15.59	0	155845	-0.06	15.57	15.65	14.11	--  	0.42	9.88	-1.23	水泥	--  	-0.000	
300182	捷成股份	-2.73	223865792	8.55	8.79	0	261994	0.94	8.78	8.78	8.35	--  	0.42	4.89	-0.24	软件服务	--  	0.000	
00017	新世界发展	-0.70	219533584	11.400	11.480	1000	19286502	0.35	11.480	11.480	11.320	--  	2.89	1.39	-0.080	地产	--  	11.400	
300038	梅泰诺	-10.01	218420512	35.71	39.68	0	57722	-3.14	39.21	39.60	35.71	--  	0.03	9.80	-3.97	通信设备	--  	-0.000	
00101	恒隆地产	-0.46	213422880	17.440	17.520	1000	12207827	0.35	17.540	17.560	17.360	--  	0.97	1.14	-0.080	地产	--  	17.440	
002182	云海金属	1.61	210556240	8.86	8.72	0	231875	-0.10	8.85	9.42	8.82	--  	0.57	6.88	0.14	小金属	--  	-0.000	
601375	中原证券	-6.19	207407760	7.43	7.92	0	274884	0.13	7.90	7.95	7.33	--  	0.92	7.83	-0.49	证券	--  	-0.000	
603328	依顿电子	-7.37	206744384	14.57	15.73	0	138932	-0.26	15.72	15.73	14.30	--  	1.59	9.09	-1.16	元器件	--  	-0.000	
600325	华发股份	-2.64	199035136	7.01	7.20	0	281495	-0.13	7.21	7.24	7.01	--  	6.17	3.19	-0.19	区域地产	--  	0.000	
000600	建投能源	-6.29	196617856	8.64	9.22	0	221605	0.00	9.27	9.27	8.57	--  	4.34	7.59	-0.58	火力发电	--  	0.000	
01171	兖州煤业股份	-3.40	195622096	7.100	7.350	2000	27164952	-0.70	7.400	7.430	7.090	--  	0.00	4.63	-0.250	煤炭	--  	7.100	
00291	华润啤酒	-2.47	194682304	21.700	22.250	2000	8888516	-0.46	22.600	22.600	21.500	--  	0.37	4.94	-0.550	食物饮品	--  	21.700	
603010	万盛股份	-10.00	193594112	27.45	30.50	0	68261	0.00	30.27	30.50	27.45	--  	0.77	10.00	-3.05	化工原料	--  	0.000	
600363	联创光电	-5.76	192795712	13.10	13.90	0	144960	0.15	13.84	13.89	12.96	--  	0.26	6.69	-0.80	元器件	--  	0.000	
600977	中国电影	-4.29	189150720	15.18	15.86	0	122916	0.26	15.82	15.90	15.06	--  	1.34	5.30	-0.68	影视音像	--  	0.000	
002174	游族网络	-5.45	188143632	22.57	23.87	0	81268	0.04	23.90	23.96	22.50	--  	0.29	6.12	-1.30	互联网	--  	-0.000	
002624	完美世界	2.81	187669712	31.51	30.65	0	59278	-0.21	30.65	32.38	30.65	--  	0.29	5.64	0.86	影视音像	--  	0.000	
002071	长城影视	-8.05	187048032	9.14	9.94	0	206397	0.88	9.85	9.85	8.95	--  	0.52	9.05	-0.80	影视音像	--  	0.000	
06837	海通证券	-1.02	185993536	11.660	11.780	400	15888651	0.34	11.960	11.960	11.600	--  	0.00	3.06	-0.120	其他金融	--  	11.660	
600546	山煤国际	-9.55	182561168	4.26	4.71	0	416135	0.24	4.66	4.70	4.24	--  	1.06	9.77	-0.45	煤炭开采	--  	0.000	
300334	津膜科技	-8.90	182073824	16.08	17.65	0	109325	0.00	17.73	17.81	15.95	--  	0.11	10.54	-1.57	专用机械	--  	-0.000	
600500	中化国际	-4.75	180271664	9.02	9.47	0	197499	0.11	9.51	9.51	8.97	--  	0.95	5.70	-0.45	商贸代理	--  	0.000	
002091	江苏国泰	-4.75	178324512	9.63	10.11	0	181717	-0.09	10.11	10.17	9.61	--  	1.52	5.54	-0.48	商贸代理	--  	0.000	
600966	博汇纸业	-4.54	178287312	5.68	5.95	0	307929	0.00	5.92	5.97	5.61	--  	0.37	6.05	-0.27	造纸	--  	-0.000	
002842	翔鹭钨业	-9.83	177452688	47.07	52.20	0	36350	0.19	52.02	52.19	46.98	--  	0.19	9.98	-5.13	小金属	--  	-0.000	
300288	朗玛信息	-6.78	177046176	25.01	26.83	0	68528	0.28	26.83	27.13	24.88	--  	0.22	8.39	-1.82	软件服务	--  	0.000	
002023	海特高新	-6.49	176711232	10.08	10.78	0	171364	0.80	10.66	10.82	9.85	--  	0.93	9.00	-0.70	航空	--  	-0.000	
300168	万达信息	-3.33	176019872	12.50	12.93	0	139906	0.64	12.99	13.03	12.21	--  	0.23	6.34	-0.43	软件服务	--  	0.000	
000738	航发控制	-5.94	175793472	16.47	17.51	0	104099	0.12	17.51	17.63	16.37	--  	0.11	7.20	-1.04	航空	--  	-0.000	
000009	中国宝安	-3.48	175372944	7.48	7.75	0	231214	-0.12	7.75	7.80	7.40	--  	0.26	5.16	-0.27	综合类	--  	0.000	
600503	华丽家族	-4.76	173803744	6.40	6.72	0	266950	0.16	6.71	6.74	6.36	--  	0.36	5.65	-0.32	区域地产	--  	0.000	
002279	久其软件	-9.00	173324752	10.92	12.00	0	155057	-0.08	11.96	11.96	10.80	--  	0.19	9.67	-1.08	软件服务	--  	0.000	
600758	红阳能源	3.39	173282176	7.32	7.08	0	239472	1.24	7.20	7.37	7.12	--  	0.56	3.53	0.24	煤炭开采	--  	0.000	
603126	中材节能	-9.87	172679152	10.32	11.45	0	160354	-0.85	11.41	11.42	10.31	--  	0.61	9.69	-1.13	环境保护	--  	-0.000	
603888	新华网	-7.95	172529376	25.24	27.42	0	66628	-0.07	27.31	27.59	24.88	--  	0.00	9.88	-2.18	互联网	--  	-0.000	
600737	中粮糖业	-4.38	171966032	8.73	9.13	0	193532	-0.22	9.15	9.16	8.71	--  	1.42	4.93	-0.40	食品	--  	-0.000	
002479	富春环保	-3.58	168672752	10.49	10.88	0	161902	0.00	10.88	10.88	10.17	--  	0.92	6.53	-0.39	火力发电	--  	-0.000	
000756	新华制药	-8.55	167992336	14.44	15.79	0	112877	0.98	15.71	15.99	14.27	--  	0.12	10.89	-1.35	化学制药	--  	-0.000	
002701	奥瑞金	-0.78	166498160	6.32	6.37	0	267707	1.61	6.36	6.39	6.10	--  	2.94	4.55	-0.05	广告包装	--  	0.000	
600080	金花股份	-10.00	164885232	9.72	10.80	0	167545	0.00	10.83	10.86	9.72	--  	0.28	10.56	-1.08	中成药	--  	0.000	
002167	东方锆业	-8.39	164658800	9.39	10.25	0	169073	-0.10	10.24	10.24	9.33	--  	0.00	8.88	-0.86	小金属	--  	0.000	
600633	浙数文化	-4.64	164051792	14.81	15.53	0	109348	0.07	15.55	15.57	14.78	--  	0.61	5.09	-0.72	出版业	--  	0.000	
000676	智度股份	-10.03	163682032	13.01	14.46	0	122219	0.00	14.37	14.37	13.01	--  	0.14	9.41	-1.45	互联网	--  	0.000	
300298	三诺生物	-8.17	163208960	20.57	22.40	0	77251	-0.23	21.88	22.40	20.57	--  	1.34	8.17	-1.83	医疗保健	--  	-0.000	
600123	兰花科创	-4.30	162287440	8.24	8.61	0	194454	0.12	8.63	8.64	8.15	--  	1.16	5.69	-0.37	煤炭开采	--  	-0.000	
00358	江西铜业股份	-1.52	161544032	11.660	11.840	1000	13842228	-0.17	11.860	12.000	11.540	--  	0.00	3.89	-0.180	一般金属	--  	11.660	
000593	大通燃气	-10.01	160432480	8.90	9.89	0	176912	0.00	9.42	9.43	8.90	--  	0.16	5.36	-0.99	供气供热	--  	-0.000	
601258	庞大集团	-1.49	160193824	2.65	2.69	0	602137	0.76	2.69	2.70	2.63	--  	0.00	2.60	-0.04	汽车服务	--  	0.000	
002067	景兴纸业	-4.78	158973504	5.98	6.28	0	261838	0.00	6.28	6.28	5.96	--  	1.08	5.10	-0.30	造纸	--  	0.000	
002342	巨力索具	-6.34	158346880	6.65	7.10	0	231561	0.15	7.11	7.15	6.55	--  	0.06	8.45	-0.45	机械基件	--  	0.000	
600595	中孚实业	-5.03	158136240	5.10	5.37	0	306640	0.39	5.35	5.38	4.96	--  	0.32	7.82	-0.27	铝	--  	-0.000	
300291	华录百纳	-5.52	157983632	12.49	13.22	0	124336	0.40	13.20	13.20	12.35	--  	0.76	6.43	-0.73	影视音像	--  	-0.000	
000958	东方能源	-6.92	157899552	5.78	6.21	0	265829	0.52	6.19	6.25	5.65	--  	0.81	9.66	-0.43	火力发电	--  	0.000	
300273	和佳股份	-8.42	157062416	9.35	10.21	0	160757	0.00	10.23	10.25	9.30	--  	0.15	9.30	-0.86	医疗保健	--  	0.000	
02607	上海医药	0.31	156282256	19.400	19.340	100	8040912	-0.31	19.480	19.600	19.280	--  	0.00	1.65	0.060	医药医疗	--  	19.400	
002175	东方网络	-2.25	155091808	8.70	8.90	0	181603	4.44	8.81	8.88	8.10	--  	0.43	8.76	-0.20	电器仪表	--  	-0.000	
601069	西部黄金	-6.19	154783728	15.30	16.31	0	98508	0.33	16.11	16.40	15.11	--  	0.39	7.91	-1.01	黄金	--  	0.000	
300075	数字政通	-4.38	153156224	16.83	17.60	0	89744	0.36	17.68	17.70	16.66	--  	0.16	5.91	-0.77	软件服务	--  	-0.000	
300027	华谊兄弟	-3.11	153139248	8.09	8.35	0	187341	0.00	8.33	8.36	8.03	--  	0.36	3.95	-0.26	影视音像	--  	0.000	
002657	中科金财	-5.97	152919568	23.95	25.47	0	62108	0.04	25.48	25.63	23.71	--  	0.20	7.54	-1.52	软件服务	--  	0.000	
603616	韩建河山	-9.52	152572992	17.30	19.12	0	84234	-0.74	19.04	19.05	17.25	--  	0.12	9.41	-1.82	其他建材	--  	-0.000	
002088	鲁阳节能	-9.21	152412400	12.81	14.11	0	114026	0.39	14.14	14.24	12.74	--  	0.47	10.63	-1.30	矿物制品	--  	0.000	
600072	中船科技	-5.93	149986000	14.27	15.17	0	102723	0.00	15.10	15.27	13.97	--  	0.06	8.57	-0.90	船舶	--  	0.000	
600550	保变电气	-7.70	149984608	6.83	7.40	0	212818	-0.28	7.42	7.42	6.79	--  	2.42	8.51	-0.57	电气设备	--  	-0.000	
300356	光一科技	-6.09	149691536	7.86	8.37	0	192307	-0.87	8.34	9.21	7.53	--  	0.14	20.07	-0.51	电气设备	--  	0.000	
600868	梅雁吉祥	-3.56	147117152	4.33	4.49	0	335813	0.00	4.49	4.50	4.31	--  	0.33	4.23	-0.16	水力发电	--  	-0.000	
600390	五矿资本	-5.41	146071152	12.07	12.76	0	118301	-0.16	12.75	12.82	12.05	--  	0.00	6.03	-0.69	多元金融	--  	-0.000	
300068	南都电源	0.36	145965552	16.58	16.52	0	89053	-0.23	16.50	16.65	16.12	--  	1.09	3.21	0.06	电气设备	--  	-0.000	
600366	宁波韵升	-3.82	145552016	16.89	17.56	0	84938	0.30	17.44	17.60	16.83	--  	1.14	4.38	-0.67	电器仪表	--  	-0.000	
002434	万里扬	-4.14	142403520	9.95	10.38	0	141402	0.20	10.38	10.41	9.92	--  	0.96	4.72	-0.43	汽车配件	--  	-0.000	
300681	英搏尔	-10.00	139466048	60.65	67.39	0	22105	0.00	66.90	67.60	60.65	--  	0.00	10.31	-6.74	元器件	--  	0.000	
002350	北京科锐	-7.80	138684832	10.16	11.02	0	132093	0.00	11.09	11.13	10.03	--  	0.80	9.98	-0.86	电气设备	--  	-0.000	
300397	天和防务	-10.00	137567728	20.35	22.61	0	64749	0.00	22.87	22.87	20.35	--  	0.00	11.15	-2.26	通信设备	--  	0.000	
000928	中钢国际	-7.43	137480256	6.48	7.00	0	206499	0.62	7.00	7.00	6.31	--  	0.40	9.86	-0.52	建筑施工	--  	0.000	
000563	陕国投Ａ	-2.72	137304640	5.01	5.15	0	271664	0.20	5.12	5.14	4.99	--  	0.39	2.91	-0.14	多元金融	--  	0.000	
000750	国海证券	-0.38	136763296	5.26	5.28	0	260625	-0.18	5.27	5.29	5.21	--  	1.89	1.52	-0.02	证券	--  	0.000	
300287	飞利信	-5.54	135625872	7.67	8.12	0	171634	0.13	8.15	8.18	7.61	--  	0.59	7.02	-0.45	软件服务	--  	0.000	
300178	腾邦国际	0.00	133621696	14.26	14.26	0	97477	3.11	14.20	14.27	12.99	--  	0.21	8.98	0.00	旅游服务	--  	0.000	
600177	雅戈尔	-1.26	133297192	9.38	9.50	0	141550	0.00	9.50	9.50	9.37	--  	3.76	1.37	-0.12	服饰	--  	0.000	
300304	云意电气	-5.06	133122736	7.50	7.90	0	173567	0.00	7.90	7.96	7.47	--  	0.33	6.20	-0.40	汽车配件	--  	0.000	
000937	冀中能源	-3.07	132495096	5.69	5.87	0	230511	0.35	5.88	5.90	5.65	--  	1.70	4.26	-0.18	煤炭开采	--  	0.000	
002011	盾安环境	-4.79	132168080	8.74	9.18	0	147964	0.00	9.21	9.26	8.68	--  	1.09	6.32	-0.44	工程机械	--  	-0.000	
002130	沃尔核材	-4.83	131456944	6.30	6.62	0	207081	2.11	6.60	6.63	6.13	--  	0.22	7.55	-0.32	电气设备	--  	0.000	
300256	星星科技	3.03	131390280	9.18	8.91	0	145288	-0.21	8.90	9.28	8.70	--  	0.34	6.51	0.27	元器件	--  	0.000	
600765	中航重机	-3.97	131095384	12.59	13.11	0	101760	0.00	13.11	13.22	12.50	--  	0.31	5.49	-0.52	机械基件	--  	0.000	
600122	宏图高科	-1.15	129131272	9.48	9.59	0	136584	0.74	9.54	9.60	9.31	--  	0.42	3.02	-0.11	其他商业	--  	-0.000	
600422	昆药集团	-3.84	127754416	9.77	10.16	0	129745	-0.30	10.14	10.16	9.65	--  	1.77	5.02	-0.39	中成药	--  	0.000	
002152	广电运通	-4.27	127616384	6.72	7.02	0	186227	0.00	7.02	7.04	6.71	--  	0.95	4.70	-0.30	电脑设备	--  	-0.000	
300084	海默科技	-2.98	126644504	8.15	8.40	0	148934	0.49	8.60	8.87	7.95	--  	0.12	10.95	-0.25	石油开采	--  	-0.000	
601101	昊华能源	-4.36	125979128	7.67	8.02	0	160728	0.13	8.01	8.09	7.62	--  	0.29	5.86	-0.35	煤炭开采	--  	0.000	
300216	千山药机	-7.50	125558576	19.23	20.79	0	62870	0.26	20.80	20.90	19.09	--  	0.29	8.71	-1.56	医疗保健	--  	-0.000	
002018	华信国际	-1.76	125200632	7.83	7.97	0	159759	2.35	7.97	8.09	7.52	--  	0.21	7.15	-0.14	农药化肥	--  	-0.000	
300479	神思电子	-9.20	125018664	21.12	23.26	0	56864	-0.04	23.30	23.34	21.00	--  	0.26	10.06	-2.14	软件服务	--  	0.000	
601718	际华集团	-4.50	123974600	7.01	7.34	0	173625	0.00	7.33	7.33	7.00	--  	0.65	4.50	-0.33	服饰	--  	0.000	
002677	浙江美大	-6.82	123468008	16.68	17.90	0	71830	1.34	17.85	18.07	16.33	--  	1.73	9.72	-1.22	家用电器	--  	0.000	
300025	华星创业	-7.53	123271272	6.26	6.77	0	191580	0.00	6.76	6.80	6.18	--  	0.41	9.16	-0.51	通信设备	--  	0.000	
600006	东风汽车	-4.74	122521600	5.83	6.12	0	206170	0.17	6.12	6.14	5.81	--  	0.54	5.39	-0.29	汽车整车	--  	-0.000	
002631	德尔未来	-8.11	121730512	12.81	13.94	0	92188	0.00	13.94	13.94	12.75	--  	0.22	8.54	-1.13	家居用品	--  	0.000	
603416	信捷电气	-7.15	120571224	33.88	36.49	0	34504	0.39	36.65	36.65	33.52	--  	0.35	8.58	-2.61	电气设备	--  	0.000	
000070	特发信息	-7.22	119910792	10.53	11.35	0	110369	0.00	11.38	11.41	10.50	--  	0.33	8.02	-0.82	通信设备	--  	-0.000	
603980	吉华集团	-5.59	119910424	21.28	22.54	0	55083	0.28	22.55	22.64	21.20	--  	0.00	6.39	-1.26	染料涂料	--  	0.000	
002196	方正电机	-5.00	119847304	10.08	10.61	0	118539	-0.09	10.61	10.68	9.81	--  	0.28	8.20	-0.53	纺织机械	--  	-0.000	
300319	麦捷科技	-0.98	119702392	7.05	7.12	0	177701	0.43	7.11	7.11	6.41	--  	0.65	9.83	-0.07	元器件	--  	0.000	
601558	*ST锐电	-4.65	119039440	1.64	1.72	0	711542	0.00	1.72	1.74	1.63	--  	0.00	6.40	-0.08	电气设备	--  	-0.000	
000505	珠江控股	4.63	118996256	10.17	9.72	0	119338	0.20	9.73	10.65	9.26	--  	0.00	14.30	0.45	房产服务	--  	0.000	
002022	科华生物	-5.23	118183400	15.39	16.24	0	75423	-0.25	16.21	16.29	15.35	--  	0.83	5.79	-0.85	医疗保健	--  	0.000	
603877	太平鸟	5.03	117995776	26.73	25.45	0	44741	-0.03	25.42	27.91	25.42	--  	1.94	9.78	1.28	服饰	--  	-0.000	
600391	航发科技	-4.99	117950336	22.45	23.63	0	51377	0.00	23.63	23.75	22.37	--  	0.13	5.84	-1.18	航空	--  	0.000	
000758	中色股份	-2.90	117414800	6.37	6.56	0	182117	-0.15	6.57	6.60	6.37	--  	0.30	3.51	-0.19	铅锌	--  	-0.000	
300534	陇神戎发	-6.31	116480048	12.47	13.31	0	92569	0.24	13.28	13.28	12.05	--  	0.21	9.24	-0.84	中成药	--  	0.000	
600722	金牛化工	-8.57	116446304	7.36	8.05	0	153925	0.00	8.10	8.10	7.27	--  	0.58	10.31	-0.69	化工原料	--  	0.000	
000683	远兴能源	-3.75	115802192	2.82	2.93	0	404594	0.36	2.93	2.94	2.81	--  	0.00	4.44	-0.11	化工原料	--  	-0.000	
300575	中旗股份	-9.94	115730840	50.93	56.55	0	21815	-0.13	56.96	56.96	50.90	--  	0.39	10.72	-5.62	农药化肥	--  	0.000	
600988	赤峰黄金	-3.94	115384432	5.61	5.84	0	202156	0.36	5.83	5.85	5.58	--  	0.00	4.62	-0.23	黄金	--  	0.000	
300324	旋极信息	1.36	115313888	14.20	14.01	0	81722	-0.06	13.97	14.45	13.73	--  	0.49	5.14	0.19	软件服务	--  	-0.000	
002025	航天电器	-4.89	114736592	19.64	20.65	0	57443	-0.14	20.68	20.70	19.61	--  	1.21	5.28	-1.01	元器件	--  	-0.000	
300100	双林股份	-7.04	113465440	17.55	18.88	0	63147	-0.16	18.73	18.77	17.50	--  	0.11	6.73	-1.33	汽车服务	--  	-0.000	
300687	赛意信息	-8.29	112887976	49.78	54.28	0	21877	0.44	53.34	54.48	49.06	--  	0.00	9.99	-4.50	软件服务	--  	-0.000	
002335	科华恒盛	-6.02	112654640	31.84	33.88	0	34346	-0.58	33.94	34.15	31.84	--  	0.86	6.82	-2.04	电气设备	--  	0.000	
601611	中国核建	-1.47	112282424	10.70	10.86	0	103819	0.09	10.90	11.00	10.66	--  	0.64	3.13	-0.16	建筑施工	--  	-0.000	
300089	文化长城	-8.12	112233872	8.94	9.73	0	121142	-0.21	9.64	9.65	8.90	--  	0.26	7.71	-0.79	陶瓷	--  	-0.000	
603000	人民网	-4.09	111425488	12.65	13.19	0	86637	-0.38	13.23	13.29	12.60	--  	0.34	5.23	-0.54	互联网	--  	-0.000	
300632	光莆股份	-9.99	111365376	23.88	26.53	0	44810	-0.12	26.42	26.49	23.88	--  	0.00	9.84	-2.65	半导体	--  	-0.000	
300468	四方精创	-9.99	109329760	35.77	39.74	0	29570	0.00	39.74	39.74	35.77	--  	0.63	9.99	-3.97	软件服务	--  	0.000	
600677	航天通信	-6.65	109069360	11.79	12.63	0	90102	-0.07	12.62	12.68	11.76	--  	0.16	7.28	-0.84	通信设备	--  	-0.000	
000090	天健集团	-4.30	108243272	10.02	10.47	0	106228	0.10	10.43	10.51	9.95	--  	1.91	5.35	-0.45	建筑施工	--  	0.000	
000923	河北宣工	-8.40	107437912	22.15	24.18	0	47117	0.18	24.22	24.25	21.87	--  	0.01	9.84	-2.03	工程机械	--  	-0.000	
002747	埃斯顿	-5.56	106663800	12.07	12.78	0	86454	0.33	12.83	12.86	11.91	--  	0.52	7.43	-0.71	机械基件	--  	-0.000	
600571	信雅达	-7.91	106529456	11.06	12.01	0	92868	-0.17	12.02	12.07	11.01	--  	0.75	8.83	-0.95	软件服务	--  	0.000	
600698	湖南天雁	-7.89	105913392	7.12	7.73	0	143892	0.14	7.76	7.78	7.00	--  	0.00	10.09	-0.61	汽车配件	--  	-0.000	
000961	中南建设	-1.32	105701160	5.99	6.07	0	175183	0.00	6.07	6.10	5.98	--  	0.25	1.98	-0.08	建筑施工	--  	-0.000	
603050	科林电气	-9.98	105362608	23.99	26.65	0	42252	0.00	26.50	26.86	23.99	--  	0.78	10.77	-2.66	电气设备	--  	-0.000	
600684	珠江实业	-4.37	104405120	6.13	6.41	0	168266	0.49	6.41	6.42	6.06	--  	0.65	5.62	-0.28	全国地产	--  	0.000	
300050	世纪鼎利	-8.12	104024096	8.15	8.87	0	123314	0.37	8.87	8.87	8.06	--  	0.50	9.13	-0.72	软件服务	--  	-0.000	
300673	佩蒂股份	-5.94	103268336	45.30	48.16	0	22202	0.58	47.90	48.47	44.80	--  	0.00	7.62	-2.86	饲料	--  	-0.000	
600770	综艺股份	-5.74	103111304	7.23	7.67	0	139515	-0.13	7.69	7.70	7.22	--  	0.55	6.26	-0.44	综合类	--  	0.000	
600372	中航电子	-4.07	102880168	14.14	14.74	0	71688	0.07	14.74	14.86	13.98	--  	0.34	5.97	-0.60	航空	--  	0.000	
603969	银龙股份	-5.52	102028744	13.69	14.49	0	73518	0.22	14.45	14.57	13.40	--  	1.55	8.07	-0.80	其他建材	--  	-0.000	
01333	中国忠旺	-4.27	101886856	3.590	3.750	400	27971600	0.28	3.740	3.790	3.540	--  	0.00	6.67	-0.160	一般金属	--  	3.590	
002416	爱施德	-4.76	101655360	9.81	10.30	0	101416	-0.19	10.33	10.39	9.78	--  	1.46	5.92	-0.49	电器连锁	--  	0.000	
002494	华斯股份	-6.88	101157536	10.15	10.90	0	97627	0.10	10.90	10.95	10.06	--  	0.09	8.17	-0.75	服饰	--  	-0.000	
002123	梦网集团	-6.57	101073728	10.10	10.81	0	97793	-0.29	10.78	10.84	10.07	--  	1.11	7.12	-0.71	互联网	--  	0.000	
600997	开滦股份	-4.49	100756904	5.75	6.02	0	171816	0.17	6.04	6.04	5.70	--  	1.66	5.65	-0.27	煤炭开采	--  	0.000	
300331	苏大维格	-5.60	100471472	19.21	20.35	0	51108	0.16	20.52	20.52	18.61	--  	0.25	9.39	-1.14	元器件	--  	-0.000	
000656	金科股份	0.22	100188968	4.59	4.58	0	221389	0.22	4.58	4.59	4.49	--  	4.37	2.18	0.01	区域地产	--  	0.000	
300252	金信诺	-5.86	99943136	17.99	19.11	0	54354	0.00	19.09	19.19	17.69	--  	0.52	7.85	-1.12	电气设备	--  	-0.000	
300096	易联众	-10.00	99587016	12.96	14.40	0	73232	0.00	14.38	14.44	12.96	--  	0.03	10.28	-1.44	软件服务	--  	0.000	
600757	长江传媒	-3.48	98837272	6.93	7.18	0	140447	0.00	7.19	7.19	6.91	--  	0.70	3.90	-0.25	出版业	--  	-0.000	
002190	成飞集成	-6.63	98686432	22.68	24.29	0	42494	-0.03	24.12	24.29	22.00	--  	0.49	9.43	-1.61	汽车配件	--  	0.000	
603077	和邦生物	-2.25	98597064	2.17	2.22	0	451920	0.00	2.21	2.21	2.16	--  	0.20	2.25	-0.05	化工原料	--  	0.000	
002331	皖通科技	-6.67	98299200	11.06	11.85	0	85921	-0.71	11.73	11.76	11.06	--  	0.42	5.91	-0.79	软件服务	--  	0.000	
603808	歌力思	-7.19	97724712	20.91	22.53	0	45157	0.05	22.53	22.61	20.79	--  	0.91	8.08	-1.62	服饰	--  	-0.000	
601106	*ST一重	-4.69	97408848	3.66	3.84	0	261811	0.00	3.82	3.84	3.65	--  	0.03	4.95	-0.18	工程机械	--  	0.000	
300002	神州泰岳	-4.42	97317768	6.48	6.78	0	146801	0.47	6.79	6.83	6.40	--  	0.38	6.34	-0.30	软件服务	--  	0.000	
300653	正海生物	-10.00	97167736	37.80	42.00	0	24634	0.00	42.00	42.37	37.80	--  	0.00	10.88	-4.20	医疗保健	--  	-0.000	
002113	天润数娱	-4.83	97109128	11.23	11.80	0	84542	0.09	11.82	11.92	11.16	--  	0.00	6.44	-0.57	互联网	--  	-0.000	
002506	协鑫集成	-4.49	96960264	3.83	4.01	0	246362	0.00	4.02	4.04	3.81	--  	0.00	5.74	-0.18	电气设备	--  	-0.000	
600401	*ST海润	-4.51	96921456	1.27	1.33	0	750174	0.00	1.33	1.33	1.26	--  	0.00	5.26	-0.06	半导体	--  	-0.000	
300332	天壕环境	-5.41	96857744	6.30	6.66	0	151567	0.00	6.66	6.68	6.23	--  	0.23	6.76	-0.36	环境保护	--  	0.000	
600343	航天动力	-5.76	96779168	13.75	14.59	0	68592	-0.06	14.74	14.74	13.71	--  	0.69	7.06	-0.84	航空	--  	0.000	
600959	江苏有线	-4.82	96564392	9.08	9.54	0	104142	0.00	9.52	9.57	9.06	--  	1.05	5.35	-0.46	影视音像	--  	-0.000	
000729	燕京啤酒	-3.13	96418688	5.88	6.07	0	161923	-0.16	6.07	6.08	5.86	--  	0.59	3.62	-0.19	啤酒	--  	0.000	
601608	中信重工	-4.85	96264616	4.51	4.74	0	209627	0.45	4.74	4.81	4.47	--  	0.49	7.17	-0.23	专用机械	--  	0.000	
603035	常熟汽饰	-6.90	96036592	18.34	19.70	0	50453	0.00	19.58	20.29	18.11	--  	1.27	11.07	-1.36	汽车配件	--  	0.000	
300336	新文化	-6.20	95799984	12.71	13.55	0	73616	0.00	13.56	13.59	12.60	--  	0.74	7.31	-0.84	影视音像	--  	0.000	
603138	海量数据	-7.61	94835120	35.19	38.09	0	25818	-0.16	38.46	38.78	35.01	--  	0.24	9.90	-2.90	软件服务	--  	-0.000	
300333	兆日科技	-7.47	94617032	9.42	10.18	0	97497	0.00	10.19	10.19	9.30	--  	0.44	8.74	-0.76	元器件	--  	0.000	
603366	日出东方	-9.81	94492536	7.08	7.85	0	128586	0.00	7.90	7.95	7.07	--  	2.33	11.21	-0.77	家用电器	--  	-0.000	
600200	江苏吴中	-5.23	94031088	11.79	12.44	0	78169	0.17	12.50	12.50	11.70	--  	0.24	6.43	-0.65	综合类	--  	-0.000	
600576	祥源文化	-6.39	92502824	8.50	9.08	0	106043	0.00	9.03	9.08	8.18	--  	0.00	9.91	-0.58	影视音像	--  	0.000	
600075	新疆天业	-4.72	92358560	7.88	8.27	0	115013	-0.12	8.22	8.26	7.87	--  	0.86	4.72	-0.39	化工原料	--  	0.000	
000151	中成股份	-8.13	91752376	14.13	15.38	0	62865	0.21	15.39	15.43	13.90	--  	1.95	9.95	-1.25	商贸代理	--  	0.000	
002436	兴森科技	-4.34	90489328	5.51	5.76	0	161516	0.36	5.76	5.77	5.45	--  	0.52	5.56	-0.25	元器件	--  	0.000	
002446	盛路通信	-3.85	90088520	11.00	11.44	0	81436	0.92	11.39	11.39	10.80	--  	0.26	5.16	-0.44	通信设备	--  	0.000	
00023	东亚银行	-1.51	89695688	32.650	33.150	200	2741860	0.15	33.400	33.400	32.550	--  	2.08	2.56	-0.500	银行	--  	32.650	
300485	赛升药业	-6.66	89150088	29.72	31.84	0	29210	-0.12	31.71	31.88	29.52	--  	0.79	7.41	-2.12	生物制药	--  	-0.000	
601016	节能风电	-2.94	88537488	3.63	3.74	0	241012	0.00	3.72	3.74	3.61	--  	0.55	3.48	-0.11	新型电力	--  	0.000	
300663	科蓝软件	-9.98	88469928	22.81	25.34	0	37189	0.00	25.25	25.37	22.81	--  	0.00	10.10	-2.53	软件服务	--  	-0.000	
000156	华数传媒	-5.55	87412048	13.11	13.88	0	64975	0.08	13.87	13.94	13.06	--  	1.01	6.34	-0.77	影视音像	--  	-0.000	
002581	未名医药	-3.74	86949048	19.55	20.31	0	44370	0.98	20.41	20.41	19.26	--  	0.25	5.66	-0.76	生物制药	--  	-0.000	
300600	瑞特股份	-3.81	86695128	50.98	53.00	0	16921	1.23	52.69	53.40	50.00	--  	0.85	6.42	-2.02	电气设备	--  	-0.000	
600783	鲁信创投	-4.88	86606176	15.02	15.79	0	57074	-0.06	15.80	15.80	14.91	--  	0.95	5.64	-0.77	矿物制品	--  	0.000	
300052	中青宝	-6.52	86381944	13.77	14.73	0	61078	-0.06	14.45	14.75	13.61	--  	0.14	7.74	-0.96	互联网	--  	0.000	
002413	雷科防务	-5.42	85738000	10.30	10.89	0	81995	0.39	10.87	10.87	9.98	--  	0.27	8.17	-0.59	通信设备	--  	0.000	
300609	汇纳科技	-9.82	85286664	37.11	41.15	0	22069	-0.02	41.11	41.50	37.04	--  	0.48	10.84	-4.04	互联网	--  	0.000	
300437	清水源	0.50	85179024	18.07	17.98	0	45590	0.39	17.50	19.78	17.16	--  	0.44	14.57	0.09	化工原料	--  	-0.000	
002149	西部材料	-5.11	84842040	10.58	11.15	0	78378	0.09	11.08	11.21	10.57	--  	0.00	5.74	-0.57	小金属	--  	-0.000	
02357	中航科工	-2.58	83954056	4.160	4.270	1000	20082534	-0.48	4.290	4.310	4.130	--  	0.00	4.22	-0.110	工业工程	--  	4.160	
000626	远大控股	-7.74	83784624	12.28	13.31	0	65695	-0.40	13.36	13.37	12.21	--  	1.20	8.72	-1.03	商贸代理	--  	-0.000	
300005	探路者	-5.61	83158552	6.22	6.59	0	131070	0.48	6.50	6.50	6.16	--  	2.02	5.16	-0.37	服饰	--  	-0.000	
600428	中远海特	-4.05	82833168	5.68	5.92	0	142836	-0.17	5.93	5.96	5.61	--  	0.17	5.91	-0.24	水运	--  	-0.000	
000571	新大洲Ａ	-2.85	82756656	6.47	6.66	0	126571	-0.60	6.69	6.70	6.31	--  	0.45	5.86	-0.19	煤炭开采	--  	-0.000	
002375	亚厦股份	-3.74	82703696	8.24	8.56	0	98484	0.12	8.60	8.63	8.16	--  	0.47	5.49	-0.32	装修装饰	--  	-0.000	
300440	运达科技	-8.69	82677200	10.72	11.74	0	73912	-0.18	11.72	11.75	10.71	--  	0.85	8.86	-1.02	软件服务	--  	0.000	
002224	三 力 士	-4.48	82446288	9.60	10.05	0	84142	-0.40	10.06	10.08	9.51	--  	1.00	5.67	-0.45	橡胶	--  	0.000	
300547	川环科技	-6.32	82023984	56.96	60.80	0	14091	0.00	60.82	61.30	56.46	--  	0.80	7.96	-3.84	橡胶	--  	-0.000	
002265	西仪股份	-9.51	81542896	13.80	15.25	0	57075	-0.06	15.28	15.28	13.74	--  	0.06	10.10	-1.45	汽车配件	--  	0.000	
600148	长春一东	-6.76	81385232	23.86	25.59	0	33148	0.00	25.37	25.60	23.78	--  	0.32	7.11	-1.73	汽车配件	--  	0.000	
02386	中石化炼化工程	0.63	81298720	6.350	6.310	500	12899404	0.16	6.320	6.410	6.110	--  	1.02	4.75	0.040	石油天然气	--  	6.350	
002002	鸿达兴业	-2.07	80622536	7.10	7.25	0	112652	0.00	7.24	7.28	7.10	--  	1.29	2.48	-0.15	化工原料	--  	-0.000	
600157	永泰能源	-0.88	80156752	3.36	3.39	0	240821	0.90	3.37	3.39	3.24	--  	0.32	4.42	-0.03	煤炭开采	--  	-0.000	
601179	中国西电	-2.48	80092768	4.72	4.84	0	168817	0.21	4.83	4.86	4.70	--  	2.07	3.31	-0.12	电气设备	--  	-0.000	
000912	泸天化	-5.99	79753144	6.90	7.34	0	113295	0.29	7.36	7.38	6.78	--  	1.36	8.17	-0.44	农药化肥	--  	0.000	
000788	北大医药	3.51	79191512	9.43	9.11	0	85340	1.29	9.10	9.45	9.05	--  	0.12	4.39	0.32	化学制药	--  	0.000	
002326	永太科技	-4.19	78824904	12.80	13.36	0	60424	-0.22	13.34	13.35	12.79	--  	0.44	4.19	-0.56	化工原料	--  	0.000	
600269	赣粤高速	-1.34	78767968	5.17	5.24	0	151901	0.19	5.23	5.23	5.15	--  	2.86	1.53	-0.07	路桥	--  	0.000	
002820	桂发祥	-9.85	78667664	27.17	30.14	0	28352	0.11	29.48	29.48	27.13	--  	0.83	7.80	-2.97	食品	--  	0.000	
600888	新疆众和	-5.13	78109640	6.10	6.43	0	125642	0.16	6.46	6.48	6.02	--  	0.36	7.15	-0.33	铝	--  	-0.000	
300026	红日药业	-2.33	77556736	4.19	4.29	0	182797	0.24	4.29	4.32	4.16	--  	0.58	3.73	-0.10	中成药	--  	0.000	
002448	中原内配	-0.92	77299984	9.69	9.78	0	78656	0.10	9.74	9.98	9.65	--  	0.99	3.37	-0.09	汽车配件	--  	-0.000	
000545	金浦钛业	-3.59	77157040	5.10	5.29	0	149669	-0.19	5.27	5.30	5.07	--  	0.57	4.35	-0.19	化工原料	--  	-0.000	
002567	唐人神	-3.71	76128544	7.53	7.82	0	98883	-0.12	7.84	7.87	7.52	--  	1.23	4.48	-0.29	饲料	--  	0.000	
600096	云天化	-5.89	76010552	7.51	7.98	0	98788	0.00	7.96	8.03	7.41	--  	1.07	7.77	-0.47	农药化肥	--  	0.000	
000062	深圳华强	-3.84	75826136	23.54	24.48	0	31695	-0.24	24.59	24.59	23.50	--  	0.82	4.45	-0.94	批发业	--  	0.000	
600237	铜峰电子	-5.32	75699056	5.52	5.83	0	134222	0.18	5.83	5.86	5.48	--  	0.17	6.52	-0.31	元器件	--  	-0.000	
603826	坤彩科技	-5.27	75351848	16.35	17.26	0	45504	0.31	17.25	17.31	15.97	--  	0.35	7.76	-0.91	染料涂料	--  	0.000	
600353	旭光股份	-8.71	75211880	6.39	7.00	0	113277	-0.61	6.99	6.99	6.38	--  	0.36	8.71	-0.61	元器件	--  	-0.000	
002391	长青股份	-3.61	75132888	14.41	14.95	0	51182	0.07	15.01	15.02	14.31	--  	2.01	4.75	-0.54	农药化肥	--  	-0.000	
002325	洪涛股份	-5.02	75032160	5.30	5.58	0	138692	0.19	5.56	5.57	5.24	--  	0.36	5.91	-0.28	装修装饰	--  	0.000	
601928	凤凰传媒	-3.42	74559328	8.47	8.77	0	86501	0.83	8.78	8.79	8.35	--  	1.71	5.02	-0.30	出版业	--  	0.000	
600577	精达股份	-3.16	74444736	3.98	4.11	0	184706	0.25	4.11	4.14	3.95	--  	1.22	4.62	-0.13	电气设备	--  	0.000	
300510	金冠电气	0.10	74255304	29.09	29.06	0	25625	-0.50	29.06	30.77	27.17	--  	0.16	12.39	0.03	电气设备	--  	0.000	
600894	广日股份	-3.34	74213224	9.83	10.17	0	74498	0.00	10.20	10.21	9.75	--  	3.74	4.52	-0.34	运输设备	--  	-0.000	
300047	天源迪科	-5.19	73932504	11.70	12.34	0	61712	0.17	12.38	12.38	11.61	--  	0.25	6.24	-0.64	软件服务	--  	-0.000	
002577	雷柏科技	-7.88	73735096	18.11	19.66	0	39363	0.61	19.60	19.64	17.95	--  	0.56	8.60	-1.55	电脑设备	--  	0.000	
601969	海南矿业	-5.99	73619720	9.88	10.51	0	73112	-0.49	10.52	10.52	9.86	--  	0.27	6.28	-0.63	普钢	--  	0.000	
002198	嘉应制药	-0.40	73525456	12.52	12.57	0	59109	1.95	12.58	12.60	12.22	--  	0.32	3.02	-0.05	中成药	--  	0.000	
300506	名家汇	-3.23	73112144	23.09	23.86	0	31302	-0.03	23.86	24.00	23.01	--  	0.42	4.15	-0.77	建筑施工	--  	0.000	
002097	山河智能	-4.74	72691056	7.43	7.80	0	96626	0.00	7.77	7.79	7.30	--  	0.92	6.28	-0.37	工程机械	--  	-0.000	
002746	仙坛股份	-7.91	72515792	24.11	26.18	0	29150	-0.07	25.97	25.97	24.06	--  	0.76	7.30	-2.07	农业综合	--  	0.000	
002869	金溢科技	-7.11	72515456	34.36	36.99	0	20428	-0.08	37.02	37.19	34.15	--  	0.54	8.22	-2.63	通信设备	--  	0.000	
002171	楚江新材	-5.25	72502720	7.04	7.43	0	101209	0.00	7.44	7.47	7.01	--  	0.00	6.19	-0.39	铜	--  	-0.000	
600288	大恒科技	-5.88	72342608	10.08	10.71	0	70384	0.00	10.71	10.74	10.01	--  	0.20	6.82	-0.63	软件服务	--  	-0.000	
000911	南宁糖业	-6.10	72056792	9.70	10.33	0	73100	0.62	10.26	10.30	9.62	--  	0.86	6.58	-0.63	食品	--  	-0.000	
000718	苏宁环球	-3.50	72007528	4.96	5.14	0	143199	0.00	5.13	5.15	4.95	--  	3.89	3.89	-0.18	区域地产	--  	0.000	
603767	中马传动	-7.82	71981152	16.98	18.42	0	40975	-0.11	18.38	18.48	16.75	--  	0.00	9.39	-1.44	汽车配件	--  	-0.000	
002519	银河电子	-3.10	71965152	6.88	7.10	0	103153	0.00	7.14	7.18	6.86	--  	1.24	4.51	-0.22	通信设备	--  	0.000	
300171	东富龙	-6.24	71346576	9.91	10.57	0	70515	0.51	10.55	10.57	9.85	--  	0.95	6.81	-0.66	医疗保健	--  	-0.000	
300670	大烨智能	-9.15	71063928	23.54	25.91	0	29108	0.13	25.91	25.92	23.32	--  	0.00	10.03	-2.37	电气设备	--  	0.000	
000429	粤高速Ａ	-1.75	70989200	7.87	8.01	0	90073	0.90	8.01	8.04	7.79	--  	4.19	3.12	-0.14	路桥	--  	-0.000	
300079	数码科技	-4.64	70605224	4.73	4.96	0	146443	0.00	4.95	4.96	4.69	--  	0.60	5.44	-0.23	通信设备	--  	0.000	
600623	华谊集团	-4.23	70470984	9.52	9.94	0	72923	0.53	9.95	9.99	9.45	--  	0.60	5.43	-0.42	汽车配件	--  	0.000	
603528	多伦科技	-5.76	70323744	10.15	10.77	0	68619	0.59	10.61	10.70	10.00	--  	1.55	6.50	-0.62	软件服务	--  	-0.000	
002499	科林环保	-4.04	70320488	20.91	21.79	0	33966	0.00	21.88	21.88	19.88	--  	0.04	9.18	-0.88	环境保护	--  	-0.000	
600113	浙江东日	-8.95	70311400	10.58	11.62	0	63874	-0.83	11.65	11.75	10.56	--  	0.09	10.24	-1.04	区域地产	--  	-0.000	
600793	宜宾纸业	-7.93	70286648	23.79	25.84	0	29086	-0.70	25.50	25.80	23.26	--  	0.19	9.83	-2.05	造纸	--  	0.000	
000965	天保基建	-4.90	69596672	5.82	6.12	0	117016	-0.33	6.10	6.12	5.81	--  	0.20	5.07	-0.30	区域地产	--  	0.000	
600796	钱江生化	-3.77	69290200	7.92	8.23	0	83445	-0.12	8.52	8.52	7.90	--  	0.61	7.53	-0.31	农药化肥	--  	0.000	
000837	秦川机床	-4.92	69223696	6.57	6.91	0	103376	0.00	6.93	6.93	6.50	--  	0.71	6.22	-0.34	机床制造	--  	0.000	
300205	天喻信息	-8.37	69192072	9.30	10.15	0	71081	-0.84	10.15	10.15	9.30	--  	0.30	8.37	-0.85	元器件	--  	0.000	
002004	华邦健康	-3.06	69115880	6.97	7.19	0	98258	0.14	7.18	7.22	6.94	--  	2.09	3.89	-0.22	化学制药	--  	-0.000	
601929	吉视传媒	-3.69	69100104	3.13	3.25	0	218274	0.32	3.25	3.25	3.11	--  	0.77	4.31	-0.12	影视音像	--  	0.000	
600653	申华控股	-4.78	68905264	2.79	2.93	0	245425	0.72	2.94	2.94	2.75	--  	0.00	6.48	-0.14	汽车服务	--  	-0.000	
300348	长亮科技	-6.90	68776792	16.73	17.97	0	39896	-0.05	18.06	18.10	16.60	--  	0.45	8.35	-1.24	软件服务	--  	-0.000	
002177	御银股份	-6.15	68706408	5.19	5.53	0	129631	-0.18	5.51	5.55	5.14	--  	0.60	7.41	-0.34	电脑设备	--  	0.000	
600882	广泽股份	-2.68	68702064	9.08	9.33	0	75585	2.02	9.33	9.36	8.86	--  	5.24	5.36	-0.25	乳制品	--  	-0.000	
002261	拓维信息	-4.76	68693560	8.00	8.40	0	84096	-0.24	8.38	8.39	7.91	--  	0.24	5.71	-0.40	互联网	--  	0.000	
600126	杭钢股份	-5.14	68214144	6.83	7.20	0	97185	0.29	7.11	7.18	6.81	--  	0.02	5.14	-0.37	普钢	--  	-0.000	
002057	中钢天源	-6.88	67608352	12.45	13.37	0	52855	-0.07	13.21	13.40	12.39	--  	0.12	7.55	-0.92	元器件	--  	-0.000	
600098	广州发展	-2.55	67334168	6.89	7.07	0	96435	0.00	7.06	7.08	6.81	--  	1.41	3.82	-0.18	火力发电	--  	-0.000	
300503	昊志机电	-5.78	67164400	13.85	14.70	0	48067	0.29	14.70	14.86	13.23	--  	0.63	11.09	-0.85	机械基件	--  	0.000	
300608	思特奇	-9.22	66600036	32.58	35.89	0	19602	-0.05	35.79	36.13	32.38	--  	0.64	10.45	-3.31	软件服务	--  	0.000	
002083	孚日股份	-1.93	66488652	6.60	6.73	0	100192	0.15	6.71	6.75	6.54	--  	1.49	3.12	-0.13	纺织	--  	-0.000	
300307	慈星股份	-4.82	66233124	8.89	9.34	0	73225	0.11	9.34	9.39	8.80	--  	1.07	6.32	-0.45	纺织机械	--  	0.000	
300165	天瑞仪器	-7.70	65522740	7.19	7.79	0	88084	0.00	7.78	7.84	7.08	--  	0.32	9.76	-0.60	电器仪表	--  	0.000	
300497	富祥股份	-4.89	65516412	39.84	41.89	0	16159	0.15	42.10	42.21	39.70	--  	1.19	5.99	-2.05	化学制药	--  	0.000	
000404	华意压缩	-4.95	65301360	6.34	6.67	0	100359	-0.30	6.67	6.67	6.33	--  	0.48	5.10	-0.33	专用机械	--  	0.000	
000652	泰达股份	-4.00	64872564	4.80	5.00	0	133223	-0.20	4.96	4.97	4.80	--  	0.30	3.40	-0.20	批发业	--  	0.000	
600339	中油工程	-4.21	64548084	6.15	6.42	0	103676	0.49	6.35	6.36	6.07	--  	0.07	4.52	-0.27	石油加工	--  	0.000	
002492	恒基达鑫	-7.53	64530076	7.49	8.10	0	82988	-0.12	8.17	8.18	7.45	--  	0.49	9.01	-0.61	仓储物流	--  	-0.000	
600642	申能股份	-1.21	64279972	5.70	5.77	0	112354	-0.17	5.78	5.79	5.70	--  	3.81	1.56	-0.07	火力发电	--  	-0.000	
300231	银信科技	-4.88	64099520	10.52	11.06	0	59813	-0.08	11.03	11.09	10.51	--  	1.36	5.24	-0.54	软件服务	--  	0.000	
002852	道道全	-8.66	63692268	34.50	37.77	0	17668	0.00	37.86	37.96	34.38	--  	0.64	9.48	-3.27	食品	--  	0.000	
000543	皖能电力	-2.46	63321624	5.16	5.29	0	121677	0.00	5.29	5.30	5.12	--  	0.95	3.40	-0.13	火力发电	--  	-0.000	
300233	金城医药	1.76	63289748	19.13	18.80	0	33630	0.16	18.78	19.15	18.39	--  	0.80	4.04	0.33	化学制药	--  	-0.000	
002300	太阳电缆	-5.84	62962096	8.39	8.91	0	73222	0.00	8.90	8.97	8.35	--  	2.36	6.96	-0.52	电气设备	--  	0.000	
600365	通葡股份	-0.24	62916768	8.26	8.28	0	76491	1.85	8.32	8.32	8.03	--  	0.00	3.50	-0.02	红黄药酒	--  	0.000	
600802	福建水泥	-6.52	62832376	7.46	7.98	0	81892	0.00	7.95	7.99	7.40	--  	0.14	7.39	-0.52	水泥	--  	0.000	
601595	上海电影	-6.28	62478412	20.01	21.35	0	30585	0.10	21.55	21.55	19.91	--  	1.17	7.68	-1.34	影视音像	--  	0.000	
600058	五矿发展	-4.12	62325264	11.88	12.39	0	51485	0.08	12.38	12.42	11.85	--  	0.65	4.60	-0.51	商贸代理	--  	0.000	
300248	新开普	-3.94	62071940	13.91	14.48	0	44471	0.07	14.49	14.58	13.69	--  	0.38	6.15	-0.57	软件服务	--  	-0.000	
002031	巨轮智能	-2.66	61977188	2.93	3.01	0	209605	0.00	2.99	3.00	2.92	--  	0.17	2.66	-0.08	汽车配件	--  	0.000	
600531	豫光金铅	-3.25	61940816	6.84	7.07	0	89140	0.15	7.07	7.11	6.82	--  	0.71	4.10	-0.23	铅锌	--  	0.000	
002829	星网宇达	-8.74	61485704	27.68	30.33	0	21385	0.29	30.03	30.30	27.45	--  	0.31	9.40	-2.65	通信设备	--  	0.000	
603556	海兴电力	-4.24	61404352	39.72	41.48	0	15248	-0.02	41.41	41.72	39.57	--  	0.62	5.18	-1.76	电器仪表	--  	0.000	
002266	浙富控股	-2.46	61110004	4.36	4.47	0	139664	0.00	4.46	4.47	4.34	--  	0.22	2.91	-0.11	电气设备	--  	0.000	
002849	威星智能	-9.39	60289088	32.44	35.80	0	17938	0.00	35.76	36.04	32.22	--  	0.31	10.67	-3.36	电器仪表	--  	-0.000	
000616	海航投资	-4.90	59963016	3.88	4.08	0	151097	-0.25	4.08	4.10	3.88	--  	0.49	5.39	-0.20	全国地产	--  	0.000	
002748	世龙实业	-8.87	59961408	15.71	17.24	0	36714	0.00	17.28	17.28	15.66	--  	0.87	9.40	-1.53	化工原料	--  	0.000	
300242	明家联合	-7.15	59470780	8.05	8.67	0	71875	0.50	8.70	8.77	7.99	--  	0.33	9.00	-0.62	互联网	--  	0.000	
000875	吉电股份	-5.91	59422984	4.14	4.40	0	140562	-0.23	4.41	4.41	4.07	--  	0.00	7.73	-0.26	火力发电	--  	-0.000	
000552	靖远煤电	-4.93	59182820	3.47	3.65	0	167684	0.00	3.65	3.65	3.46	--  	0.55	5.21	-0.18	煤炭开采	--  	0.000	
603586	金麒麟	-6.17	58739880	27.39	29.19	0	20802	-0.10	29.05	29.16	27.36	--  	0.00	6.17	-1.80	汽车配件	--  	-0.000	
603239	浙江仙通	-4.72	58641352	18.78	19.71	0	30840	0.16	19.79	19.79	18.66	--  	1.01	5.73	-0.93	汽车配件	--  	0.000	
603859	能科股份	-9.98	58367416	22.28	24.75	0	25195	-0.12	24.63	24.68	22.28	--  	0.81	9.70	-2.47	软件服务	--  	0.000	
000919	金陵药业	-4.88	58214532	9.35	9.83	0	61242	0.21	9.83	9.85	9.27	--  	1.73	5.90	-0.48	化学制药	--  	0.000	
603098	森特股份	-6.12	58184032	18.86	20.09	0	30037	0.16	20.25	20.30	18.60	--  	1.49	8.46	-1.23	装修装饰	--  	0.000	
000888	峨眉山Ａ	-1.19	58059328	9.98	10.10	0	58105	0.10	10.13	10.13	9.90	--  	0.79	2.28	-0.12	旅游景点	--  	-0.000	
300368	汇金股份	-7.54	57873612	9.57	10.35	0	58670	0.21	10.42	10.42	9.45	--  	0.19	9.37	-0.78	专用机械	--  	-0.000	
600743	华远地产	-3.19	57656540	3.95	4.08	0	145461	0.25	4.04	4.06	3.92	--  	2.45	3.43	-0.13	区域地产	--  	0.000	
300610	晨化股份	-10.02	57477784	17.88	19.87	0	30945	0.00	19.87	20.01	17.88	--  	0.34	10.72	-1.99	化工原料	--  	-0.000	
600063	皖维高新	-2.94	57316400	3.96	4.08	0	143136	0.00	4.07	4.08	3.94	--  	0.42	3.43	-0.12	化纤	--  	0.000	
603208	江山欧派	-6.16	56980904	48.44	51.62	0	11561	0.35	51.50	51.66	47.60	--  	0.79	7.87	-3.18	家居用品	--  	-0.000	
002291	星期六	-6.51	56893900	7.76	8.30	0	71400	0.00	8.31	8.31	7.50	--  	1.10	9.76	-0.54	服饰	--  	0.000	
002207	*ST准油	-5.03	56848664	8.31	8.75	0	66663	0.00	8.85	8.87	8.31	--  	0.11	6.40	-0.44	石油开采	--  	0.000	
002592	八菱科技	1.32	56745316	22.29	22.00	0	27150	6.65	21.86	22.29	20.02	--  	1.14	10.32	0.29	汽车配件	--  	0.000	
300533	冰川网络	-6.42	56606620	58.35	62.35	0	9441	0.00	62.29	62.36	58.33	--  	1.12	6.46	-4.00	软件服务	--  	-0.000	
600789	鲁抗医药	-4.42	56165556	7.56	7.91	0	72906	-0.12	7.87	7.91	7.53	--  	0.25	4.80	-0.35	化学制药	--  	-0.000	
000046	泛海控股	-4.85	56157384	7.07	7.43	0	77755	-0.27	7.45	7.46	7.07	--  	2.02	5.25	-0.36	全国地产	--  	0.000	
600509	天富能源	-1.53	56120116	7.06	7.17	0	79880	1.00	7.20	7.20	6.90	--  	1.17	4.18	-0.11	火力发电	--  	-0.000	
002140	东华科技	-3.62	56088624	11.18	11.60	0	49312	0.18	11.64	11.74	11.03	--  	0.43	6.12	-0.42	建筑施工	--  	0.000	
002568	百润股份	-6.56	55969328	14.25	15.25	0	38419	0.42	15.27	15.28	14.16	--  	4.19	7.34	-1.00	红黄药酒	--  	0.000	
300039	上海凯宝	-3.51	55623908	6.59	6.83	0	83184	0.00	6.84	6.85	6.53	--  	1.46	4.69	-0.24	中成药	--  	0.000	
300421	力星股份	-5.20	55613500	23.50	24.79	0	23426	1.34	24.88	24.88	23.05	--  	1.61	7.38	-1.29	机械基件	--  	0.000	
603116	红蜻蜓	-3.77	55571832	16.33	16.97	0	33623	0.06	16.92	16.98	16.27	--  	1.44	4.18	-0.64	服饰	--  	-0.000	
002786	银宝山新	-8.24	55445752	11.25	12.26	0	47802	-0.43	12.30	12.30	11.06	--  	0.14	10.11	-1.01	专用机械	--  	0.000	
600727	鲁北化工	-5.09	55279388	8.01	8.44	0	67841	-0.49	8.44	8.47	8.00	--  	1.28	5.57	-0.43	农药化肥	--  	0.000	
600249	两面针	0.90	55223804	6.74	6.68	0	81997	1.20	6.66	6.84	6.64	--  	0.61	2.99	0.06	日用化工	--  	-0.000	
603166	福达股份	-9.51	55075156	8.75	9.67	0	61435	0.00	9.40	9.40	8.72	--  	2.07	7.03	-0.92	汽车配件	--  	0.000	
000607	华媒控股	-0.14	54922972	7.08	7.09	0	79165	0.14	7.09	7.11	6.82	--  	0.31	4.09	-0.01	广告包装	--  	-0.000	
002809	红墙股份	-5.65	54848712	29.25	31.00	0	18400	0.10	30.80	31.00	29.18	--  	0.62	5.87	-1.75	化工原料	--  	0.000	
600629	华建集团	-5.89	54804916	17.09	18.16	0	31346	-0.34	18.10	18.25	17.02	--  	0.00	6.77	-1.07	建筑施工	--  	0.000	
000498	山东路桥	-4.32	54788800	6.86	7.17	0	78261	-0.28	7.18	7.20	6.86	--  	0.00	4.74	-0.31	建筑施工	--  	0.000	
300428	四通新材	-8.50	54682792	17.76	19.41	0	29575	0.74	19.42	19.50	17.50	--  	0.43	10.30	-1.65	铝	--  	0.000	
603100	川仪股份	-6.99	54650300	10.78	11.59	0	49327	0.09	11.55	11.59	10.50	--  	0.86	9.40	-0.81	电器仪表	--  	-0.000	
000835	长城动漫	-5.21	54650244	8.37	8.83	0	64090	-0.35	8.79	8.79	8.35	--  	0.33	4.98	-0.46	影视音像	--  	-0.000	
600476	湘邮科技	-1.51	54636608	20.22	20.53	0	26785	-0.63	20.60	20.79	20.00	--  	0.00	3.85	-0.31	软件服务	--  	-0.000	
600863	内蒙华电	-0.66	54540796	2.99	3.01	0	182096	0.00	3.01	3.02	2.98	--  	0.76	1.33	-0.02	火力发电	--  	0.000	
000665	湖北广电	-3.73	54243460	10.31	10.71	0	51789	0.10	10.71	10.74	10.28	--  	0.75	4.30	-0.40	影视音像	--  	0.000	
000530	大冷股份	-4.18	54006296	5.96	6.22	0	89275	-0.49	6.23	6.25	5.92	--  	1.15	5.31	-0.26	机械基件	--  	0.000	
002768	国恩股份	0.32	53740680	24.88	24.80	0	21941	0.36	24.74	25.25	23.70	--  	0.40	6.25	0.08	塑料	--  	-0.000	
002481	双塔食品	-0.16	53713460	6.16	6.17	0	88743	0.49	6.16	6.18	5.98	--  	0.65	3.24	-0.01	食品	--  	-0.000	
002537	海联金汇	-6.16	53526960	9.90	10.55	0	53087	0.10	10.46	10.48	9.77	--  	0.22	6.73	-0.65	汽车整车	--  	-0.000	
600748	上实发展	-4.95	53349208	6.14	6.46	0	85236	-0.15	6.47	6.47	6.06	--  	0.59	6.35	-0.32	全国地产	--  	-0.000	
300507	苏奥传感	-9.74	53157116	32.24	35.72	0	15807	-0.02	35.65	35.99	32.23	--  	0.47	10.53	-3.48	汽车配件	--  	0.000	
000701	厦门信达	-4.21	53141716	11.15	11.64	0	46845	0.45	11.68	11.68	11.06	--  	0.53	5.33	-0.49	综合类	--  	-0.000	
300306	远方信息	-6.49	52870496	18.00	19.25	0	28636	0.11	19.13	19.27	17.66	--  	0.35	8.36	-1.25	电器仪表	--  	0.000	
002795	永和智控	-8.98	52751000	17.24	18.94	0	29696	0.17	18.89	18.90	17.18	--  	1.32	9.08	-1.70	机械基件	--  	-0.000	
002099	海翔药业	-2.37	52599280	6.18	6.33	0	84303	-0.63	6.33	6.37	6.07	--  	0.47	4.74	-0.15	化学制药	--  	-0.000	
600854	春兰股份	-4.61	52331928	5.79	6.07	0	88687	0.35	6.07	6.12	5.72	--  	0.30	6.59	-0.28	家用电器	--  	-0.000	
002855	捷荣技术	-7.09	52212164	14.03	15.10	0	35508	-0.49	15.16	15.26	13.92	--  	0.00	8.87	-1.07	塑料	--  	-0.000	
600880	博瑞传播	-4.75	52062808	5.41	5.68	0	94076	-0.54	5.70	5.71	5.40	--  	0.35	5.46	-0.27	广告包装	--  	-0.000	
300443	金雷风电	-6.92	52047388	18.69	20.08	0	27118	0.16	20.00	20.00	18.52	--  	0.90	7.37	-1.39	专用机械	--  	0.000	
603908	牧高笛	-8.95	52012324	40.09	44.03	0	12448	-0.76	43.23	43.94	40.00	--  	0.91	8.95	-3.94	纺织	--  	0.000	
600470	六国化工	-3.51	51832656	5.77	5.98	0	89398	1.05	6.01	6.01	5.67	--  	1.34	5.69	-0.21	农药化肥	--  	-0.000	
000561	烽火电子	-6.60	51658040	8.35	8.94	0	60119	-0.23	8.95	8.98	8.26	--  	0.00	8.05	-0.59	通信设备	--  	0.000	
300636	同和药业	-6.13	51561540	34.30	36.54	0	14621	-0.11	36.54	36.91	33.58	--  	0.00	9.11	-2.24	化学制药	--  	-0.000	
300107	建新股份	-8.03	51467816	5.73	6.23	0	86845	0.17	6.23	6.23	5.71	--  	0.48	8.35	-0.50	化工原料	--  	0.000	
000667	美好置业	-2.84	51306756	3.08	3.17	0	164815	0.00	3.17	3.17	3.07	--  	0.79	3.15	-0.09	全国地产	--  	-0.000	
600939	重庆建工	-5.96	51196664	7.26	7.72	0	69302	1.11	7.74	7.77	7.17	--  	0.00	7.77	-0.46	建筑施工	--  	0.000	
002488	金固股份	-2.53	51026516	10.40	10.67	0	48105	0.29	10.61	10.97	10.28	--  	0.57	6.47	-0.27	汽车配件	--  	-0.000	
300250	初灵信息	-6.43	50997260	16.30	17.42	0	30259	-0.17	17.45	17.58	16.09	--  	1.25	8.55	-1.12	通信设备	--  	-0.000	
000655	金岭矿业	-4.03	50994312	7.15	7.45	0	70039	0.00	7.46	7.48	7.10	--  	1.34	5.10	-0.30	普钢	--  	0.000	
002702	海欣食品	-5.43	50919464	5.75	6.08	0	86952	0.17	6.10	6.10	5.73	--  	0.00	6.09	-0.33	食品	--  	0.000	
002082	栋梁新材	-7.75	50826964	12.86	13.94	0	38034	0.00	13.94	14.09	12.61	--  	1.79	10.62	-1.08	铝	--  	-0.000	
002620	瑞和股份	-7.60	50746176	10.58	11.45	0	46267	0.09	11.47	11.54	10.49	--  	0.87	9.17	-0.87	装修装饰	--  	-0.000	
603958	哈森股份	-8.32	50626592	15.76	17.19	0	31133	0.13	17.24	17.24	15.62	--  	1.51	9.42	-1.43	服饰	--  	0.000	
300378	鼎捷软件	-5.02	50585164	14.38	15.14	0	34417	-0.27	15.10	15.20	14.32	--  	0.66	5.81	-0.76	软件服务	--  	0.000	
300516	久之洋	-7.46	50389552	51.50	55.65	0	9523	-0.09	55.65	55.65	51.50	--  	0.65	7.46	-4.15	电器仪表	--  	0.000	
002824	和胜股份	-7.05	50288312	18.33	19.72	0	26792	0.11	19.72	19.76	18.17	--  	0.56	8.06	-1.39	铝	--  	-0.000	
600306	商业城	-6.33	50102080	10.95	11.69	0	44598	-0.17	11.69	11.70	10.88	--  	0.17	7.01	-0.74	百货	--  	-0.000	
002771	真视通	-9.80	49640276	20.16	22.35	0	23902	0.20	22.30	22.30	20.12	--  	0.67	9.75	-2.19	软件服务	--  	-0.000	
002111	威海广泰	-5.05	49439476	15.97	16.82	0	30371	-0.18	16.79	16.79	15.96	--  	0.89	4.93	-0.85	航空	--  	0.000	
600540	*ST新赛	-5.07	49273572	5.24	5.52	0	92366	0.00	5.51	5.52	5.24	--  	0.00	5.07	-0.28	种植业	--  	-0.000	
600467	好当家	-4.49	49202856	3.19	3.34	0	152163	0.00	3.32	3.33	3.12	--  	0.30	6.29	-0.15	渔业	--  	0.000	
603421	鼎信通讯	-6.33	49160880	27.68	29.55	0	17495	0.36	29.43	29.55	27.50	--  	0.71	6.94	-1.87	通信设备	--  	0.000	
002574	明牌珠宝	-4.24	49054708	7.90	8.25	0	60940	-0.37	8.22	8.25	7.87	--  	0.61	4.61	-0.35	服饰	--  	0.000	
00639	首钢资源	-5.77	49020368	1.470	1.560	2000	32580968	0.00	1.580	1.580	1.440	--  	2.04	8.97	-0.090	煤炭	--  	1.470	
00525	广深铁路股份	-3.47	48498668	4.170	4.320	2000	11571652	0.24	4.350	4.360	4.130	--  	0.00	5.32	-0.150	运输	--  	4.170	
300444	双杰电气	-6.18	48461784	17.00	18.12	0	27677	-0.75	18.19	18.25	17.00	--  	0.48	6.90	-1.12	电气设备	--  	0.000	
000897	津滨发展	-3.84	48279840	3.76	3.91	0	126634	0.00	3.91	3.92	3.75	--  	0.51	4.35	-0.15	区域地产	--  	-0.000	
300338	开元股份	-3.24	48201932	20.30	20.98	0	23613	-0.48	20.91	20.97	20.00	--  	0.05	4.62	-0.68	电器仪表	--  	-0.000	
300082	奥克股份	-5.82	47955300	6.64	7.05	0	70346	0.30	7.05	7.06	6.57	--  	0.91	6.95	-0.41	化工原料	--  	-0.000	
002772	众兴菌业	-1.62	47861448	12.13	12.33	0	39715	1.85	12.36	12.36	11.88	--  	0.81	3.89	-0.20	种植业	--  	0.000	
603336	宏辉果蔬	-9.56	47732392	22.04	24.37	0	20792	0.00	24.40	24.45	21.94	--  	0.82	10.30	-2.33	农业综合	--  	0.000	
000514	渝 开 发	-4.38	47728852	6.77	7.08	0	68993	0.30	7.12	7.12	6.70	--  	0.28	5.93	-0.31	区域地产	--  	-0.000	
000948	南天信息	-6.03	47646472	10.75	11.44	0	43088	-0.45	11.44	11.75	10.67	--  	0.44	9.44	-0.69	软件服务	--  	0.000	
002364	中恒电气	-3.33	47638308	11.92	12.33	0	39315	0.00	12.25	12.35	11.91	--  	0.81	3.57	-0.41	电气设备	--  	0.000	
300155	安居宝	0.74	47545868	6.78	6.73	0	72121	0.59	6.70	6.82	6.40	--  	0.15	6.24	0.05	元器件	--  	0.000	
300513	恒泰实达	-0.03	47347812	33.53	33.54	0	14197	1.12	33.60	33.66	33.04	--  	0.22	1.85	-0.01	软件服务	--  	-0.000	
600168	武汉控股	-3.39	47126400	8.55	8.85	0	54353	-0.11	8.83	8.86	8.54	--  	1.45	3.62	-0.30	水务	--  	0.000	
002541	鸿路钢构	-4.81	47125672	14.64	15.38	0	31497	0.21	15.38	15.46	14.61	--  	0.33	5.53	-0.74	钢加工	--  	0.000	
300435	中泰股份	-8.63	47019228	15.25	16.69	0	30223	1.06	16.68	16.68	15.02	--  	0.35	9.95	-1.44	机械基件	--  	0.000	
300647	超频三	-9.55	46911152	19.99	22.10	0	22370	-0.54	21.82	22.21	19.90	--  	0.57	10.45	-2.11	元器件	--  	-0.000	
300420	五洋科技	-6.93	46868292	7.52	8.08	0	60173	-0.78	8.10	8.10	7.50	--  	0.00	7.43	-0.56	机械基件	--  	-0.000	
002069	獐子岛	-2.47	46638324	7.91	8.11	0	58486	0.13	8.10	8.13	7.84	--  	1.85	3.58	-0.20	渔业	--  	-0.000	
001896	豫能控股	-3.50	46555308	5.79	6.00	0	79075	0.00	6.00	6.01	5.77	--  	0.31	4.00	-0.21	火力发电	--  	-0.000	
000068	华控赛格	-4.19	46549620	5.95	6.21	0	77139	0.51	6.19	6.19	5.90	--  	0.00	4.67	-0.26	元器件	--  	-0.000	
002785	万里石	-6.20	46298960	14.98	15.97	0	30487	0.07	16.04	16.05	14.65	--  	0.08	8.77	-0.99	其他建材	--  	-0.000	
300135	宝利国际	-2.22	46034656	3.97	4.06	0	116655	1.02	4.05	4.07	3.66	--  	0.49	10.10	-0.09	化工原料	--  	0.000	
002726	龙大肉食	0.54	46000404	11.07	11.01	0	42129	0.27	11.00	11.11	10.64	--  	0.00	4.27	0.06	食品	--  	-0.000	
603887	城地股份	-5.21	45682704	28.55	30.12	0	15640	0.14	30.05	30.05	28.45	--  	0.35	5.31	-1.57	建筑施工	--  	-0.000	
300399	京天利	-7.66	45511460	19.28	20.88	0	22908	0.10	20.88	20.98	19.20	--  	0.19	8.52	-1.60	互联网	--  	0.000	
300494	盛天网络	-8.34	45494384	17.26	18.83	0	25387	-0.51	18.83	18.94	17.24	--  	0.73	9.03	-1.57	互联网	--  	0.000	
600730	中国高科	-4.71	45472816	6.88	7.22	0	64807	0.00	7.20	7.21	6.87	--  	0.78	4.71	-0.34	综合类	--  	0.000	
300491	通合科技	-9.86	45384044	22.49	24.95	0	19424	-0.30	25.00	25.01	22.48	--  	0.45	10.14	-2.46	电气设备	--  	-0.000	
002782	可立克	-5.92	45347788	15.72	16.71	0	28033	0.06	16.80	16.80	15.59	--  	0.60	7.24	-0.99	电气设备	--  	0.000	
000993	闽东电力	-5.21	45054612	8.18	8.63	0	54046	0.00	8.63	8.68	8.10	--  	0.29	6.72	-0.45	水力发电	--  	0.000	
000812	陕西金叶	-0.24	45041392	8.17	8.19	0	55834	0.00	8.19	8.19	7.90	--  	0.37	3.54	-0.02	广告包装	--  	0.000	
600033	福建高速	-2.14	44965300	3.65	3.73	0	122373	0.27	3.72	3.73	3.63	--  	4.02	2.68	-0.08	路桥	--  	0.000	
000557	西部创业	-5.71	44872200	4.79	5.08	0	90636	-0.20	5.06	5.10	4.76	--  	0.00	6.69	-0.29	红黄药酒	--  	-0.000	
000722	湖南发展	-6.07	44850464	10.06	10.71	0	43703	0.70	10.74	10.74	9.86	--  	0.47	8.22	-0.65	水力发电	--  	0.000	
002066	瑞泰科技	-6.26	44836964	11.38	12.14	0	38255	-0.25	12.10	12.18	11.28	--  	0.41	7.41	-0.76	其他建材	--  	0.000	
600661	新南洋	-4.26	44815424	20.02	20.91	0	22010	-0.39	20.81	21.10	19.80	--  	0.35	6.22	-0.89	文教休闲	--  	0.000	
000882	华联股份	-2.48	44794720	3.15	3.23	0	140688	0.00	3.22	3.23	3.14	--  	0.96	2.79	-0.08	百货	--  	0.000	
600589	广东榕泰	-0.90	44713936	6.64	6.70	0	67472	0.00	6.67	6.72	6.54	--  	0.75	2.69	-0.06	塑料	--  	-0.000	
603067	振华股份	-6.64	44612376	15.04	16.11	0	28799	1.08	16.03	16.10	14.80	--  	0.68	8.07	-1.07	化工原料	--  	-0.000	
300569	天能重工	-6.94	44317728	24.69	26.53	0	17473	0.33	26.53	26.57	24.52	--  	0.70	7.73	-1.84	专用机械	--  	0.000	
300018	中元股份	-6.33	44294068	6.96	7.43	0	62333	-0.56	7.39	7.40	6.91	--  	0.66	6.59	-0.47	电气设备	--  	0.000	
002774	快意电梯	-6.33	44095704	10.95	11.69	0	39565	0.09	11.69	11.72	10.86	--  	0.00	7.36	-0.74	运输设备	--  	-0.000	
300598	诚迈科技	-9.68	44083468	31.99	35.42	0	13187	-0.77	35.00	35.56	31.88	--  	0.28	10.39	-3.43	软件服务	--  	-0.000	
601500	通用股份	-6.64	44016112	10.41	11.15	0	41054	-0.09	11.15	11.17	10.38	--  	0.90	7.09	-0.74	汽车配件	--  	-0.000	
300112	万讯自控	-1.15	43846308	11.13	11.26	0	38802	0.09	11.28	11.49	11.00	--  	0.28	4.35	-0.13	电器仪表	--  	0.000	
000702	正虹科技	-5.51	43698860	7.71	8.16	0	55248	0.52	8.15	8.19	7.66	--  	0.91	6.50	-0.45	饲料	--  	0.000	
000027	深圳能源	-1.43	43617600	6.21	6.30	0	69792	0.00	6.31	6.32	6.20	--  	2.38	1.90	-0.09	火力发电	--  	0.000	
01618	中国中冶	-1.66	43520912	2.370	2.410	1000	18361220	0.00	2.420	2.430	2.340	--  	0.00	3.73	-0.040	建筑	--  	2.370	
300105	龙源技术	-5.12	43507384	5.93	6.25	0	72091	0.00	6.23	6.25	5.90	--  	0.64	5.60	-0.32	电器仪表	--  	-0.000	
600481	双良节能	-5.25	43450996	4.33	4.57	0	98129	0.46	4.57	4.58	4.29	--  	1.75	6.35	-0.24	环境保护	--  	-0.000	
002609	捷顺科技	-0.73	43413008	14.92	15.03	0	29089	-0.52	14.99	15.07	14.83	--  	0.80	1.60	-0.11	软件服务	--  	0.000	
000809	*ST新城	-4.95	43262780	3.84	4.04	0	110544	0.00	4.04	4.04	3.84	--  	1.65	4.95	-0.20	区域地产	--  	-0.000	
002628	成都路桥	1.71	42866312	7.74	7.61	0	57286	1.57	7.60	7.76	7.35	--  	0.66	5.39	0.13	建筑施工	--  	-0.000	
603001	奥康国际	-2.90	42681676	15.73	16.20	0	26971	0.64	16.15	16.19	15.53	--  	3.70	4.07	-0.47	服饰	--  	-0.000	
600980	北矿科技	-5.53	42663124	15.73	16.65	0	26454	-0.31	16.68	16.74	15.70	--  	0.26	6.25	-0.92	元器件	--  	-0.000	
600683	京投发展	-6.87	42619744	5.69	6.11	0	73192	0.35	6.12	6.13	5.63	--  	3.27	8.18	-0.42	区域地产	--  	0.000	
601158	重庆水务	-2.10	42437236	6.54	6.68	0	64487	-0.29	6.69	6.69	6.53	--  	4.19	2.40	-0.14	水务	--  	-0.000	
300139	晓程科技	-8.47	42195140	7.89	8.62	0	51420	0.00	8.62	8.70	7.81	--  	0.13	10.32	-0.73	元器件	--  	-0.000	
002316	键桥通讯	1.48	41978748	11.69	11.52	0	36011	0.52	11.52	11.77	11.50	--  	0.09	2.34	0.17	软件服务	--  	-0.000	
600501	航天晨光	-6.13	41968568	12.09	12.88	0	33688	0.33	12.88	12.94	11.91	--  	0.09	8.00	-0.79	汽车配件	--  	0.000	
002388	新亚制程	-4.56	41912056	8.16	8.55	0	50877	0.12	8.51	8.55	8.12	--  	0.00	5.03	-0.39	元器件	--  	-0.000	
600960	渤海活塞	0.69	41769212	7.34	7.29	0	58054	0.27	7.30	7.39	7.05	--  	0.36	4.66	0.05	汽车配件	--  	0.000	
000985	大庆华科	-1.73	41723512	22.09	22.48	0	18433	0.05	22.51	22.96	22.02	--  	0.56	4.18	-0.39	化工原料	--  	0.000	
300177	中海达	-2.73	41716948	11.04	11.35	0	37394	0.36	11.42	11.42	11.00	--  	0.13	3.70	-0.31	通信设备	--  	-0.000	
603031	安德利	-9.03	41530776	27.11	29.80	0	14710	-0.61	29.86	30.16	27.05	--  	0.57	10.44	-2.69	百货	--  	0.000	
600178	东安动力	-5.47	41477564	7.08	7.49	0	57277	0.43	7.49	7.50	7.03	--  	1.34	6.28	-0.41	汽车配件	--  	-0.000	
603611	诺力股份	-5.96	41390512	22.41	23.83	0	18136	1.04	23.90	23.90	22.13	--  	2.32	7.43	-1.42	运输设备	--  	-0.000	
002632	道明光学	-4.16	41319048	8.06	8.41	0	50245	0.50	8.42	8.49	7.96	--  	0.35	6.30	-0.35	化工原料	--  	0.000	
300584	海辰药业	-7.10	40927724	33.64	36.21	0	11730	0.18	36.20	36.40	32.80	--  	0.83	9.94	-2.57	化学制药	--  	-0.000	
300583	赛托生物	-4.25	40914972	44.20	46.16	0	9095	0.02	46.09	46.37	44.17	--  	0.22	4.77	-1.96	生物制药	--  	0.000	
002084	海鸥卫浴	-5.40	40262640	7.18	7.59	0	54986	-0.13	7.54	7.59	7.14	--  	1.19	5.93	-0.41	家居用品	--  	-0.000	
300120	经纬电材	-6.07	40168552	12.37	13.17	0	31624	0.24	13.18	13.30	12.30	--  	0.26	7.59	-0.80	电气设备	--  	-0.000	
300641	正丹股份	-5.77	40164352	15.68	16.64	0	24876	0.19	16.61	16.66	15.63	--  	0.90	6.19	-0.96	化工原料	--  	0.000	
600833	第一医药	-5.02	40079588	15.33	16.14	0	25559	0.13	16.18	16.28	15.24	--  	0.43	6.44	-0.81	医药商业	--  	-0.000	
002172	澳洋科技	-4.73	40055064	6.65	6.98	0	59302	0.61	6.95	6.97	6.57	--  	0.00	5.73	-0.33	化纤	--  	0.000	
600094	大名城	-1.65	40024220	7.17	7.29	0	55718	0.84	7.30	7.33	7.03	--  	0.69	4.12	-0.12	区域地产	--  	0.000	
601107	四川成渝	-1.81	39965032	4.35	4.43	0	91824	0.69	4.43	4.43	4.31	--  	2.48	2.71	-0.08	路桥	--  	-0.000	
603818	曲美家居	-4.31	39925700	12.89	13.47	0	30570	-0.14	13.44	13.52	12.88	--  	0.57	4.75	-0.58	家居用品	--  	0.000	
603633	徕木股份	-10.01	39768088	20.58	22.87	0	18755	0.00	22.77	22.77	20.58	--  	0.55	9.58	-2.29	元器件	--  	-0.000	
600173	卧龙地产	-2.60	39605528	5.99	6.15	0	65583	0.34	6.14	6.16	5.97	--  	0.81	3.09	-0.16	全国地产	--  	-0.000	
002585	双星新材	-2.74	39393080	7.10	7.30	0	55235	0.00	7.30	7.31	7.03	--  	0.21	3.84	-0.20	塑料	--  	-0.000	
603015	弘讯科技	-5.94	39373724	9.18	9.76	0	41950	0.77	9.72	9.78	9.10	--  	0.51	6.97	-0.58	电气设备	--  	0.000	
601965	中国汽研	-3.19	39360748	8.81	9.10	0	44264	0.11	9.10	9.10	8.74	--  	1.65	3.96	-0.29	汽车服务	--  	0.000	
600101	明星电力	-3.70	39291052	9.37	9.73	0	41445	0.54	9.71	9.78	9.27	--  	0.51	5.24	-0.36	水力发电	--  	-0.000	
600790	轻纺城	-2.48	39251176	6.28	6.44	0	61938	0.00	6.45	6.46	6.25	--  	1.55	3.26	-0.16	商品城	--  	0.000	
603698	航天工程	-3.97	39155288	21.76	22.66	0	17647	0.05	22.60	22.73	21.50	--  	0.53	5.43	-0.90	专用机械	--  	0.000	
600192	长城电工	-5.01	39145772	7.02	7.39	0	54907	-0.27	7.36	7.39	6.95	--  	0.11	5.95	-0.37	电气设备	--  	-0.000	
600448	华纺股份	-2.34	38968312	5.84	5.98	0	66928	0.34	5.97	5.97	5.67	--  	0.00	5.02	-0.14	纺织	--  	0.000	
002780	三夫户外	-1.52	38963284	25.20	25.59	0	15601	0.24	25.18	25.50	24.53	--  	0.16	3.79	-0.39	其他商业	--  	0.000	
600551	时代出版	-5.23	38893200	12.33	13.01	0	30883	-0.07	12.97	13.06	12.30	--  	1.84	5.84	-0.68	出版业	--  	-0.000	
000949	新乡化纤	-3.20	38793400	3.93	4.06	0	98131	0.77	4.04	4.05	3.87	--  	0.74	4.43	-0.13	化纤	--  	0.000	
002533	金杯电工	-3.36	38444356	6.90	7.14	0	54997	0.00	7.14	7.15	6.88	--  	2.10	3.78	-0.24	电气设备	--  	0.000	
002319	乐通股份	-0.98	38172752	15.21	15.36	0	25330	0.33	15.36	15.37	14.63	--  	0.03	4.82	-0.15	染料涂料	--  	0.000	
300528	幸福蓝海	-6.34	38082944	13.30	14.20	0	28042	-0.07	14.15	14.20	13.24	--  	0.59	6.76	-0.90	影视音像	--  	0.000	
603999	读者传媒	-5.57	38065668	8.14	8.62	0	45771	0.12	8.63	8.63	8.10	--  	0.58	6.15	-0.48	出版业	--  	0.000	
600675	中华企业	-3.14	38053440	5.55	5.73	0	67721	0.00	5.77	5.78	5.53	--  	1.45	4.36	-0.18	区域地产	--  	0.000	
002169	智光电气	-5.38	37806100	5.63	5.95	0	65808	0.18	5.95	5.97	5.56	--  	1.51	6.89	-0.32	电气设备	--  	0.000	
002550	千红制药	-2.43	37641928	5.63	5.77	0	66328	-0.17	5.78	5.78	5.62	--  	1.38	2.77	-0.14	生物制药	--  	0.000	
002116	中国海诚	-5.00	37357392	11.39	11.99	0	32149	0.00	11.98	12.05	11.37	--  	1.67	5.67	-0.60	建筑施工	--  	0.000	
600287	江苏舜天	-5.32	37343520	7.29	7.70	0	50233	-0.13	7.63	7.66	7.26	--  	0.91	5.19	-0.41	商贸代理	--  	-0.000	
603789	星光农机	-6.52	37042924	12.91	13.81	0	27938	0.08	13.75	13.79	12.87	--  	0.00	6.66	-0.90	农用机械	--  	-0.000	
600483	福能股份	-3.79	36938872	8.12	8.44	0	44959	0.25	8.46	8.46	8.05	--  	2.37	4.86	-0.32	火力发电	--  	-0.000	
002380	科远股份	-5.11	36884056	17.28	18.21	0	20898	0.41	18.01	18.18	17.20	--  	0.55	5.38	-0.93	电气设备	--  	0.000	
000721	西安饮食	-4.45	36776416	6.22	6.51	0	58541	-0.15	6.46	6.52	6.15	--  	0.65	5.68	-0.29	酒店餐饮	--  	-0.000	
002361	神剑股份	-3.29	36765380	5.88	6.08	0	61617	0.17	6.09	6.10	5.86	--  	0.82	3.95	-0.20	化工原料	--  	0.000	
000767	漳泽电力	-4.42	36644424	3.03	3.17	0	118797	0.00	3.17	3.17	3.02	--  	3.09	4.73	-0.14	火力发电	--  	-0.000	
002220	天宝食品	0.00	36621748	7.52	7.52	0	49557	0.40	7.53	7.54	7.26	--  	0.66	3.72	0.00	食品	--  	-0.000	
600371	万向德农	1.38	36619644	11.05	10.90	0	32138	0.00	10.91	11.77	10.90	--  	0.83	7.98	0.15	种植业	--  	0.000	
300235	方直科技	-3.15	36583712	14.45	14.92	0	25567	0.21	14.91	14.91	13.84	--  	0.09	7.17	-0.47	软件服务	--  	-0.000	
300286	安科瑞	-5.25	36296124	19.13	20.19	0	18643	0.16	20.27	20.27	18.88	--  	0.98	6.88	-1.06	电器仪表	--  	-0.000	
600726	华电能源	-5.00	36286368	3.42	3.60	0	104651	0.29	3.59	3.60	3.38	--  	0.39	6.11	-0.18	火力发电	--  	0.000	
300591	万里马	-7.33	36257836	9.73	10.50	0	36231	-0.20	10.45	10.57	9.67	--  	0.48	8.57	-0.77	服饰	--  	-0.000	
000753	漳州发展	-5.01	36250140	3.98	4.19	0	89288	-0.49	4.17	4.19	3.97	--  	0.72	5.25	-0.21	汽车服务	--  	0.000	
300576	容大感光	-9.50	36237624	19.15	21.16	0	18100	0.05	21.00	21.35	19.10	--  	0.32	10.63	-2.01	染料涂料	--  	-0.000	
600229	城市传媒	-5.41	36201188	8.22	8.69	0	42903	-0.35	8.69	8.71	8.20	--  	1.38	5.87	-0.47	出版业	--  	0.000	
600078	澄星股份	-2.83	36171724	5.49	5.65	0	65351	0.73	5.66	5.66	5.39	--  	0.53	4.78	-0.16	化工原料	--  	-0.000	
600812	华北制药	-3.85	36098112	5.25	5.46	0	67538	0.38	5.45	5.46	5.22	--  	0.37	4.40	-0.21	化学制药	--  	0.000	
002549	凯美特气	-1.39	35923660	7.07	7.17	0	51510	3.21	7.17	7.17	6.80	--  	1.27	5.16	-0.10	环境保护	--  	0.000	
600463	空港股份	-3.31	35811032	13.71	14.18	0	25838	-0.06	14.20	14.23	13.67	--  	0.28	3.95	-0.47	园区开发	--  	0.000	
002328	新朋股份	-5.12	35783012	7.22	7.61	0	48537	0.14	7.63	7.63	7.09	--  	0.59	7.10	-0.39	汽车配件	--  	-0.000	
600429	三元股份	-2.41	35552376	6.47	6.63	0	54677	-0.14	6.62	6.62	6.46	--  	0.10	2.41	-0.16	乳制品	--  	-0.000	
002133	广宇集团	-3.96	35463892	4.85	5.05	0	71928	0.21	5.05	5.07	4.81	--  	1.58	5.15	-0.20	全国地产	--  	-0.000	
603906	龙蟠科技	-1.69	35364604	17.43	17.73	0	20517	3.69	17.63	17.78	16.71	--  	0.00	6.03	-0.30	化工原料	--  	0.000	
002269	美邦服饰	-4.35	35139208	3.30	3.45	0	103476	-0.29	3.46	3.48	3.30	--  	1.17	5.22	-0.15	服饰	--  	-0.000	
601199	江南水务	-3.85	35123088	5.75	5.98	0	60301	0.17	5.98	5.98	5.73	--  	1.84	4.18	-0.23	水务	--  	0.000	
601616	广电电气	-3.46	34935864	3.91	4.05	0	87665	-0.25	4.05	4.09	3.87	--  	1.23	5.43	-0.14	电气设备	--  	0.000	
300290	荣科科技	-6.36	34874880	8.84	9.44	0	38333	0.00	9.40	9.47	8.78	--  	0.22	7.31	-0.60	软件服务	--  	0.000	
300330	华虹计通	-8.23	34288676	11.26	12.27	0	29468	0.09	12.27	12.36	11.19	--  	0.16	9.54	-1.01	软件服务	--  	0.000	
601208	东材科技	-3.31	34242532	6.42	6.64	0	52936	0.31	6.62	6.65	6.31	--  	1.51	5.12	-0.22	化工原料	--  	0.000	
600128	弘业股份	-4.16	34078528	9.91	10.34	0	33871	0.30	10.36	10.36	9.76	--  	0.48	5.80	-0.43	商贸代理	--  	-0.000	
300329	海伦钢琴	-5.98	34049556	9.44	10.04	0	35107	0.11	10.04	10.08	9.37	--  	0.25	7.07	-0.60	文教休闲	--  	-0.000	
002627	宜昌交运	-3.43	33959428	18.00	18.64	0	18514	-0.16	18.52	18.68	18.00	--  	0.58	3.65	-0.64	公共交通	--  	0.000	
300214	日科化学	-3.78	33916436	6.37	6.62	0	52425	-0.15	6.62	6.64	6.34	--  	0.72	4.53	-0.25	化工原料	--  	-0.000	
600706	曲江文旅	-0.91	33873072	19.56	19.74	0	17249	-0.09	19.74	19.85	19.35	--  	0.19	2.53	-0.18	旅游服务	--  	-0.000	
600336	澳柯玛	-4.54	33798544	5.26	5.51	0	63003	0.57	5.54	5.54	5.22	--  	0.00	5.81	-0.25	家用电器	--  	0.000	
002214	大立科技	-4.88	33721924	7.02	7.38	0	46997	0.14	7.35	7.39	6.98	--  	0.34	5.56	-0.36	电器仪表	--  	-0.000	
601218	吉鑫科技	-4.04	33436296	3.80	3.96	0	86504	-0.25	3.96	3.96	3.78	--  	0.38	4.55	-0.16	机械基件	--  	-0.000	
603718	海利生物	-3.42	33383984	12.14	12.57	0	27319	0.41	12.55	12.55	12.00	--  	0.32	4.38	-0.43	生物制药	--  	0.000	
600222	太龙药业	-4.50	33160296	5.52	5.78	0	59047	-0.17	5.75	5.77	5.48	--  	0.17	5.02	-0.26	中成药	--  	-0.000	
600385	山东金泰	-5.19	33159934	12.98	13.69	0	25155	-0.22	13.66	13.66	12.95	--  	0.00	5.19	-0.71	黄金	--  	-0.000	
603199	九华旅游	-5.54	32974906	30.19	31.96	0	10724	0.00	31.97	31.97	30.11	--  	0.44	5.82	-1.77	旅游景点	--  	0.000	
002826	易明医药	-7.25	32956666	17.53	18.90	0	18180	-0.16	18.91	18.91	17.36	--  	0.32	8.20	-1.37	中成药	--  	0.000	
600979	广安爱众	-2.61	32915776	5.22	5.36	0	62572	0.00	5.37	5.37	5.19	--  	0.93	3.36	-0.14	水力发电	--  	-0.000	
000637	茂化实华	-4.54	32743998	5.89	6.17	0	54339	-0.16	6.17	6.21	5.88	--  	1.62	5.35	-0.28	石油加工	--  	-0.000	
002526	山东矿机	-4.62	32514774	6.81	7.14	0	46951	0.15	7.14	7.18	6.67	--  	0.56	7.14	-0.33	工程机械	--  	-0.000	
603022	新通联	-8.02	32502964	13.08	14.22	0	24260	0.23	14.22	14.22	13.00	--  	0.31	8.58	-1.14	广告包装	--  	-0.000	
603798	康普顿	-7.11	32488188	18.02	19.40	0	17573	-0.05	19.38	19.48	17.87	--  	1.29	8.30	-1.38	石油加工	--  	0.000	
002243	通产丽星	-5.06	32434308	8.45	8.90	0	37649	0.72	8.88	8.88	8.39	--  	0.56	5.51	-0.45	塑料	--  	-0.000	
000780	*ST平能	-4.46	32106292	4.71	4.93	0	67256	0.00	4.93	4.95	4.68	--  	0.20	5.48	-0.22	煤炭开采	--  	0.000	
000908	景峰医药	-5.27	32032906	6.29	6.64	0	50044	-0.15	6.65	6.66	6.28	--  	1.37	5.72	-0.35	化学制药	--  	-0.000	
002478	常宝股份	-6.13	31962316	5.05	5.38	0	61233	0.00	5.37	5.38	5.04	--  	9.29	6.32	-0.33	普钢	--  	0.000	
600865	百大集团	-1.75	31833088	8.97	9.13	0	35501	0.34	9.13	9.19	8.86	--  	1.31	3.61	-0.16	百货	--  	0.000	
300106	西部牧业	-4.07	31824480	8.72	9.09	0	35937	0.00	9.10	9.14	8.70	--  	0.11	4.84	-0.37	农业综合	--  	0.000	
600784	鲁银投资	-5.48	31653458	5.69	6.02	0	54445	-0.17	5.99	6.02	5.66	--  	0.50	5.98	-0.33	普钢	--  	0.000	
002535	林州重机	-3.38	31560384	4.86	5.03	0	64105	0.21	5.03	5.04	4.84	--  	0.00	3.98	-0.17	工程机械	--  	0.000	
600127	金健米业	-2.40	31522394	4.89	5.01	0	63879	-0.60	5.01	5.03	4.85	--  	0.00	3.59	-0.12	农业综合	--  	-0.000	
000014	沙河股份	-0.50	31350614	15.90	15.98	0	19900	1.47	15.96	15.98	15.56	--  	0.09	2.63	-0.08	全国地产	--  	-0.000	
300217	东方电热	-2.69	31301330	3.25	3.34	0	95483	0.31	3.34	3.35	3.23	--  	0.30	3.59	-0.09	电器仪表	--  	0.000	
002560	通达股份	-6.15	31293020	6.72	7.16	0	45803	0.15	7.15	7.16	6.70	--  	0.70	6.42	-0.44	电气设备	--  	-0.000	
000159	国际实业	-4.74	31238952	5.63	5.91	0	54290	0.54	5.92	5.94	5.55	--  	0.51	6.60	-0.28	石油贸易	--  	0.000	
300561	汇金科技	-7.11	31207178	35.65	38.38	0	8458	-0.21	38.30	38.57	35.36	--  	0.63	8.36	-2.73	软件服务	--  	0.000	
600857	宁波中百	1.76	30672624	11.55	11.35	0	26407	0.61	11.30	12.00	11.27	--  	0.53	6.43	0.20	百货	--  	0.000	
600721	百花村	-7.56	30565428	10.40	11.25	0	28426	0.00	11.30	11.30	10.33	--  	0.14	8.62	-0.85	生物制药	--  	-0.000	
603028	赛福天	-6.78	30488606	11.27	12.09	0	26370	-0.43	12.09	12.15	11.26	--  	0.36	7.36	-0.82	钢加工	--  	0.000	
600889	南京化纤	-3.14	30412360	8.63	8.91	0	34840	0.23	8.89	8.91	8.60	--  	1.35	3.48	-0.28	化纤	--  	0.000	
600767	*ST运盛	-4.99	30384596	7.04	7.41	0	42598	0.00	7.41	7.43	7.04	--  	0.00	5.26	-0.37	医疗保健	--  	-0.000	
300265	通光线缆	-5.21	30379846	9.82	10.36	0	30234	-0.09	10.34	10.39	9.82	--  	0.48	5.50	-0.54	电气设备	--  	-0.000	
002666	德联集团	-4.50	30312600	5.30	5.55	0	56151	0.00	5.57	5.57	5.25	--  	0.85	5.77	-0.25	化工原料	--  	0.000	
002270	华明装备	-5.00	30286750	9.88	10.40	0	30238	0.00	10.35	10.35	9.87	--  	0.77	4.62	-0.52	电气设备	--  	0.000	
601038	一拖股份	-4.31	30175860	7.77	8.12	0	37996	0.52	8.09	8.12	7.70	--  	0.70	5.17	-0.35	农用机械	--  	-0.000	
002730	电光科技	-7.47	30073352	11.40	12.32	0	25629	0.00	12.34	12.34	11.30	--  	0.20	8.44	-0.92	电气设备	--  	-0.000	
600243	青海华鼎	-5.87	29874576	6.89	7.32	0	42504	0.00	7.30	7.33	6.81	--  	0.27	7.10	-0.43	机床制造	--  	-0.000	
000005	世纪星源	-1.08	29739586	4.59	4.64	0	65439	2.00	4.63	4.63	4.46	--  	0.00	3.66	-0.05	房产服务	--  	0.000	
002267	陕天然气	-1.98	29694938	7.94	8.10	0	37147	-0.12	8.08	8.12	7.91	--  	1.85	2.59	-0.16	供气供热	--  	0.000	
300537	广信材料	-6.33	29544504	17.30	18.47	0	16508	-0.16	18.31	18.49	17.27	--  	0.42	6.61	-1.17	染料涂料	--  	-0.000	
300049	福瑞股份	-2.65	29357328	14.30	14.69	0	20436	1.42	14.69	14.69	14.10	--  	0.68	4.02	-0.39	中成药	--  	0.000	
600824	益民集团	-4.31	29280296	5.11	5.34	0	56258	-0.19	5.35	5.37	5.11	--  	0.81	4.87	-0.23	百货	--  	0.000	
01233	时代地产	-4.89	29245702	7.390	7.770	1000	3945000	0.96	7.780	7.780	7.100	3295810	0.00	8.75	-0.380	地产	445000	7.390	
300126	锐奇股份	-5.85	29234342	7.08	7.52	0	40502	1.00	7.49	7.51	6.98	--  	0.20	7.05	-0.44	轻工机械	--  	-0.000	
002553	南方轴承	-2.98	29152674	9.76	10.06	0	29691	-1.30	10.06	10.18	9.60	--  	1.99	5.77	-0.30	汽车配件	--  	0.000	
600513	联环药业	-4.69	29083498	9.14	9.59	0	31202	-0.10	9.60	9.65	9.00	--  	0.69	6.78	-0.45	化学制药	--  	0.000	
600301	ST南化	-5.02	29005216	8.13	8.56	0	35159	0.00	8.55	8.57	8.13	--  	2.92	5.14	-0.43	化工原料	--  	0.000	
603819	神力股份	-9.97	28889800	20.23	22.47	0	13593	0.05	22.47	22.60	20.22	--  	0.53	10.59	-2.24	电气设备	--  	-0.000	
600815	*ST厦工	-4.85	28797888	4.32	4.54	0	65722	0.23	4.53	4.54	4.31	--  	1.10	5.07	-0.22	工程机械	--  	0.000	
603901	永创智能	-3.56	28495262	9.75	10.11	0	28877	0.62	10.14	10.14	9.68	--  	0.45	4.55	-0.36	专用机械	--  	0.000	
600962	国投中鲁	-5.53	28400150	12.30	13.02	0	22712	-0.48	13.08	13.08	12.03	--  	0.38	8.06	-0.72	软饮料	--  	0.000	
000899	赣能股份	-5.07	28036840	6.18	6.51	0	44170	-0.79	6.51	6.51	6.18	--  	4.61	5.07	-0.33	火力发电	--  	-0.000	
600778	友好集团	-5.29	27895172	6.44	6.80	0	42519	-0.76	6.79	6.83	6.39	--  	1.32	6.47	-0.36	百货	--  	0.000	
600538	国发股份	-5.67	27844336	5.49	5.82	0	49661	0.00	5.80	5.81	5.45	--  	0.04	6.19	-0.33	农药化肥	--  	-0.000	
600077	宋都股份	-3.50	27761748	3.86	4.00	0	71018	0.26	4.01	4.01	3.84	--  	0.15	4.25	-0.14	全国地产	--  	-0.000	
002566	益盛药业	-3.39	27530110	9.70	10.04	0	28003	0.62	10.03	10.03	9.63	--  	0.50	3.98	-0.34	中成药	--  	-0.000	
002469	三维工程	-4.87	27456682	7.03	7.39	0	38297	-0.70	7.43	7.43	7.03	--  	1.35	5.41	-0.36	建筑施工	--  	0.000	
002420	毅昌股份	-5.55	27340630	5.62	5.95	0	47724	0.18	5.98	5.99	5.57	--  	0.17	7.06	-0.33	塑料	--  	-0.000	
000589	黔轮胎Ａ	-3.04	27326368	4.79	4.94	0	56583	0.00	4.94	4.94	4.78	--  	0.81	3.24	-0.15	汽车配件	--  	-0.000	
000861	海印股份	-2.61	27176626	3.36	3.45	0	80274	0.60	3.45	3.46	3.34	--  	0.29	3.48	-0.09	房产服务	--  	-0.000	
603012	创力集团	-4.33	27142578	7.74	8.09	0	34424	-0.12	8.12	8.17	7.70	--  	0.25	5.81	-0.35	专用机械	--  	-0.000	
600159	大龙地产	-5.71	27128944	3.80	4.03	0	69497	-0.25	4.01	4.03	3.79	--  	0.99	5.96	-0.23	区域地产	--  	-0.000	
002187	广百股份	-2.47	26969258	10.67	10.94	0	24960	-0.08	10.98	10.98	10.65	--  	2.74	3.02	-0.27	百货	--  	0.000	
000978	桂林旅游	-2.98	26557452	8.79	9.06	0	29828	-0.67	9.06	9.10	8.78	--  	0.55	3.53	-0.27	旅游景点	--  	-0.000	
87001	汇贤产业信托	-0.66	26494476	3.020	3.040	1000	8746428	-0.33	3.040	3.040	3.020	--  	0.00	0.66	-0.020		--  	3.020	
002808	苏州恒久	-2.67	26457842	14.96	15.37	0	17541	-0.32	15.34	15.70	14.00	--  	0.41	11.06	-0.41	元器件	--  	0.000	
600396	金山股份	-5.64	26409268	3.18	3.37	0	81436	0.32	3.38	3.38	3.08	--  	0.15	8.90	-0.19	火力发电	--  	0.000	
603099	长白山	-5.97	26339646	13.23	14.07	0	19553	-0.22	14.05	14.05	13.15	--  	0.57	6.40	-0.84	旅游景点	--  	-0.000	
300405	科隆股份	-6.53	26280970	17.04	18.23	0	14929	0.71	18.23	18.37	16.88	--  	0.00	8.17	-1.19	化工原料	--  	0.000	
002559	亚威股份	-3.41	26191820	9.90	10.25	0	26149	-0.09	10.23	10.24	9.89	--  	1.71	3.41	-0.35	机床制造	--  	-0.000	
000679	大连友谊	-4.93	26147520	7.52	7.91	0	34066	-0.39	7.82	7.82	7.42	--  	1.26	5.06	-0.39	百货	--  	-0.000	
00519	实力建业	-9.43	25757626	0.480	0.530	5000	48685000	-15.79	0.550	0.570	0.450	--  	0.00	22.64	-0.050	地产	--  	0.480	
600235	民丰特纸	-4.20	25724588	7.07	7.38	0	35810	0.28	7.38	7.40	7.03	--  	0.20	5.01	-0.31	造纸	--  	0.000	
300412	迦南科技	-8.12	25703090	10.75	11.70	0	23113	0.00	11.74	11.74	10.70	--  	1.06	8.89	-0.95	医疗保健	--  	0.000	
600281	太化股份	-1.62	25307728	6.07	6.17	0	41333	0.00	6.20	6.23	6.00	--  	0.09	3.73	-0.10	化工原料	--  	0.000	
600560	金自天正	-5.42	25144196	10.99	11.62	0	22366	0.27	11.56	11.61	10.92	--  	0.23	5.94	-0.63	电气设备	--  	-0.000	
000863	三湘印象	-1.87	24972416	6.31	6.43	0	39623	0.32	6.44	6.46	6.21	--  	3.11	3.89	-0.12	区域地产	--  	-0.000	
300499	高澜股份	-5.70	24679272	22.65	24.02	0	10605	0.00	24.02	24.18	22.60	--  	0.44	6.58	-1.37	专用机械	--  	-0.000	
600578	京能电力	-1.82	24645190	3.77	3.84	0	65296	0.27	3.84	3.85	3.74	--  	4.43	2.86	-0.07	火力发电	--  	-0.000	
000966	长源电力	-2.24	24492430	4.37	4.47	0	55296	0.46	4.46	4.49	4.34	--  	2.01	3.36	-0.10	火力发电	--  	-0.000	
002708	光洋股份	-5.96	24460180	6.94	7.38	0	34682	0.87	7.37	7.37	6.81	--  	0.41	7.59	-0.44	汽车配件	--  	0.000	
601798	蓝科高新	-2.98	24363612	9.76	10.06	0	24481	0.10	10.02	10.15	9.70	--  	0.20	4.47	-0.30	化工机械	--  	0.000	
000715	中兴商业	-6.66	24195068	9.53	10.21	0	24757	0.21	10.19	10.19	9.41	--  	0.69	7.64	-0.68	百货	--  	-0.000	
300114	中航电测	-6.16	24173126	10.81	11.52	0	21813	-0.27	11.50	11.55	10.81	--  	0.29	6.42	-0.71	元器件	--  	0.000	
000419	通程控股	-4.18	24119174	6.19	6.46	0	38424	0.00	6.50	6.50	6.15	--  	1.86	5.42	-0.27	百货	--  	0.000	
00173	嘉华国际	-1.59	24078586	4.330	4.400	1000	5525379	0.00	4.400	4.430	4.320	--  	1.15	2.50	-0.070	地产	--  	4.330	
000692	惠天热电	-3.85	23808426	5.49	5.71	0	42653	-0.89	5.68	5.74	5.45	--  	0.63	5.08	-0.22	供气供热	--  	-0.000	
300169	天晟新材	-5.38	23425452	6.51	6.88	0	35247	-0.30	6.90	6.96	6.49	--  	0.31	6.83	-0.37	塑料	--  	0.000	
600246	万通地产	-4.40	23205040	3.91	4.09	0	58334	0.26	4.08	4.10	3.89	--  	1.01	5.13	-0.18	区域地产	--  	0.000	
300551	古鳌科技	-7.63	23007336	28.45	30.80	0	7838	-0.83	30.28	31.39	28.45	--  	0.19	9.55	-2.35	专用机械	--  	0.000	
600644	乐山电力	-3.93	22975790	6.84	7.12	0	32634	-0.72	7.13	7.15	6.82	--  	0.43	4.63	-0.28	水力发电	--  	0.000	
600810	神马股份	-3.50	22620392	7.45	7.72	0	29877	0.27	7.67	7.71	7.40	--  	0.65	4.02	-0.27	化纤	--  	-0.000	
000048	康达尔	2.02	22554660	23.21	22.75	0	9903	0.00	22.75	23.39	22.12	--  	0.10	5.58	0.46	饲料	--  	-0.000	
002134	*ST普林	-5.03	22509992	9.06	9.54	0	24420	0.00	9.52	9.58	9.06	--  	0.13	5.45	-0.48	元器件	--  	0.000	
603738	泰晶科技	-6.80	22075646	26.18	28.09	0	8185	-0.07	27.95	27.95	26.05	--  	0.67	6.76	-1.91	元器件	--  	0.000	
000850	华茂股份	-2.66	21674006	4.76	4.89	0	45069	0.21	4.91	4.91	4.74	--  	1.02	3.48	-0.13	纺织	--  	0.000	
600982	宁波热电	-3.06	21537836	4.44	4.58	0	47883	0.00	4.58	4.60	4.42	--  	0.76	3.93	-0.14	供气供热	--  	0.000	
300391	康跃科技	-8.92	21234570	14.50	15.92	0	14094	0.07	15.81	15.98	14.40	--  	0.05	9.92	-1.42	机械基件	--  	0.000	
300305	裕兴股份	-5.04	20716396	7.92	8.34	0	25590	-0.24	8.33	8.38	7.91	--  	0.72	5.64	-0.42	塑料	--  	0.000	
603123	翠微股份	-4.47	20473056	7.91	8.28	0	25458	-0.37	8.26	8.29	7.85	--  	1.45	5.31	-0.37	百货	--  	-0.000	
600403	*ST大有	-4.85	20447336	4.71	4.95	0	42902	-0.20	4.94	4.95	4.70	--  	0.30	5.05	-0.24	煤炭开采	--  	0.000	
000713	丰乐种业	-5.24	20439450	7.23	7.63	0	27715	0.14	7.60	7.60	7.17	--  	0.26	5.64	-0.40	种植业	--  	0.000	
600510	黑牡丹	-2.93	20415580	6.95	7.16	0	29083	0.29	7.16	7.16	6.91	--  	1.49	3.49	-0.21	全国地产	--  	-0.000	
600091	ST明科	-4.98	20125436	6.30	6.63	0	31441	-0.31	6.61	6.65	6.30	--  	0.70	5.28	-0.33	化工原料	--  	0.000	
000428	华天酒店	-3.72	20102720	4.14	4.30	0	47711	0.00	4.30	4.30	4.13	--  	0.28	3.95	-0.16	酒店餐饮	--  	-0.000	
000539	粤电力Ａ	-0.59	19877728	5.03	5.06	0	39526	-0.19	5.08	5.08	5.00	--  	1.58	1.58	-0.03	火力发电	--  	0.000	
600488	天药股份	-2.35	19526668	4.99	5.11	0	38809	0.40	5.10	5.13	4.96	--  	0.36	3.33	-0.12	化学制药	--  	-0.000	
600163	中闽能源	-5.05	19269348	4.14	4.36	0	45461	-0.47	4.35	4.36	4.10	--  	0.00	5.96	-0.22	新型电力	--  	-0.000	
00517	中远海运国际	-1.97	19117136	2.980	3.040	2000	6400851	0.34	3.040	3.080	2.900	175980	2.01	5.92	-0.060	工用支援	58000	2.980	
600223	鲁商置业	-4.90	18876664	4.08	4.29	0	45371	0.25	4.28	4.29	4.05	--  	1.87	5.59	-0.21	区域地产	--  	-0.000	
00242	信德集团	-4.10	18093818	3.040	3.170	2000	5835762	0.00	3.150	3.200	3.030	--  	1.97	5.36	-0.130	综合企业	--  	3.040	
002758	华通医药	-5.03	17847214	11.90	12.53	0	14756	-0.16	12.45	12.53	11.74	--  	0.59	6.30	-0.63	医药商业	--  	-0.000	
00818	高阳科技	-4.76	17262376	1.600	1.680	3000	10647000	0.00	1.670	1.670	1.590	--  	0.00	4.76	-0.080	软件服务	--  	1.600	
300210	森远股份	-6.97	17179856	6.54	7.03	0	25322	-0.29	7.02	7.02	6.53	--  	0.24	6.97	-0.49	专用机械	--  	-0.000	
600817	*ST宏盛	-4.99	16681188	12.94	13.62	0	12577	0.00	13.58	13.70	12.94	--  	0.00	5.58	-0.68	多元金融	--  	-0.000	
01866	中国心连心化肥	-3.70	16628341	2.600	2.700	1000	6334000	2.77	2.740	2.740	2.510	--  	0.00	8.52	-0.100	原材料	--  	2.600	
000411	英特集团	-3.44	16431527	19.65	20.35	0	8302	-0.24	20.23	20.40	19.58	--  	0.00	4.03	-0.70	医药商业	--  	-0.000	
300211	亿通科技	-7.16	16140018	7.39	7.96	0	21125	-1.33	7.91	8.02	7.20	--  	0.13	10.30	-0.57	通信设备	--  	-0.000	
000691	ST亚太	-3.44	16073566	6.74	6.98	0	23527	0.60	7.03	7.14	6.63	--  	0.00	7.31	-0.24	区域地产	--  	-0.000	
08400	亚洲先锋娱乐	-4.92	15887701	0.290	0.305	10000	52070000	-1.69	0.310	0.325	0.285	--  	0.00	13.11	-0.015	酒店及消闲	--  	0.290	
002678	珠江钢琴	-1.55	15645142	11.44	11.62	0	13728	1.33	11.63	11.63	11.16	--  	0.55	4.04	-0.18	文教休闲	--  	-0.000	
002613	北玻股份	-4.33	14473194	3.76	3.93	0	37860	0.27	3.91	3.95	3.74	--  	0.00	5.34	-0.17	专用机械	--  	-0.000	
01899	兴达国际	-2.48	14422271	2.750	2.820	1000	5228000	0.36	2.820	2.830	2.710	99000	0.00	4.26	-0.070	工业工程	36000	2.750	
00129	泛海集团	-5.97	14302292	1.890	2.010	2000	7535131	1.07	2.010	2.010	1.850	22500	1.59	7.96	-0.120	地产	12000	1.890	
00717	英皇证券	-1.56	13881650	0.630	0.640	6000	22038182	1.61	0.640	0.640	0.620	79380	2.22	3.13	-0.010	其他金融	126000	0.630	
01520	华信金融投资	-5.15	13454941	0.920	0.970	6000	14766000	0.00	0.960	0.960	0.860	--  	0.00	10.31	-0.050	纺织服饰	--  	0.920	
00915	道和环球	0.46	13165371	2.190	2.180	1000	6013000	0.46	2.200	2.230	2.140	30370	0.00	4.13	0.010	工用支援	14000	2.190	
600860	*ST京城	-5.06	11231348	6.76	7.12	0	16390	0.00	7.10	7.13	6.76	--  	0.98	5.20	-0.36	专用机械	--  	0.000	
02868	首创置业	-1.02	10952641	3.880	3.920	2000	2818000	0.52	3.940	3.990	3.830	15520	0.00	4.08	-0.040	地产	4000	3.880	
600265	ST景谷	-5.01	9817967	19.89	20.94	0	4856	0.00	20.73	20.95	19.89	--  	0.76	5.06	-1.05	林业	--  	-0.000	
01133	哈尔滨电气	-1.20	8290171	3.290	3.330	2000	2502000	-0.30	3.340	3.380	3.290	193180	0.00	2.70	-0.040	工业工程	58000	3.290	
01108	洛阳玻璃股份	-3.08	8095761	4.090	4.220	2000	1938000	0.00	4.360	4.360	4.080	--  	0.00	6.64	-0.130	工业工程	--  	4.090	
00596	浪潮国际	-4.19	6964521	2.060	2.150	2000	3338000	0.49	2.160	2.160	2.020	--  	0.00	6.51	-0.090	软件服务	--  	2.060	
00882	天津发展	-1.06	6098512	3.740	3.780	2000	1622078	-0.27	3.780	3.800	3.740	30240	1.10	1.59	-0.040	综合企业	8000	3.740	
01371	华彩控股	-4.32	6087911	0.177	0.185	20000	34141000	0.00	0.186	0.186	0.171	--  	0.00	8.11	-0.008	酒店及消闲	--  	0.177	
00391	美亚娱乐资讯	3.28	5322851	0.315	0.305	20000	17330000	-1.56	0.310	0.320	0.300	--  	0.00	6.56	0.010	媒体及娱乐	--  	0.315	
00218	申万宏源	-3.40	5263425	2.560	2.650	5000	2032500	0.00	2.650	2.650	2.520	818250	0.00	4.91	-0.090	其他金融	315000	2.560	
00370	国华	0.93	5028180	0.108	0.107	20000	45360000	0.00	0.107	0.117	0.103	--  	0.00	13.08	0.001	家电及用品	--  	0.108	
00062	载通	-0.41	4651040	24.400	24.500	400	190400	0.21	24.550	24.550	24.300	9740	1.43	1.02	-0.100	运输	400	24.400	
02222	雷士照明	1.28	4042580	0.790	0.780	1000	5153000	1.28	0.800	0.810	0.760	--  	0.00	6.41	0.010	家电及用品	--  	0.790	
数据来源:通达信
