代码	名称	涨幅%%	总金额	现价	昨收	每手	总量	涨速%%	今开	最高	最低	抛空额	股息率%%	振幅%%	涨跌	细分行业	抛空量	按盘价	
00700	腾讯控股	3.71	9916950528	391.000	377.000	100	25585700	0.62	380.400	391.000	380.200	--  	0.00	2.86	14.000	软件服务	--  	391.000	
601318	中国平安	2.12	7697028096	65.37	64.01	0	1173566	0.41	64.30	66.57	64.30	--  	0.78	3.55	1.36	保险	--  	0.000	
000839	中信国安	10.03	5879613440	12.51	11.37	0	4867161	0.00	11.78	12.51	11.61	--  	0.44	7.92	1.14	综合类	--  	0.000	
600050	中国联通	5.28	5243172864	7.97	7.57	0	6699688	0.38	7.59	7.98	7.57	--  	0.53	5.42	0.40	电信运营	--  	-0.000	
03333	中国恒大	9.38	3079625728	30.900	28.250	1000	101160112	0.00	30.000	31.600	29.050	--  	0.00	9.03	2.650	地产	--  	30.900	
000100	TCL 集团	2.56	2979201536	4.80	4.68	0	6184988	0.63	4.71	4.95	4.68	--  	1.71	5.77	0.12	家用电器	--  	0.000	
000001	平安银行	5.67	2914269184	11.92	11.28	0	2477163	0.00	11.27	12.09	11.25	--  	1.40	7.45	0.64	银行	--  	0.000	
002405	四维图新	6.58	2819405824	29.49	27.67	0	1000547	0.65	27.50	29.58	27.07	--  	0.13	9.07	1.82	软件服务	--  	-0.000	
00388	香港交易所	1.96	2722067712	228.400	224.000	100	11964133	0.26	223.800	229.800	223.200	--  	1.12	2.95	4.400	其他金融	--  	228.400	
000333	美的集团	0.11	2551838720	52.75	52.69	0	483279	0.34	52.70	54.08	51.90	--  	1.88	4.14	0.06	家用电器	--  	0.000	
603019	中科曙光	10.00	2421144320	48.71	44.28	0	508302	0.00	45.00	48.71	44.92	--  	0.18	8.56	4.43	电脑设备	--  	-0.000	
00857	中国石油股份	2.57	2373402624	5.580	5.440	2000	425450848	-0.53	5.510	5.620	5.500	--  	1.43	2.21	0.140	石油天然气	--  	5.580	
600028	中国石化	1.45	2182347520	6.29	6.20	0	3453363	0.48	6.25	6.40	6.23	--  	1.61	2.74	0.09	石油加工	--  	-0.000	
600807	天业股份	10.04	2157550080	13.15	11.95	0	1669041	0.00	12.35	13.15	12.25	--  	0.00	7.53	1.20	区域地产	--  	-0.000	
002049	紫光国芯	7.46	1921229696	39.45	36.71	0	502617	0.05	36.51	39.89	36.13	--  	0.15	10.24	2.74	元器件	--  	0.000	
600030	中信证券	2.28	1861354240	17.52	17.13	0	1069099	0.06	17.21	17.58	17.15	--  	2.04	2.51	0.39	证券	--  	0.000	
601688	华泰证券	4.47	1784590336	20.09	19.23	0	901711	0.20	19.20	20.10	19.19	--  	2.60	4.73	0.86	证券	--  	0.000	
600104	上汽集团	1.42	1733622272	31.36	30.92	0	550422	0.06	30.95	32.18	30.94	--  	5.34	4.01	0.44	汽车整车	--  	0.000	
600019	宝钢股份	1.36	1707778048	8.22	8.11	0	2055879	-0.11	8.09	8.45	8.06	--  	2.59	4.81	0.11	普钢	--  	0.000	
600585	海螺水泥	0.40	1683213312	25.24	25.14	0	661863	0.28	25.19	25.83	25.06	--  	1.99	3.06	0.10	水泥	--  	-0.000	
002019	亿帆医药	4.08	1607995776	25.00	24.02	0	650491	0.44	24.50	25.10	24.28	--  	0.38	3.41	0.98	化学制药	--  	0.000	
600518	康美药业	0.53	1464670720	22.65	22.53	0	645523	1.21	22.53	23.28	22.21	--  	0.91	4.75	0.12	中成药	--  	-0.000	
600380	健康元	8.41	1447698176	13.15	12.13	0	1132841	0.38	12.16	13.26	12.08	--  	1.32	9.73	1.02	化学制药	--  	-0.000	
00386	中国石油化工股份	3.66	1437814400	5.940	5.730	2000	242691120	-0.17	5.840	5.960	5.820	--  	1.94	2.44	0.210	石油天然气	--  	5.940	
601012	隆基股份	2.20	1407435520	34.86	34.11	0	405571	0.14	34.29	35.55	33.90	--  	0.29	4.84	0.75	半导体	--  	0.000	
000717	韶钢松山	5.88	1362902144	8.65	8.17	0	1595106	-0.11	8.10	8.98	8.05	--  	0.42	11.38	0.48	钢加工	--  	-0.000	
002456	欧菲光	4.18	1229182080	23.70	22.75	0	527582	-0.07	22.78	23.79	22.75	--  	0.19	4.57	0.95	元器件	--  	0.000	
600581	八一钢铁	8.65	1225820672	14.07	12.95	0	889738	-0.27	13.00	14.25	13.00	--  	0.12	9.65	1.12	普钢	--  	-0.000	
601336	新华保险	1.49	1192510208	62.47	61.55	0	189577	0.32	61.36	63.95	61.05	--  	0.78	4.71	0.92	保险	--  	0.000	
000917	电广传媒	10.03	1174684032	11.41	10.37	0	1063781	0.00	10.70	11.41	10.55	--  	0.29	8.29	1.04	影视音像	--  	-0.000	
601601	中国太保	3.24	1132104832	43.69	42.32	0	260404	0.21	42.35	44.10	42.14	--  	1.65	4.63	1.37	保险	--  	-0.000	
600741	华域汽车	3.30	1099385984	25.33	24.52	0	428625	0.16	24.52	26.70	24.47	--  	4.08	9.09	0.81	汽车配件	--  	-0.000	
02822	南方Ａ５０	1.59	1015158656	15.300	15.060	200	66566608	0.13	15.100	15.300	15.100	345790240	0.00	1.33	0.240		22663400	15.300	
601857	中国石油	2.51	996095744	8.59	8.38	0	1159528	0.23	8.45	8.67	8.44	--  	0.83	2.74	0.21	石油开采	--  	0.000	
300678	中科信息	3.88	995147968	85.11	81.93	0	117875	-0.10	80.30	90.00	79.40	--  	0.00	12.94	3.18	软件服务	--  	0.000	
000538	云南白药	0.40	967157632	105.87	105.45	0	91122	0.14	105.00	108.20	104.00	--  	0.76	3.98	0.42	中成药	--  	0.000	
000776	广发证券	2.34	900803072	17.90	17.49	0	505908	0.06	17.50	18.00	17.50	--  	1.55	2.86	0.41	证券	--  	-0.000	
300496	中科创达	8.01	891396416	40.03	37.06	0	228448	-0.11	37.40	40.40	37.40	--  	0.19	8.09	2.97	软件服务	--  	-0.000	
00762	中国联通	2.39	882588800	12.000	11.720	2000	73619504	0.00	11.780	12.180	11.720	--  	0.00	3.92	0.280	电讯	--  	12.000	
600206	有研新材	4.46	867693824	11.25	10.77	0	778591	0.27	11.15	11.31	10.92	--  	0.00	3.62	0.48	半导体	--  	0.000	
01114	BRILLIANCE CHI	1.52	865125056	20.100	19.800	2000	42461976	-0.74	20.000	21.150	19.740	--  	0.55	7.12	0.300	汽车	--  	20.100	
000513	丽珠集团	1.76	836713152	74.77	73.48	0	112968	0.46	73.42	77.77	71.38	--  	0.52	8.70	1.29	中成药	--  	-0.000	
600667	太极实业	7.06	836230144	8.34	7.79	0	1033570	0.24	7.91	8.42	7.81	--  	0.51	7.83	0.55	半导体	--  	0.000	
600282	南钢股份	4.53	772628736	4.85	4.64	0	1602251	0.21	4.61	5.00	4.59	--  	1.33	8.84	0.21	普钢	--  	-0.000	
002151	北斗星通	4.87	770726144	31.43	29.97	0	248909	0.06	30.10	32.80	29.39	--  	0.17	11.38	1.46	通信设备	--  	0.000	
600438	通威股份	3.85	752094784	10.52	10.13	0	714136	0.19	10.53	10.81	10.31	--  	0.79	4.94	0.39	饲料	--  	0.000	
600958	东方证券	2.55	750690752	15.67	15.28	0	480439	0.00	15.29	15.85	15.28	--  	0.82	3.73	0.39	证券	--  	0.000	
600183	生益科技	1.19	740862976	16.16	15.97	0	462820	0.06	15.87	16.25	15.81	--  	2.06	2.76	0.19	元器件	--  	-0.000	
600782	新钢股份	7.45	726045248	5.91	5.50	0	1251581	0.00	5.44	6.05	5.42	--  	0.36	11.45	0.41	钢加工	--  	-0.000	
600759	洲际油气	9.98	718969792	5.62	5.11	0	1293578	0.00	5.16	5.62	5.16	--  	0.14	9.00	0.51	石油开采	--  	-0.000	
601328	交通银行	0.81	704212672	6.21	6.16	0	1137044	-0.15	6.17	6.23	6.15	--  	4.41	1.30	0.05	银行	--  	0.000	
000933	神火股份	1.71	684130432	9.51	9.35	0	721702	0.11	9.31	9.79	9.18	--  	0.27	6.52	0.16	煤炭开采	--  	0.000	
002038	双鹭药业	2.49	680096192	32.88	32.08	0	207200	-0.35	32.89	33.44	32.24	--  	0.62	3.74	0.80	生物制药	--  	0.000	
002362	汉王科技	4.64	675723712	32.23	30.80	0	213660	0.09	30.89	32.35	30.89	--  	0.00	4.74	1.43	电脑设备	--  	-0.000	
002583	海能达	2.64	643312576	21.79	21.23	0	298879	-0.49	21.19	22.15	20.89	--  	0.16	5.93	0.56	通信设备	--  	0.000	
300585	奥联电子	1.81	643059904	27.02	26.54	0	234742	0.71	27.00	28.36	26.81	--  	0.75	5.84	0.48	汽车配件	--  	0.000	
300009	安科生物	1.46	641158656	21.55	21.24	0	294023	0.51	21.40	22.30	21.18	--  	0.54	5.27	0.31	生物制药	--  	-0.000	
000977	浪潮信息	3.82	637836288	19.29	18.58	0	334915	-0.04	18.59	19.35	18.59	--  	0.13	4.09	0.71	电脑设备	--  	0.000	
002268	卫 士 通	3.25	635927232	25.73	24.92	0	249634	0.16	24.80	26.28	24.50	--  	0.13	7.14	0.81	软件服务	--  	-0.000	
300015	爱尔眼科	4.59	630144896	29.88	28.57	0	215754	0.27	28.63	30.00	28.57	--  	0.42	5.01	1.31	医疗保健	--  	-0.000	
600079	人福医药	1.93	612702400	20.03	19.65	0	305213	0.00	19.85	20.35	19.76	--  	0.56	3.00	0.38	化学制药	--  	0.000	
600507	方大特钢	3.81	609923584	13.08	12.60	0	468350	0.00	12.51	13.38	12.43	--  	2.00	7.54	0.48	特种钢	--  	-0.000	
03188	华夏沪深三百	1.24	596579328	48.900	48.300	200	12238375	0.20	48.450	48.900	48.400	127668720	0.00	1.04	0.600		2617200	48.900	
002489	浙江永强	9.87	578761472	6.90	6.28	0	859678	0.00	6.50	6.91	6.46	--  	0.96	7.17	0.62	家居用品	--  	0.000	
000636	风华高科	4.45	563923072	10.10	9.67	0	564757	0.00	9.60	10.21	9.60	--  	0.21	6.31	0.43	元器件	--  	0.000	
002202	金风科技	4.59	545278848	14.59	13.95	0	378507	0.21	13.87	14.59	13.87	--  	1.10	5.16	0.64	电气设备	--  	0.000	
600171	上海贝岭	1.52	537153856	14.05	13.84	0	388919	0.36	13.70	14.07	13.52	--  	0.14	3.97	0.21	半导体	--  	0.000	
000507	珠海港	5.78	536223552	10.61	10.03	0	507098	-0.27	10.08	11.03	10.05	--  	0.20	9.77	0.58	港口	--  	-0.000	
300323	华灿光电	1.77	535134688	21.83	21.45	0	245745	-0.36	22.11	22.80	20.51	--  	0.23	10.68	0.38	半导体	--  	-0.000	
601699	潞安环能	0.33	529954656	9.07	9.04	0	584828	0.11	9.00	9.23	8.87	--  	1.00	3.98	0.03	煤炭开采	--  	-0.000	
600808	马钢股份	2.43	515894208	4.21	4.11	0	1227654	-0.23	4.09	4.29	4.07	--  	1.22	5.35	0.10	普钢	--  	0.000	
000016	深康佳Ａ	8.16	507839488	6.63	6.13	0	792474	-0.14	6.11	6.70	6.08	--  	0.00	10.11	0.50	家用电器	--  	0.000	
000938	紫光股份	0.29	501078880	65.12	64.93	0	76781	0.02	64.89	65.85	64.42	--  	0.15	2.20	0.19	软件服务	--  	0.000	
600231	凌钢股份	4.32	498902624	6.04	5.79	0	828967	0.00	5.77	6.24	5.69	--  	0.29	9.50	0.25	普钢	--  	-0.000	
600606	绿地控股	2.29	489707712	7.58	7.41	0	653942	0.26	7.42	7.59	7.40	--  	3.37	2.56	0.17	全国地产	--  	-0.000	
002323	雅百特	9.98	486236288	10.25	9.32	0	491390	0.00	9.40	10.25	9.25	--  	0.36	10.73	0.93	建筑施工	--  	0.000	
00732	信利国际	16.72	474564224	3.700	3.170	2000	133076000	1.37	3.210	3.740	3.210	--  	0.00	16.72	0.530	信息器材	--  	3.700	
600583	海油工程	4.36	474011232	6.46	6.19	0	741563	-0.14	6.23	6.47	6.23	--  	1.62	3.88	0.27	石油开采	--  	0.000	
600569	安阳钢铁	4.38	469443680	4.53	4.34	0	1041365	0.00	4.30	4.69	4.28	--  	0.46	9.45	0.19	普钢	--  	0.000	
000932	*ST华菱	3.68	466924640	8.16	7.87	0	576045	0.00	7.77	8.26	7.68	--  	0.58	7.37	0.29	普钢	--  	-0.000	
000983	西山煤电	0.11	462472672	9.34	9.33	0	497527	0.11	9.33	9.50	9.12	--  	0.12	4.07	0.01	煤炭开采	--  	0.000	
000709	河钢股份	1.69	456576800	4.20	4.13	0	1093325	0.00	4.13	4.23	4.10	--  	1.94	3.15	0.07	普钢	--  	-0.000	
600739	辽宁成大	1.66	452027392	18.94	18.63	0	239843	0.11	18.69	18.95	18.64	--  	1.07	1.66	0.31	商贸代理	--  	0.000	
002353	杰瑞股份	6.82	438877152	16.44	15.39	0	270861	0.37	15.57	16.66	15.57	--  	0.19	7.08	1.05	化工机械	--  	0.000	
300053	欧比特	2.98	429437792	15.92	15.46	0	276441	0.13	15.32	15.93	15.06	--  	0.10	5.63	0.46	半导体	--  	0.000	
300207	欣旺达	4.76	419489120	12.33	11.77	0	344610	-0.07	11.84	12.85	11.76	--  	0.30	9.26	0.56	元器件	--  	-0.000	
000553	沙隆达Ａ	5.99	418853440	16.09	15.18	0	265414	-0.05	15.15	16.18	15.10	--  	0.04	7.11	0.91	农药化肥	--  	0.000	
600588	用友网络	5.07	418214144	24.24	23.07	0	177726	0.50	23.10	24.27	22.75	--  	0.56	6.59	1.17	软件服务	--  	-0.000	
002722	金轮股份	3.36	417555456	34.19	33.08	0	123187	-0.05	33.00	34.50	32.75	--  	0.39	5.29	1.11	纺织机械	--  	-0.000	
002128	露天煤业	2.04	406421248	11.49	11.26	0	354116	0.26	11.27	11.80	11.15	--  	2.66	5.77	0.23	煤炭开采	--  	-0.000	
600305	恒顺醋业	2.55	400363328	12.86	12.54	0	311182	-0.15	12.52	13.41	12.36	--  	0.68	8.37	0.32	食品	--  	-0.000	
000980	众泰汽车	2.80	394409024	13.95	13.57	0	287826	0.29	13.57	13.95	13.38	--  	0.04	4.20	0.38	汽车配件	--  	-0.000	
601169	北京银行	0.14	388594944	7.31	7.30	0	531721	0.14	7.32	7.36	7.26	--  	2.85	1.37	0.01	银行	--  	-0.000	
000898	鞍钢股份	1.24	387416800	6.53	6.45	0	590774	-0.14	6.42	6.67	6.40	--  	1.04	4.19	0.08	普钢	--  	0.000	
00288	万洲国际	0.13	377886656	7.920	7.910	500	48004768	0.76	7.930	7.940	7.790	--  	0.63	1.90	0.010	农业产品	--  	7.920	
000566	海南海药	1.46	365449728	13.20	13.01	0	274788	0.46	12.95	13.55	12.95	--  	1.15	4.61	0.19	化学制药	--  	-0.000	
002542	中化岩土	6.96	365227552	8.76	8.19	0	417431	-0.10	8.15	9.01	8.04	--  	0.24	11.84	0.57	建筑施工	--  	0.000	
600971	恒源煤电	3.66	362686432	10.75	10.37	0	340316	0.00	10.38	10.97	10.21	--  	0.96	7.33	0.38	煤炭开采	--  	0.000	
002445	中南文化	7.30	362177888	15.87	14.79	0	234857	0.51	15.02	16.02	14.87	--  	0.24	7.78	1.08	影视音像	--  	-0.000	
300327	中颖电子	3.09	361475904	34.70	33.66	0	106023	0.32	33.45	34.70	33.23	--  	0.94	4.37	1.04	半导体	--  	0.000	
300228	富瑞特装	0.75	358564128	13.46	13.36	0	269143	0.37	13.05	13.50	13.05	--  	0.05	3.37	0.10	化工机械	--  	0.000	
300458	全志科技	3.69	348538304	30.90	29.80	0	115512	0.19	29.52	30.92	29.37	--  	0.50	5.20	1.10	元器件	--  	-0.000	
603880	南卫股份	1.18	348235392	34.41	34.01	0	103461	0.82	34.50	34.58	32.81	--  	0.00	5.20	0.40	医疗保健	--  	-0.000	
002555	三七互娱	4.63	347611168	23.30	22.27	0	150808	0.13	22.60	23.50	22.54	--  	0.44	4.31	1.03	互联网	--  	-0.000	
600256	广汇能源	4.04	344019360	4.38	4.21	0	792506	0.00	4.22	4.46	4.21	--  	0.71	5.94	0.17	石油开采	--  	0.000	
002886	沃特股份	9.99	343925696	40.84	37.13	0	85854	0.00	38.59	40.84	37.87	--  	0.00	8.00	3.71	塑料	--  	0.000	
603717	天域生态	2.55	335483008	32.60	31.79	0	103588	0.34	31.81	33.38	31.26	--  	0.00	6.67	0.81	环境保护	--  	-0.000	
06030	中信证券	1.87	332291808	17.440	17.120	500	19154664	0.23	17.120	17.600	17.020	--  	0.00	3.39	0.320	其他金融	--  	17.440	
300044	赛为智能	5.65	327879872	19.27	18.24	0	172202	-0.09	18.52	19.34	18.51	--  	0.14	4.55	1.03	软件服务	--  	0.000	
000059	华锦股份	3.50	323196064	10.65	10.29	0	304497	0.00	10.30	10.79	10.30	--  	2.18	4.76	0.36	石油加工	--  	-0.000	
300671	富满电子	7.34	319712064	42.41	39.51	0	79115	-0.06	39.19	42.78	38.28	--  	0.00	11.39	2.90	半导体	--  	-0.000	
002139	拓邦股份	0.70	316165056	12.95	12.86	0	245470	0.00	12.81	13.10	12.62	--  	0.78	3.73	0.09	元器件	--  	-0.000	
600803	新奥股份	1.34	313571200	15.18	14.98	0	205974	0.13	15.33	15.49	15.03	--  	0.67	3.07	0.20	农药化肥	--  	0.000	
600688	上海石化	1.87	310446784	6.55	6.43	0	475742	0.15	6.46	6.57	6.44	--  	3.88	2.02	0.12	石油加工	--  	0.000	
02282	美高梅中国	2.92	305932256	19.040	18.500	400	16036400	-0.21	18.500	19.360	18.440	--  	0.61	4.97	0.540	酒店及消闲	--  	19.040	
600315	上海家化	0.65	305711264	37.11	36.87	0	82493	0.05	36.88	37.32	36.86	--  	0.27	1.25	0.24	日用化工	--  	0.000	
600010	包钢股份	2.30	301073408	2.67	2.61	0	1134896	0.38	2.59	2.68	2.59	--  	0.00	3.45	0.06	普钢	--  	0.000	
600740	山西焦化	0.83	299861312	8.49	8.42	0	355436	0.00	8.35	8.61	8.20	--  	0.00	4.87	0.07	焦炭加工	--  	-0.000	
300438	鹏辉能源	4.31	299191264	34.34	32.92	0	88548	0.15	32.82	34.37	32.81	--  	0.30	4.74	1.42	电气设备	--  	0.000	
02313	申洲国际	3.35	297656512	70.900	68.600	1000	4234682	-0.14	68.700	71.200	68.000	--  	0.99	4.66	2.300	纺织服饰	--  	70.900	
300223	北京君正	2.21	295997728	34.30	33.56	0	88267	0.26	33.22	34.35	32.70	--  	0.09	4.92	0.74	半导体	--  	-0.000	
601808	中海油服	4.95	292788704	12.08	11.51	0	244874	0.17	11.68	12.10	11.66	--  	0.43	3.82	0.57	石油开采	--  	-0.000	
600435	北方导航	1.86	289029824	13.71	13.46	0	211067	0.00	13.50	13.98	13.36	--  	0.19	4.61	0.25	专用机械	--  	0.000	
002859	洁美科技	3.89	286568928	38.75	37.30	0	74557	0.08	37.37	38.86	37.30	--  	0.43	4.18	1.45	元器件	--  	0.000	
300604	长川科技	10.00	286002080	65.45	59.50	0	45271	0.00	60.00	65.45	58.70	--  	0.00	11.34	5.95	专用机械	--  	-0.000	
600129	太极集团	1.88	281891424	17.34	17.02	0	163218	0.23	17.55	17.60	16.94	--  	1.76	3.88	0.32	中成药	--  	0.000	
000584	哈工智能	1.39	280284096	15.28	15.07	0	183421	0.53	15.07	15.50	15.03	--  	3.54	3.12	0.21	化纤	--  	-0.000	
002828	贝肯能源	10.00	279684192	32.55	29.59	0	89499	0.00	29.78	32.55	29.40	--  	0.41	10.65	2.96	石油开采	--  	-0.000	
002410	广联达	5.26	278961440	21.23	20.17	0	133275	-0.04	20.17	21.33	19.95	--  	1.49	6.84	1.06	软件服务	--  	-0.000	
600532	宏达矿业	3.03	275796000	13.58	13.18	0	203510	-0.43	13.40	13.85	13.08	--  	0.58	5.84	0.40	普钢	--  	-0.000	
002223	鱼跃医疗	2.59	274760672	22.20	21.64	0	125400	0.14	21.65	22.20	21.46	--  	1.23	3.42	0.56	医疗保健	--  	0.000	
002013	中航机电	4.02	274228384	11.12	10.69	0	248678	0.09	10.73	11.23	10.71	--  	0.22	4.86	0.43	航空	--  	-0.000	
002464	金利科技	5.13	271728000	35.83	34.08	0	77892	-0.16	34.00	35.91	33.81	--  	0.00	6.16	1.75	互联网	--  	0.000	
601388	怡球资源	4.31	270806976	4.36	4.18	0	629324	0.23	4.18	4.45	4.16	--  	0.00	6.94	0.18	铝	--  	0.000	
300688	创业黑马	5.14	270743648	70.98	67.51	0	38360	-0.02	67.01	72.58	67.01	--  	0.00	8.25	3.47	综合类	--  	0.000	
002516	旷达科技	10.07	268951552	5.90	5.36	0	468362	0.00	5.38	5.90	5.35	--  	0.37	10.26	0.54	纺织	--  	0.000	
300415	伊之密	9.22	268221680	17.42	15.95	0	159126	-0.39	16.08	17.51	15.98	--  	0.63	9.59	1.47	专用机械	--  	0.000	
02883	中海油田服务	4.59	265359664	7.740	7.400	2000	34467256	0.65	7.550	7.760	7.540	--  	0.00	2.97	0.340	石油天然气	--  	7.740	
00151	中国旺旺	5.50	264553568	6.910	6.550	1000	38605976	0.14	6.480	6.980	6.470	--  	0.55	7.79	0.360	食物饮品	--  	6.910	
300682	朗新科技	6.83	263970032	23.92	22.39	0	111659	1.23	23.00	24.61	22.84	--  	0.00	7.91	1.53	软件服务	--  	0.000	
01462	金诚控股	5.71	263055856	3.700	3.500	2000	73222000	0.82	3.510	3.700	3.480	--  	0.00	6.29	0.200	建筑	--  	3.700	
002402	和而泰	5.40	262064432	10.35	9.82	0	253633	0.10	9.83	10.79	9.75	--  	0.20	10.59	0.53	元器件	--  	0.000	
06886	HTSC	3.49	257487056	17.180	16.600	200	15079864	0.12	16.680	17.300	16.620	--  	0.00	4.10	0.580	其他金融	--  	17.180	
600600	青岛啤酒	3.33	256866832	35.08	33.95	0	73750	-0.05	33.70	35.30	33.70	--  	1.03	4.71	1.13	啤酒	--  	0.000	
603111	康尼机电	6.37	253507296	15.52	14.59	0	166315	0.39	14.52	15.55	14.51	--  	0.69	7.13	0.93	运输设备	--  	0.000	
600360	华微电子	3.99	249114304	8.07	7.76	0	316485	0.25	7.79	8.08	7.57	--  	0.26	6.57	0.31	半导体	--  	-0.000	
600153	建发股份	2.06	244385152	11.87	11.63	0	208234	-0.07	11.67	11.92	11.60	--  	3.44	2.75	0.24	商贸代理	--  	-0.000	
300101	振芯科技	5.81	240759152	14.74	13.93	0	168124	-0.13	13.92	14.85	13.80	--  	0.36	7.54	0.81	通信设备	--  	-0.000	
603338	浙江鼎力	8.52	239186080	74.00	68.19	0	33045	-0.22	68.16	74.68	68.16	--  	0.26	9.56	5.81	专用机械	--  	0.000	
600348	阳泉煤业	1.13	237045872	7.19	7.11	0	331567	0.28	7.10	7.24	7.04	--  	1.65	2.81	0.08	煤炭开采	--  	0.000	
300367	东方网力	2.93	233601424	15.80	15.35	0	150526	0.00	15.43	15.83	15.28	--  	0.26	3.58	0.45	电脑设备	--  	0.000	
603320	迪贝电气	3.39	232329840	49.46	47.84	0	47932	1.39	47.88	49.99	47.51	--  	0.00	5.18	1.62	机械基件	--  	-0.000	
000597	东北制药	3.31	230430656	12.18	11.79	0	190108	0.00	11.79	12.25	11.79	--  	0.72	3.90	0.39	化学制药	--  	0.000	
601949	中国出版	3.50	229639392	8.87	8.57	0	262388	0.11	8.57	8.98	8.40	--  	0.00	6.77	0.30	出版业	--  	-0.000	
600188	兖州煤业	2.54	227933888	12.50	12.19	0	183931	0.00	12.20	12.58	12.07	--  	0.98	4.18	0.31	煤炭开采	--  	0.000	
300487	蓝晓科技	3.91	226935232	19.40	18.67	0	116320	0.26	18.80	19.98	18.70	--  	0.30	6.86	0.73	化工原料	--  	-0.000	
002343	慈文传媒	5.09	217257728	34.29	32.63	0	63848	0.03	33.28	34.65	33.28	--  	0.28	4.20	1.66	影视音像	--  	0.000	
002778	高科石化	4.04	213044960	29.89	28.73	0	72447	0.84	28.65	30.98	28.00	--  	0.28	10.37	1.16	石油加工	--  	-0.000	
601666	平煤股份	1.99	205058656	6.14	6.02	0	337114	0.33	6.02	6.19	5.95	--  	0.43	3.99	0.12	煤炭开采	--  	-0.000	
000761	本钢板材	1.28	203210016	5.52	5.45	0	367385	0.00	5.43	5.67	5.40	--  	0.92	4.95	0.07	钢加工	--  	-0.000	
600595	中孚实业	3.87	197452128	5.90	5.68	0	342129	-0.16	5.64	5.98	5.57	--  	0.31	7.22	0.22	铝	--  	0.000	
002329	皇氏集团	5.44	197230768	8.53	8.09	0	235300	0.00	8.23	8.65	8.16	--  	0.74	6.06	0.44	乳制品	--  	-0.000	
002807	江阴银行	2.99	194299360	8.97	8.71	0	219809	0.22	8.70	8.97	8.63	--  	1.72	3.90	0.26	银行	--  	0.000	
002602	世纪华通	3.26	193971312	35.13	34.02	0	55575	0.03	33.70	35.81	33.50	--  	0.29	6.79	1.11	汽车配件	--  	0.000	
600346	恒力股份	5.36	192744192	10.02	9.51	0	195535	0.10	9.56	10.05	9.50	--  	1.58	5.78	0.51	化纤	--  	0.000	
01038	长江基建集团	0.67	190462944	67.900	67.450	500	2812344	0.07	67.050	67.950	67.050	--  	0.99	1.33	0.450	公用事业	--  	67.900	
300627	华测导航	3.95	189307760	56.32	54.18	0	34075	0.04	54.00	56.97	54.00	--  	0.00	5.48	2.14	通信设备	--  	-0.000	
00800	Ａ８新媒体	18.75	188945568	0.760	0.640	2000	250198000	0.00	0.650	0.800	0.650	--  	0.00	23.44	0.120	媒体及娱乐	--  	0.760	
603133	碳元科技	2.24	186819280	39.24	38.38	0	48099	0.23	38.28	39.50	37.85	--  	0.21	4.30	0.86	元器件	--  	0.000	
603003	龙宇燃油	2.71	184786336	15.15	14.75	0	123833	-0.19	14.85	15.22	14.60	--  	0.08	4.20	0.40	石油贸易	--  	-0.000	
000910	大亚圣象	3.65	183789376	24.39	23.53	0	76601	-0.24	23.49	24.55	23.40	--  	0.49	4.89	0.86	家居用品	--  	-0.000	
00755	上海证大	29.66	182756784	0.153	0.118	5000	1044310016	0.00	0.260	0.260	0.147	--  	0.00	95.76	0.035	地产	--  	0.153	
600525	长园集团	0.92	179831632	18.56	18.39	0	98254	0.05	18.48	18.66	17.98	--  	0.44	3.70	0.17	电气设备	--  	-0.000	
300471	厚普股份	4.52	178792192	16.43	15.72	0	110667	0.18	15.72	16.50	15.61	--  	0.84	5.66	0.71	专用机械	--  	0.000	
600055	万东医疗	8.03	176717552	15.87	14.69	0	114716	-0.93	14.55	16.16	14.55	--  	0.73	10.96	1.18	医疗保健	--  	-0.000	
600871	石化油服	1.63	174547248	3.12	3.07	0	562500	0.32	3.05	3.13	3.04	--  	0.00	2.93	0.05	石油开采	--  	-0.000	
002253	川大智胜	2.84	174086736	24.62	23.94	0	71645	0.08	23.93	24.65	23.75	--  	0.50	3.76	0.68	软件服务	--  	0.000	
601015	陕西黑猫	0.91	173234192	8.86	8.78	0	195795	0.00	8.77	9.05	8.61	--  	0.00	5.01	0.08	焦炭加工	--  	-0.000	
300038	梅泰诺	2.54	171167872	38.76	37.80	0	44395	0.03	37.99	39.10	37.85	--  	0.04	3.31	0.96	通信设备	--  	-0.000	
603727	博迈科	10.00	169492656	29.70	27.00	0	58940	0.00	27.00	29.70	26.92	--  	1.11	10.30	2.70	石油开采	--  	0.000	
300395	菲利华	1.95	167909072	17.80	17.46	0	94671	0.00	17.54	18.11	17.28	--  	0.95	4.75	0.34	玻璃	--  	-0.000	
300659	中孚信息	4.43	167531568	39.36	37.69	0	42573	-0.04	38.29	40.35	38.20	--  	0.00	5.70	1.67	软件服务	--  	0.000	
300271	华宇软件	1.36	165584288	14.95	14.75	0	112253	0.07	14.80	15.02	14.60	--  	0.29	2.85	0.20	软件服务	--  	-0.000	
600885	宏发股份	0.83	165490032	43.76	43.40	0	38156	0.09	43.55	43.79	42.88	--  	0.58	2.10	0.36	电气设备	--  	-0.000	
600851	海欣股份	7.14	164736336	10.81	10.09	0	154730	0.00	10.10	10.97	10.03	--  	0.23	9.32	0.72	纺织	--  	0.000	
600735	新华锦	3.66	164568608	12.74	12.29	0	130951	0.24	12.28	12.75	12.23	--  	0.00	4.23	0.45	商贸代理	--  	-0.000	
603005	晶方科技	3.19	161124816	30.70	29.75	0	53421	0.07	29.50	30.71	29.20	--  	0.17	5.08	0.95	半导体	--  	0.000	
600330	天通股份	1.75	160312992	9.90	9.73	0	163901	0.00	9.62	9.92	9.59	--  	0.15	3.39	0.17	元器件	--  	-0.000	
601101	昊华能源	0.83	159961952	8.53	8.46	0	188236	0.00	8.45	8.64	8.35	--  	0.27	3.43	0.07	煤炭开采	--  	-0.000	
600117	西宁特钢	3.85	158647600	5.66	5.45	0	282006	0.00	5.43	5.79	5.41	--  	0.17	6.97	0.21	特种钢	--  	-0.000	
300633	开立医疗	0.45	154015744	28.82	28.69	0	53829	0.07	28.26	29.44	27.90	--  	0.12	5.37	0.13	医疗保健	--  	-0.000	
300191	潜能恒信	1.82	153662912	26.88	26.40	0	56812	0.19	26.29	27.60	26.19	--  	0.04	5.34	0.48	石油开采	--  	-0.000	
00148	建滔化工	0.31	153108016	48.000	47.850	500	3195360	0.31	48.000	48.400	47.500	--  	1.25	1.88	0.150	工业工程	--  	48.000	
002009	天奇股份	4.65	148114704	16.44	15.71	0	90346	0.12	15.72	16.70	15.65	--  	0.32	6.68	0.73	工程机械	--  	0.000	
000813	德展健康	8.27	142743792	8.25	7.62	0	174807	-0.11	7.59	8.38	7.58	--  	0.00	10.50	0.63	化学制药	--  	0.000	
002779	中坚科技	1.70	141305984	24.52	24.11	0	57196	-0.15	24.12	25.11	23.88	--  	0.23	5.10	0.41	农用机械	--  	0.000	
000918	嘉凯城	6.30	141004592	7.09	6.67	0	201137	0.00	6.75	7.17	6.72	--  	0.37	6.75	0.42	全国地产	--  	0.000	
002221	东华能源	4.13	139321632	11.35	10.90	0	124207	0.18	10.92	11.35	10.92	--  	0.45	3.94	0.45	石油贸易	--  	0.000	
600187	国中水务	4.37	138208800	4.54	4.35	0	309741	0.44	4.39	4.54	4.37	--  	0.00	3.91	0.19	水务	--  	-0.000	
300417	南华仪器	4.22	137899024	28.15	27.01	0	49234	0.39	28.18	28.45	27.58	--  	0.93	3.22	1.14	电器仪表	--  	-0.000	
002502	骅威文化	4.00	135824224	9.10	8.75	0	151268	0.11	8.75	9.28	8.63	--  	0.46	7.43	0.35	影视音像	--  	0.000	
002767	先锋电子	2.42	134391856	27.09	26.45	0	50411	0.00	26.00	27.70	25.70	--  	0.30	7.56	0.64	电器仪表	--  	0.000	
603298	杭叉集团	1.76	134303600	20.79	20.43	0	65101	0.29	20.46	20.85	20.30	--  	1.47	2.69	0.36	专用机械	--  	0.000	
300360	炬华科技	10.04	133865664	14.14	12.85	0	95930	0.00	13.21	14.14	13.17	--  	1.17	7.55	1.29	电器仪表	--  	0.000	
600856	中天能源	2.12	133673080	11.09	10.86	0	121209	0.18	10.90	11.13	10.90	--  	0.00	2.12	0.23	供气供热	--  	0.000	
002813	路畅科技	5.65	132456648	39.26	37.16	0	34599	0.59	37.53	39.55	37.25	--  	0.67	6.19	2.10	汽车配件	--  	-0.000	
000612	焦作万方	1.13	131960840	10.70	10.58	0	124153	-0.18	10.55	10.74	10.49	--  	2.38	2.36	0.12	铝	--  	-0.000	
600012	皖通高速	3.39	126824696	13.71	13.26	0	93651	-0.28	13.26	13.76	13.20	--  	1.73	4.22	0.45	路桥	--  	0.000	
002318	久立特材	0.85	126338752	8.32	8.25	0	152724	0.36	8.29	8.33	8.20	--  	0.73	1.58	0.07	特种钢	--  	-0.000	
300393	中来股份	6.49	125204352	43.98	41.30	0	28665	-0.04	41.59	44.99	41.55	--  	0.36	8.33	2.68	塑料	--  	-0.000	
002554	惠博普	3.15	122619176	5.56	5.39	0	219948	0.00	5.42	5.66	5.42	--  	0.46	4.45	0.17	石油开采	--  	-0.000	
300229	拓尔思	2.18	119912144	14.09	13.79	0	86095	0.28	13.94	14.17	13.70	--  	0.36	3.41	0.30	软件服务	--  	0.000	
600612	老凤祥	2.03	119524512	44.33	43.45	0	27000	-0.06	43.62	44.76	43.56	--  	2.30	2.76	0.88	服饰	--  	0.000	
000703	恒逸石化	2.18	119434576	14.99	14.67	0	79874	0.13	14.75	15.07	14.72	--  	0.67	2.39	0.32	化纤	--  	-0.000	
01910	新秀丽	0.44	117735160	34.050	33.900	300	3461700	0.15	34.100	34.200	33.700	15846271	0.00	1.47	0.150	纺织服饰	466800	34.050	
000043	中航地产	2.35	115720648	10.87	10.62	0	107296	0.18	10.55	10.96	10.54	--  	0.66	3.95	0.25	全国地产	--  	-0.000	
002254	泰和新材	0.79	114888456	12.83	12.73	0	89890	0.16	12.78	12.84	12.68	--  	0.79	1.26	0.10	化纤	--  	-0.000	
603557	起步股份	2.69	108513424	21.36	20.80	0	51289	0.23	20.78	21.38	20.69	--  	0.00	3.32	0.56	服饰	--  	0.000	
000045	深纺织Ａ	9.99	105094136	11.67	10.61	0	90055	0.00	11.67	11.67	11.67	--  	0.23	0.00	1.06	纺织	--  	0.000	
603726	朗迪集团	2.78	105001440	39.57	38.50	0	26662	-0.12	38.38	39.98	38.22	--  	1.09	4.57	1.07	机械基件	--  	-0.000	
601777	力帆股份	2.10	104074856	8.27	8.10	0	126898	0.12	8.15	8.27	8.11	--  	0.59	1.98	0.17	摩托车	--  	0.000	
002571	*ST德力	3.49	99687824	9.78	9.45	0	104024	-0.09	9.55	9.85	9.35	--  	0.28	5.29	0.33	玻璃	--  	-0.000	
603676	卫信康	0.75	98752336	16.13	16.01	0	61686	0.00	15.85	16.30	15.60	--  	0.00	4.37	0.12	化学制药	--  	-0.000	
002345	潮宏基	1.99	98020216	11.30	11.08	0	87392	0.00	11.08	11.31	11.04	--  	0.90	2.44	0.22	服饰	--  	0.000	
002216	三全食品	4.22	97415888	8.89	8.53	0	110386	0.11	8.53	8.98	8.46	--  	0.12	6.10	0.36	食品	--  	0.000	
603399	新华龙	3.01	94878624	15.08	14.64	0	63430	0.00	14.53	15.17	14.53	--  	0.11	4.37	0.44	小金属	--  	-0.000	
002417	三元达	3.16	94015792	14.03	13.60	0	68121	-0.06	13.60	14.41	13.13	--  	0.49	9.41	0.43	通信设备	--  	-0.000	
000040	东旭蓝天	0.07	93480792	15.18	15.17	0	61773	0.13	15.18	15.28	14.98	--  	0.09	1.98	0.01	全国地产	--  	0.000	
002637	赞宇科技	3.99	93468072	12.25	11.78	0	77224	0.16	11.76	12.25	11.76	--  	1.26	4.16	0.47	日用化工	--  	0.000	
603138	海量数据	1.35	93093080	41.24	40.69	0	22879	0.24	40.69	41.32	40.09	--  	0.23	3.02	0.55	软件服务	--  	0.000	
002248	*ST东数	0.65	92036488	6.22	6.18	0	145251	-0.31	6.40	6.45	6.20	--  	0.68	4.05	0.04	机床制造	--  	-0.000	
300653	正海生物	0.74	91838368	43.55	43.23	0	21291	0.11	43.41	43.92	42.56	--  	0.00	3.15	0.32	医疗保健	--  	-0.000	
002046	轴研科技	0.51	90258592	9.82	9.77	0	91407	0.20	9.99	10.09	9.65	--  	0.11	4.50	0.05	机械基件	--  	-0.000	
00014	希慎兴业	7.43	90224264	41.200	38.350	1000	2251818	0.86	38.650	41.200	38.450	--  	0.63	7.17	2.850	地产	--  	41.200	
603800	道森股份	4.33	89316272	20.74	19.88	0	43489	-0.13	19.88	20.86	19.75	--  	0.50	5.58	0.86	专用机械	--  	-0.000	
300041	回天新材	2.19	88725672	11.67	11.42	0	75547	0.17	11.71	11.91	11.60	--  	1.24	2.71	0.25	化工原料	--  	0.000	
300180	华峰超纤	0.36	88165352	24.75	24.66	0	35727	0.00	24.53	25.00	24.26	--  	0.09	3.00	0.09	化纤	--  	0.000	
300309	吉艾科技	2.15	86801024	23.80	23.30	0	36723	0.08	23.30	23.86	23.10	--  	0.13	3.26	0.50	专用机械	--  	-0.000	
603878	武进不锈	3.91	86671696	22.86	22.00	0	37993	-0.38	21.86	23.60	21.82	--  	0.83	8.09	0.86	钢加工	--  	0.000	
000663	永安林业	2.87	82557112	16.47	16.01	0	50728	0.00	16.01	16.50	15.88	--  	0.19	3.87	0.46	林业	--  	-0.000	
300451	创业软件	2.24	80648256	28.32	27.70	0	28357	0.18	28.05	28.98	27.90	--  	0.36	3.90	0.62	软件服务	--  	-0.000	
600379	宝光股份	8.20	79514976	12.41	11.47	0	65830	-0.23	11.45	12.61	11.37	--  	0.40	10.81	0.94	电气设备	--  	-0.000	
600126	杭钢股份	0.94	79040184	7.48	7.41	0	105566	-0.26	7.39	7.59	7.36	--  	0.02	3.10	0.07	普钢	--  	0.000	
002358	森源电气	0.06	78501832	15.43	15.42	0	50949	0.00	15.37	15.54	15.30	--  	0.58	1.56	0.01	电气设备	--  	0.000	
300369	绿盟科技	3.11	75376784	9.94	9.64	0	75798	0.00	9.88	10.16	9.78	--  	0.62	3.94	0.30	软件服务	--  	-0.000	
002348	高乐股份	3.84	74372064	6.49	6.25	0	116179	0.46	6.24	6.55	6.11	--  	0.32	7.04	0.24	文教休闲	--  	-0.000	
00083	信和置业	2.51	73742992	13.860	13.520	2000	5351702	0.43	13.580	13.860	13.520	--  	2.89	2.51	0.340	地产	--  	13.860	
600185	格力地产	3.77	73508224	6.05	5.83	0	123104	0.17	5.83	6.11	5.79	--  	0.34	5.49	0.22	区域地产	--  	0.000	
002301	齐心集团	1.52	70754048	18.07	17.80	0	39695	0.06	17.70	18.20	17.47	--  	0.11	4.10	0.27	文教休闲	--  	-0.000	
603737	三棵树	2.81	70521456	77.46	75.34	0	9221	-0.17	75.01	77.60	74.67	--  	0.53	3.89	2.12	染料涂料	--  	-0.000	
03337	安东油田服务	10.23	70152280	0.970	0.880	2000	74030000	0.00	0.900	0.980	0.900	199080	0.00	9.09	0.090	石油天然气	214000	0.970	
000429	粤高速Ａ	1.22	70025360	8.33	8.23	0	84993	-0.11	8.23	8.38	8.13	--  	4.08	3.04	0.10	路桥	--  	-0.000	
002795	永和智控	3.77	67252880	20.35	19.61	0	33356	-0.04	19.51	21.32	19.27	--  	1.27	10.45	0.74	机械基件	--  	0.000	
603920	世运电路	0.73	66858036	20.60	20.45	0	32726	0.24	20.60	20.64	20.25	--  	0.00	1.91	0.15	元器件	--  	0.000	
03355	先进半导体	12.10	65031684	1.390	1.240	2000	47696000	-0.71	1.250	1.450	1.210	--  	0.00	19.35	0.150	半导体	--  	1.390	
300094	国联水产	2.12	64730120	6.25	6.12	0	104693	0.00	6.10	6.27	6.09	--  	0.16	2.94	0.13	渔业	--  	0.000	
002687	乔治白	10.07	63545220	7.87	7.15	0	81418	0.00	7.64	7.87	7.61	--  	2.10	3.64	0.72	服饰	--  	-0.000	
03983	中海石油化学	5.04	63337004	2.500	2.380	2000	25608000	0.40	2.430	2.520	2.380	1991060	0.00	5.88	0.120	原材料	804000	2.500	
300497	富祥股份	1.24	62910296	44.81	44.26	0	14065	0.02	44.45	44.93	44.44	--  	1.13	1.11	0.55	化学制药	--  	0.000	
002324	普利特	1.70	59166948	26.95	26.50	0	22047	0.19	26.50	26.99	26.31	--  	0.38	2.57	0.45	塑料	--  	0.000	
600537	亿晶光电	2.97	58417820	4.85	4.71	0	121823	-0.20	4.70	4.87	4.69	--  	3.25	3.82	0.14	半导体	--  	-0.000	
000530	大冷股份	0.78	57989716	6.45	6.40	0	90561	0.00	6.43	6.48	6.33	--  	1.12	2.34	0.05	机械基件	--  	-0.000	
300181	佐力药业	6.20	57365364	6.85	6.45	0	85986	0.44	6.51	6.85	6.51	--  	0.31	5.27	0.40	中成药	--  	-0.000	
300630	普利制药	3.13	57201812	65.49	63.50	0	8707	0.44	63.57	67.90	63.55	--  	0.00	6.85	1.99	化学制药	--  	-0.000	
002338	奥普光电	4.03	57186268	18.05	17.35	0	32039	0.06	17.30	18.16	17.28	--  	0.58	5.07	0.70	电器仪表	--  	-0.000	
300165	天瑞仪器	0.51	56662768	7.88	7.84	0	72608	0.51	7.81	7.93	7.73	--  	0.32	2.55	0.04	电器仪表	--  	0.000	
300143	星普医科	0.50	56593008	30.30	30.15	0	18856	-0.06	30.39	30.39	29.56	--  	0.34	2.75	0.15	医疗保健	--  	-0.000	
000955	欣龙控股	1.55	56180856	6.56	6.46	0	86099	-0.29	6.46	6.64	6.40	--  	0.00	3.72	0.10	纺织	--  	-0.000	
300598	诚迈科技	3.55	55515216	37.07	35.80	0	15265	0.27	35.91	37.12	35.50	--  	0.28	4.53	1.27	软件服务	--  	-0.000	
03899	中集安瑞科	1.20	54624764	5.060	5.000	2000	10900000	0.40	4.950	5.180	4.880	--  	0.00	6.00	0.060	石油天然气	--  	5.060	
600162	香江控股	2.11	53348600	3.38	3.31	0	159470	-0.28	3.31	3.39	3.31	--  	3.32	2.42	0.07	全国地产	--  	0.000	
002691	冀凯股份	10.00	50377600	28.71	26.10	0	18339	2.46	26.01	28.71	25.82	--  	0.10	11.07	2.61	专用机械	--  	-0.000	
600461	洪城水业	0.31	50252392	6.38	6.36	0	79098	0.00	6.37	6.41	6.32	--  	2.83	1.42	0.02	水务	--  	0.000	
002793	东音股份	3.91	50196968	19.39	18.66	0	26094	0.21	18.70	19.98	18.59	--  	1.61	7.45	0.73	专用机械	--  	-0.000	
603609	禾丰牧业	2.31	49633364	9.32	9.11	0	53664	0.00	9.14	9.37	9.04	--  	1.10	3.62	0.21	饲料	--  	-0.000	
000532	华金资本	3.95	48134744	12.63	12.15	0	38738	-0.07	12.17	12.76	12.17	--  	0.49	4.86	0.48	元器件	--  	0.000	
300162	雷曼股份	1.76	45836272	9.24	9.08	0	49822	-0.21	9.08	9.47	8.94	--  	1.10	5.84	0.16	元器件	--  	-0.000	
600121	*ST郑煤	1.48	45742960	6.18	6.09	0	74363	0.32	6.09	6.24	6.01	--  	1.99	3.78	0.09	煤炭开采	--  	-0.000	
00659	新创建集团	0.88	45502608	16.120	15.980	1000	2831170	0.37	15.960	16.160	15.920	--  	6.89	1.50	0.140	综合企业	--  	16.120	
000719	大地传媒	0.91	43322284	10.03	9.94	0	43324	0.10	9.90	10.15	9.90	--  	1.81	2.52	0.09	出版业	--  	-0.000	
002484	江海股份	0.10	42846368	9.73	9.72	0	44382	0.00	9.69	9.79	9.57	--  	0.79	2.26	0.01	元器件	--  	-0.000	
300286	安科瑞	2.37	41543148	20.73	20.25	0	20329	0.10	20.10	20.89	19.95	--  	0.97	4.64	0.48	电器仪表	--  	-0.000	
300087	荃银高科	2.08	41321592	11.30	11.07	0	36535	0.00	11.29	11.46	11.10	--  	0.69	3.25	0.23	种植业	--  	0.000	
300154	瑞凌股份	3.62	40271364	7.73	7.46	0	52568	-0.38	7.45	7.81	7.40	--  	2.01	5.50	0.27	元器件	--  	0.000	
603869	北部湾旅	0.55	39817756	23.62	23.49	0	17013	0.17	23.47	23.68	23.24	--  	0.64	1.87	0.13	旅游服务	--  	0.000	
601028	玉龙股份	2.96	39753584	9.39	9.12	0	42895	0.00	9.12	9.43	9.10	--  	0.55	3.62	0.27	钢加工	--  	0.000	
01428	耀才证券金融	2.77	39435840	2.600	2.530	2000	15290000	0.39	2.550	2.630	2.500	81020	1.85	5.14	0.070	其他金融	32000	2.600	
00558	力劲科技	27.78	37924300	0.920	0.720	2500	41147500	0.00	0.920	1.000	0.890	--  	1.74	15.28	0.200	工业工程	--  	0.920	
01623	海隆控股	11.48	37263232	1.360	1.220	1000	28316000	0.00	1.270	1.390	1.230	--  	0.00	13.11	0.140	石油天然气	--  	1.360	
600540	*ST新赛	1.47	36706056	5.52	5.44	0	66286	0.18	5.53	5.63	5.48	--  	0.00	2.76	0.08	种植业	--  	-0.000	
01828	大昌行集团	5.77	36546756	3.850	3.640	1000	9637860	0.26	3.690	3.850	3.640	--  	1.32	5.77	0.210	汽车	--  	3.850	
002111	威海广泰	2.11	36108148	16.90	16.55	0	21407	-0.23	16.65	17.04	16.65	--  	0.91	2.36	0.35	航空	--  	-0.000	
600077	宋都股份	2.72	32309036	4.15	4.04	0	78661	0.00	4.02	4.17	4.02	--  	0.15	3.71	0.11	全国地产	--  	0.000	
00699	神州租车	0.14	31168294	6.950	6.940	1000	4534350	0.29	6.960	7.000	6.820	--  	0.00	2.59	0.010	酒店及消闲	--  	6.950	
603669	灵康药业	3.73	30650816	22.24	21.44	0	13980	0.82	21.48	22.90	21.36	--  	0.56	7.18	0.80	化学制药	--  	-0.000	
000014	沙河股份	0.12	29355784	16.18	16.16	0	18223	-0.11	16.35	16.35	16.00	--  	0.09	2.17	0.02	全国地产	--  	0.000	
002599	盛通股份	2.33	27096286	13.64	13.33	0	20110	0.29	13.33	13.79	13.15	--  	0.11	4.80	0.31	广告包装	--  	0.000	
01382	互太纺织	0.12	27042634	8.380	8.370	1000	3235800	0.48	8.300	8.410	8.290	--  	3.58	1.43	0.010	纺织服饰	--  	8.380	
00711	亚洲联合基建控股	5.66	26727128	1.120	1.060	2000	24031950	-0.88	1.100	1.180	1.100	--  	3.39	7.55	0.060	建筑	--  	1.120	
00405	越秀房产信托基金	0.81	26398348	4.980	4.940	1000	5318555	0.00	4.950	4.990	4.930	327820	0.00	1.21	0.040		66000	4.980	
002116	中国海诚	1.59	26343160	12.12	11.93	0	21805	0.08	12.01	12.17	11.94	--  	1.68	1.93	0.19	建筑施工	--  	-0.000	
603123	翠微股份	0.83	26177072	8.46	8.39	0	30611	0.12	8.69	8.69	8.41	--  	1.43	3.34	0.07	百货	--  	0.000	
002058	威 尔 泰	10.00	25581958	19.80	18.00	0	13379	0.00	18.04	19.80	17.80	--  	0.11	11.11	1.80	电器仪表	--  	-0.000	
603998	方盛制药	1.12	24380060	13.58	13.43	0	18182	0.15	13.43	13.63	13.25	--  	0.07	2.83	0.15	中成药	--  	-0.000	
02880	大连港	2.92	23945966	1.410	1.370	2000	17072400	0.00	1.370	1.430	1.370	--  	0.00	4.38	0.040	工用运输	--  	1.410	
002159	三特索道	2.27	23403458	25.26	24.70	0	9330	-0.11	24.70	25.59	24.10	--  	0.18	6.03	0.56	旅游服务	--  	0.000	
603566	普莱柯	0.98	23223492	23.60	23.37	0	9829	-0.12	23.36	23.72	23.34	--  	0.86	1.63	0.23	生物制药	--  	0.000	
00365	紫光控股	13.68	21292082	2.410	2.120	2000	9002000	-0.41	2.150	2.480	2.080	--  	0.00	18.87	0.290	工业工程	--  	2.410	
08022	永耀集团控股	17.65	20470950	0.600	0.510	3000	37229000	0.00	0.500	0.600	0.500	--  	0.00	19.61	0.090	酒店及消闲	--  	0.600	
02662	承兴国际控股	0.20	20170640	4.910	4.900	2000	4132000	0.00	4.880	4.920	4.850	1025060	0.00	1.43	0.010	工业工程	210000	4.910	
300249	依米康	0.09	19912382	11.71	11.70	0	17110	0.26	11.70	11.75	11.50	--  	0.10	2.14	0.01	专用机械	--  	0.000	
002591	恒大高新	2.88	19589238	11.78	11.45	0	16775	-0.33	11.46	11.97	11.33	--  	0.04	5.59	0.33	化工原料	--  	-0.000	
08008	新意网集团	6.01	19254440	5.820	5.490	1000	3404000	0.34	5.540	5.870	5.490	666060	2.35	6.92	0.330	软件服务	117000	5.820	
00697	SHOUGANG INT'L	1.30	17928146	0.233	0.230	2000	75396000	-0.43	0.234	0.246	0.230	--  	0.00	6.96	0.003	一般金属	--  	0.233	
600299	安迪苏	4.19	17866280	11.68	11.21	0	15691	2.82	11.20	11.91	11.15	--  	2.03	6.78	0.47	化学制药	--  	0.000	
00315	数码通电讯	0.10	17765928	9.770	9.760	500	1818500	0.10	9.780	9.790	9.730	--  	3.38	0.61	0.010	电讯	--  	9.770	
03161	易亚中概股	3.42	16612241	13.320	12.880	200	1248600	0.00	13.280	13.320	13.280	--  	0.00	0.31	0.440		--  	13.320	
00838	亿和控股	2.59	16038951	1.190	1.160	2000	13332000	0.00	1.170	1.240	1.150	--  	1.09	7.76	0.030	工业工程	--  	1.190	
01430	苏创燃气	7.14	14877021	3.750	3.500	2000	4250000	1.35	3.490	3.750	3.370	--  	0.00	10.86	0.250	公用事业	--  	3.750	
02833	恒指ＥＴＦ	1.51	13695003	296.000	291.600	100	46311	0.20	294.200	296.200	293.000	--  	0.00	1.10	4.400		--  	296.000	
00054	合和实业	0.67	13519034	29.850	29.650	500	453256	0.17	29.650	30.000	29.500	--  	4.02	1.69	0.200	综合企业	--  	29.850	
000096	广聚能源	1.81	11577826	13.48	13.24	0	8660	0.15	13.24	13.54	13.17	--  	0.76	2.79	0.24	石油贸易	--  	-0.000	
01223	新沣集团	3.26	8219301	0.950	0.920	10000	8740000	1.06	0.920	0.950	0.920	--  	0.00	3.26	0.030	纺织服饰	--  	0.950	
00952	中国泛海金融	3.67	8169394	1.130	1.090	10000	7449900	0.00	1.070	1.130	1.070	99600	0.00	5.50	0.040	其他金融	90000	1.130	
01986	彩客化学	1.07	7534756	3.790	3.750	500	1998500	0.00	3.750	3.790	3.740	--  	0.00	1.33	0.040	原材料	--  	3.790	
01663	汉港控股	1.32	6896001	0.770	0.760	2000	9116000	0.00	0.750	0.770	0.740	--  	0.00	3.95	0.010	地产	--  	0.770	
数据来源:通达信
