代码	名称	涨幅%%	总金额	现价	昨收	每手	总量	涨速%%	今开	最高	最低	抛空额	股息率%%	振幅%%	涨跌	细分行业	抛空量	按盘价	
00700	腾讯控股	2.92	7842800128	360.000	349.800	100	22026178	0.11	352.000	360.400	351.600	--  	0.00	2.52	10.200	软件服务	--  	360.000	
02628	中国人寿	7.36	5061372928	27.700	25.800	1000	187211968	0.54	26.200	27.700	26.100	--  	0.00	6.20	1.900	保险	--  	27.700	
601668	中国建筑	4.00	4507404288	9.88	9.50	0	4619235	0.00	9.50	9.93	9.47	--  	2.26	4.84	0.38	建筑施工	--  	0.000	
603799	华友钴业	3.40	3019751680	98.20	94.97	0	310799	-0.02	96.13	100.90	93.50	--  	0.10	7.79	3.23	小金属	--  	-0.000	
00981	中芯国际	8.53	2331891456	12.980	11.960	500	185420960	0.31	12.240	13.000	12.080	--  	0.00	7.69	1.020	半导体	--  	12.980	
603019	中科曙光	8.97	2114130560	42.53	39.03	0	508013	-0.20	38.97	42.93	38.50	--  	0.20	11.35	3.50	电脑设备	--  	-0.000	
601390	中国中铁	3.69	1902992512	9.28	8.95	0	2073612	0.32	8.92	9.34	8.90	--  	0.98	4.92	0.33	建筑施工	--  	-0.000	
002405	四维图新	3.78	1857889408	26.60	25.63	0	697169	-0.10	25.60	27.24	25.48	--  	0.14	6.87	0.97	软件服务	--  	0.000	
000002	万 科Ａ	0.66	1849006208	29.15	28.96	0	622931	0.10	28.96	30.54	28.73	--  	2.73	6.25	0.19	全国地产	--  	-0.000	
600028	中国石化	2.35	1802294016	6.11	5.97	0	2971536	0.00	5.98	6.13	5.97	--  	1.67	2.68	0.14	石油加工	--  	0.000	
600029	南方航空	4.93	1697362816	9.15	8.72	0	1882801	-0.43	8.77	9.20	8.73	--  	1.12	5.39	0.43	空运	--  	-0.000	
600584	长电科技	3.31	1606735488	22.44	21.72	0	713901	-0.30	21.60	23.08	21.52	--  	0.05	7.18	0.72	半导体	--  	0.000	
603993	洛阳钼业	1.12	1377804544	7.25	7.17	0	1894032	0.00	7.21	7.34	7.20	--  	0.38	1.95	0.08	小金属	--  	0.000	
02328	中国财险	8.41	1362080896	16.760	15.460	2000	82452808	0.12	15.940	16.840	15.680	--  	0.00	7.50	1.300	保险	--  	16.760	
000338	潍柴动力	2.99	1333277824	8.60	8.35	0	1552799	0.00	8.35	8.76	8.32	--  	1.80	5.27	0.25	汽车配件	--  	0.000	
00027	银河娱乐	4.14	1291389696	55.300	53.100	1000	23659624	0.09	54.000	55.300	53.300	--  	0.00	3.77	2.200	酒店及消闲	--  	55.300	
600460	士兰微	4.53	1282330112	10.39	9.94	0	1226121	-0.18	9.90	10.74	9.81	--  	0.25	9.36	0.45	半导体	--  	0.000	
01928	金沙中国有限公司	4.22	1138137344	38.300	36.750	400	29985038	-0.26	37.250	38.500	36.900	--  	0.00	4.35	1.550	酒店及消闲	--  	38.300	
601111	中国国航	4.95	1122260608	9.96	9.49	0	1140538	-0.19	9.60	10.16	9.53	--  	1.13	6.64	0.47	空运	--  	0.000	
002049	紫光国芯	8.04	1097477504	35.09	32.48	0	318602	0.14	32.45	35.66	32.24	--  	0.17	10.53	2.61	元器件	--  	0.000	
600115	东方航空	1.60	1093260160	7.00	6.89	0	1565727	0.14	6.89	7.09	6.87	--  	0.71	3.19	0.11	空运	--  	0.000	
601186	中国铁建	3.09	1085410304	12.34	11.97	0	886794	0.16	12.00	12.44	11.94	--  	1.34	4.18	0.37	建筑施工	--  	0.000	
601601	中国太保	0.84	1085104000	43.14	42.78	0	250767	-0.15	42.80	44.15	42.51	--  	1.64	3.83	0.36	保险	--  	-0.000	
002185	华天科技	3.58	986872576	8.40	8.11	0	1176827	-0.11	8.10	8.50	8.06	--  	0.31	5.43	0.29	半导体	--  	-0.000	
600630	龙头股份	0.22	975229696	13.46	13.43	0	702833	0.15	14.25	14.39	13.39	--  	0.43	7.45	0.03	纺织	--  	0.000	
600406	国电南瑞	3.43	958002624	17.50	16.92	0	544427	-0.05	16.96	18.08	16.93	--  	1.77	6.80	0.58	软件服务	--  	0.000	
002236	大华股份	0.90	937327680	28.00	27.75	0	333734	0.14	27.76	28.45	27.50	--  	0.36	3.42	0.25	电器仪表	--  	0.000	
600089	特变电工	1.79	907992896	10.22	10.04	0	892450	0.00	10.00	10.30	9.97	--  	1.82	3.29	0.18	电气设备	--  	0.000	
00762	中国联通	3.43	896476480	11.460	11.080	2000	78681040	-0.17	11.120	11.520	11.040	--  	0.00	4.33	0.380	电讯	--  	11.460	
300666	江丰电子	3.51	884883776	63.98	61.81	0	140535	0.00	63.00	65.59	60.50	--  	0.00	8.23	2.17	元器件	--  	-0.000	
01339	中国人民保险集团	8.36	851412992	4.020	3.710	1000	214703360	-0.25	3.730	4.060	3.730	--  	0.00	8.89	0.310	保险	--  	4.020	
000039	中集集团	2.55	850402624	19.73	19.24	0	432660	0.10	19.27	19.98	19.22	--  	0.31	3.95	0.49	轻工机械	--  	-0.000	
603458	勘设股份	6.24	839261312	73.39	69.08	0	113763	0.22	74.00	75.88	72.20	--  	0.00	5.33	4.31	建筑施工	--  	-0.000	
000825	太钢不锈	3.52	772195776	5.29	5.11	0	1457253	0.00	5.17	5.39	5.17	--  	0.39	4.31	0.18	特种钢	--  	-0.000	
600019	宝钢股份	2.35	769592448	7.85	7.67	0	981932	0.13	7.71	7.92	7.71	--  	2.74	2.74	0.18	普钢	--  	-0.000	
300316	晶盛机电	8.50	756708352	18.12	16.70	0	421668	0.17	16.73	18.37	16.53	--  	0.60	11.02	1.42	专用机械	--  	0.000	
002352	顺丰控股	1.97	753015232	61.10	59.92	0	123245	0.02	59.99	62.78	59.00	--  	0.16	6.31	1.18	仓储物流	--  	-0.000	
600278	东方创业	2.81	701896320	16.12	15.68	0	428436	0.12	15.89	17.24	15.80	--  	0.57	9.18	0.44	商贸代理	--  	0.000	
600705	中航资本	2.12	655017280	6.26	6.13	0	1045959	0.32	6.14	6.32	6.11	--  	1.09	3.43	0.13	多元金融	--  	0.000	
603730	岱美股份	5.76	600969600	42.05	39.76	0	144787	-0.65	41.42	42.85	40.35	--  	0.00	6.29	2.29	汽车配件	--  	-0.000	
000988	华工科技	0.33	587132416	18.06	18.00	0	326476	-0.10	18.11	18.17	17.86	--  	0.19	1.72	0.06	电器仪表	--  	-0.000	
601155	新城控股	6.07	577965376	21.66	20.42	0	269568	-0.22	20.38	21.87	20.38	--  	1.62	7.30	1.24	区域地产	--  	-0.000	
000513	丽珠集团	3.19	570093056	66.00	63.96	0	87995	0.06	63.96	66.58	62.67	--  	0.60	6.11	2.04	中成药	--  	0.000	
00551	裕元集团	2.51	553936768	30.650	29.900	500	18527900	0.00	30.100	30.650	29.700	--  	12.72	3.18	0.750	纺织服饰	--  	30.650	
002830	名雕股份	9.99	549807296	33.90	30.82	0	170808	0.00	30.63	33.90	30.28	--  	0.41	11.75	3.08	装修装饰	--  	0.000	
002371	北方华创	7.13	547910080	35.47	33.11	0	156610	-0.05	33.00	36.19	32.80	--  	0.07	10.24	2.36	半导体	--  	0.000	
600606	绿地控股	0.13	491492896	7.54	7.53	0	648276	0.00	7.54	7.65	7.50	--  	3.32	1.99	0.01	全国地产	--  	-0.000	
000627	天茂集团	2.52	481123008	9.37	9.14	0	515159	0.21	9.14	9.50	9.05	--  	0.27	4.92	0.23	保险	--  	-0.000	
300457	赢合科技	10.01	474771680	34.85	31.68	0	140790	0.00	32.12	34.85	32.12	--  	0.00	8.62	3.17	专用机械	--  	-0.000	
300691	联合光电	10.00	474542112	104.91	95.37	0	47341	0.00	94.90	104.91	93.75	--  	0.00	11.70	9.54	元器件	--  	0.000	
002268	卫 士 通	9.59	471590336	25.26	23.05	0	192395	0.60	23.02	25.26	22.96	--  	0.14	9.98	2.21	软件服务	--  	0.000	
601233	桐昆股份	5.05	465247328	16.86	16.05	0	278755	-0.05	16.12	16.97	16.08	--  	1.74	5.55	0.81	化纤	--  	0.000	
300623	捷捷微电	6.60	460346304	84.10	78.89	0	55429	0.62	78.50	86.45	78.30	--  	0.38	10.33	5.21	半导体	--  	-0.000	
300628	亿联网络	4.58	457337984	154.00	147.25	0	30082	-0.16	146.79	154.80	146.10	--  	0.00	5.91	6.75	通信设备	--  	0.000	
300450	先导智能	3.69	444620288	84.08	81.09	0	53231	0.33	81.02	85.58	81.02	--  	0.15	5.62	2.99	专用机械	--  	0.000	
002323	雅百特	4.86	441686464	9.71	9.26	0	459607	0.31	9.20	9.97	9.06	--  	0.37	9.83	0.45	建筑施工	--  	0.000	
002016	世荣兆业	0.32	440803040	9.39	9.36	0	459929	-0.31	9.46	9.88	9.35	--  	4.06	5.66	0.03	区域地产	--  	0.000	
603359	东珠景观	4.28	436086752	45.12	43.27	0	97616	0.36	43.50	46.51	42.90	--  	0.00	8.34	1.85	建筑施工	--  	-0.000	
000069	华侨城Ａ	1.48	428823936	8.89	8.76	0	481201	0.11	8.76	8.98	8.74	--  	1.14	2.74	0.13	旅游景点	--  	0.000	
601618	中国中冶	1.76	414949760	5.19	5.10	0	802097	0.00	5.10	5.21	5.10	--  	1.18	2.16	0.09	建筑施工	--  	0.000	
600468	百利电气	1.52	414773184	7.99	7.87	0	512639	0.50	8.26	8.40	7.80	--  	0.25	7.62	0.12	电气设备	--  	-0.000	
000525	红 太 阳	8.39	396432768	23.25	21.45	0	175548	0.30	21.55	23.50	21.40	--  	1.40	9.79	1.80	农药化肥	--  	0.000	
002745	木林森	1.87	383638208	51.80	50.85	0	74878	0.29	50.16	52.88	49.81	--  	0.33	6.04	0.95	半导体	--  	-0.000	
300520	科大国创	9.95	372472896	30.16	27.43	0	126201	0.50	27.49	30.17	27.49	--  	0.20	9.77	2.73	软件服务	--  	-0.000	
300474	景嘉微	7.52	357954752	50.30	46.78	0	71562	0.08	47.50	51.40	47.50	--  	0.19	8.34	3.52	元器件	--  	-0.000	
01055	中国南方航空股份	4.17	351513792	6.000	5.760	2000	58831716	-0.83	5.800	6.120	5.760	--  	0.00	6.25	0.240	运输	--  	6.000	
600221	海航控股	1.24	349259776	3.27	3.23	0	1070990	0.00	3.23	3.30	3.22	--  	1.59	2.48	0.04	空运	--  	-0.000	
603707	健友股份	10.00	345624384	27.18	24.71	0	130296	0.00	24.94	27.18	24.72	--  	0.00	9.96	2.47	化学制药	--  	0.000	
01128	永利澳门	3.25	343199136	20.650	20.000	400	16574532	-0.48	20.200	21.250	20.000	--  	1.02	6.25	0.650	酒店及消闲	--  	20.650	
600667	太极实业	4.16	342919328	7.52	7.22	0	459281	0.27	7.24	7.57	7.24	--  	0.55	4.57	0.30	半导体	--  	-0.000	
300613	富瀚微	10.00	342083456	201.55	183.23	0	17276	0.00	183.13	201.55	181.40	--  	0.14	11.00	18.32	半导体	--  	0.000	
300657	弘信电子	10.01	337553888	64.41	58.55	0	54374	0.00	58.60	64.41	58.18	--  	0.39	10.64	5.86	元器件	--  	0.000	
600689	上海三毛	0.82	337137312	16.08	15.95	0	214304	0.44	15.87	16.11	15.44	--  	0.31	4.20	0.13	纺织	--  	-0.000	
002386	天原集团	2.01	336075680	9.66	9.47	0	352523	0.10	9.48	9.75	9.32	--  	0.32	4.54	0.19	化工原料	--  	-0.000	
300683	海特生物	1.87	334361184	69.88	68.60	0	48525	0.22	68.89	70.49	67.70	--  	0.00	4.07	1.28	生物制药	--  	-0.000	
601100	恒立液压	5.64	332487392	22.67	21.46	0	144117	0.76	22.00	23.61	22.00	--  	0.31	7.50	1.21	工程机械	--  	0.000	
300236	上海新阳	3.70	329139232	36.98	35.66	0	88994	-0.12	35.48	38.06	35.42	--  	0.28	7.40	1.32	半导体	--  	-0.000	
300671	富满电子	2.65	326932896	40.22	39.18	0	80704	-0.36	38.76	41.91	38.51	--  	0.00	8.68	1.04	半导体	--  	0.000	
002570	贝因美	3.43	326031136	10.25	9.91	0	332795	0.49	9.89	10.46	9.31	--  	4.10	11.60	0.34	乳制品	--  	0.000	
300696	爱乐达	3.07	325613056	89.65	86.98	0	36600	0.02	86.81	90.88	86.10	--  	0.00	5.50	2.67	航空	--  	0.000	
300056	三维丝	10.05	322973760	10.51	9.55	0	320273	0.10	9.35	10.51	9.28	--  	0.61	12.88	0.96	环境保护	--  	0.000	
600171	上海贝岭	4.27	318912224	12.95	12.42	0	246031	0.47	12.38	13.41	12.32	--  	0.16	8.78	0.53	半导体	--  	-0.000	
002156	通富微电	2.20	318090144	11.14	10.90	0	283974	-0.08	10.90	11.37	10.83	--  	0.21	4.95	0.24	半导体	--  	0.000	
300209	天泽信息	4.08	317024928	24.76	23.79	0	127404	0.16	23.97	25.66	23.97	--  	0.42	7.10	0.97	软件服务	--  	0.000	
600271	航天信息	1.81	315950496	19.09	18.75	0	165390	0.00	18.73	19.24	18.73	--  	1.33	2.72	0.34	电脑设备	--  	0.000	
00998	中信银行	0.60	315571616	5.050	5.020	1000	62701952	0.20	5.030	5.060	5.000	--  	0.00	1.20	0.030	银行	--  	5.050	
01169	海尔电器	7.06	313578784	22.000	20.550	1000	14387649	-0.23	21.000	22.200	20.800	--  	0.00	6.81	1.450	家电及用品	--  	22.000	
300327	中颖电子	1.09	309661376	33.50	33.14	0	91594	-0.14	33.25	34.40	32.92	--  	0.96	4.47	0.36	半导体	--  	0.000	
600803	新奥股份	1.29	305379296	14.94	14.75	0	203734	0.40	14.75	15.15	14.63	--  	0.68	3.53	0.19	农药化肥	--  	-0.000	
600323	瀚蓝环境	1.82	300039584	16.25	15.96	0	184690	0.06	15.91	16.47	15.91	--  	1.25	3.51	0.29	水务	--  	0.000	
601021	春秋航空	1.98	292179200	37.17	36.45	0	79306	0.24	36.21	37.75	35.87	--  	0.44	5.16	0.72	空运	--  	-0.000	
603639	海利尔	6.62	288715744	52.97	49.68	0	55511	-0.01	50.00	53.63	49.75	--  	0.40	7.81	3.29	农药化肥	--  	0.000	
002321	华英农业	0.15	287505088	13.39	13.37	0	215273	0.30	13.37	13.58	13.16	--  	0.21	3.14	0.02	农业综合	--  	0.000	
002733	雄韬股份	7.28	286615808	19.30	17.99	0	149958	1.63	19.50	19.50	18.74	--  	0.83	4.22	1.31	电气设备	--  	-0.000	
601216	君正集团	1.17	286511776	5.18	5.12	0	552242	-0.37	5.15	5.23	5.12	--  	0.39	2.15	0.06	化工原料	--  	-0.000	
02020	安踏体育	5.01	284007392	36.650	34.900	1000	7853079	0.27	36.100	36.750	35.150	--  	1.12	4.58	1.750	纺织服饰	--  	36.650	
603357	设计总院	6.86	281393504	27.25	25.50	0	105641	0.52	25.31	27.80	25.31	--  	0.00	9.76	1.75	建筑施工	--  	0.000	
300685	艾德生物	1.08	277613856	99.95	98.88	0	27972	0.32	98.60	101.70	97.20	--  	0.00	4.55	1.07	生物制药	--  	-0.000	
603444	吉比特	4.88	274692032	222.37	212.02	0	12324	0.00	211.21	228.00	210.02	--  	1.93	8.48	10.35	互联网	--  	-0.000	
000876	新 希 望	1.76	273589312	7.53	7.40	0	364530	0.00	7.41	7.55	7.40	--  	6.76	2.03	0.13	饲料	--  	0.000	
300689	澄天伟业	10.00	269853856	57.30	52.09	0	48469	0.00	52.08	57.30	51.81	--  	0.00	10.54	5.21	元器件	--  	-0.000	
300153	科泰电源	5.97	264755056	14.90	14.06	0	174537	0.00	14.28	15.47	14.28	--  	0.71	8.46	0.84	电气设备	--  	-0.000	
600358	国旅联合	1.09	263849776	8.38	8.29	0	320881	0.36	8.27	8.47	8.03	--  	0.24	5.31	0.09	旅游服务	--  	0.000	
300213	佳讯飞鸿	3.27	262020624	9.16	8.87	0	286274	-0.10	8.91	9.36	8.80	--  	0.54	6.31	0.29	通信设备	--  	-0.000	
601997	贵阳银行	0.47	260722000	14.87	14.80	0	174548	0.13	14.83	15.04	14.76	--  	1.76	1.89	0.07	银行	--  	-0.000	
300228	富瑞特装	1.50	254883072	12.84	12.65	0	199690	0.16	12.63	12.98	12.43	--  	0.05	4.35	0.19	化工机械	--  	0.000	
600688	上海石化	0.95	253510416	6.40	6.34	0	397859	0.00	6.37	6.43	6.31	--  	3.94	1.89	0.06	石油加工	--  	0.000	
300458	全志科技	4.53	253263552	28.85	27.60	0	88282	0.17	27.50	29.35	27.49	--  	0.54	6.74	1.25	元器件	--  	0.000	
000049	德赛电池	0.04	252826816	52.42	52.40	0	48210	-0.14	52.29	52.90	51.96	--  	0.48	1.79	0.02	电气设备	--  	-0.000	
01462	金诚控股	3.95	241755792	3.950	3.800	2000	62048000	0.00	3.830	3.960	3.820	--  	0.00	3.68	0.150	建筑	--  	3.950	
600517	置信电气	9.98	240616160	7.27	6.61	0	332305	0.00	6.85	7.27	6.85	--  	2.27	6.35	0.66	电气设备	--  	-0.000	
02777	富力地产	5.90	239657696	17.600	16.620	400	13767575	0.46	16.900	17.660	16.800	--  	2.16	5.17	0.980	地产	--  	17.600	
002087	新野纺织	3.34	235584864	6.18	5.98	0	382451	-0.15	5.99	6.23	5.98	--  	0.33	4.18	0.20	纺织	--  	-0.000	
002562	兄弟科技	0.66	230724688	18.39	18.27	0	125205	-0.04	18.26	18.68	18.13	--  	0.55	3.01	0.12	化工原料	--  	-0.000	
300695	兆丰股份	3.26	230387440	110.66	107.17	0	20805	-0.01	107.25	112.00	107.25	--  	0.00	4.43	3.49	汽车配件	--  	0.000	
300667	必创科技	3.05	225480160	54.08	52.48	0	42291	0.00	51.96	54.60	51.50	--  	0.00	5.91	1.60	电器仪表	--  	0.000	
300012	华测检测	4.26	221742512	4.90	4.70	0	454616	0.00	4.73	4.97	4.73	--  	0.54	5.11	0.20	电器仪表	--  	0.000	
02282	美高梅中国	4.32	214267616	18.340	17.580	400	11801900	-0.22	17.600	18.420	17.600	--  	0.63	4.66	0.760	酒店及消闲	--  	18.340	
000793	华闻传媒	0.98	213092992	10.35	10.25	0	207098	0.19	10.27	10.40	10.16	--  	0.44	2.34	0.10	出版业	--  	0.000	
600777	新潮能源	2.70	211902128	4.19	4.08	0	508084	0.48	4.09	4.21	4.09	--  	0.00	2.94	0.11	综合类	--  	0.000	
603331	百达精工	1.60	208713104	25.41	25.01	0	82755	-0.07	24.88	25.60	24.71	--  	0.00	3.56	0.40	专用机械	--  	-0.000	
600459	贵研铂业	5.03	204095344	22.99	21.89	0	88521	0.04	22.60	23.44	22.60	--  	0.46	3.84	1.10	小金属	--  	-0.000	
00200	新濠国际发展	5.39	200121808	22.500	21.350	1000	9010191	-0.44	21.600	22.600	21.600	--  	0.10	4.68	1.150	酒店及消闲	--  	22.500	
300607	拓斯达	4.29	198289840	76.40	73.26	0	26400	0.13	73.27	76.56	72.78	--  	0.15	5.16	3.14	专用机械	--  	0.000	
002174	游族网络	2.39	197953776	24.88	24.30	0	79785	-0.03	24.36	25.09	24.36	--  	0.29	3.00	0.58	互联网	--  	-0.000	
00002	中电控股	0.06	197759856	79.400	79.350	500	2493390	0.13	79.300	79.500	79.200	--  	0.74	0.38	0.050	公用事业	--  	79.400	
002199	东晶电子	3.10	196908768	18.60	18.04	0	107051	0.11	18.35	18.69	18.04	--  	0.29	3.60	0.56	元器件	--  	0.000	
000723	美锦能源	3.79	196478880	8.77	8.45	0	227885	0.11	8.41	8.80	8.41	--  	0.66	4.62	0.32	焦炭加工	--  	0.000	
002368	太极股份	0.81	195440864	28.73	28.50	0	67820	-0.13	28.42	29.10	28.34	--  	0.77	2.67	0.23	软件服务	--  	-0.000	
600674	川投能源	0.50	194487056	10.06	10.01	0	193995	0.20	10.03	10.11	9.95	--  	3.00	1.60	0.05	水力发电	--  	0.000	
300693	盛弘股份	6.08	194388944	50.21	47.33	0	39257	0.12	48.00	50.59	47.25	--  	0.00	7.06	2.88	电气设备	--  	-0.000	
603825	华扬联众	5.66	194100880	37.18	35.19	0	53035	0.54	34.88	38.00	34.77	--  	0.00	9.18	1.99	互联网	--  	0.000	
603009	北特科技	4.17	193158704	13.99	13.43	0	137863	-0.63	14.74	14.74	13.43	--  	0.00	9.75	0.56	汽车配件	--  	-0.000	
00670	中国东方航空股份	3.54	190395952	4.100	3.960	2000	46288000	-0.73	3.990	4.170	3.980	--  	0.00	4.80	0.140	运输	--  	4.100	
300588	熙菱信息	5.99	187092224	41.60	39.25	0	45658	-0.37	39.11	42.28	38.92	--  	0.10	8.56	2.35	软件服务	--  	-0.000	
002212	南洋股份	5.62	186021408	20.49	19.40	0	92531	0.00	19.41	20.58	19.35	--  	0.09	6.34	1.09	电气设备	--  	-0.000	
000591	太阳能	2.95	185896480	6.29	6.11	0	298660	0.32	6.12	6.30	6.07	--  	0.39	3.76	0.18	新型电力	--  	-0.000	
600491	龙元建设	3.35	184296896	11.74	11.36	0	160054	1.03	11.38	11.75	11.17	--  	0.31	5.11	0.38	建筑施工	--  	-0.000	
002157	正邦科技	4.34	183784816	5.77	5.53	0	322564	0.35	5.53	5.78	5.49	--  	0.89	5.24	0.24	饲料	--  	-0.000	
603383	顶点软件	2.27	182110688	50.93	49.80	0	35900	0.30	49.71	51.36	49.32	--  	0.00	4.10	1.13	软件服务	--  	0.000	
600305	恒顺醋业	1.58	181484320	12.20	12.01	0	147638	-0.15	11.92	12.44	11.92	--  	0.71	4.33	0.19	食品	--  	-0.000	
00011	恒生银行	0.49	180075056	185.600	184.700	100	972803	0.11	184.600	185.900	184.500	--  	1.29	0.76	0.900	银行	--  	185.600	
300475	聚隆科技	10.01	177874752	16.70	15.18	0	108203	0.00	15.92	16.70	15.84	--  	0.64	5.67	1.52	专用机械	--  	0.000	
600583	海油工程	1.13	177830768	6.26	6.19	0	285014	0.48	6.19	6.29	6.18	--  	1.62	1.78	0.07	石油开采	--  	0.000	
603689	皖天然气	1.85	177741648	17.09	16.78	0	104542	0.12	16.58	17.28	16.55	--  	0.18	4.35	0.31	供气供热	--  	0.000	
300661	圣邦股份	4.96	177599920	89.01	84.80	0	19906	-0.01	84.80	92.10	84.10	--  	0.00	9.43	4.21	元器件	--  	0.000	
000011	深物业A	1.50	176062560	19.63	19.34	0	89938	-0.14	19.40	19.76	19.40	--  	0.93	1.86	0.29	区域地产	--  	-0.000	
603167	渤海轮渡	1.17	173405680	12.08	11.94	0	143039	-0.07	11.93	12.25	11.89	--  	2.09	3.02	0.14	水运	--  	-0.000	
603358	华达科技	2.11	169796608	48.43	47.43	0	35171	0.04	47.45	48.80	47.16	--  	1.43	3.46	1.00	汽车配件	--  	0.000	
002815	崇达技术	3.99	166754256	34.42	33.10	0	48907	0.06	32.91	34.51	32.91	--  	1.36	4.83	1.32	半导体	--  	-0.000	
00101	恒隆地产	0.56	166549904	18.020	17.920	1000	9257566	0.00	17.960	18.100	17.820	--  	0.94	1.56	0.100	地产	--  	18.020	
03618	重庆农村商业银行	4.53	164200048	5.540	5.300	1000	29908582	0.36	5.450	5.540	5.410	--  	0.00	2.45	0.240	银行	--  	5.540	
601020	华钰矿业	4.95	160540176	23.13	22.04	0	69220	0.00	22.46	23.87	22.40	--  	0.54	6.67	1.09	铅锌	--  	-0.000	
603203	快克股份	5.87	157255728	44.22	41.77	0	35809	0.18	41.80	45.95	41.60	--  	0.83	10.41	2.45	专用机械	--  	0.000	
603883	老百姓	3.43	157047648	57.97	56.05	0	27218	-0.01	56.28	59.10	55.97	--  	0.54	5.58	1.92	医药商业	--  	0.000	
603839	安正时尚	1.01	156112112	25.99	25.73	0	60008	0.04	25.63	26.34	25.48	--  	1.53	3.34	0.26	服饰	--  	-0.000	
600830	香溢融通	2.57	155823552	9.99	9.74	0	157629	-0.09	9.73	10.02	9.66	--  	1.03	3.70	0.25	多元金融	--  	-0.000	
002259	升达林业	5.60	155814016	6.98	6.61	0	224178	-0.42	6.57	7.27	6.54	--  	0.21	11.04	0.37	家居用品	--  	0.000	
000631	顺发恒业	1.43	152626912	4.25	4.19	0	362896	0.00	4.18	4.30	4.11	--  	2.39	4.53	0.06	区域地产	--  	0.000	
002385	大北农	0.32	152547440	6.24	6.22	0	244382	0.16	6.22	6.29	6.19	--  	0.96	1.61	0.02	饲料	--  	-0.000	
603690	至纯科技	7.68	151923824	20.75	19.27	0	74165	-0.13	19.28	21.20	19.20	--  	0.34	10.38	1.48	专用机械	--  	0.000	
000426	兴业矿业	3.37	150044768	10.74	10.39	0	139910	0.28	10.58	10.86	10.54	--  	0.19	3.08	0.35	铅锌	--  	-0.000	
002536	西泵股份	2.85	148845696	16.96	16.49	0	88831	0.06	16.50	16.96	16.38	--  	0.61	3.52	0.47	汽车配件	--  	-0.000	
00148	建滔化工	2.59	145267856	47.450	46.250	500	3073148	0.11	46.900	47.750	46.400	--  	1.26	2.92	1.200	工业工程	--  	47.450	
000415	渤海金控	0.16	144199952	6.39	6.38	0	225828	0.00	6.38	6.43	6.32	--  	0.78	1.72	0.01	多元金融	--  	-0.000	
000546	金圆股份	0.87	143729760	16.21	16.07	0	89080	-0.05	16.10	16.48	15.86	--  	2.59	3.86	0.14	水泥	--  	-0.000	
300400	劲拓股份	2.28	142277216	17.95	17.55	0	81399	0.39	17.16	17.99	16.86	--  	0.36	6.44	0.40	专用机械	--  	0.000	
002518	科士达	3.73	140167392	18.07	17.42	0	78425	0.33	17.39	18.07	17.23	--  	0.87	4.82	0.65	电器仪表	--  	-0.000	
002770	科迪乳业	5.37	139650528	5.89	5.59	0	238615	0.17	5.58	6.10	5.56	--  	0.23	9.66	0.30	乳制品	--  	-0.000	
601882	海天精工	4.21	139183568	17.32	16.62	0	81588	-0.16	16.58	17.50	16.34	--  	0.23	6.98	0.70	机床制造	--  	-0.000	
000567	海德股份	4.58	138977424	29.71	28.41	0	46767	-0.29	28.49	30.70	28.39	--  	0.00	8.13	1.30	区域地产	--  	-0.000	
603579	荣泰健康	4.56	138088640	65.09	62.25	0	21642	0.32	62.22	65.20	62.20	--  	0.00	4.82	2.84	医疗保健	--  	-0.000	
002132	恒星科技	1.19	135937040	5.95	5.88	0	229179	0.34	5.91	6.07	5.77	--  	0.85	5.10	0.07	钢加工	--  	-0.000	
000021	深科技	0.32	133787912	9.29	9.26	0	143139	-0.10	9.27	9.49	9.22	--  	0.54	2.92	0.03	电脑设备	--  	-0.000	
002527	新时达	0.93	131356024	11.99	11.88	0	110454	0.00	11.85	12.03	11.72	--  	0.84	2.61	0.11	电器仪表	--  	-0.000	
00425	敏实集团	1.31	127985112	42.650	42.100	2000	3025853	0.24	41.700	42.800	41.700	--  	0.00	2.61	0.550	汽车	--  	42.650	
603380	易德龙	0.25	127879736	24.30	24.24	0	52429	-0.03	24.18	24.65	24.05	--  	0.00	2.48	0.06	元器件	--  	-0.000	
600747	*ST大控	4.51	124774144	2.78	2.66	0	449853	-0.35	2.73	2.79	2.69	--  	0.00	3.76	0.12	多元金融	--  	-0.000	
300648	星云股份	6.69	123563848	84.50	79.20	0	15073	0.84	79.18	84.50	79.18	--  	0.00	6.72	5.30	电器仪表	--  	0.000	
601801	皖新传媒	2.68	121782408	12.28	11.96	0	99619	0.24	11.96	12.43	11.94	--  	1.34	4.10	0.32	出版业	--  	-0.000	
000913	钱江摩托	6.73	118466592	19.18	17.97	0	61162	0.05	18.16	19.77	18.15	--  	0.56	9.02	1.21	摩托车	--  	0.000	
603318	派思股份	8.03	118232048	14.67	13.58	0	83029	-0.19	13.44	14.90	13.40	--  	0.10	11.05	1.09	专用机械	--  	0.000	
000892	欢瑞世纪	5.71	117388528	8.52	8.06	0	139418	-0.69	8.06	8.68	8.06	--  	0.26	7.69	0.46	影视音像	--  	0.000	
603078	江化微	8.46	117378656	92.46	85.25	0	12917	-0.17	85.20	93.78	84.16	--  	0.00	11.28	7.21	化工原料	--  	-0.000	
603005	晶方科技	1.95	114253520	29.21	28.65	0	38872	0.03	28.65	29.84	28.50	--  	0.17	4.68	0.56	半导体	--  	-0.000	
603608	天创时尚	0.53	113800176	13.31	13.24	0	86301	0.00	13.25	13.42	12.95	--  	1.87	3.55	0.07	服饰	--  	0.000	
300616	尚品宅配	0.14	110912248	162.00	161.77	0	6848	0.08	161.05	163.66	161.00	--  	0.00	1.64	0.23	家居用品	--  	0.000	
002860	星帅尔	1.84	103957272	48.73	47.85	0	21399	0.25	47.33	49.50	47.33	--  	0.00	4.54	0.88	电气设备	--  	-0.000	
603079	圣达生物	5.46	103659480	52.55	49.83	0	19834	-0.27	50.45	53.50	50.20	--  	0.00	6.62	2.72	食品	--  	-0.000	
002164	宁波东力	3.63	101885352	9.70	9.36	0	105200	-0.30	9.38	9.87	9.38	--  	0.68	5.24	0.34	电气设备	--  	-0.000	
603266	天龙股份	5.59	99491792	33.46	31.69	0	30261	-0.02	31.76	34.44	31.55	--  	0.79	9.12	1.77	塑料	--  	-0.000	
00069	香格里拉（亚洲）	3.35	99161536	16.040	15.520	2000	6207720	0.25	15.840	16.280	15.520	--  	0.37	4.90	0.520	酒店及消闲	--  	16.040	
603337	杰克股份	4.04	94354744	50.26	48.31	0	19060	0.34	48.08	50.40	48.08	--  	0.68	4.80	1.95	纺织机械	--  	-0.000	
00494	利丰	2.04	94188856	4.010	3.930	2000	23464416	-0.25	3.950	4.100	3.950	--  	2.74	3.82	0.080	纺织服饰	--  	4.010	
01910	新秀丽	3.07	92602328	33.550	32.550	300	2797686	0.30	33.850	33.850	32.850	25731376	0.00	3.07	1.000	纺织服饰	772200	33.550	
300324	旋极信息	4.41	92214472	15.15	14.51	0	62011	0.60	14.51	15.15	14.38	--  	0.47	5.31	0.64	软件服务	--  	-0.000	
002114	罗平锌电	2.61	92057920	18.86	18.38	0	48784	-0.04	18.64	19.25	18.55	--  	0.60	3.81	0.48	铅锌	--  	0.000	
600099	林海股份	3.77	91632704	12.38	11.93	0	74798	0.00	11.97	12.44	11.83	--  	0.34	5.11	0.45	摩托车	--  	0.000	
002749	国光股份	1.03	91518368	71.86	71.13	0	12713	0.08	70.11	72.77	70.11	--  	4.22	3.74	0.73	农药化肥	--  	0.000	
600011	华能国际	0.15	91275416	6.74	6.73	0	135887	0.15	6.73	6.75	6.68	--  	4.31	1.04	0.01	火力发电	--  	-0.000	
601113	华鼎股份	2.59	90438736	11.89	11.59	0	76773	0.17	11.60	11.93	11.50	--  	0.43	3.71	0.30	化纤	--  	0.000	
002741	光华科技	2.35	85884984	18.32	17.90	0	47060	-0.10	18.00	18.39	17.91	--  	0.27	2.68	0.42	化工原料	--  	-0.000	
300655	晶瑞股份	4.13	82922848	32.05	30.78	0	26128	0.00	30.51	32.49	30.51	--  	0.65	6.43	1.27	化工原料	--  	-0.000	
000659	*ST中富	3.76	82446864	3.86	3.72	0	216551	0.00	3.73	3.91	3.65	--  	0.27	6.99	0.14	广告包装	--  	-0.000	
300346	南大光电	4.67	80693488	26.89	25.69	0	30352	0.71	25.69	26.95	25.52	--  	0.23	5.57	1.20	元器件	--  	-0.000	
000975	银泰资源	2.05	80173976	13.97	13.69	0	57816	0.14	13.70	13.98	13.67	--  	1.46	2.26	0.28	铅锌	--  	0.000	
00232	中国航空工业国际	19.23	78717696	0.620	0.520	2000	134660048	0.00	0.530	0.630	0.520	429500	0.00	21.15	0.100	地产	702000	0.620	
300485	赛升药业	2.06	77871744	32.19	31.54	0	24259	-0.02	31.52	32.30	31.44	--  	0.79	2.73	0.65	生物制药	--  	-0.000	
600126	杭钢股份	3.23	77714968	7.36	7.13	0	105846	0.00	7.17	7.42	7.14	--  	0.02	3.93	0.23	普钢	--  	0.000	
02362	金川国际	8.11	77366176	1.200	1.110	1000	65675348	0.84	1.120	1.210	1.120	1303520	0.00	8.11	0.090	一般金属	1117000	1.200	
600734	实达集团	6.78	77361480	11.65	10.91	0	68018	-0.33	10.85	11.76	10.85	--  	0.96	8.34	0.74	电脑设备	--  	-0.000	
603828	柯利达	4.65	73166320	11.26	10.76	0	64613	-0.08	10.98	11.60	10.98	--  	0.52	5.76	0.50	装修装饰	--  	0.000	
00014	希慎兴业	1.19	69038528	38.150	37.700	1000	1816273	0.00	38.250	38.250	37.900	--  	0.68	0.93	0.450	地产	--  	38.150	
300196	长海股份	3.96	68671912	14.17	13.63	0	48240	-0.06	13.56	14.58	13.56	--  	0.00	7.48	0.54	玻璃	--  	0.000	
300493	润欣科技	2.19	68489912	15.39	15.06	0	44203	-0.25	14.96	15.75	14.80	--  	0.40	6.31	0.33	通信设备	--  	0.000	
603010	万盛股份	2.40	68453632	29.84	29.14	0	23138	0.17	29.34	30.10	28.83	--  	0.81	4.36	0.70	化工原料	--  	0.000	
300046	台基股份	1.92	68164032	19.14	18.78	0	35360	-0.20	18.78	19.63	18.65	--  	0.27	5.22	0.36	半导体	--  	-0.000	
603038	华立股份	2.70	68027256	50.59	49.26	0	13462	0.10	49.18	51.47	49.01	--  	0.91	4.99	1.33	装修装饰	--  	0.000	
600869	智慧能源	2.82	68025472	6.92	6.73	0	98608	0.00	6.72	6.97	6.71	--  	0.61	3.86	0.19	电气设备	--  	0.000	
300180	华峰超纤	2.66	67876016	24.72	24.08	0	27710	0.00	24.28	24.78	24.00	--  	0.09	3.24	0.64	化纤	--  	-0.000	
002515	金字火腿	2.06	67440936	9.40	9.21	0	71731	0.11	9.26	9.47	9.22	--  	0.00	2.71	0.19	食品	--  	-0.000	
300507	苏奥传感	5.50	62660624	39.72	37.65	0	15948	-0.04	37.65	40.77	37.40	--  	0.44	8.95	2.07	汽车配件	--  	0.000	
002629	仁智股份	4.57	62517844	8.24	7.88	0	76420	-0.23	7.88	8.46	7.86	--  	0.17	7.61	0.36	石油开采	--  	-0.000	
00511	电视广播	0.85	59922052	29.750	29.500	100	2011300	0.00	29.300	30.200	29.300	--  	1.01	3.05	0.250	媒体及娱乐	--  	29.750	
603360	百傲化学	1.30	57530184	28.02	27.66	0	20511	0.11	27.64	28.48	27.47	--  	3.62	3.65	0.36	化工原料	--  	0.000	
600768	宁波富邦	0.49	57316572	16.29	16.21	0	35450	0.12	16.15	16.31	16.02	--  	0.12	1.79	0.08	铝	--  	0.000	
601369	陕鼓动力	0.28	57210848	7.10	7.08	0	80149	-0.27	7.08	7.23	7.02	--  	2.12	2.97	0.02	机械基件	--  	-0.000	
600743	华远地产	0.48	56359732	4.17	4.15	0	134724	-0.47	4.17	4.21	4.14	--  	2.41	1.69	0.02	区域地产	--  	0.000	
01263	柏能集团	11.71	49106744	3.910	3.500	2000	12850000	0.51	3.600	3.950	3.600	--  	1.02	10.00	0.410	信息器材	--  	3.910	
002147	新光圆成	2.08	47453180	13.27	13.00	0	35661	-0.14	12.98	13.50	12.96	--  	2.96	4.15	0.27	区域地产	--  	0.000	
603429	集友股份	2.06	47159500	42.64	41.78	0	11171	0.33	42.50	42.95	41.80	--  	0.00	2.75	0.86	广告包装	--  	-0.000	
002319	乐通股份	0.94	46282652	16.05	15.90	0	28373	-0.11	16.50	16.54	16.04	--  	0.03	3.14	0.15	染料涂料	--  	-0.000	
600658	电子城	2.35	45364408	10.90	10.65	0	41880	0.09	10.68	10.96	10.61	--  	1.76	3.29	0.25	园区开发	--  	-0.000	
603716	塞力斯	0.41	42880380	51.96	51.75	0	8307	0.04	51.96	52.03	50.72	--  	0.00	2.53	0.21	医药商业	--  	-0.000	
300488	恒锋工具	0.95	41546796	35.21	34.88	0	11802	0.11	34.87	35.43	34.70	--  	0.44	2.09	0.33	机械基件	--  	-0.000	
08129	中国生物资源	127.3	40364400	0.075	0.033	20000	649025024	-2.60	0.050	0.078	0.046	--  	0.00	96.97	0.042	软件服务	--  	0.075	
300345	红宇新材	3.04	40161596	6.77	6.57	0	60442	0.74	6.59	6.78	6.53	--  	0.46	3.81	0.20	钢加工	--  	-0.000	
00800	Ａ８新媒体	16.36	38290580	0.640	0.550	2000	62962000	0.00	0.550	0.650	0.540	--  	0.00	20.00	0.090	媒体及娱乐	--  	0.640	
600327	大东方	0.50	37335472	8.04	8.00	0	46562	0.50	8.02	8.05	7.98	--  	2.50	0.88	0.04	百货	--  	-0.000	
002096	南岭民爆	2.95	36566924	9.76	9.48	0	37544	1.14	9.48	10.10	9.40	--  	0.42	7.38	0.28	化工原料	--  	0.000	
300143	星普医科	1.47	36100056	29.77	29.34	0	12237	0.51	29.44	29.80	28.91	--  	0.35	3.03	0.43	医疗保健	--  	0.000	
603988	中电电机	1.06	35919356	72.17	71.41	0	4964	0.24	71.42	73.45	71.42	--  	0.21	2.84	0.76	电气设备	--  	-0.000	
002778	高科石化	1.92	35317668	27.05	26.54	0	13013	-0.10	26.35	27.48	26.35	--  	0.30	4.26	0.51	石油加工	--  	-0.000	
600917	重庆燃气	2.32	34060744	9.28	9.07	0	37108	0.54	9.06	9.30	9.04	--  	1.43	2.87	0.21	供气供热	--  	-0.000	
002119	康强电子	3.97	26813202	19.10	18.37	0	14098	0.10	18.40	19.33	18.30	--  	0.54	5.61	0.73	半导体	--  	0.000	
00689	长盈集团（控股）	6.25	24946238	0.510	0.480	15000	49989600	0.00	0.485	0.530	0.475	--  	0.00	11.46	0.030	石油天然气	--  	0.510	
01206	同方泰德	4.94	24917342	2.550	2.430	2000	9710000	0.79	2.580	2.650	2.520	138060	0.00	5.35	0.120	软件服务	54000	2.550	
002330	得利斯	1.65	24692520	8.62	8.48	0	28819	0.12	8.50	8.65	8.48	--  	0.35	2.00	0.14	食品	--  	-0.000	
00334	华显光电	3.51	22435854	1.180	1.140	8000	19129600	-0.84	1.140	1.220	1.090	--  	0.00	11.40	0.040	信息器材	--  	1.180	
600234	ST山水	2.06	22151342	16.38	16.05	0	13613	0.06	15.75	16.50	15.75	--  	0.00	4.67	0.33	文教休闲	--  	-0.000	
600520	中发科技	2.61	21892416	17.69	17.24	0	12571	0.74	17.15	17.74	17.05	--  	0.21	4.00	0.45	机械基件	--  	0.000	
03355	先进半导体	5.17	21631322	1.220	1.160	2000	17822000	0.00	1.140	1.260	1.140	--  	0.00	10.34	0.060	半导体	--  	1.220	
601188	龙江交通	2.01	20516170	4.57	4.48	0	45116	-0.21	4.48	4.59	4.46	--  	1.47	2.90	0.09	路桥	--  	0.000	
000411	英特集团	2.62	19342386	21.55	21.00	0	9041	0.23	21.02	21.70	21.00	--  	0.00	3.33	0.55	医药商业	--  	-0.000	
00315	数码通电讯	0.93	19054676	9.800	9.710	500	1951390	0.00	9.720	9.820	9.700	--  	3.37	1.24	0.090	电讯	--  	9.800	
00085	中电华大科技	7.86	18762960	1.510	1.400	2000	12705000	0.67	1.410	1.510	1.380	--  	0.00	9.29	0.110	半导体	--  	1.510	
08193	汉华专业服务	18.03	18616836	0.072	0.061	5000	274470016	1.41	0.061	0.076	0.059	--  	0.00	27.87	0.011	其他金融	--  	0.072	
06139	金茂投资	2.46	15700086	5.000	4.880	500	3192500	2.88	4.890	5.000	4.850	--  	3.92	3.07	0.120	酒店及消闲	--  	5.000	
03833	新疆新鑫矿业	7.48	14907011	1.150	1.070	1000	12971000	0.00	1.110	1.190	1.090	--  	0.00	9.35	0.080	一般金属	--  	1.150	
01430	苏创燃气	5.14	14738861	3.480	3.310	2000	4328000	0.29	3.400	3.520	3.310	--  	0.00	6.34	0.170	公用事业	--  	3.480	
00169	万达酒店发展	7.20	13426602	1.340	1.250	1000	9828163	-0.74	1.280	1.450	1.260	--  	0.00	15.20	0.090	地产	--  	1.340	
06839	云南水务	0.31	11876491	3.190	3.180	1000	3731000	0.31	3.180	3.210	3.150	140480	0.00	1.89	0.010	公用事业	44000	3.190	
01663	汉港控股	2.70	7528021	0.760	0.740	2000	10120000	1.33	0.740	0.770	0.720	--  	0.00	6.76	0.020	地产	--  	0.760	
00704	和嘉资源	2.00	6294621	0.255	0.250	10000	25178000	2.00	0.250	0.255	0.249	--  	0.00	2.40	0.005	煤炭	--  	0.255	
03161	易亚ＣＨＩＭＥＲ	1.89	4827040	12.940	12.700	200	373600	0.00	12.940	12.940	12.920	--  	0.00	0.16	0.240		--  	12.940	
03737	中智药业	0.56	4119340	1.800	1.790	1000	2272000	0.00	1.790	1.840	1.780	--  	1.06	3.35	0.010	医药医疗	--  	1.800	
数据来源:通达信
