170316
170317
170320
170322
170323
170324
170327
170328
170329
170330
170331
170403
170405
170406
170407
170410
170411
170412
170413
170417
170418
170419
170420
170421
170424
170425
170426
170427
170428
170502
170504
170505
170508
170509
170510
170511
170512
170515
170516
170517
170518
170519
170522
170523
170524
170525
170526
170529
170531
170601
170602
170605
170606
170607
170608
170609
170612
170613
170614
170615
170616
170619
170620
170621
170622
170623
170626
170627
170628
170629
170630
170703
170704
170705
170706
170707
170710
170711
170712
170713
170714
170717
170718
170719
170720
170721
170724
170725
170726
170727
170728
170731
170801
170802
170803
170804
170807
170808
170809
170810
170811
170814