代码	名称	涨幅%%	总金额	现价	昨收	每手	总量	涨速%%	今开	最高	最低	抛空额	股息率%%	振幅%%	涨跌	细分行业	抛空量	按盘价	
08321	泰锦控股	-22.66	45510752	0.495	0.640	10000	86200000	-1.00	0.680	0.730	0.490	--  	0.00	37.50	-0.145	建筑	--  	0.495	
08207	中新控股	-0.95	41666800	1.040	1.050	4000	40216000	0.00	1.050	1.050	1.020	41320	0.00	2.86	-0.010	其他金融	40000	1.040	
08392	舍图控股	25.64	39528000	0.980	0.780	10000	43230000	1.03	0.780	0.990	0.780	--  	0.00	26.92	0.200	家电及用品	--  	0.980	
08008	新意网集团	6.70	33697380	6.210	5.820	1000	5488670	-0.48	5.820	6.290	5.760	1907960	2.21	9.11	0.390	软件服务	313000	6.210	
08022	永耀集团控股	15.00	31622402	0.690	0.600	3000	48981000	-1.43	0.600	0.720	0.590	--  	0.00	21.67	0.090	酒店及消闲	--  	0.690	
08275	永勤集团控股	24.56	30294502	0.710	0.570	10000	46030000	0.00	0.570	0.730	0.570	--  	0.00	28.07	0.140	建筑	--  	0.710	
08137	洪桥集团	-4.97	23878462	1.720	1.810	2000	13848000	0.58	1.800	1.800	1.680	2032960	0.00	6.63	-0.090	工业工程	1178000	1.720	
08217	联旺集团	3.57	20270210	0.435	0.420	10000	46228000	1.16	0.425	0.460	0.415	--  	0.00	10.71	0.015	建筑	--  	0.435	
08470	莹岚集团	11.29	19271880	0.690	0.620	8000	27938500	0.00	0.610	0.730	0.590	--  	0.00	22.58	0.070	建筑	--  	0.690	
08012	环宇物流（亚洲）	-8.00	19220080	1.840	2.000	8000	10064000	0.00	2.090	2.090	1.770	--  	0.00	16.00	-0.160	工用运输	--  	1.840	
08227	海天天线控股	-0.47	16286281	6.320	6.350	4000	2584000	0.00	6.420	6.570	6.090	--  	0.00	7.56	-0.030	信息器材	--  	6.320	
08436	德宝集团控股	-4.29	13351751	0.670	0.700	5000	19135000	-1.47	0.690	0.730	0.660	--  	0.00	10.00	-0.030	纺织服饰	--  	0.670	
08226	树熊金融集团	0.00	12467921	0.340	0.340	4000	38844000	1.49	0.345	0.350	0.300	--  	0.00	14.71	0.000	农业产品	--  	0.340	
08102	利宝阁集团	-0.99	12439851	6.020	6.080	10000	2055000	1.52	6.080	6.100	5.930	--  	0.00	2.80	-0.060	酒店及消闲	--  	6.020	
08328	信义香港	3.33	11796787	1.860	1.800	4000	6329311	-0.53	1.800	1.890	1.800	--  	0.00	5.00	0.060		--  	1.860	
08182	中国糖果	-1.91	11172751	0.154	0.157	10000	72730000	0.65	0.157	0.157	0.152	--  	0.00	3.18	-0.003	食物饮品	--  	0.154	
08370	智升集团控股	11.11	10807441	5.000	4.500	8000	1976000	-4.76	4.680	5.500	4.680	--  	0.00	18.22	0.500	家电及用品	--  	5.000	
08455	礼建德集团	5.88	10583851	0.540	0.510	10000	18910000	0.00	0.530	0.630	0.490	--  	0.00	27.45	0.030	建筑	--  	0.540	
08359	HYPEBEAST	13.21	10413800	0.300	0.265	20000	35600000	1.69	0.270	0.310	0.270	--  	0.00	15.09	0.035	媒体及娱乐	--  	0.300	
08252	泰和小贷	2.63	9539640	3.120	3.040	2000	3132000	0.32	3.030	3.200	3.020	--  	0.00	5.92	0.080	其他金融	--  	3.120	
08078	ＨＭＶ数码中国	-0.40	8446552	0.246	0.247	20000	34333264	-0.40	0.246	0.247	0.245	--  	0.00	0.81	-0.001	媒体及娱乐	--  	0.246	
08472	立高控股	18.03	8090501	0.720	0.610	5000	12335000	4.35	0.610	0.730	0.610	--  	0.00	19.67	0.110	支援服务	--  	0.720	
08133	铸能控股	-1.56	8027301	0.315	0.320	20000	24780000	0.00	0.320	0.330	0.315	--  	0.00	4.69	-0.005	工业工程	--  	0.315	
08046	恒芯中国	-4.44	7837695	0.043	0.045	4000	183111472	0.00	0.045	0.046	0.041	--  	0.00	11.11	-0.002	媒体及娱乐	--  	0.043	
08383	东骏控股	0.00	7802321	0.600	0.600	8000	12224000	-1.64	0.590	0.750	0.580	--  	0.00	28.33	0.000	工用支援	--  	0.600	
08158	中国再生医学	-1.92	7129951	0.204	0.208	5000	34655000	-0.49	0.205	0.210	0.203	112540	0.00	3.37	-0.004	医药医疗	550000	0.204	
08445	怡康泰工程集团	11.34	7023651	0.540	0.485	10000	13110000	1.89	0.485	0.580	0.480	--  	0.00	20.62	0.055	建筑	--  	0.540	
08018	汇财金融投资	6.70	6944191	0.223	0.209	10000	31182000	0.00	0.219	0.234	0.212	--  	0.00	10.53	0.014	软件服务	--  	0.223	
08469	盛业资本	-0.49	6886741	6.110	6.140	2000	1130000	0.66	6.020	6.180	6.020	--  	0.00	2.61	-0.030	其他金融	--  	6.110	
08083	中国创新支付	2.38	6746741	0.430	0.420	4000	15900000	0.00	0.420	0.430	0.415	305020	0.00	3.57	0.010	软件服务	720000	0.430	
08257	靖洋集团	-4.03	6198001	1.190	1.240	10000	5230000	0.00	1.240	1.240	1.150	--  	0.00	7.26	-0.050	半导体	--  	1.190	
08059	朝威控股	-1.69	6090101	0.580	0.590	5000	10635000	0.00	0.590	0.590	0.550	--  	0.00	6.78	-0.010	建筑	--  	0.580	
08430	春能控股	5.19	6085676	0.405	0.385	5000	15250000	0.00	0.390	0.415	0.370	--  	0.00	11.69	0.020	工用运输	--  	0.405	
08193	汉华专业服务	1.49	5783926	0.068	0.067	5000	83210000	0.00	0.070	0.075	0.063	--  	0.00	17.91	0.001	其他金融	--  	0.068	
08368	中国创意控股	-8.00	5636366	0.460	0.500	1000	12401000	3.37	0.520	0.520	0.430	--  	0.00	18.00	-0.040	媒体及娱乐	--  	0.460	
08292	盛良物流	-1.21	5291401	2.450	2.480	10000	2140000	0.00	2.490	2.520	2.380	--  	0.00	5.65	-0.030	工用运输	--  	2.450	
08231	节能元件	-1.47	5021380	0.201	0.204	10000	24940000	-0.99	0.202	0.203	0.200	--  	0.00	1.47	-0.003	半导体	--  	0.201	
08019	皓文控股	55.56	4770445	0.126	0.081	20000	40514352	1.61	0.081	0.137	0.081	--  	0.00	69.14	0.045	工业工程	--  	0.126	
08156	众彩股份	-1.18	4325950	0.840	0.850	5000	5155000	0.00	0.860	0.860	0.820	--  	0.00	4.71	-0.010	酒店及消闲	--  	0.840	
08129	中国生物资源	14.29	4272440	0.088	0.077	20000	50360000	1.15	0.078	0.091	0.077	--  	0.00	18.18	0.011	软件服务	--  	0.088	
08081	互娱中国	-2.86	3857983	0.034	0.035	10000	113821120	0.00	0.034	0.035	0.033	--  	0.00	5.71	-0.001	医疗服务	--  	0.034	
08072	罗马集团（新）	1.99	3674812	0.154	0.151	20000	24021872	0.00	0.152	0.154	0.151	--  	0.00	1.99	0.003	其他金融	--  	0.154	
08047	中国海洋捕捞	-1.52	3357040	0.650	0.660	4000	5212000	0.00	0.660	0.660	0.630	--  	0.00	4.55	-0.010	工用支援	--  	0.650	
08308	古兜控股	0.59	3338262	1.700	1.690	4000	1976460	0.00	1.710	1.720	1.640	--  	0.00	4.73	0.010	酒店及消闲	--  	1.700	
08073	兴业新材料	0.00	3297680	1.210	1.210	4000	2752000	0.83	1.210	1.210	1.190	--  	0.00	1.65	0.000	工业工程	--  	1.210	
08491	COOL LINK	-8.49	3253950	0.485	0.530	5000	6545000	1.04	0.530	0.530	0.475	--  	0.00	10.38	-0.045	食物饮品	--  	0.485	
08080	北亚策略	18.40	3251890	0.148	0.125	8000	21364000	0.00	0.130	0.166	0.130	--  	0.00	28.80	0.023	工业工程	--  	0.148	
08187	永骏国际控股	-1.44	3152950	1.370	1.390	5000	2310000	0.74	1.400	1.400	1.360	--  	0.00	2.88	-0.020	纺织服饰	--  	1.370	
08279	亚博科技控股	0.78	3152800	1.300	1.290	4000	2452000	0.00	1.290	1.300	1.270	174920	0.00	2.33	0.010	酒店及消闲	136000	1.300	
08130	智城控股	1.99	3112235	0.205	0.201	20000	15580200	-0.49	0.191	0.206	0.191	--  	0.00	7.46	0.004	媒体及娱乐	--  	0.205	
08462	桥英控股	-2.22	3009750	0.880	0.900	5000	3635000	-1.12	0.900	0.900	0.800	--  	0.00	11.11	-0.020	支援服务	--  	0.880	
08457	健升物流中国	-4.23	2844800	0.249	0.260	10000	11370000	0.00	0.260	0.260	0.246	--  	0.00	5.38	-0.011	工用支援	--  	0.249	
08167	中国新电信	-5.42	2799718	0.192	0.203	4000	14308000	-1.54	0.208	0.208	0.189	--  	0.00	9.36	-0.011	信息器材	--  	0.192	
08340	域高金融	0.93	2785700	1.080	1.070	10000	2600000	0.00	1.070	1.110	1.040	--  	0.28	6.54	0.010	其他金融	--  	1.080	
08413	亚洲杂货	-3.57	2525950	0.540	0.560	10000	4670000	0.00	0.570	0.600	0.490	--  	0.00	19.64	-0.020	食物饮品	--  	0.540	
08242	宏创高科	2.94	2450720	0.175	0.170	10000	14030000	2.94	0.176	0.185	0.170	--  	0.00	8.82	0.005	半导体	--  	0.175	
08410	安领国际	0.00	2447000	1.530	1.530	10000	1590000	0.00	1.540	1.560	1.510	--  	0.00	3.27	0.000	软件服务	--  	1.530	
08175	中国数码文化	-2.25	2383250	0.435	0.445	10000	5475000	0.00	0.440	0.440	0.430	--  	0.00	2.25	-0.010	酒店及消闲	--  	0.435	
08417	大地教育	0.00	2277300	1.050	1.050	10000	2170000	0.00	1.040	1.080	1.020	--  	0.00	5.71	0.000	支援服务	--  	1.050	
08331	飞尚非金属	-2.94	2180800	1.650	1.700	10000	1310000	-0.60	1.700	1.710	1.640	--  	0.00	4.12	-0.050	一般金属	--  	1.650	
08349	美固科技控股	-0.33	2175200	2.980	2.990	10000	730000	0.00	3.000	3.000	2.970	--  	0.00	1.00	-0.010	建筑	--  	2.980	
08452	富银融资股份	-0.78	2163800	1.270	1.280	2000	1674000	-0.78	1.290	1.310	1.260	--  	0.00	3.91	-0.010	其他金融	--  	1.270	
08085	香港生命科学	0.00	2063004	0.110	0.110	4000	18788000	0.00	0.110	0.111	0.108	--  	0.00	2.73	0.000	家电及用品	--  	0.110	
08138	同仁堂国药	-0.89	2031774	11.100	11.200	1000	182234	-0.18	11.180	11.240	11.080	--  	0.00	1.43	-0.100	医药医疗	--  	11.100	
08095	北大青鸟环宇	-1.50	2000140	1.970	2.000	1000	1010000	0.51	1.990	2.000	1.960	--  	0.00	2.00	-0.030	软件服务	--  	1.970	
08261	海天能源	-2.70	1969000	0.360	0.370	8000	5408000	0.00	0.370	0.370	0.355	--  	0.00	4.05	-0.010	公用事业	--  	0.360	
08172	拉近网娱	-1.96	1920400	0.500	0.510	20000	3840000	0.00	0.510	0.510	0.500	--  	0.00	1.96	-0.010	媒体及娱乐	--  	0.500	
08416	HM INTL HLDGS	-1.79	1838100	1.100	1.120	5000	1695000	0.00	1.110	1.110	1.060	--  	0.00	4.46	-0.020	工用支援	--  	1.100	
08215	FIRST CREDIT	-1.63	1805040	0.121	0.123	20000	14840000	0.83	0.125	0.126	0.119	--  	0.00	5.69	-0.002	其他金融	--  	0.121	
08427	瑞强集团	-5.88	1722960	0.400	0.425	8000	4168000	0.00	0.425	0.425	0.400	--  	0.00	5.88	-0.025	建筑	--  	0.400	
08132	中油港燃	4.82	1674500	0.087	0.083	20000	19430000	0.00	0.086	0.089	0.084	--  	0.00	6.02	0.004	信息器材	--  	0.087	
08228	国艺娱乐	4.46	1640200	0.234	0.224	20000	7120000	1.74	0.227	0.235	0.224	--  	0.00	4.91	0.010	媒体及娱乐	--  	0.234	
08446	ITP HOLDINGS	-4.84	1626900	6.090	6.400	10000	270000	1.33	6.080	6.260	5.910	--  	0.00	5.47	-0.310	媒体及娱乐	--  	6.090	
08480	飞霓控股	-3.77	1579000	0.510	0.530	4000	3140000	0.00	0.530	0.530	0.500	--  	0.00	5.66	-0.020	纺织服饰	--  	0.510	
08179	新煮意控股	-1.54	1568116	0.320	0.325	12000	4929206	-1.54	0.330	0.330	0.310	--  	0.00	6.15	-0.005	酒店及消闲	--  	0.320	
08415	乐嘉思控股	13.07	1524970	0.173	0.153	10000	9280000	0.00	0.154	0.175	0.148	--  	0.00	17.65	0.020	建筑	--  	0.173	
08157	象兴国际	1.35	1494100	0.375	0.370	20000	4040000	0.00	0.370	0.375	0.365	--  	0.00	2.70	0.005	工用运输	--  	0.375	
08199	中国万桐园	-3.33	1461450	0.290	0.300	10000	5070000	0.00	0.300	0.300	0.280	--  	0.00	6.67	-0.010	支援服务	--  	0.290	
08171	中国趋势	0.00	1397360	0.015	0.015	160000	93320000	0.00	0.014	0.015	0.014	--  	0.00	6.67	0.000	信息器材	--  	0.015	
08055	中国网络信息科技	0.00	1385880	0.265	0.265	8000	5328000	1.92	0.260	0.270	0.255	--  	0.00	5.66	0.000	软件服务	--  	0.265	
08352	成安控股	-4.76	1362500	3.000	3.150	10000	440000	-0.99	3.150	3.250	3.000	--  	0.00	7.94	-0.150	建筑	--  	3.000	
08307	密迪斯肌	-3.64	1324680	0.530	0.550	4000	2364000	0.00	0.540	0.570	0.530	--  	0.00	7.27	-0.020	医疗服务	--  	0.530	
08147	汇思太平洋	0.00	1322380	0.162	0.162	4000	8236000	2.53	0.160	0.162	0.158	--  	0.00	2.47	0.000	电讯	--  	0.162	
08032	非凡中国	0.00	1279981	0.680	0.680	8000	1931451	0.00	0.680	0.680	0.660	180240	0.00	2.94	0.000	酒店及消闲	272000	0.680	
08325	中国支付通	0.00	1258300	1.040	1.040	10000	1220000	0.00	1.020	1.050	1.010	--  	0.00	3.85	0.000	软件服务	--  	1.040	
08093	万星控股	0.00	1253800	1.990	1.990	5000	630000	0.00	1.990	2.000	1.990	--  	0.00	0.50	0.000	纺织服饰	--  	1.990	
08062	俊盟国际	1.67	1251200	0.610	0.600	5000	2075000	0.00	0.620	0.620	0.590	--  	0.00	5.00	0.010	软件服务	--  	0.610	
08007	环球战略集团	-0.88	1235718	0.113	0.114	10000	10858120	-0.88	0.114	0.115	0.112	--  	0.00	2.63	-0.001	一般金属	--  	0.113	
08465	高科桥	-0.31	1204760	3.250	3.260	2000	370000	-0.31	3.120	3.390	3.120	--  	0.00	8.28	-0.010	信息器材	--  	3.250	
08278	CMON	15.12	1113860	0.236	0.205	10000	5060000	0.00	0.205	0.243	0.205	--  	0.00	18.54	0.031	家电及用品	--  	0.236	
08202	汇创控股	-2.53	1105580	0.231	0.237	10000	4720000	-0.43	0.237	0.246	0.228	--  	0.00	7.59	-0.006	媒体及娱乐	--  	0.231	
08283	正力控股	-5.69	1086350	1.160	1.230	5000	915000	0.87	1.210	1.250	1.150	--  	0.00	8.13	-0.070	支援服务	--  	1.160	
08272	华人饮食集团	0.00	1085560	0.021	0.021	20000	52780000	0.00	0.021	0.022	0.019	--  	0.00	14.29	0.000	酒店及消闲	--  	0.021	
08170	KSL HOLDINGS	2.23	1073890	1.830	1.790	1000	599000	0.00	1.790	1.830	1.750	--  	0.00	4.47	0.040	建筑	--  	1.830	
08481	盛龙锦秀国际	1.89	1036225	0.540	0.530	5000	1955000	-1.82	0.510	0.550	0.490	--  	0.00	11.32	0.010	工用支援	--  	0.540	
08001	东方汇财证券	1.27	1017440	0.800	0.790	4000	1272000	0.00	0.800	0.800	0.780	--  	0.00	2.53	0.010	其他金融	--  	0.800	
08145	电讯首科	0.00	1007920	2.160	2.160	2000	452000	0.47	2.160	2.280	2.150	--  	0.46	6.02	0.000	信息器材	--  	2.160	
08293	星亚控股	0.40	1004300	9.980	9.940	5000	100000	-1.19	10.100	10.160	9.920	--  	0.00	2.41	0.040	支援服务	--  	9.980	
08065	高萌科技	0.00	967650	0.630	0.630	5000	1555000	-1.56	0.640	0.640	0.610	--  	0.00	4.76	0.000	软件服务	--  	0.630	
08265	中国之信集团	-0.65	966120	3.040	3.060	4000	320000	-0.33	3.050	3.050	3.010	60560	0.00	1.31	-0.020	工用支援	20000	3.040	
08009	华夏能源控股	-7.02	925240	0.053	0.057	20000	16640000	-1.85	0.057	0.057	0.052	--  	0.00	8.77	-0.004	其他金融	--  	0.053	
08301	明华科技	2.27	921440	0.900	0.880	8000	1032000	0.00	0.870	0.990	0.820	--  	0.00	19.32	0.020	信息器材	--  	0.900	
08299	大唐潼金	0.00	892358	0.018	0.018	12000	50110000	0.00	0.018	0.018	0.017	--  	0.00	5.56	0.000	黄金贵金属	--  	0.018	
08342	飞思达科技	-0.72	842750	1.380	1.390	5000	605000	0.73	1.420	1.420	1.370	--  	0.43	3.60	-0.010	软件服务	--  	1.380	
08420	NEXION TECH	-1.92	817200	0.510	0.520	5000	1620000	2.00	0.500	0.520	0.500	--  	0.00	3.85	-0.010	软件服务	--  	0.510	
08050	云博产业	10.67	783940	1.660	1.500	2000	486000	0.00	1.500	1.670	1.500	--  	0.00	11.33	0.160	信息器材	--  	1.660	
08190	康佰控股	-15.79	761060	0.064	0.076	10000	11890000	-3.03	0.076	0.076	0.061	--  	0.00	19.74	-0.012	家电及用品	--  	0.064	
08090	中国融保金融集团	-1.04	760980	0.950	0.960	2000	802000	0.00	0.970	0.970	0.940	--  	0.00	3.12	-0.010	其他金融	--  	0.950	
08412	高门集团	0.00	735450	0.242	0.242	10000	3070000	0.41	0.230	0.242	0.230	--  	0.00	4.96	0.000	酒店及消闲	--  	0.242	
08163	万德金融	-1.19	734380	0.083	0.084	20000	8820000	0.00	0.085	0.085	0.081	--  	0.00	4.76	-0.001	其他金融	--  	0.083	
08123	华亿金控	-0.86	720678	0.115	0.116	6000	6054000	0.00	0.110	0.125	0.103	--  	0.00	18.97	-0.001	其他金融	--  	0.115	
08100	智易控股	11.11	684362	0.550	0.495	6000	1326618	5.77	0.495	0.560	0.495	--  	0.00	13.13	0.055	软件服务	--  	0.550	
08089	华人策略控股	1.22	683520	0.830	0.820	1800	832800	1.22	0.830	0.830	0.810	--  	0.00	2.44	0.010	其他金融	--  	0.830	
08267	蓝港互动	-3.30	681855	1.760	1.820	500	383000	-1.68	1.790	1.790	1.750	--  	0.00	2.20	-0.060	软件服务	--  	1.760	
08251	优越集团控股	0.00	673300	0.590	0.590	10000	1140000	0.00	0.590	0.600	0.580	--  	0.00	3.39	0.000	工用支援	--  	0.590	
08049	吉林长龙药业	-1.16	670480	1.700	1.720	4000	392000	0.00	1.720	1.720	1.700	--  	0.00	1.16	-0.020	医药医疗	--  	1.700	
08071	中彩网通控股	-1.27	666820	0.234	0.237	5000	2835000	0.00	0.228	0.240	0.228	--  	0.00	5.06	-0.003	酒店及消闲	--  	0.234	
08200	修身堂	0.00	648880	0.059	0.059	40000	11080000	0.00	0.059	0.059	0.058	--  	0.00	1.69	0.000	医疗服务	--  	0.059	
08247	中生北控生物科技	0.00	629020	2.180	2.180	2000	296000	0.00	2.200	2.200	2.080	--  	0.00	5.50	0.000	医药医疗	--  	2.180	
08125	仁德资源	9.66	607280	1.590	1.450	4000	392000	0.00	1.490	1.650	1.490	--  	0.00	11.03	0.140	建筑	--  	1.590	
08471	新达控股	-1.37	605250	0.360	0.365	10000	1660000	0.00	0.370	0.370	0.355	--  	0.00	4.11	-0.005	纺织服饰	--  	0.360	
08346	创新电子控股	0.00	599500	0.285	0.285	10000	1980000	0.00	0.295	0.320	0.285	--  	0.00	12.28	0.000	工业工程	--  	0.285	
08476	大洋环球控股	-3.30	592040	0.880	0.910	2000	674000	-1.12	0.870	0.900	0.870	--  	0.00	3.30	-0.030	食物饮品	--  	0.880	
08437	德斯控股	6.00	578560	0.530	0.500	8000	1128000	1.92	0.500	0.530	0.500	--  	0.00	6.00	0.030	医疗服务	--  	0.530	
08329	海王英特龙	-5.00	576800	0.380	0.400	10000	1550000	-1.30	0.390	0.400	0.360	--  	0.00	10.00	-0.020	医药医疗	--  	0.380	
08463	TOMO HOLDINGS	-3.88	551480	0.990	1.030	4000	560000	1.02	0.980	1.050	0.970	--  	0.00	7.77	-0.040	汽车	--  	0.990	
08198	乐透互娱	-0.42	539776	0.237	0.238	4000	2304000	0.00	0.232	0.238	0.231	--  	0.00	2.94	-0.001	酒店及消闲	--  	0.237	
08029	太阳国际	0.00	537550	1.300	1.300	5000	410000	0.00	1.300	1.330	1.290	--  	0.00	3.08	0.000	农业产品	--  	1.300	
08183	尚捷集团控股	3.13	520325	0.495	0.480	5000	1085000	4.21	0.480	0.500	0.465	--  	0.00	7.29	0.015	纺织服饰	--  	0.495	
08221	PF GROUP	0.00	501460	0.150	0.150	20000	3380000	0.00	0.150	0.153	0.144	--  	0.00	6.00	0.000	其他金融	--  	0.150	
08269	富誉控股	-1.52	499697	0.195	0.198	10000	2556666	0.00	0.200	0.207	0.191	--  	0.00	8.08	-0.003	农业产品	--  	0.195	
08366	浙江联合投资	4.69	487900	0.670	0.640	10000	750000	1.52	0.640	0.670	0.640	--  	0.00	4.69	0.030	建筑	--  	0.670	
08432	太平洋酒吧	2.38	465160	0.172	0.168	10000	2700000	0.00	0.170	0.174	0.170	--  	0.00	2.38	0.004	酒店及消闲	--  	0.172	
08021	汇隆控股	0.00	461700	0.025	0.025	10000	18470000	0.00	0.025	0.025	0.024	--  	0.00	4.00	0.000	建筑	--  	0.025	
08347	Ｆ８企业	0.00	452240	0.275	0.275	8000	1624000	0.00	0.275	0.310	0.270	--  	0.00	14.55	0.000	石油天然气	--  	0.275	
08153	科地农业	-1.67	432200	0.295	0.300	5000	1500000	1.72	0.295	0.295	0.285	--  	0.00	3.33	-0.005	工业工程	--  	0.295	
08360	利骏集团香港	-0.56	427700	0.178	0.179	4000	2392000	0.00	0.178	0.181	0.176	--  	0.00	2.79	-0.001	建筑	--  	0.178	
08077	昆仑国际金融	6.45	418650	0.660	0.620	5000	640000	0.00	0.630	0.670	0.620	--  	0.00	8.06	0.040	其他金融	--  	0.660	
08203	凯顺能源	-1.28	416950	0.385	0.390	10000	1100000	0.00	0.390	0.390	0.370	--  	0.00	5.13	-0.005	工用支援	--  	0.385	
08128	中国地能	-1.18	415912	0.167	0.169	8000	2472000	0.00	0.169	0.174	0.163	--  	0.00	6.51	-0.002	工业工程	--  	0.167	
08086	ＤＸ．ＣＯＭ控股	2.09	403960	0.244	0.239	8000	1664000	0.00	0.240	0.245	0.240	--  	0.00	2.09	0.005	软件服务	--  	0.244	
08232	CLASSIFIED GP	-2.31	400100	1.690	1.730	5000	235000	-0.59	1.710	1.720	1.690	--  	0.00	1.73	-0.040	酒店及消闲	--  	1.690	
08230	中国宇天	0.00	398250	0.550	0.550	5000	715000	-1.79	0.550	0.560	0.550	--  	0.00	1.82	0.000	建筑	--  	0.550	
08060	国联通信	13.82	396937	0.140	0.123	10000	2848440	-1.41	0.103	0.160	0.103	--  	0.00	46.34	0.017	软件服务	--  	0.140	
08206	神通机器人教育	-3.80	383510	0.380	0.395	1000	948000	2.70	0.395	0.425	0.370	--  	0.00	13.92	-0.015	软件服务	--  	0.380	
08300	皇玺餐饮集团	-3.13	381520	0.124	0.128	20000	3040000	0.00	0.126	0.127	0.124	--  	0.00	2.34	-0.004	酒店及消闲	--  	0.124	
08116	中国幸福投资	-10.00	380266	0.090	0.100	20000	4160800	1.12	0.093	0.098	0.089	--  	0.00	9.00	-0.010	纺织服饰	--  	0.090	
08411	K W NELSON GP	-5.09	359530	0.205	0.216	10000	1690000	-1.91	0.225	0.225	0.205	--  	0.00	9.26	-0.011	建筑	--  	0.205	
08026	长达健康	1.67	341930	0.305	0.300	1000	1122000	0.00	0.300	0.310	0.300	--  	0.00	3.33	0.005	医药医疗	--  	0.305	
08260	银合控股	-4.35	340100	0.660	0.690	10000	510000	0.00	0.690	0.690	0.660	--  	0.00	4.35	-0.030	支援服务	--  	0.660	
08237	华星控股	0.00	337860	0.750	0.750	2000	462000	1.35	0.730	0.750	0.720	--  	0.00	4.00	0.000	酒店及消闲	--  	0.750	
08038	金力集团	0.00	324860	1.380	1.380	2000	237000	1.47	1.380	1.380	1.340	--  	0.00	2.90	0.000	工业工程	--  	1.380	
08013	ECI TECH	-2.86	324680	0.102	0.105	20000	3160000	0.00	0.101	0.106	0.100	--  	0.00	5.71	-0.003	软件服务	--  	0.102	
08315	冠辉集团控股	0.00	320440	0.035	0.035	10000	9280000	0.00	0.034	0.036	0.034	--  	0.00	5.71	0.000	支援服务	--  	0.035	
08425	兴铭控股	2.11	312840	0.970	0.950	4000	324000	0.00	0.960	0.980	0.960	--  	0.00	2.11	0.020	建筑	--  	0.970	
08326	同景新能源	-0.96	302900	2.060	2.080	1000	150000	0.00	2.050	2.060	2.000	--  	0.00	2.88	-0.020	酒店及消闲	--  	2.060	
08369	立基工程控股	-2.01	296990	0.195	0.199	10000	1520000	0.52	0.196	0.200	0.194	--  	0.00	3.02	-0.004	建筑	--  	0.195	
08280	中国数字视频	-3.51	295900	1.100	1.140	2000	278000	0.00	1.080	1.100	1.040	--  	0.00	5.26	-0.040	媒体及娱乐	--  	1.100	
08112	FOCUS MEDIA	-4.62	291629	0.227	0.238	24000	1264000	0.00	0.233	0.237	0.227	--  	0.00	4.20	-0.011	媒体及娱乐	--  	0.227	
08362	运兴泰集团	-1.74	275540	0.113	0.115	20000	2420000	-1.74	0.115	0.116	0.111	--  	0.00	4.35	-0.002	农业产品	--  	0.113	
08181	港深联合	-1.14	274128	0.174	0.176	8000	1560000	0.00	0.176	0.176	0.174	--  	0.00	1.14	-0.002	支援服务	--  	0.174	
08087	中国三三传媒	6.90	263190	0.031	0.029	20000	8630000	0.00	0.030	0.032	0.030	--  	0.00	6.90	0.002	媒体及娱乐	--  	0.031	
08250	丝路能源	-4.17	257460	0.069	0.072	20000	3680000	0.00	0.070	0.070	0.069	--  	0.00	1.39	-0.003	煤炭	--  	0.069	
08070	侨洋国际控股	-1.64	255850	0.600	0.610	5000	440000	3.45	0.600	0.600	0.520	--  	0.00	13.11	-0.010	工业工程	--  	0.600	
08005	裕兴科技	0.00	252740	0.820	0.820	2000	318000	0.00	0.800	0.820	0.790	--  	0.00	3.66	0.000	信息器材	--  	0.820	
08108	福泽集团	0.87	237028	0.116	0.115	2000	2072000	0.00	0.114	0.116	0.114	--  	0.00	1.74	0.001	支援服务	--  	0.116	
08135	正美丰业	0.00	232050	0.510	0.510	5000	430000	-5.56	0.550	0.550	0.500	--  	0.00	9.80	0.000	汽车	--  	0.510	
08030	汇联金融服务	0.00	229650	0.900	0.900	5000	255000	0.00	0.900	0.910	0.890	--  	1.11	2.22	0.000	其他金融	--  	0.900	
08229	FUTURE DATA	1.23	225125	0.410	0.405	5000	555000	0.00	0.410	0.425	0.390	--  	0.00	8.64	0.005	软件服务	--  	0.410	
08460	基地锦标集团	0.57	223600	0.176	0.175	10000	1270000	0.00	0.175	0.182	0.173	--  	0.00	5.14	0.001	建筑	--  	0.176	
08142	德利机械	0.00	223600	0.375	0.375	10000	600000	0.00	0.375	0.380	0.370	--  	0.00	2.67	0.000	工业工程	--  	0.375	
08238	惠陶集团	2.13	220440	0.048	0.047	8000	4608000	0.00	0.048	0.050	0.047	--  	0.00	6.38	0.001	媒体及娱乐	--  	0.048	
08027	吉辉控股	-5.34	220150	0.124	0.131	5000	1755000	0.00	0.131	0.131	0.124	--  	0.00	5.34	-0.007	支援服务	--  	0.124	
08126	Ｇ．Ａ．控股	5.66	208600	0.560	0.530	4000	380000	0.00	0.540	0.560	0.530	--  	0.00	5.66	0.030	汽车	--  	0.560	
08290	亚势备份	0.00	203330	0.095	0.095	10000	2160000	0.00	0.090	0.095	0.090	--  	0.00	5.26	0.000	软件服务	--  	0.095	
08256	金利通	0.00	199672	0.041	0.041	4000	4976000	0.00	0.040	0.042	0.040	--  	0.00	4.88	0.000	电讯	--  	0.041	
08196	建禹集团	-0.36	197560	2.730	2.740	4000	72000	0.00	2.860	2.860	2.720	--  	0.00	5.11	-0.010	公用事业	--  	2.730	
08320	沛然环保	3.06	193230	0.202	0.196	10000	1010000	4.12	0.197	0.202	0.185	--  	0.00	8.67	0.006	支援服务	--  	0.202	
08121	超凡网络	0.00	192490	0.125	0.125	10000	1560000	2.46	0.123	0.126	0.122	--  	0.00	3.20	0.000	媒体及娱乐	--  	0.125	
08197	北斗嘉药业	0.00	184600	0.540	0.540	10000	340000	0.00	0.580	0.580	0.510	--  	0.00	12.96	0.000	医药医疗	--  	0.540	
08075	寰亚传媒	-1.32	178060	0.225	0.228	4000	800000	2.74	0.237	0.237	0.219	--  	0.00	7.89	-0.003	媒体及娱乐	--  	0.225	
08428	国茂控股	0.65	177348	0.154	0.153	12000	1140000	0.00	0.164	0.164	0.153	--  	0.00	7.19	0.001	酒店及消闲	--  	0.154	
08195	L&A INTL-NEW	-3.57	172042	0.054	0.056	24000	3215200	0.00	0.054	0.055	0.052	--  	0.00	5.36	-0.002	纺织服饰	--  	0.054	
08312	中国瀚亚	0.00	168200	0.580	0.580	10000	290000	0.00	0.580	0.580	0.580	--  	0.00	0.00	0.000	纺织服饰	--  	0.580	
08358	卓珈控股	0.00	167600	1.590	1.590	5000	105000	0.00	1.590	1.600	1.590	--  	0.00	0.63	0.000	医疗服务	--  	1.590	
08176	超人智能	0.00	162000	8.100	8.100	5000	20000	0.00	8.100	8.100	8.100	--  	0.00	0.00	0.000	医疗服务	--  	8.100	
08152	明梁控股	-1.79	161650	0.275	0.280	10000	590000	1.85	0.280	0.280	0.270	--  	0.00	3.57	-0.005	工业工程	--  	0.275	
08271	环球数码创意	-5.08	159200	0.280	0.295	2000	554000	0.00	0.300	0.300	0.280	--  	0.00	6.78	-0.015	媒体及娱乐	--  	0.280	
08266	金达集团国际	1.23	158528	0.082	0.081	16000	1952000	0.00	0.081	0.082	0.081	--  	0.00	1.23	0.001	信息器材	--  	0.082	
08079	易还财务投资	0.00	152200	0.720	0.720	5000	215000	2.86	0.690	0.730	0.690	--  	0.00	5.56	0.000	其他金融	--  	0.720	
08222	壹照明	-0.43	150920	0.230	0.231	4000	660000	0.00	0.230	0.231	0.220	--  	0.00	4.76	-0.001	家电及用品	--  	0.230	
08148	奥柏中国	-2.08	147330	0.141	0.144	20000	1050000	0.71	0.141	0.141	0.140	--  	0.00	0.69	-0.003	软件服务	--  	0.141	
08409	海鑫集团	4.11	146700	0.380	0.365	10000	400000	0.00	0.350	0.385	0.350	--  	0.00	9.59	0.015	建筑	--  	0.380	
08431	浩柏国际	-6.95	138930	0.174	0.187	10000	800000	0.00	0.161	0.175	0.161	--  	0.00	7.49	-0.013	酒店及消闲	--  	0.174	
08245	安悦国际控股	0.00	138485	0.137	0.137	5000	1005000	0.00	0.135	0.144	0.135	--  	0.00	6.57	0.000	信息器材	--  	0.137	
08356	中国新华电视	2.67	138110	0.077	0.075	10000	1820000	0.00	0.074	0.077	0.072	--  	0.00	6.67	0.002	建筑	--  	0.077	
08220	比高集团	-6.06	132340	0.093	0.099	20000	1440000	-2.11	0.091	0.095	0.090	--  	0.00	5.05	-0.006	媒体及娱乐	--  	0.093	
08091	奥传思维控股	-4.76	131140	0.140	0.147	10000	920000	0.00	0.140	0.146	0.140	--  	0.00	4.08	-0.007	媒体及娱乐	--  	0.140	
08119	即时科研	-8.05	131000	0.800	0.870	10000	160000	-15.79	0.950	0.950	0.800	--  	0.00	17.24	-0.070	地产	--  	0.800	
08225	中国医疗集团	-8.57	129825	0.128	0.140	20000	1020040	2.40	0.140	0.140	0.121	--  	0.00	13.57	-0.012	医药医疗	--  	0.128	
08361	中国育儿网络	4.44	126800	1.410	1.350	2000	94000	4.44	1.340	1.410	1.340	--  	0.00	5.19	0.060	软件服务	--  	1.410	
08035	骏高控股	0.00	125800	0.305	0.305	10000	410000	-1.61	0.305	0.310	0.305	--  	0.00	1.64	0.000	工用运输	--  	0.305	
08067	东方大学城控股	0.00	120960	2.520	2.520	1000	48000	0.00	2.520	2.520	2.520	--  	0.00	0.00	0.000	支援服务	--  	2.520	
08345	火岩控股	-0.60	118500	5.010	5.040	2000	24000	0.00	4.500	5.040	4.500	--  	2.99	10.71	-0.030	软件服务	--  	5.010	
08365	建泉国际控股	2.63	117000	0.390	0.380	5000	300000	0.00	0.390	0.390	0.390	--  	0.00	0.00	0.010	其他金融	--  	0.390	
08006	华泰瑞银	1.63	114214	0.249	0.245	10000	468500	0.00	0.241	0.249	0.240	--  	0.00	3.67	0.004	媒体及娱乐	--  	0.249	
08160	GOLDWAY EDU	-1.39	114000	0.710	0.720	12000	168000	7.58	0.680	0.710	0.660	--  	0.00	6.94	-0.010	支援服务	--  	0.710	
08355	超智能控股	0.00	112850	0.375	0.375	10000	300000	0.00	0.375	0.380	0.375	--  	0.00	1.33	0.000	软件服务	--  	0.375	
08106	升华兰德	0.00	111550	0.415	0.415	5000	270000	0.00	0.390	0.415	0.390	--  	0.00	6.02	0.000	软件服务	--  	0.415	
08218	毅高国际控股	1.78	109252	0.229	0.225	4000	460000	0.00	0.230	0.242	0.229	--  	0.00	5.78	0.004	工业工程	--  	0.229	
08236	宝德科技集团	1.99	108400	3.080	3.020	1000	36000	-0.32	2.980	3.090	2.980	--  	0.00	3.64	0.060	软件服务	--  	3.080	
08291	万成金属包装	0.00	105550	2.400	2.400	5000	45000	0.00	2.280	2.400	2.220	--  	0.00	7.50	0.000	工用支援	--  	2.400	
08056	饮食概念	-3.70	102500	0.260	0.270	5000	390000	0.00	0.265	0.265	0.255	--  	0.00	3.70	-0.010	酒店及消闲	--  	0.260	
08069	纵横游控股	-1.18	100700	0.840	0.850	5000	120000	-1.18	0.840	0.850	0.810	--  	0.00	4.71	-0.010	酒店及消闲	--  	0.840	
08165	华普智通	-5.56	98870	0.034	0.036	10000	2860000	0.00	0.036	0.036	0.034	--  	0.00	5.56	-0.002	软件服务	--  	0.034	
08295	中植资本国际	-2.94	93100	0.330	0.340	20000	280000	0.00	0.335	0.335	0.330	--  	0.00	1.47	-0.010	其他金融	--  	0.330	
08088	汇友科技控股	-4.17	90156	0.046	0.048	8000	1938000	0.00	0.047	0.047	0.046	--  	0.00	2.08	-0.002	其他金融	--  	0.046	
08117	中国基础能源	0.00	90000	0.900	0.900	10000	100000	0.00	0.900	0.900	0.900	--  	0.00	0.00	0.000	公用事业	--  	0.900	
08178	中国信息科技	-0.66	89238	0.151	0.152	24000	603200	2.03	0.148	0.151	0.145	--  	0.00	3.95	-0.001	软件服务	--  	0.151	
08192	环球能源资源	0.00	87180	0.365	0.365	12000	240000	0.00	0.360	0.365	0.360	--  	0.00	1.37	0.000	一般金属	--  	0.365	
08057	麦迪森控股	-1.08	86720	1.840	1.860	4000	48000	-0.54	1.860	1.860	1.750	--  	0.00	5.91	-0.020	食物饮品	--  	1.840	
08143	华夏医疗	1.73	86420	0.176	0.173	4000	500000	-1.12	0.169	0.178	0.169	--  	0.00	5.20	0.003	医药医疗	--  	0.176	
08037	锐康药业	-2.60	81400	0.750	0.770	20000	110000	1.35	0.750	0.750	0.740	--  	0.00	1.30	-0.020	医药医疗	--  	0.750	
08243	大贺传媒	0.00	77150	0.410	0.410	5000	190000	0.00	0.400	0.410	0.400	--  	0.00	2.44	0.000	媒体及娱乐	--  	0.410	
08343	宏光照明	-1.28	77000	0.770	0.780	5000	100000	0.00	0.770	0.770	0.770	--  	0.00	0.00	-0.010	工业工程	--  	0.770	
08246	北方新能源	-1.59	74400	0.310	0.315	8000	240000	0.00	0.310	0.310	0.310	--  	0.00	0.00	-0.005	工业工程	--  	0.310	
08240	展程控股	2.46	72660	0.208	0.203	10000	350000	0.00	0.210	0.210	0.203	--  	0.00	3.45	0.005	农业产品	--  	0.208	
08316	柏荣集团控股	0.63	70300	1.610	1.600	10000	40000	0.00	1.710	1.900	1.610	--  	0.00	18.12	0.010	建筑	--  	1.610	
08317	财华社集团	0.00	69940	0.700	0.700	2000	100000	-1.41	0.690	0.710	0.690	--  	0.00	2.86	0.000	软件服务	--  	0.700	
08405	恒智控股	0.00	69720	0.880	0.880	4000	80000	1.15	0.870	0.880	0.870	--  	0.00	1.14	0.000	支援服务	--  	0.880	
08186	同仁资源	0.00	68320	0.099	0.099	20000	695680	0.00	0.098	0.099	0.098	--  	0.00	1.01	0.000	原材料	--  	0.099	
08052	陆庆娱乐	-2.86	65240	0.102	0.105	10000	620000	-0.97	0.110	0.110	0.102	--  	0.00	7.62	-0.003	酒店及消闲	--  	0.102	
08333	阿仕特朗金融	4.23	64725	0.370	0.355	5000	175000	0.00	0.365	0.370	0.365	--  	0.00	1.41	0.015	其他金融	--  	0.370	
08053	比优集团	1.67	63780	0.610	0.600	20000	106000	0.00	0.600	0.610	0.600	--  	0.00	1.67	0.010	工用支援	--  	0.610	
08258	西北实业	-1.64	60000	0.300	0.305	10000	200000	0.00	0.300	0.300	0.300	--  	0.00	0.00	-0.005	工业工程	--  	0.300	
08233	中国基建港口	0.00	58760	1.050	1.050	4000	56000	0.00	1.040	1.050	1.040	--  	0.00	0.95	0.000	工用运输	--  	1.050	
08101	家梦控股	1.15	57972	0.088	0.087	4000	680000	-1.12	0.085	0.089	0.084	--  	0.00	5.75	0.001	家电及用品	--  	0.088	
08421	永顺控股香港	0.00	52025	0.360	0.360	5000	145000	1.41	0.365	0.365	0.355	--  	0.00	2.78	0.000	支援服务	--  	0.360	
08025	亚洲资产	0.00	51490	0.250	0.250	2000	206000	0.00	0.250	0.250	0.245	--  	0.00	2.00	0.000	其他金融	--  	0.250	
08201	宝联控股	-3.53	47465	0.410	0.425	20000	114600	0.00	0.420	0.420	0.410	--  	0.00	2.35	-0.015	支援服务	--  	0.410	
08045	南大苏富特	-1.74	47364	0.226	0.230	6000	198000	0.00	0.239	0.244	0.226	--  	0.00	7.83	-0.004	软件服务	--  	0.226	
08337	直通电讯	-7.94	47270	0.058	0.063	10000	830000	1.75	0.060	0.060	0.056	--  	0.00	6.35	-0.005	电讯	--  	0.058	
08423	CHI HO DEV	2.70	45000	0.760	0.740	10000	60000	-1.30	0.740	0.770	0.740	--  	0.00	4.05	0.020	建筑	--  	0.760	
08131	辰罡科技	5.56	43940	0.190	0.180	10000	250000	0.00	0.175	0.190	0.175	--  	0.00	8.33	0.010	软件服务	--  	0.190	
08166	中国农业生态	1.50	43320	0.135	0.133	20000	320000	0.00	0.133	0.136	0.133	--  	0.00	2.26	0.002	工用支援	--  	0.135	
08353	安科系统	0.00	39600	0.630	0.630	3000	63000	0.00	0.630	0.630	0.630	--  	0.00	0.00	0.000	软件服务	--  	0.630	
08310	大丰港	-1.00	38900	0.990	1.000	10000	40000	6.45	0.990	0.990	0.930	--  	0.00	6.00	-0.010	工用运输	--  	0.990	
08028	天时软件	-1.43	37760	0.069	0.070	20000	540000	0.00	0.070	0.070	0.069	--  	0.00	1.43	-0.001	黄金贵金属	--  	0.069	
08188	骏杰集团控股	0.00	37380	0.300	0.300	4000	124000	0.00	0.315	0.315	0.300	--  	0.00	5.00	0.000	建筑	--  	0.300	
08115	上海青浦消防	1.25	32680	0.810	0.800	4000	40000	0.00	0.830	0.830	0.810	--  	0.00	2.50	0.010	工业工程	--  	0.810	
08103	万泰企业股份	-9.41	31560	1.540	1.700	20000	20500	0.00	1.540	1.540	1.540	--  	0.00	0.00	-0.160	软件服务	--  	1.540	
08296	中国生命集团	5.47	29376	0.135	0.128	4000	220000	0.00	0.131	0.135	0.128	--  	0.00	5.47	0.007	支援服务	--  	0.135	
08282	智傲控股	-1.10	28760	1.790	1.810	4000	16000	0.00	1.800	1.800	1.790	--  	0.00	0.55	-0.020	软件服务	--  	1.790	
08020	宏海控股集团	1.85	26400	0.220	0.216	10000	120000	0.00	0.220	0.220	0.220	--  	0.00	0.00	0.004	工用运输	--  	0.220	
08162	港银控股	0.00	24200	0.360	0.360	10000	70000	0.00	0.360	0.360	0.335	--  	0.00	6.94	0.000	黄金贵金属	--  	0.360	
08109	麒麟集团控股	0.00	23355	0.022	0.022	15000	1110000	4.76	0.021	0.022	0.021	--  	0.00	4.55	0.000	软件服务	--  	0.022	
08161	医汇集团	0.84	22830	0.120	0.119	10000	190000	0.00	0.123	0.123	0.120	--  	0.00	2.52	0.001	医疗服务	--  	0.120	
08120	国农金融投资	3.80	20993	0.082	0.079	20000	264225	3.80	0.079	0.082	0.079	--  	0.00	3.80	0.003	综合企业	--  	0.082	
08150	无缝绿色	-4.51	20920	0.127	0.133	10000	160000	0.00	0.133	0.133	0.127	--  	0.00	4.51	-0.006	家电及用品	--  	0.127	
08268	迪臣建设	0.00	20528	0.192	0.192	8000	108000	2.67	0.190	0.192	0.187	--  	0.00	2.60	0.000	建筑	--  	0.192	
08262	宏强控股	0.00	20500	0.415	0.415	10000	50000	1.22	0.410	0.410	0.410	--  	0.00	0.00	0.000	建筑	--  	0.415	
08270	中国煤层气	2.53	19740	0.081	0.079	40000	250000	0.00	0.079	0.081	0.079	--  	0.00	2.53	0.002	石油天然气	--  	0.081	
08239	首都金融控股	-0.71	17550	0.140	0.141	2000	122400	-0.71	0.141	0.141	0.141	--  	0.00	0.00	-0.001	其他金融	--  	0.140	
08286	长城微光	13.43	16875	0.380	0.335	5000	45000	0.00	0.380	0.385	0.325	--  	0.00	17.91	0.045	信息器材	--  	0.380	
08442	桦欣控股	1.92	16825	8.500	8.340	500	2000	0.00	8.300	8.500	8.300	--  	0.00	2.40	0.160	纺织服饰	--  	8.500	
08098	昌利控股	-0.56	16070	0.178	0.179	10000	90000	0.00	0.178	0.179	0.178	--  	0.00	0.56	-0.001	其他金融	--  	0.178	
08439	新百利融资	-3.48	15440	1.940	2.010	2000	8000	0.00	1.900	1.940	1.900	--  	0.00	1.99	-0.070	其他金融	--  	1.940	
08041	荟萃国际（控股）	-3.60	14980	0.107	0.111	20000	140000	0.00	0.107	0.107	0.107	--  	0.00	0.00	-0.004	纺织服饰	--  	0.107	
08319	思博系统	0.00	14400	0.160	0.160	10000	90000	0.00	--  	0.160	--  	--  	0.00	0.00	0.000	软件服务	--  	0.160	
08407	兴证国际	1.77	13800	1.150	1.130	2000	12000	0.00	1.150	1.150	1.150	--  	0.00	0.00	0.020	其他金融	--  	1.150	
08255	神州数字	0.00	13260	0.550	0.550	6000	24000	1.85	0.590	0.590	0.540	--  	0.00	9.09	0.000	软件服务	--  	0.550	
08149	浩德控股	0.00	13000	0.325	0.325	10000	40000	0.00	0.325	0.325	0.325	--  	0.00	0.00	0.000	其他金融	--  	0.325	
08590	L&A INTL-OLD	-8.33	10961	0.055	0.060	400	199200	0.00	0.060	0.060	0.054	--  	0.00	10.00	-0.005		--  	0.055	
08003	世大控股	-3.64	10176	0.053	0.055	2000	192000	0.00	0.053	0.053	0.053	--  	0.00	0.00	-0.002	原材料	--  	0.053	
08031	易通讯集团	0.00	9520	1.190	1.190	2000	8000	0.00	1.190	1.190	1.190	--  	0.00	0.00	0.000	支援服务	--  	1.190	
08311	圆美光电	2.20	9300	0.465	0.455	10000	20000	0.00	0.465	0.465	0.465	--  	0.00	0.00	0.010	信息器材	--  	0.465	
08212	誉满国际控股	1.71	8792	0.178	0.175	8000	49666	0.00	0.175	0.178	0.175	--  	0.00	1.71	0.003	其他金融	--  	0.178	
08051	讯智海	-0.60	8053	16.540	16.640	200	483	-2.13	16.900	16.900	16.540	--  	0.00	2.16	-0.100	信息器材	--  	16.540	
08063	环球大通集团	0.00	6360	0.129	0.129	50000	58000	0.00	0.111	0.111	0.111	--  	0.00	0.00	0.000	酒店及消闲	--  	0.129	
08235	赛迪顾问	-6.15	6100	0.305	0.325	10000	20000	0.00	0.305	0.305	0.305	--  	0.00	0.00	-0.020	软件服务	--  	0.305	
08213	新智控股	-1.20	5810	0.082	0.083	10000	70000	-1.20	0.083	0.083	0.083	--  	0.00	0.00	-0.001	酒店及消闲	--  	0.082	
08249	瑞远智控	-4.76	4500	0.300	0.315	5000	15000	0.00	0.300	0.300	0.300	--  	0.00	0.00	-0.015	信息器材	--  	0.300	
08082	仁智国际集团	0.00	3960	0.198	0.198	5000	20000	0.00	0.198	0.198	0.198	--  	0.00	0.00	0.000	支援服务	--  	0.198	
08309	万成环球控股	0.00	3900	0.390	0.390	10000	10000	0.00	0.390	0.390	0.390	--  	0.00	0.00	0.000	支援服务	--  	0.390	
08169	环康集团	4.40	1900	0.190	0.182	10000	10000	0.00	0.190	0.190	0.190	--  	0.00	0.00	0.008	工业工程	--  	0.190	
08066	品创控股	2.53	790	0.162	0.158	5000	5000	2.53	0.158	0.158	0.158	--  	0.00	0.00	0.004	石油天然气	--  	0.162	
08111	中科光电	3.23	480	0.096	0.093	5000	5000	0.00	0.096	0.096	0.096	--  	0.00	0.00	0.003	软件服务	--  	0.096	
08591	罗马集团（旧）	0.00	0	0.150	0.150	5000	0	0.00	--  	0.150	--  	--  	0.00	0.00	0.000		--  	0.150	
08363	SDM GROUP	0.00	0	0.410	0.410	2000	0	0.00	--  	0.410	--  	--  	0.00	0.00	0.000	支援服务	--  	0.410	
08351	俊文宝石	-1.33	0	0.370	0.375	20000	0	0.00	--  	0.370	--  	--  	0.00	0.00	-0.005	纺织服饰	--  	0.370	
08348	滨海泰达物流	0.00	0	1.230	1.230	2000	0	0.00	--  	1.230	--  	--  	0.00	0.00	0.000	工用支援	--  	1.230	
08341	艾硕控股	0.00	0	2.700	2.700	5000	0	0.00	--  	2.700	--  	--  	0.00	0.00	0.000	建筑	--  	2.700	
08306	中国有色金属	0.00	0	0.201	0.201	10000	0	0.00	--  	0.201	--  	--  	0.00	0.00	0.000	一般金属	--  	0.201	
08297	芭迪贝伊	0.00	0	0.255	0.255	5000	0	0.00	--  	0.255	--  	--  	0.00	0.00	0.000	纺织服饰	--  	0.255	
08281	中国金典集团	0.00	0	0.320	0.320	8000	0	0.00	--  	0.320	--  	--  	0.00	0.00	0.000	纺织服饰	--  	0.320	
08277	骏东控股	0.00	0	0.810	0.810	2000	0	0.00	--  	0.810	--  	--  	0.00	0.00	0.000	原材料	--  	0.810	
08273	浙江展望	0.00	0	1.430	1.430	2000	0	0.00	--  	1.430	--  	--  	0.00	0.00	0.000	汽车	--  	1.430	
08211	浙江永安	0.00	0	0.270	0.270	10000	0	0.00	--  	0.270	--  	--  	0.00	0.00	0.000	纺织服饰	--  	0.270	
08205	交大慧谷	0.00	0	0.380	0.380	4000	0	0.00	--  	0.380	--  	--  	0.00	0.00	0.000	信息器材	--  	0.380	
08191	鸿伟亚洲	0.00	0	0.360	0.360	6000	0	0.00	--  	0.360	--  	--  	0.00	0.00	0.000	原材料	--  	0.360	
08189	泰达生物	0.00	0	0.400	0.400	5000	0	0.00	--  	0.400	--  	--  	0.00	0.00	0.000	原材料	--  	0.400	
08173	万亚企业控股	0.00	0	0.027	0.027	40000	0	0.00	--  	0.027	--  	--  	0.00	0.00	0.000	一般金属	--  	0.027	
08159	辉煌科技	-1.61	0	0.610	0.620	5000	0	0.00	--  	0.610	--  	--  	0.00	0.00	-0.010	信息器材	--  	0.610	
08155	南华资产控股	0.00	0	0.051	0.051	8000	0	0.00	--  	0.051	--  	--  	0.00	0.00	0.000	地产	--  	0.051	
08139	长安仁恒	0.00	0	3.500	3.500	500	0	0.00	--  	3.500	--  	--  	0.00	0.00	0.000	原材料	--  	3.500	
08122	德莱建业	--  	0	0.000	--  	0	0	--  	--  	--  	--  	--  	0.00	--  	--  		--  	0.000	
08113	扬宇科技	0.00	0	0.610	0.610	10000	0	0.00	--  	0.610	--  	--  	1.64	0.00	0.000	工业工程	--  	0.610	
08092	ITE HOLDINGS	0.00	0	0.114	0.114	4000	0	0.00	--  	0.114	--  	--  	0.00	0.00	0.000	软件服务	--  	0.114	
08076	新利软件	0.00	0	0.150	0.150	5000	0	0.00	--  	0.150	--  	--  	0.00	0.00	0.000	软件服务	--  	0.150	
08048	御德国际控股	0.00	0	0.078	0.078	2000	0	0.00	--  	0.078	--  	--  	0.00	0.00	0.000	软件服务	--  	0.078	
08039	KNK HOLDINGS	5.33	0	1.780	1.690	8000	0	0.00	--  	1.780	--  	--  	0.00	0.00	0.090	建筑	--  	1.780	
08033	爱达利网络	0.00	0	0.290	0.290	2000	0	0.00	--  	0.290	--  	--  	0.00	0.00	0.000	软件服务	--  	0.290	
08023	邝文记	0.00	0	0.500	0.500	6000	0	0.00	--  	0.500	--  	--  	0.00	0.00	0.000	建筑	--  	0.500	
08016	长虹佳华	0.00	0	0.910	0.910	2000	0	0.00	--  	0.910	--  	--  	0.00	0.00	0.000	信息器材	--  	0.910	
08011	百田石油	0.00	0	0.165	0.165	20000	0	0.00	--  	0.165	--  	--  	0.00	0.00	0.000	石油天然气	--  	0.165	
08592	罗马集团股权	--  	0	0.000	--  	0	0	--  	--  	--  	--  	--  	0.00	--  	--  		--  	0.000	
数据来源:通达信
