代码	名称	涨幅%%	总金额	现价	昨收	每手	总量	涨速%%	今开	最高	最低	抛空额	股息率%%	振幅%%	涨跌	细分行业	抛空量	按盘价	
08137	洪桥集团	4.85	37696480	1.730	1.650	2000	22154000	0.58	1.680	1.740	1.650	3341980	0.00	5.45	0.080	工业工程	1956000	1.730	
08012	环宇物流（亚洲）	12.58	32584510	1.790	1.590	8000	19112110	-0.56	1.610	1.840	1.510	--  	0.00	20.75	0.200	工用运输	--  	1.790	
08207	中新控股	0.96	29068962	1.050	1.040	4000	27808000	0.00	1.060	1.100	1.030	16800	0.00	6.73	0.010	其他金融	16000	1.050	
08470	莹岚集团	27.91	24799336	0.550	0.430	8000	46053500	-3.51	0.420	0.640	0.420	--  	0.00	51.16	0.120	建筑	--  	0.550	
08392	舍图控股	31.31	23373202	0.650	0.495	10000	43340000	4.84	0.495	0.650	0.485	--  	0.00	33.33	0.155	家电及用品	--  	0.650	
08227	海天天线控股	-4.76	23290762	6.810	7.150	4000	3348000	-0.29	7.160	7.160	6.670	--  	0.00	6.85	-0.340	信息器材	--  	6.810	
08046	恒芯中国	22.22	21113838	0.044	0.036	4000	525576000	2.33	0.036	0.044	0.036	--  	0.00	22.22	0.008	媒体及娱乐	--  	0.044	
08133	铸能控股	-2.86	13769901	0.340	0.350	20000	41740000	0.00	0.350	0.355	0.310	--  	0.00	12.86	-0.010	工业工程	--  	0.340	
08368	中国创意控股	17.24	12487741	0.510	0.435	1000	26109000	0.00	0.440	0.530	0.420	--  	0.00	25.29	0.075	媒体及娱乐	--  	0.510	
08158	中国再生医学	-2.33	11816856	0.210	0.215	5000	55245000	0.00	0.218	0.223	0.200	565740	0.00	10.70	-0.005	医药医疗	2700000	0.210	
08275	永勤集团控股	15.15	11245851	0.570	0.495	10000	21240000	0.00	0.495	0.570	0.490	--  	0.00	16.16	0.075	建筑	--  	0.570	
08242	宏创高科	-15.71	10627561	0.161	0.191	10000	66820000	0.00	0.189	0.189	0.140	--  	0.00	25.65	-0.030	半导体	--  	0.161	
08321	泰锦控股	-3.77	9382850	0.510	0.530	10000	18040000	2.00	0.540	0.560	0.470	--  	0.00	16.98	-0.020	建筑	--  	0.510	
08292	盛良物流	2.99	9328118	2.410	2.340	10000	3910000	0.84	2.400	2.450	2.330	--  	0.00	5.13	0.070	工用运输	--  	2.410	
08156	众彩股份	-3.41	8864850	0.850	0.880	5000	10410000	-1.16	0.870	0.880	0.840	--  	0.00	4.55	-0.030	酒店及消闲	--  	0.850	
08257	靖洋集团	-16.78	8775000	1.240	1.490	10000	6930000	-0.80	1.490	1.490	1.140	--  	0.00	23.49	-0.250	半导体	--  	1.240	
08465	高科桥	-5.98	7449461	3.300	3.510	2000	2316000	-0.30	3.500	3.500	3.000	--  	0.00	14.25	-0.210	信息器材	--  	3.300	
08279	亚博科技控股	-2.27	7203961	1.290	1.320	4000	5509000	-0.77	1.380	1.380	1.280	157720	0.00	7.58	-0.030	酒店及消闲	120000	1.290	
08193	汉华专业服务	1.25	6846311	0.081	0.080	5000	87810000	2.53	0.080	0.083	0.074	--  	0.00	11.25	0.001	其他金融	--  	0.081	
08328	信义香港	-4.49	6719038	1.700	1.780	4000	3907000	0.00	1.780	1.780	1.690	--  	0.00	5.06	-0.080		--  	1.700	
08436	德宝集团控股	8.20	6506301	0.660	0.610	5000	10405000	3.13	0.610	0.660	0.600	--  	0.00	9.84	0.050	纺织服饰	--  	0.660	
08008	新意网集团	1.29	6436334	5.490	5.420	1000	1183578	0.00	5.420	5.500	5.380	385510	2.50	2.21	0.070	软件服务	71000	5.490	
08252	泰和小贷	1.82	6386041	2.800	2.750	2000	2338000	1.45	2.690	2.800	2.690	--  	0.00	4.00	0.050	其他金融	--  	2.800	
08095	北大青鸟环宇	-3.86	6149171	1.990	2.070	1000	3096000	0.00	2.000	2.050	1.930	--  	0.00	5.80	-0.080	软件服务	--  	1.990	
08075	寰亚传媒	20.19	6072761	0.250	0.208	4000	21482256	-5.66	0.212	0.330	0.205	--  	0.00	60.10	0.042	媒体及娱乐	--  	0.250	
08187	永骏国际控股	0.00	5986801	1.370	1.370	5000	4380000	0.00	1.360	1.420	1.360	--  	0.00	4.38	0.000	纺织服饰	--  	1.370	
08217	联旺集团	-2.38	5839951	0.410	0.420	10000	14160000	-1.20	0.420	0.420	0.405	--  	0.00	3.57	-0.010	建筑	--  	0.410	
08226	树熊金融集团	0.00	5743421	0.355	0.355	4000	16140000	0.00	0.355	0.365	0.350	--  	0.00	4.23	0.000	农业产品	--  	0.355	
08081	互娱中国	3.03	5721523	0.034	0.033	10000	164760160	0.00	0.034	0.038	0.033	--  	0.00	15.15	0.001	医疗服务	--  	0.034	
08231	节能元件	-0.95	5601471	0.208	0.210	10000	27070000	1.46	0.209	0.213	0.200	--  	0.00	6.19	-0.002	半导体	--  	0.208	
08308	古兜控股	0.59	5375571	1.710	1.700	4000	3143500	0.00	1.700	1.730	1.670	--  	0.00	3.53	0.010	酒店及消闲	--  	1.710	
08417	大地教育	-4.50	4727800	1.060	1.110	10000	4390000	0.95	1.100	1.160	1.040	--  	0.00	10.81	-0.050	支援服务	--  	1.060	
08059	朝威控股	0.00	4661000	0.590	0.590	5000	8070000	1.72	0.580	0.590	0.550	--  	0.00	6.78	0.000	建筑	--  	0.590	
08469	盛业资本	0.00	4454200	6.030	6.030	2000	738000	0.00	5.900	6.100	5.900	--  	0.00	3.32	0.000	其他金融	--  	6.030	
08446	ITP HOLDINGS	6.69	4329300	6.700	6.280	10000	690000	5.68	5.890	6.900	5.890	--  	0.00	16.08	0.420	媒体及娱乐	--  	6.700	
08347	Ｆ８企业	-1.75	4270920	0.280	0.285	8000	14728000	1.82	0.285	0.295	0.275	--  	0.00	7.02	-0.005	石油天然气	--  	0.280	
08416	HM INTL HLDGS	-4.39	4242550	1.090	1.140	5000	4035000	0.93	1.120	1.140	0.980	--  	0.00	14.04	-0.050	工用支援	--  	1.090	
08101	家梦控股	0.00	4211712	0.088	0.088	4000	48184000	0.00	0.086	0.088	0.085	--  	0.00	3.41	0.000	家电及用品	--  	0.088	
08130	智城控股	0.50	4202740	0.201	0.200	20000	21000000	0.00	0.200	0.205	0.200	--  	0.00	2.50	0.001	媒体及娱乐	--  	0.201	
08083	中国创新支付	-1.19	4043740	0.415	0.420	4000	9596000	-1.19	0.425	0.430	0.415	30920	0.00	3.57	-0.005	软件服务	72000	0.415	
08072	罗马集团（新）	-0.64	4036191	0.155	0.156	20000	26165626	0.65	0.159	0.159	0.151	--  	0.00	5.13	-0.001	其他金融	--  	0.155	
08102	利宝阁集团	-1.80	3615400	6.000	6.110	10000	620000	2.92	6.300	6.300	5.660	--  	0.00	10.47	-0.110	酒店及消闲	--  	6.000	
08073	兴业新材料	0.83	3383000	1.210	1.200	4000	2836000	0.83	1.200	1.210	1.190	--  	0.00	1.67	0.010	工业工程	--  	1.210	
08491	COOL LINK	0.00	3363950	0.560	0.560	5000	6060000	1.82	0.560	0.570	0.530	--  	0.00	7.14	0.000	食物饮品	--  	0.560	
08047	中国海洋捕捞	-1.49	3335000	0.660	0.670	4000	5028000	0.00	0.670	0.680	0.660	--  	0.00	2.99	-0.010	工用支援	--  	0.660	
08090	中国融保金融集团	3.23	3250340	0.960	0.930	2000	3512000	0.00	0.910	0.970	0.870	--  	0.00	10.75	0.030	其他金融	--  	0.960	
08138	同仁堂国药	0.72	3176640	11.180	11.100	1000	285000	0.54	11.200	11.240	11.040	67200	0.00	1.80	0.080	医药医疗	6000	11.180	
08410	安领国际	1.32	2878000	1.530	1.510	10000	1900000	0.00	1.500	1.570	1.500	--  	0.00	4.64	0.020	软件服务	--  	1.530	
08411	K W NELSON GP	3.64	2849130	0.228	0.220	10000	12250000	-0.87	0.228	0.247	0.223	--  	0.00	10.91	0.008	建筑	--  	0.228	
08340	域高金融	-0.92	2745500	1.080	1.090	10000	2530000	0.93	1.100	1.160	1.050	--  	0.28	10.09	-0.010	其他金融	--  	1.080	
08356	中国新华电视	4.11	2735580	0.076	0.073	10000	35950000	0.00	0.073	0.080	0.073	--  	0.00	9.59	0.003	建筑	--  	0.076	
08261	海天能源	4.23	2695040	0.370	0.355	8000	7592000	1.37	0.350	0.370	0.340	--  	0.00	8.45	0.015	公用事业	--  	0.370	
08283	正力控股	-8.59	2692300	1.170	1.280	5000	2235000	0.00	1.280	1.280	1.160	--  	0.00	9.38	-0.110	支援服务	--  	1.170	
08175	中国数码文化	0.00	2534400	0.445	0.445	10000	5740000	1.14	0.455	0.455	0.435	--  	0.00	4.49	0.000	酒店及消闲	--  	0.445	
08331	飞尚非金属	0.00	2494000	1.660	1.660	10000	1520000	1.22	1.680	1.680	1.620	--  	0.00	3.61	0.000	一般金属	--  	1.660	
08480	飞霓控股	-1.92	2335940	0.510	0.520	4000	4660000	2.00	0.520	0.530	0.495	--  	0.00	6.73	-0.010	纺织服饰	--  	0.510	
08085	香港生命科学	1.87	2296148	0.109	0.107	4000	20860000	0.00	0.107	0.112	0.107	--  	0.00	4.67	0.002	家电及用品	--  	0.109	
08457	健升物流中国	0.00	2230160	0.255	0.255	10000	8860000	0.00	0.260	0.265	0.245	--  	0.00	7.84	0.000	工用支援	--  	0.255	
08179	新煮意控股	-3.08	2212920	0.315	0.325	12000	6977600	0.00	0.325	0.335	0.300	--  	0.00	10.77	-0.010	酒店及消闲	--  	0.315	
08383	东骏控股	-1.64	2136640	0.600	0.610	8000	3504000	0.00	0.600	0.660	0.580	--  	0.00	13.11	-0.010	工用支援	--  	0.600	
08349	美固科技控股	-1.64	2134800	2.990	3.040	10000	720000	-0.33	3.000	3.020	2.870	--  	0.00	4.93	-0.050	建筑	--  	2.990	
08413	亚洲杂货	4.44	2096000	0.470	0.450	10000	4490000	0.00	0.420	0.495	0.400	--  	0.00	21.11	0.020	食物饮品	--  	0.470	
08112	FOCUS MEDIA	0.85	2063040	0.238	0.236	24000	8736000	0.00	0.236	0.238	0.231	--  	0.00	2.97	0.002	媒体及娱乐	--  	0.238	
08009	华夏能源控股	1.96	2028360	0.052	0.051	20000	36830000	-1.89	0.051	0.057	0.051	--  	0.00	11.76	0.001	其他金融	--  	0.052	
08077	昆仑国际金融	1.67	1814300	0.610	0.600	5000	3100000	-1.61	0.620	0.620	0.540	--  	0.00	13.33	0.010	其他金融	--  	0.610	
08228	国艺娱乐	0.44	1762220	0.230	0.229	20000	7800000	0.00	0.230	0.230	0.219	--  	0.00	4.80	0.001	媒体及娱乐	--  	0.230	
08007	环球战略集团	0.00	1690180	0.113	0.113	10000	14980000	-0.88	0.114	0.115	0.110	--  	0.00	4.42	0.000	一般金属	--  	0.113	
08293	星亚控股	1.71	1683600	9.500	9.340	5000	180000	0.00	9.340	9.500	9.340	--  	0.00	1.71	0.160	支援服务	--  	9.500	
08062	俊盟国际	-3.33	1640150	0.580	0.600	5000	2800000	1.75	0.620	0.640	0.570	--  	0.00	11.67	-0.020	软件服务	--  	0.580	
08038	金力集团	-0.71	1556760	1.400	1.410	2000	1150000	0.00	1.410	1.410	1.280	--  	0.00	9.22	-0.010		--  	1.400	
08176	超人智能	-1.28	1544800	7.700	7.800	5000	200000	0.00	7.700	7.800	7.500	--  	0.00	3.85	-0.100	医疗服务	--  	7.700	
08430	春能控股	4.11	1533300	0.380	0.365	5000	4195000	1.33	0.360	0.380	0.345	--  	0.00	9.59	0.015	工用运输	--  	0.380	
08065	高萌科技	-4.62	1526450	0.620	0.650	5000	2460000	-1.59	0.650	0.650	0.600	--  	0.00	7.69	-0.030	软件服务	--  	0.620	
08086	ＤＸ．ＣＯＭ控股	-4.00	1470398	0.240	0.250	8000	5874000	-1.23	0.260	0.265	0.240	--  	0.00	10.00	-0.010	软件服务	--  	0.240	
08022	永耀集团控股	0.00	1468860	0.510	0.510	3000	2937000	0.00	0.500	0.510	0.500	--  	0.00	1.96	0.000	酒店及消闲	--  	0.510	
08352	成安控股	-4.83	1467200	3.350	3.520	10000	440000	0.00	3.520	3.530	3.200	--  	0.00	9.38	-0.170	建筑	--  	3.350	
08342	飞思达科技	0.00	1435950	1.440	1.440	5000	990000	0.00	1.480	1.500	1.420	--  	0.42	5.56	0.000	软件服务	--  	1.440	
08147	汇思太平洋	-0.61	1381784	0.162	0.163	4000	8656000	0.00	0.161	0.162	0.158	--  	0.00	2.45	-0.001	电讯	--  	0.162	
08236	宝德科技集团	1.67	1335940	3.050	3.000	1000	416000	0.00	3.490	3.490	3.000	--  	0.00	16.33	0.050	软件服务	--  	3.050	
08129	中国生物资源	1.33	1316440	0.076	0.075	20000	18200000	7.04	0.075	0.077	0.066	--  	0.00	14.67	0.001	软件服务	--  	0.076	
08309	万成环球控股	-4.88	1278250	0.390	0.410	10000	3210000	0.00	0.415	0.415	0.390	--  	0.00	6.10	-0.020	支援服务	--  	0.390	
08088	汇友科技控股	2.13	1220703	0.048	0.047	8000	25746520	0.00	0.047	0.049	0.046	--  	0.00	6.38	0.001	其他金融	--  	0.048	
08071	中彩网通控股	-3.29	1215585	0.235	0.243	5000	5150000	0.00	0.243	0.243	0.232	--  	0.00	4.53	-0.008	酒店及消闲	--  	0.235	
08360	利骏集团香港	-1.68	1196456	0.176	0.179	4000	6744000	0.00	0.179	0.179	0.176	--  	0.00	1.68	-0.003	建筑	--  	0.176	
08325	中国支付通	-1.89	1193800	1.040	1.060	10000	1160000	0.00	1.050	1.050	1.020	--  	0.00	2.83	-0.020	软件服务	--  	1.040	
08167	中国新电信	-3.95	1190656	0.219	0.228	4000	5348000	-0.45	0.228	0.228	0.219	--  	0.00	3.95	-0.009	信息器材	--  	0.219	
08202	汇创控股	0.00	1169050	0.234	0.234	10000	4940000	0.00	0.238	0.245	0.230	--  	0.00	6.41	0.000	媒体及娱乐	--  	0.234	
08282	智傲控股	5.71	1155360	1.850	1.750	4000	640000	0.00	1.860	1.860	1.770	--  	0.00	5.14	0.100	软件服务	--  	1.850	
08476	大洋环球控股	-5.68	1138960	0.830	0.880	2000	1348000	-1.19	0.880	0.880	0.820	--  	0.00	6.82	-0.050	食物饮品	--  	0.830	
08428	国茂控股	12.50	1121352	0.162	0.144	12000	6780000	1.25	0.144	0.186	0.144	--  	0.00	29.17	0.018	酒店及消闲	--  	0.162	
08359	HYPEBEAST	0.00	1117920	0.260	0.260	20000	4440000	0.00	0.255	0.265	0.245	--  	0.00	7.69	0.000	媒体及娱乐	--  	0.260	
08463	TOMO HOLDINGS	-2.91	1016160	1.000	1.030	4000	1016000	-2.91	1.040	1.040	0.950	--  	0.00	8.74	-0.030	汽车	--  	1.000	
08001	东方汇财证券	-1.25	1000200	0.790	0.800	4000	1252000	0.00	0.790	0.810	0.790	--  	0.00	2.50	-0.010	其他金融	--  	0.790	
08307	密迪斯肌	-3.64	995040	0.530	0.550	4000	1844000	0.00	0.530	0.550	0.530	--  	0.00	3.64	-0.020	医疗服务	--  	0.530	
08267	蓝港互动	-3.57	980556	1.890	1.960	500	516506	0.00	1.900	1.980	1.810	--  	0.00	8.67	-0.070	软件服务	--  	1.890	
08445	怡康泰工程集团	0.00	976250	0.475	0.475	10000	2100000	-1.04	0.450	0.490	0.440	--  	0.00	10.53	0.000	建筑	--  	0.475	
08200	修身堂	-3.28	969440	0.059	0.061	40000	16440000	1.72	0.060	0.060	0.058	--  	0.00	3.28	-0.002	医疗服务	--  	0.059	
08237	华星控股	0.00	965000	0.750	0.750	2000	1304000	0.00	0.740	0.750	0.740	--  	0.00	1.33	0.000	酒店及消闲	--  	0.750	
08089	华人策略控股	-2.35	950040	0.830	0.850	1800	1157400	1.22	0.830	0.840	0.820	--  	0.00	2.35	-0.020	其他金融	--  	0.830	
08215	FIRST CREDIT	0.00	921080	0.122	0.122	20000	7640000	-0.81	0.120	0.123	0.120	--  	0.00	2.46	0.000	其他金融	--  	0.122	
08437	德斯控股	-1.89	885160	0.520	0.530	8000	1752000	4.00	0.520	0.530	0.485	--  	0.00	8.49	-0.010	医疗服务	--  	0.520	
08021	汇隆控股	0.00	880930	0.025	0.025	10000	36280000	4.17	0.025	0.026	0.024	--  	0.00	8.00	0.000	建筑	--  	0.025	
08170	KSL HOLDINGS	-2.70	879410	1.800	1.850	1000	484000	0.00	1.850	1.900	1.770	--  	0.00	7.03	-0.050	建筑	--  	1.800	
08029	太阳国际	0.78	869850	1.300	1.290	5000	670000	0.00	1.310	1.310	1.280	--  	0.00	2.33	0.010	农业产品	--  	1.300	
08163	万德金融	1.23	828389	0.082	0.081	20000	10240125	0.00	0.081	0.082	0.080	--  	0.00	2.47	0.001	其他金融	--  	0.082	
08049	吉林长龙药业	-0.58	807360	1.720	1.730	4000	476000	1.18	1.670	1.720	1.670	--  	0.00	2.89	-0.010	医药医疗	--  	1.720	
08132	中油港燃	2.56	790060	0.080	0.078	20000	10090000	0.00	0.078	0.080	0.076	--  	0.00	5.13	0.002	信息器材	--  	0.080	
08199	中国万桐园	-4.41	783600	0.325	0.340	10000	2390000	-1.52	0.340	0.345	0.320	--  	0.00	7.35	-0.015	支援服务	--  	0.325	
08039	KNK HOLDINGS	0.00	781040	1.690	1.690	8000	424000	0.00	1.840	1.850	1.690	--  	0.00	9.47	0.000	建筑	--  	1.690	
08265	中国之信集团	-0.65	765920	3.040	3.060	4000	252000	0.00	3.060	3.060	3.030	60840	0.00	0.98	-0.020	工用支援	20000	3.040	
08182	中国糖果	-1.32	735170	0.149	0.151	10000	4940000	0.00	0.148	0.151	0.146	--  	0.00	3.31	-0.002	食物饮品	--  	0.149	
08198	乐透互娱	-0.83	675644	0.238	0.240	4000	2872000	0.00	0.240	0.240	0.232	--  	0.00	3.33	-0.002	酒店及消闲	--  	0.238	
08266	金达集团国际	0.00	660992	0.081	0.081	16000	8160000	0.00	0.081	0.082	0.080	--  	0.00	2.47	0.000	信息器材	--  	0.081	
08460	基地锦标集团	-2.08	651310	0.188	0.192	10000	3310000	-1.57	0.192	0.225	0.173	--  	0.00	27.08	-0.004	建筑	--  	0.188	
08078	ＨＭＶ数码中国	0.00	649582	0.247	0.247	20000	2635840	0.00	0.246	0.248	0.245	--  	0.00	1.21	0.000	媒体及娱乐	--  	0.247	
08160	GOLDWAY EDU	1.43	642120	0.710	0.700	12000	948000	0.00	0.700	0.720	0.640	--  	0.00	11.43	0.010	支援服务	--  	0.710	
08472	立高控股	-1.59	624100	0.620	0.630	5000	1010000	0.00	0.610	0.620	0.610	--  	0.00	1.59	-0.010	支援服务	--  	0.620	
08412	高门集团	-0.41	607600	0.240	0.241	10000	2480000	-2.04	0.245	0.245	0.245	--  	0.00	0.00	-0.001	酒店及消闲	--  	0.240	
08432	太平洋酒吧	-1.78	607440	0.166	0.169	10000	3670000	0.00	0.173	0.173	0.165	--  	0.00	4.73	-0.003	酒店及消闲	--  	0.166	
08128	中国地能	4.32	590416	0.169	0.162	8000	3579200	-0.59	0.158	0.170	0.158	--  	0.00	7.41	0.007	工业工程	--  	0.169	
08161	医汇集团	-1.64	580720	0.120	0.122	10000	4740000	0.00	0.123	0.126	0.113	--  	0.00	10.66	-0.002	医疗服务	--  	0.120	
08153	科地农业	0.00	575419	0.300	0.300	5000	1976250	0.00	0.285	0.310	0.280	--  	0.00	10.00	0.000	工业工程	--  	0.300	
08409	海鑫集团	-6.41	564250	0.365	0.390	10000	1520000	0.00	0.435	0.435	0.365	--  	0.00	17.95	-0.025	建筑	--  	0.365	
08025	亚洲资产	-7.27	538558	0.255	0.275	2000	2128000	0.00	0.270	0.270	0.240	--  	0.00	10.91	-0.020	其他金融	--  	0.255	
08171	中国趋势	0.00	528640	0.014	0.014	160000	37760000	0.00	0.014	0.014	0.014	--  	0.00	0.00	0.000	信息器材	--  	0.014	
08295	中植资本国际	-1.61	500000	0.305	0.310	20000	1620000	3.39	0.300	0.315	0.290	--  	0.00	8.06	-0.005	其他金融	--  	0.305	
08051	讯智海	1.80	454760	17.000	16.700	200	27000	0.00	16.700	17.000	16.700	--  	0.00	1.80	0.300	信息器材	--  	17.000	
08178	中国信息科技	0.67	399034	0.150	0.149	24000	2672800	2.74	0.151	0.151	0.145	--  	0.00	4.03	0.001	软件服务	--  	0.150	
08142	德利机械	0.00	395150	0.380	0.380	10000	1040000	0.00	0.380	0.380	0.375	--  	0.00	1.32	0.000	工业工程	--  	0.380	
08183	尚捷集团控股	-4.12	387950	0.465	0.485	5000	840000	1.09	0.470	0.470	0.455	--  	0.00	3.09	-0.020	纺织服饰	--  	0.465	
08148	奥柏中国	-2.04	384560	0.144	0.147	20000	2700000	0.70	0.147	0.147	0.141	--  	0.00	4.08	-0.003	软件服务	--  	0.144	
08230	中国宇天	1.82	379050	0.560	0.550	5000	680000	0.00	0.560	0.560	0.540	--  	0.00	3.64	0.010	建筑	--  	0.560	
08232	CLASSIFIED GP	-8.20	375550	1.680	1.830	5000	215000	0.60	1.830	1.830	1.660	--  	0.00	9.29	-0.150	酒店及消闲	--  	1.680	
08123	华亿金控	-4.35	364938	0.110	0.115	6000	3336000	0.00	0.115	0.115	0.099	--  	0.00	13.91	-0.005	其他金融	--  	0.110	
08255	神州数字	5.77	355200	0.550	0.520	6000	660000	1.85	0.520	0.560	0.520	--  	0.00	7.69	0.030	软件服务	--  	0.550	
08060	国联通信	-4.69	343426	0.122	0.128	10000	2768400	1.67	0.125	0.125	0.120	--  	0.00	3.91	-0.006	软件服务	--  	0.122	
08030	汇联金融服务	0.00	337400	0.900	0.900	5000	375000	0.00	0.900	0.900	0.890	--  	1.11	1.11	0.000	其他金融	--  	0.900	
08481	盛龙锦秀国际	7.55	328000	0.570	0.530	5000	610000	0.00	0.500	0.570	0.500	--  	0.00	13.21	0.040	工用支援	--  	0.570	
08369	立基工程控股	-1.98	319130	0.198	0.202	10000	1620000	1.02	0.200	0.200	0.195	--  	0.00	2.48	-0.004	建筑	--  	0.198	
08278	CMON	-3.35	295900	0.202	0.209	10000	1420000	0.00	0.210	0.210	0.202	--  	0.00	3.83	-0.007	家电及用品	--  	0.202	
08471	新达控股	-1.35	287500	0.365	0.370	10000	780000	-1.35	0.370	0.370	0.365	--  	0.00	1.35	-0.005	纺织服饰	--  	0.365	
08166	中国农业生态	-2.84	280100	0.137	0.141	20000	2040000	0.00	0.139	0.139	0.135	--  	0.00	2.84	-0.004	工用支援	--  	0.137	
08315	冠辉集团控股	-2.86	278140	0.034	0.035	10000	8010000	-2.86	0.035	0.036	0.034	--  	0.00	5.71	-0.001	支援服务	--  	0.034	
08055	中国网络信息科技	-3.70	277720	0.260	0.270	8000	1064000	0.00	0.270	0.270	0.260	--  	0.00	3.70	-0.010	软件服务	--  	0.260	
08425	兴铭控股	-1.16	277000	0.850	0.860	4000	320000	0.00	0.850	0.880	0.850	--  	0.00	3.49	-0.010	建筑	--  	0.850	
08405	恒智控股	0.00	274520	0.870	0.870	4000	312000	0.00	0.880	0.880	0.870	--  	0.00	1.15	0.000	支援服务	--  	0.870	
08299	大唐潼金	0.00	269820	0.018	0.018	12000	15564000	5.88	0.018	0.018	0.017	--  	0.00	5.56	0.000	黄金贵金属	--  	0.018	
08452	富银融资股份	0.00	269480	1.270	1.270	2000	212000	0.00	1.270	1.280	1.270	--  	0.00	0.79	0.000	其他金融	--  	1.270	
08455	礼建德集团	3.66	266400	0.425	0.410	10000	630000	1.19	0.400	0.425	0.400	--  	0.00	6.10	0.015	建筑	--  	0.425	
08018	汇财金融投资	-1.90	248070	0.207	0.211	10000	1200000	0.00	0.211	0.222	0.203	--  	0.00	9.00	-0.004	软件服务	--  	0.207	
08050	云博产业	-0.67	246440	1.490	1.500	2000	162000	0.00	1.500	1.570	1.460	--  	0.00	7.33	-0.010	信息器材	--  	1.490	
08152	明梁控股	1.82	243800	0.280	0.275	10000	890000	1.82	0.275	0.280	0.270	--  	0.00	3.64	0.005	工业工程	--  	0.280	
08221	PF GROUP	-1.86	242400	0.158	0.161	20000	1560000	1.94	0.161	0.161	0.155	--  	0.00	3.73	-0.003	其他金融	--  	0.158	
08218	毅高国际控股	-1.87	241548	0.210	0.214	4000	1092000	-11.76	0.232	0.238	0.205	--  	0.00	15.42	-0.004	工业工程	--  	0.210	
08337	直通电讯	3.64	228760	0.057	0.055	10000	3880000	0.00	0.063	0.063	0.056	--  	0.00	12.73	0.002	电讯	--  	0.057	
08212	誉满国际控股	-1.12	215670	0.177	0.179	8000	1208380	0.00	0.180	0.181	0.173	--  	0.00	4.47	-0.002	其他金融	--  	0.177	
08269	富誉控股	0.00	208801	0.188	0.188	10000	1120003	0.00	0.188	0.188	0.183	--  	0.00	2.66	0.000	农业产品	--  	0.188	
08256	金利通	-6.98	208152	0.040	0.043	4000	5160000	0.00	0.040	0.041	0.040	--  	0.00	2.33	-0.003	电讯	--  	0.040	
08300	皇玺餐饮集团	-1.56	203720	0.126	0.128	20000	1640000	1.61	0.128	0.128	0.120	--  	0.00	6.25	-0.002	酒店及消闲	--  	0.126	
08196	建禹集团	0.00	196920	2.740	2.740	4000	72000	0.00	2.740	2.740	2.730	--  	0.00	0.36	0.000	公用事业	--  	2.740	
08108	福泽集团	0.86	194504	0.117	0.116	2000	1676000	0.00	0.116	0.118	0.115	--  	0.00	2.59	0.001	支援服务	--  	0.117	
08326	同景新能源	0.47	193750	2.120	2.110	1000	93000	0.00	2.030	2.120	2.030	--  	0.00	4.27	0.010	酒店及消闲	--  	2.120	
08080	北亚策略	-1.56	191650	0.126	0.128	8000	1469000	0.00	0.132	0.133	0.126	--  	0.00	5.47	-0.002	工业工程	--  	0.126	
08362	运兴泰集团	-1.67	189820	0.118	0.120	20000	1640000	0.85	0.119	0.120	0.113	--  	0.00	5.83	-0.002	农业产品	--  	0.118	
08195	L&A INTL-NEW	0.00	189624	0.058	0.058	24000	3203600	1.75	0.059	0.062	0.057	--  	0.00	8.62	0.000	纺织服饰	--  	0.058	
08120	国农金融投资	0.00	189600	0.078	0.078	20000	2432000	0.00	0.078	0.078	0.078	--  	0.00	0.00	0.000	综合企业	--  	0.078	
08019	皓文控股	-3.66	189080	0.079	0.082	20000	2380000	1.28	0.080	0.080	0.078	--  	0.00	2.44	-0.003	工业工程	--  	0.079	
08431	浩柏国际	-1.61	188150	0.183	0.186	10000	1030000	0.00	0.161	0.183	0.161	--  	0.00	11.83	-0.003	酒店及消闲	--  	0.183	
08005	裕兴科技	-1.20	185680	0.820	0.830	2000	234000	5.13	0.870	0.870	0.780	--  	0.00	10.84	-0.010	信息器材	--  	0.820	
08245	安悦国际控股	-2.88	182255	0.135	0.139	5000	1315000	0.00	0.134	0.149	0.134	--  	0.00	10.79	-0.004	信息器材	--  	0.135	
08420	NEXION TECH	2.00	163700	0.510	0.500	5000	325000	0.00	0.500	0.510	0.500	--  	0.00	2.00	0.010	软件服务	--  	0.510	
08045	南大苏富特	9.09	162030	0.240	0.220	6000	702000	-0.41	0.225	0.241	0.225	--  	0.00	7.27	0.020	软件服务	--  	0.240	
08020	宏海控股集团	9.47	155540	0.208	0.190	10000	800000	6.67	0.200	0.210	0.185	--  	0.00	13.16	0.018	工用运输	--  	0.208	
08239	首都金融控股	18.18	152088	0.130	0.110	2000	1314000	17.12	0.110	0.130	0.110	--  	0.00	18.18	0.020	其他金融	--  	0.130	
08310	大丰港	1.02	149500	0.990	0.980	10000	150000	0.00	0.990	1.000	0.990	--  	0.00	1.02	0.010	工用运输	--  	0.990	
08462	桥英控股	0.00	149200	0.850	0.850	5000	175000	0.00	0.900	0.900	0.850	--  	0.00	5.88	0.000	支援服务	--  	0.850	
08053	比优集团	0.00	145600	0.610	0.610	20000	240000	1.67	0.610	0.610	0.600	--  	0.00	1.64	0.000	工用支援	--  	0.610	
08423	CHI HO DEV	-1.37	144100	0.720	0.730	10000	200000	0.00	0.710	0.750	0.710	--  	0.00	5.48	-0.010	建筑	--  	0.720	
08365	建泉国际控股	2.63	140400	0.390	0.380	5000	365000	0.00	0.380	0.390	0.380	--  	0.00	2.63	0.010	其他金融	--  	0.390	
08271	环球数码创意	-1.64	138290	0.300	0.305	2000	467500	0.00	0.305	0.305	0.290	--  	0.00	4.92	-0.005	媒体及娱乐	--  	0.300	
08329	海王英特龙	3.90	135450	0.400	0.385	10000	350000	-2.44	0.385	0.410	0.375	--  	0.00	9.09	0.015	医药医疗	--  	0.400	
08301	明华科技	-2.22	135120	0.880	0.900	8000	152000	0.00	0.890	0.890	0.880	--  	0.00	1.11	-0.020	信息器材	--  	0.880	
08260	银合控股	1.47	131700	0.690	0.680	10000	190000	-1.43	0.680	0.700	0.680	--  	0.00	2.94	0.010	支援服务	--  	0.690	
08251	优越集团控股	1.69	130100	0.600	0.590	10000	220000	0.00	0.590	0.600	0.580	--  	0.00	3.39	0.010	工用支援	--  	0.600	
08366	浙江联合投资	0.00	127100	0.630	0.630	10000	200000	0.00	0.630	0.640	0.630	--  	0.00	1.59	0.000	建筑	--  	0.630	
08091	奥传思维控股	-2.08	126950	0.141	0.144	10000	900000	3.68	0.144	0.146	0.136	--  	0.00	6.94	-0.003	媒体及娱乐	--  	0.141	
08188	骏杰集团控股	-3.28	124520	0.295	0.305	4000	416000	0.00	0.310	0.310	0.290	--  	0.00	6.56	-0.010	建筑	--  	0.295	
08225	中国医疗集团	-1.29	122400	0.153	0.155	20000	800000	0.00	0.153	0.153	0.153	--  	0.00	0.00	-0.002	医药医疗	--  	0.153	
08192	环球能源资源	-1.39	119340	0.355	0.360	12000	336000	0.00	0.355	0.360	0.355	--  	0.00	1.39	-0.005	一般金属	--  	0.355	
08157	象兴国际	1.39	115900	0.365	0.360	20000	320000	0.00	0.370	0.370	0.360	--  	0.00	2.78	0.005	工用运输	--  	0.365	
08013	ECI TECH	4.55	113460	0.115	0.110	20000	1040000	0.00	0.105	0.115	0.105	--  	0.00	9.09	0.005	软件服务	--  	0.115	
08203	凯顺能源	-3.75	112150	0.385	0.400	10000	289000	0.00	0.400	0.400	0.380	--  	0.00	5.00	-0.015	工用支援	--  	0.385	
08028	天时软件	-2.90	112085	0.067	0.069	20000	1669600	0.00	0.070	0.070	0.067	--  	0.00	4.35	-0.002	黄金贵金属	--  	0.067	
08211	浙江永安	5.88	111100	0.270	0.255	10000	430000	3.85	0.260	0.270	0.255	--  	0.00	5.88	0.015	纺织服饰	--  	0.270	
08238	惠陶集团	0.00	108984	0.046	0.046	8000	2368000	0.00	0.046	0.047	0.045	--  	0.00	4.35	0.000	媒体及娱乐	--  	0.046	
08126	Ｇ．Ａ．控股	-3.33	107320	0.580	0.600	4000	184000	0.00	0.600	0.600	0.580	--  	0.00	3.33	-0.020	汽车	--  	0.580	
08057	麦迪森控股	2.78	102720	1.850	1.800	4000	56000	0.00	1.810	1.850	1.800	66600	0.00	2.78	0.050	食物饮品	36000	1.850	
08172	拉近网娱	0.00	102000	0.510	0.510	20000	200000	0.00	0.510	0.510	0.510	--  	0.00	0.00	0.000	媒体及娱乐	--  	0.510	
08100	智易控股	-2.94	100845	0.495	0.510	6000	205000	2.06	0.495	0.495	0.485	--  	0.00	1.96	-0.015	软件服务	--  	0.495	
08150	无缝绿色	1.45	99160	0.140	0.138	10000	820000	0.00	0.121	0.140	0.120	--  	0.00	14.49	0.002	家电及用品	--  	0.140	
08165	华普智通	2.94	98380	0.035	0.034	10000	2910000	0.00	0.034	0.036	0.032	--  	0.00	11.76	0.001	软件服务	--  	0.035	
08233	中国基建港口	0.00	92000	1.050	1.050	4000	88000	0.00	1.000	1.050	1.000	--  	0.00	4.76	0.000	工用运输	--  	1.050	
08290	亚势备份	-1.04	91100	0.095	0.096	10000	950000	0.00	0.096	0.098	0.095	--  	0.00	3.12	-0.001	软件服务	--  	0.095	
08270	中国煤层气	-2.47	90617	0.079	0.081	40000	1133000	0.00	0.081	0.081	0.079	--  	0.00	2.47	-0.002	石油天然气	--  	0.079	
08345	火岩控股	-3.08	90360	5.040	5.200	2000	18000	0.20	5.000	5.030	5.000	--  	2.98	0.58	-0.160	软件服务	--  	5.040	
08145	电讯首科	0.96	88240	2.110	2.090	2000	42000	0.00	2.080	2.110	2.080	--  	0.47	1.44	0.020	信息器材	--  	2.110	
08027	吉辉控股	1.54	85080	0.132	0.130	5000	650000	0.76	0.130	0.132	0.130	--  	0.00	1.54	0.002	支援服务	--  	0.132	
08109	麒麟集团控股	4.76	84638	0.022	0.021	15000	4009000	4.76	0.021	0.022	0.021	--  	0.00	4.76	0.001	软件服务	--  	0.022	
08592	罗马集团股权	0.00	83335	0.010	0.010	5000	11742500	0.00	0.010	0.010	0.010	--  	0.00	0.00	0.000		--  	0.010	
08125	仁德资源	-12.32	83160	1.210	1.380	4000	64000	0.83	1.380	1.380	1.200	--  	0.00	13.04	-0.170	建筑	--  	1.210	
08116	中国幸福投资	3.00	82840	0.103	0.100	20000	880000	0.00	0.105	0.105	0.091	--  	0.00	14.00	0.003	纺织服饰	--  	0.103	
08407	兴证国际	-3.51	80120	1.100	1.140	2000	72000	0.00	1.120	1.120	1.100	--  	0.00	1.75	-0.040	其他金融	--  	1.100	
08006	华泰瑞银	-1.96	79770	0.250	0.255	10000	319750	1.63	0.246	0.250	0.246	--  	0.00	1.57	-0.005	媒体及娱乐	--  	0.250	
08427	瑞强集团	1.18	78800	0.430	0.425	8000	184000	0.00	0.440	0.440	0.415	--  	0.00	5.88	0.005	建筑	--  	0.430	
08003	世大控股	1.85	78692	0.055	0.054	2000	1478000	0.00	0.054	0.055	0.053	--  	0.00	3.70	0.001	原材料	--  	0.055	
08037	锐康药业	1.37	74000	0.740	0.730	20000	100000	0.00	0.740	0.740	0.740	--  	0.00	0.00	0.010	医药医疗	--  	0.740	
08011	百田石油	0.00	73583	0.165	0.165	20000	452500	0.00	0.164	0.165	0.160	--  	0.00	3.03	0.000	石油天然气	--  	0.165	
08272	华人饮食集团	-5.56	73180	0.017	0.018	20000	4260000	0.00	0.018	0.018	0.017	--  	0.00	5.56	-0.001	酒店及消闲	--  	0.017	
08249	瑞远智控	5.00	72900	0.315	0.300	5000	240000	0.00	0.315	0.315	0.300	--  	0.00	5.00	0.015	信息器材	--  	0.315	
08250	丝路能源	0.00	70000	0.070	0.070	20000	1000000	0.00	0.070	0.070	0.070	--  	0.00	0.00	0.000	煤炭	--  	0.070	
08121	超凡网络	0.00	67540	0.132	0.132	10000	530000	0.76	0.123	0.132	0.123	--  	0.00	6.82	0.000	媒体及娱乐	--  	0.132	
08052	陆庆娱乐	-1.01	67020	0.098	0.099	10000	660000	-2.00	0.102	0.103	0.098	--  	0.00	5.05	-0.001	酒店及消闲	--  	0.098	
08355	超智能控股	-1.33	66400	0.370	0.375	10000	180000	0.00	0.375	0.375	0.365	--  	0.00	2.67	-0.005	软件服务	--  	0.370	
08111	中科光电	6.82	62445	0.094	0.088	5000	750000	10.59	0.086	0.094	0.082	--  	0.00	13.64	0.006	软件服务	--  	0.094	
08087	中国三三传媒	0.00	61100	0.030	0.030	20000	2000000	0.00	0.031	0.031	0.030	--  	0.00	3.33	0.000	媒体及娱乐	--  	0.030	
08066	品创控股	-7.65	57176	0.157	0.170	5000	373500	3.97	0.163	0.163	0.151	--  	0.00	7.06	-0.013	石油天然气	--  	0.157	
08243	大贺传媒	0.00	49700	0.420	0.420	5000	120000	1.20	0.410	0.415	0.410	--  	0.00	1.19	0.000	媒体及娱乐	--  	0.420	
08070	侨洋国际控股	-3.13	49500	0.620	0.640	5000	80000	0.00	0.610	0.620	0.610	--  	0.00	1.56	-0.020	工业工程	--  	0.620	
08333	阿仕特朗金融	2.70	47500	0.380	0.370	5000	125000	0.00	0.380	0.380	0.380	--  	0.00	0.00	0.010	其他金融	--  	0.380	
08026	长达健康	-3.23	46415	0.300	0.310	1000	157000	0.00	0.295	0.300	0.295	--  	0.00	1.61	-0.010	医药医疗	--  	0.300	
08353	安科系统	0.00	45360	0.630	0.630	3000	72000	0.00	0.630	0.630	0.630	--  	0.00	0.00	0.000	软件服务	--  	0.630	
08067	东方大学城控股	0.00	44960	2.500	2.500	1000	18000	0.00	2.490	2.500	2.490	--  	0.00	0.40	0.000	支援服务	--  	2.500	
08247	中生北控生物科技	2.79	44140	2.210	2.150	2000	20000	0.00	2.200	2.210	2.200	--  	0.00	0.47	0.060	医药医疗	--  	2.210	
08351	俊文宝石	-1.32	44000	0.375	0.380	20000	120000	0.00	0.355	0.380	0.355	--  	0.00	6.58	-0.005	纺织服饰	--  	0.375	
08258	西北实业	0.00	43400	0.310	0.310	10000	140000	0.00	0.310	0.310	0.310	--  	0.00	0.00	0.000	工业工程	--  	0.310	
08415	乐嘉思控股	0.00	42870	0.145	0.145	10000	300000	2.11	0.142	0.145	0.142	--  	0.00	2.07	0.000	建筑	--  	0.145	
08358	卓珈控股	-1.86	39850	1.580	1.610	5000	25000	0.00	1.570	1.660	1.570	--  	0.00	5.59	-0.030	医疗服务	--  	1.580	
08277	骏东控股	0.00	38880	0.810	0.810	2000	48000	0.00	0.810	0.810	0.810	--  	0.00	0.00	0.000	原材料	--  	0.810	
08032	非凡中国	1.47	38640	0.690	0.680	8000	56000	0.00	0.690	0.690	0.690	--  	0.00	0.00	0.010	酒店及消闲	--  	0.690	
08113	扬宇科技	1.67	35700	0.610	0.600	10000	60000	0.00	0.580	0.610	0.580	--  	1.64	5.00	0.010	工业工程	--  	0.610	
08181	港深联合	-2.27	35240	0.172	0.176	8000	208000	-1.71	0.166	0.175	0.166	--  	0.00	5.11	-0.004	支援服务	--  	0.172	
08201	宝联控股	0.00	34687	0.420	0.420	20000	88500	7.69	0.395	0.420	0.390	--  	0.00	7.14	0.000	支援服务	--  	0.420	
08590	L&A INTL-OLD	3.51	33096	0.059	0.057	400	553600	0.00	0.060	0.060	0.059	--  	0.00	1.75	0.002		--  	0.059	
08106	升华兰德	4.05	32725	0.385	0.370	5000	85000	0.00	0.385	0.385	0.385	--  	0.00	0.00	0.015	软件服务	--  	0.385	
08220	比高集团	-1.04	28540	0.095	0.096	20000	300000	0.00	0.095	0.095	0.095	--  	0.00	0.00	-0.001	媒体及娱乐	--  	0.095	
08346	创新电子控股	-3.45	28400	0.280	0.290	10000	100000	0.00	0.290	0.290	0.280	--  	0.00	3.45	-0.010	工业工程	--  	0.280	
08041	荟萃国际（控股）	0.00	25800	0.107	0.107	20000	240000	0.00	0.108	0.108	0.107	--  	0.00	0.93	0.000	纺织服饰	--  	0.107	
08363	SDM GROUP	-7.87	25660	0.410	0.445	2000	64000	2.50	0.410	0.410	0.400	--  	0.00	2.25	-0.035	支援服务	--  	0.410	
08035	骏高控股	-1.64	24250	0.300	0.305	10000	80000	0.00	0.305	0.305	0.300	--  	0.00	1.64	-0.005	工用运输	--  	0.300	
08069	纵横游控股	1.18	21250	0.860	0.850	5000	25000	0.00	0.810	0.860	0.810	--  	0.00	5.88	0.010	酒店及消闲	--  	0.860	
08186	同仁资源	0.00	19963	0.099	0.099	20000	201834	0.00	0.099	0.099	0.099	--  	0.00	0.00	0.000	原材料	--  	0.099	
08317	财华社集团	0.00	18752	0.700	0.700	2000	27800	0.00	0.670	0.700	0.670	--  	0.00	4.29	0.000	软件服务	--  	0.700	
08139	长安仁恒	-0.83	18150	3.600	3.630	500	5000	-0.83	3.630	3.630	3.630	--  	0.00	0.00	-0.030	原材料	--  	3.600	
08131	辰罡科技	-1.10	18000	0.180	0.182	10000	100000	0.00	0.180	0.180	0.180	--  	0.00	0.00	-0.002	软件服务	--  	0.180	
08117	中国基础能源	1.12	18000	0.900	0.890	10000	20000	0.00	0.900	0.900	0.900	--  	0.00	0.00	0.010	公用事业	--  	0.900	
08143	华夏医疗	-4.44	17740	0.172	0.180	4000	100000	0.00	0.180	0.180	0.170	--  	0.00	5.56	-0.008	医药医疗	--  	0.172	
08222	壹照明	-1.25	15112	0.237	0.240	4000	68000	6.76	0.221	0.237	0.221	--  	0.00	6.67	-0.003	家电及用品	--  	0.237	
08079	易还财务投资	-1.39	14050	0.710	0.720	5000	20000	1.43	0.700	0.710	0.700	--  	0.00	1.39	-0.010	其他金融	--  	0.710	
08149	浩德控股	-1.52	13000	0.325	0.330	10000	40000	0.00	0.325	0.325	0.325	--  	0.00	0.00	-0.005	其他金融	--  	0.325	
08159	辉煌科技	3.33	12400	0.620	0.600	5000	20000	0.00	0.620	0.620	0.620	--  	0.00	0.00	0.020	信息器材	--  	0.620	
08286	长城微光	5.71	11150	0.370	0.350	5000	30000	-2.63	0.380	0.380	0.370	--  	0.00	2.86	0.020	信息器材	--  	0.370	
08162	港银控股	0.00	10800	0.360	0.360	10000	30000	0.00	0.360	0.360	0.360	--  	0.00	0.00	0.000	黄金贵金属	--  	0.360	
08119	即时科研	10.47	9700	0.950	0.860	10000	10000	-2.06	0.970	0.970	0.970	--  	0.00	0.00	0.090	地产	--  	0.950	
08213	新智控股	3.70	8400	0.084	0.081	10000	100000	0.00	0.084	0.084	0.084	--  	0.00	0.00	0.003	酒店及消闲	--  	0.084	
08591	罗马集团（旧）	-1.27	7800	0.156	0.158	5000	50000	0.00	0.156	0.156	0.156	--  	0.00	0.00	-0.002		--  	0.156	
08312	中国瀚亚	0.00	5800	0.580	0.580	10000	10000	0.00	0.580	0.580	0.580	--  	0.00	0.00	0.000	纺织服饰	--  	0.580	
08197	北斗嘉药业	-3.77	5100	0.510	0.530	10000	10000	0.00	0.510	0.510	0.510	--  	0.00	0.00	-0.020	医药医疗	--  	0.510	
08056	饮食概念	0.00	5025	0.260	0.260	5000	20000	4.00	0.255	0.255	0.250	--  	0.00	1.92	0.000	酒店及消闲	--  	0.260	
08048	御德国际控股	1.30	4400	0.078	0.077	2000	60000	0.00	0.064	0.078	0.064	--  	0.00	18.18	0.001	软件服务	--  	0.078	
08268	迪臣建设	-10.10	4272	0.178	0.198	8000	24000	0.00	0.178	0.178	0.178	--  	0.00	0.00	-0.020	建筑	--  	0.178	
08343	宏光照明	-2.50	3900	0.780	0.800	5000	5000	0.00	0.780	0.780	0.780	--  	0.00	0.00	-0.020	工业工程	--  	0.780	
08235	赛迪顾问	3.17	3300	0.325	0.315	10000	10000	-1.52	0.330	0.330	0.330	--  	0.00	0.00	0.010	软件服务	--  	0.325	
08023	邝文记	0.00	2940	0.490	0.490	6000	6000	0.00	0.490	0.490	0.490	--  	0.00	0.00	0.000	建筑	--  	0.490	
08281	中国金典集团	12.07	2600	0.325	0.290	8000	8000	0.00	0.325	0.325	0.325	--  	0.00	0.00	0.035	纺织服饰	--  	0.325	
08240	展程控股	0.00	2050	0.205	0.205	10000	10000	0.00	0.205	0.205	0.205	--  	0.00	0.00	0.000	农业产品	--  	0.205	
08082	仁智国际集团	0.00	1980	0.198	0.198	5000	10000	0.00	0.198	0.198	0.198	--  	0.00	0.00	0.000	支援服务	--  	0.198	
08319	思博系统	0.60	1670	0.167	0.166	10000	10000	0.00	0.167	0.167	0.167	--  	0.00	0.00	0.001	软件服务	--  	0.167	
08421	永顺控股香港	-4.17	1625	0.345	0.360	5000	5000	6.15	0.325	0.325	0.325	--  	0.00	0.00	-0.015	支援服务	--  	0.345	
08296	中国生命集团	-0.77	1032	0.129	0.130	4000	8000	0.00	0.129	0.129	0.129	--  	0.00	0.00	-0.001	支援服务	--  	0.129	
08206	神通机器人教育	2.56	400	0.400	0.390	1000	1000	0.00	0.400	0.400	0.400	--  	0.00	0.00	0.010	软件服务	--  	0.400	
08280	中国数字视频	0.00	0	1.140	1.140	2000	0	0.00	--  	1.140	--  	--  	0.00	0.00	0.000	媒体及娱乐	--  	1.140	
08273	浙江展望	0.00	0	1.430	1.430	2000	0	0.00	--  	1.430	--  	--  	0.00	0.00	0.000	汽车	--  	1.430	
08262	宏强控股	1.22	0	0.415	0.410	10000	0	0.00	--  	0.415	--  	--  	0.00	0.00	0.005	建筑	--  	0.415	
08246	北方新能源	-1.56	0	0.315	0.320	8000	0	0.00	--  	0.315	--  	--  	0.00	0.00	-0.005	工业工程	--  	0.315	
08229	FUTURE DATA	0.00	0	0.410	0.410	5000	0	0.00	--  	0.410	--  	--  	0.00	0.00	0.000	软件服务	--  	0.410	
08205	交大慧谷	0.00	0	0.380	0.380	4000	0	0.00	--  	0.380	--  	--  	0.00	0.00	0.000	信息器材	--  	0.380	
08191	鸿伟亚洲	0.00	0	0.340	0.340	6000	0	0.00	--  	0.340	--  	--  	0.00	0.00	0.000	原材料	--  	0.340	
08190	康佰控股	0.00	0	0.081	0.081	10000	0	0.00	--  	0.081	--  	--  	0.00	0.00	0.000	家电及用品	--  	0.081	
08189	泰达生物	0.00	0	0.395	0.395	5000	0	0.00	--  	0.395	--  	--  	0.00	0.00	0.000	原材料	--  	0.395	
08173	万亚企业控股	0.00	0	0.027	0.027	40000	0	0.00	--  	0.027	--  	--  	0.00	0.00	0.000	一般金属	--  	0.027	
08169	环康集团	0.00	0	0.186	0.186	10000	0	0.00	--  	0.186	--  	--  	0.00	0.00	0.000	工业工程	--  	0.186	
08155	南华资产控股	0.00	0	0.049	0.049	8000	0	0.00	--  	0.049	--  	--  	0.00	0.00	0.000	地产	--  	0.049	
08135	正美丰业	2.00	0	0.510	0.500	5000	0	0.00	--  	0.510	--  	--  	0.00	0.00	0.010	汽车	--  	0.510	
08122	德莱建业	--  	0	0.000	--  	0	0	--  	--  	--  	--  	--  	0.00	--  	--  		--  	0.000	
08115	上海青浦消防	0.00	0	0.930	0.930	4000	0	0.00	--  	0.930	--  	--  	0.00	0.00	0.000	工业工程	--  	0.930	
08103	万泰企业股份	0.00	0	1.830	1.830	20000	0	0.00	--  	1.830	--  	--  	0.00	0.00	0.000	软件服务	--  	1.830	
08098	昌利控股	0.00	0	0.180	0.180	10000	0	0.00	--  	0.180	--  	--  	0.00	0.00	0.000	其他金融	--  	0.180	
08093	万星控股	0.00	0	1.990	1.990	5000	0	0.00	--  	1.990	--  	--  	0.00	0.00	0.000	纺织服饰	--  	1.990	
08092	ITE HOLDINGS	0.00	0	0.115	0.115	4000	0	0.00	--  	0.115	--  	--  	0.00	0.00	0.000	软件服务	--  	0.115	
08076	新利软件	0.00	0	0.153	0.153	5000	0	0.00	--  	0.153	--  	--  	0.00	0.00	0.000	软件服务	--  	0.153	
08063	环球大通集团	0.00	0	0.129	0.129	50000	0	0.00	--  	0.129	--  	--  	0.00	0.00	0.000	酒店及消闲	--  	0.129	
08033	爱达利网络	0.00	0	0.290	0.290	2000	0	0.00	--  	0.290	--  	--  	0.00	0.00	0.000	软件服务	--  	0.290	
08031	易通讯集团	0.00	0	1.190	1.190	2000	0	0.00	--  	1.190	--  	--  	0.00	0.00	0.000	支援服务	--  	1.190	
08016	长虹佳华	0.00	0	0.980	0.980	2000	0	0.00	--  	0.980	--  	--  	0.00	0.00	0.000	信息器材	--  	0.980	
08442	桦欣控股	-0.71	0	8.380	8.440	500	0	0.00	--  	8.380	--  	--  	0.00	0.00	-0.060	纺织服饰	--  	8.380	
08439	新百利融资	0.00	0	2.020	2.020	2000	0	0.00	--  	2.020	--  	--  	0.00	0.00	0.000	其他金融	--  	2.020	
08370	智升集团控股	0.00	0	4.550	4.550	8000	0	0.00	--  	4.550	--  	--  	0.00	0.00	0.000	家电及用品	--  	4.550	
08361	中国育儿网络	-3.33	0	1.450	1.500	2000	0	0.00	--  	1.450	--  	--  	0.00	0.00	-0.050	软件服务	--  	1.450	
08348	滨海泰达物流	2.44	0	1.260	1.230	2000	0	0.00	--  	1.260	--  	--  	0.00	0.00	0.030	工用支援	--  	1.260	
08341	艾硕控股	0.00	0	2.700	2.700	5000	0	0.00	--  	2.700	--  	--  	0.00	0.00	0.000	建筑	--  	2.700	
08320	沛然环保	-0.49	0	0.205	0.206	10000	0	0.00	--  	0.205	--  	--  	0.00	0.00	-0.001	支援服务	--  	0.205	
08316	柏荣集团控股	0.00	0	1.840	1.840	10000	0	0.00	--  	1.840	--  	--  	0.00	0.00	0.000	建筑	--  	1.840	
08311	圆美光电	0.00	0	0.470	0.470	10000	0	0.00	--  	0.470	--  	--  	0.00	0.00	0.000	信息器材	--  	0.470	
08306	中国有色金属	0.00	0	0.201	0.201	10000	0	0.00	--  	0.201	--  	--  	0.00	0.00	0.000	一般金属	--  	0.201	
08297	芭迪贝伊	0.00	0	0.255	0.255	5000	0	0.00	--  	0.255	--  	--  	0.00	0.00	0.000	纺织服饰	--  	0.255	
08291	万成金属包装	0.00	0	2.270	2.270	5000	0	0.00	--  	2.270	--  	--  	0.00	0.00	0.000	工用支援	--  	2.270	
数据来源:通达信
