代码	名称	涨幅%%	总金额	现价	昨收	每手	总量	涨速%%	今开	最高	最低	抛空额	股息率%%	振幅%%	涨跌	细分行业	抛空量	按盘价	
08400	亚洲先锋娱乐	10.71	75524104	0.310	0.280	10000	178750000	3.33	0.510	0.550	0.300	--  	0.00	89.29	0.030	酒店及消闲	--  	0.310	
08376	方圆房服集团	6.33	65725324	0.840	0.790	4000	75376000	0.00	0.950	0.950	0.810	--  	0.00	17.72	0.050	地产	--  	0.840	
08207	中新控股	0.00	57327564	1.020	1.020	4000	56432000	0.00	1.020	1.030	1.000	52840	0.00	2.94	0.000	其他金融	52000	1.020	
08375	弘浩国际控股	-42.59	45378404	0.310	0.540	10000	122910000	1.64	0.550	0.560	0.305	--  	0.00	47.22	-0.230	工业工程	--  	0.310	
08352	成安控股	-27.87	40777520	0.440	0.610	10000	78391000	0.00	0.620	0.830	0.430	--  	0.00	65.57	-0.170	建筑	--  	0.440	
08228	国艺娱乐	11.29	36221556	0.345	0.310	20000	107547664	1.47	0.320	0.350	0.310	--  	0.00	12.90	0.035	媒体及娱乐	--  	0.345	
08392	舍图控股	34.13	29967502	1.690	1.260	10000	20340000	1.81	1.260	1.710	1.250	--  	0.00	36.51	0.430	家电及用品	--  	1.690	
08059	朝威控股	-1.61	28154702	0.610	0.620	5000	46135000	0.00	0.620	0.620	0.600	--  	0.00	3.23	-0.010	建筑	--  	0.610	
08137	洪桥集团	-6.77	27263022	1.790	1.920	2000	14950000	0.00	1.910	1.920	1.770	1799320	0.00	7.81	-0.130	工业工程	996000	1.790	
08455	礼建德集团	10.76	25955702	1.750	1.580	10000	15453000	1.16	1.580	1.920	1.300	--  	0.00	39.24	0.170	建筑	--  	1.750	
08291	万成金属包装	26.00	20694794	3.780	3.000	5000	6240727	-3.82	3.110	3.930	3.040	--  	0.00	29.67	0.780	工用支援	--  	3.780	
08227	西安海天天	-4.55	19385760	6.080	6.370	4000	3120000	-0.33	6.370	6.430	6.060	--  	0.00	5.81	-0.290	信息器材	--  	6.080	
08425	兴铭控股	-6.02	17045760	1.250	1.330	4000	13740000	0.00	1.280	1.280	1.100	--  	0.00	13.53	-0.080	建筑	--  	1.250	
08102	利宝阁集团	-4.69	11040479	0.610	0.640	10000	18060300	0.00	0.620	0.660	0.570	--  	0.00	14.06	-0.030	酒店及消闲	--  	0.610	
08083	中国创新支付	-2.44	10572701	0.400	0.410	4000	26458000	0.00	0.410	0.410	0.385	56080	0.00	6.10	-0.010	软件服务	140000	0.400	
08275	永勤集团控股	2.47	10356200	0.830	0.810	10000	12830000	0.00	0.830	0.850	0.780	--  	0.00	8.64	0.020	建筑	--  	0.830	
08282	智傲控股	-7.46	10230040	1.860	2.010	4000	5668000	2.76	2.010	2.010	1.520	--  	0.00	24.38	-0.150	软件服务	--  	1.860	
08469	盛业资本	-6.85	9950760	5.440	5.840	2000	1798000	0.74	5.790	5.790	5.390	--  	0.00	6.85	-0.400	其他金融	--  	5.440	
08437	德斯控股	-6.56	7826401	0.570	0.610	8000	14688000	5.56	0.620	0.620	0.510	--  	0.00	18.03	-0.040	医疗服务	--  	0.570	
08340	域高金融	-8.25	7369001	0.890	0.970	10000	8330000	0.00	0.960	0.970	0.750	--  	0.34	22.68	-0.080	其他金融	--  	0.890	
08022	永耀集团控股	0.00	6526111	0.700	0.700	3000	9681000	4.48	0.690	0.700	0.660	--  	0.00	5.71	0.000	酒店及消闲	--  	0.700	
08133	铸能控股	-3.33	6497001	0.290	0.300	20000	21980000	0.00	0.300	0.305	0.285	--  	0.00	6.67	-0.010	工业工程	--  	0.290	
08027	吉辉控股	12.03	6290276	0.149	0.133	5000	44160000	2.05	0.128	0.150	0.128	--  	0.00	16.54	0.016	支援服务	--  	0.149	
08308	古兜控股	1.09	6177881	1.860	1.840	4000	3332000	0.00	1.820	1.890	1.800	--  	0.00	4.89	0.020	酒店及消闲	--  	1.860	
08158	中国再生医学	3.13	6067411	0.198	0.192	5000	30980000	0.51	0.191	0.200	0.191	54275	0.00	4.69	0.006	医药医疗	275000	0.198	
08292	盛良物流	-5.33	5677801	2.310	2.440	10000	2450000	0.00	2.450	2.450	2.260	--  	0.00	7.79	-0.130	工用运输	--  	2.310	
08138	同仁堂国药	0.36	5510061	11.020	10.980	1000	499000	-0.72	10.960	11.200	10.960	44220	0.00	2.19	0.040	医药医疗	4000	11.020	
08112	FOCUS MEDIA	-17.27	5305057	0.182	0.220	24000	27456000	-2.15	0.213	0.213	0.178	--  	0.00	15.91	-0.038	媒体及娱乐	--  	0.182	
08213	新智控股	4.00	5052820	0.078	0.075	10000	66490000	0.00	0.071	0.078	0.071	--  	0.00	9.33	0.003	酒店及消闲	--  	0.078	
08462	桥英控股	-1.11	4799600	0.890	0.900	5000	5385000	2.30	0.890	0.930	0.860	--  	0.00	7.78	-0.010	支援服务	--  	0.890	
08410	安领国际	-1.16	4653100	1.700	1.720	10000	2710000	-0.58	1.730	1.750	1.690	--  	0.00	3.49	-0.020	软件服务	--  	1.700	
08090	中国融保金融集团	2.00	4641560	1.020	1.000	2000	4698000	0.00	0.990	1.020	0.980	--  	0.00	4.00	0.020	其他金融	--  	1.020	
08187	永骏国际控股	5.81	4567500	1.820	1.720	5000	2490000	1.11	1.720	1.890	1.720	--  	0.00	9.88	0.100	纺织服饰	--  	1.820	
08008	新意网集团	1.02	4481103	5.970	5.910	1000	753898	0.34	5.910	5.990	5.900	106960	0.00	1.52	0.060	软件服务	18000	5.970	
08085	香港生命科学	-1.83	4372432	0.107	0.109	4000	39540000	0.00	0.108	0.113	0.106	--  	0.00	6.42	-0.002	家电及用品	--  	0.107	
08415	乐嘉思控股	10.00	4362340	0.176	0.160	10000	23020000	0.00	0.166	0.210	0.165	--  	0.00	28.13	0.016	建筑	--  	0.176	
08328	信义香港	-1.64	4326356	1.800	1.830	4000	2380579	-1.10	1.810	1.820	1.800	--  	0.00	1.09	-0.030		--  	1.800	
08426	雅居投资控股	-6.67	4205560	0.238	0.255	10000	17270000	0.00	0.255	0.255	0.238	--  	0.00	6.67	-0.017	地产	--  	0.238	
08065	高萌科技	-3.23	4157550	0.600	0.620	5000	6785000	-3.23	0.610	0.650	0.590	--  	0.00	9.68	-0.020	软件服务	--  	0.600	
08427	瑞强集团	5.26	3975920	0.300	0.285	8000	14776000	5.26	0.280	0.305	0.250	--  	0.00	19.30	0.015	建筑	--  	0.300	
08226	树熊金融集团	4.84	3971640	0.325	0.310	4000	11964000	-1.52	0.320	0.340	0.310	--  	0.00	9.68	0.015	农业产品	--  	0.325	
08413	亚洲杂货	10.45	3864400	0.740	0.670	10000	5790000	0.00	0.700	0.740	0.580	--  	0.00	23.88	0.070	食物饮品	--  	0.740	
08309	万成环球控股	-2.22	3848000	0.440	0.450	10000	8750000	0.00	0.450	0.460	0.430	--  	0.00	6.67	-0.010	支援服务	--  	0.440	
08457	健升物流中国	-6.79	3775220	0.247	0.265	10000	14750000	0.00	0.265	0.275	0.246	--  	0.00	10.94	-0.018	工用支援	--  	0.247	
08073	兴业新材料	-0.84	3772284	1.180	1.190	4000	3201348	0.00	1.190	1.190	1.170	--  	0.00	1.68	-0.010	工业工程	--  	1.180	
08095	北大青鸟环宇	0.00	3721320	1.970	1.970	1000	1906000	0.51	1.970	1.990	1.930	--  	0.00	3.05	0.000	软件服务	--  	1.970	
08175	中国数码文化	1.06	3453288	0.475	0.470	10000	7352500	0.00	0.460	0.480	0.450	--  	0.00	6.38	0.005	酒店及消闲	--  	0.475	
08491	COOL LINK	-3.80	3406250	0.380	0.395	5000	8765000	0.00	0.400	0.400	0.375	--  	0.00	6.33	-0.015	食物饮品	--  	0.380	
08325	中国支付通	-6.93	3124200	0.940	1.010	10000	3270000	0.00	1.000	1.000	0.930	--  	0.00	6.93	-0.070	软件服务	--  	0.940	
08417	大地教育	-1.94	3040300	1.010	1.030	10000	3020000	1.00	1.020	1.060	0.990	--  	0.00	6.80	-0.020	支援服务	--  	1.010	
08182	中国糖果	-0.69	2987460	0.144	0.145	10000	21160000	1.41	0.146	0.146	0.139	--  	0.00	4.83	-0.001	食物饮品	--  	0.144	
08257	靖洋集团	-2.68	2967800	1.090	1.120	10000	2670000	0.00	1.120	1.140	1.080	--  	0.00	5.36	-0.030	半导体	--  	1.090	
08170	KSL HOLDINGS	-0.99	2919300	2.000	2.020	1000	1397000	1.01	2.020	2.150	1.900	--  	0.00	12.38	-0.020	建筑	--  	2.000	
08383	东骏控股	-5.36	2783840	0.530	0.560	8000	5296000	0.00	0.560	0.560	0.500	--  	0.00	10.71	-0.030	工用支援	--  	0.530	
08409	海鑫集团	-12.96	2727300	0.470	0.540	10000	5650000	1.08	0.580	0.580	0.450	--  	0.00	24.07	-0.070	建筑	--  	0.470	
08047	中国海洋捕捞	0.00	2664240	0.640	0.640	4000	4204000	1.59	0.650	0.650	0.620	--  	0.00	4.69	0.000	工用支援	--  	0.640	
08089	华人策略控股	-3.37	2582606	0.860	0.890	1800	3000800	2.38	0.880	0.880	0.840	--  	0.00	4.49	-0.030	其他金融	--  	0.860	
08331	飞尚非金属	-3.85	2519200	1.500	1.560	10000	1660000	0.00	1.580	1.580	1.450	--  	0.00	8.33	-0.060	一般金属	--  	1.500	
08081	互娱中国	0.00	2513030	0.038	0.038	10000	65586000	-2.56	0.038	0.040	0.037	--  	0.00	7.89	0.000	医疗服务	--  	0.038	
08321	泰锦控股	-2.35	2457950	0.415	0.425	10000	5870000	1.22	0.430	0.435	0.400	--  	0.00	8.24	-0.010	建筑	--  	0.415	
08416	HM INTL HLDGS	-4.71	2451600	0.810	0.850	5000	3125000	1.25	0.820	0.830	0.750	--  	0.00	9.41	-0.040	工用支援	--  	0.810	
08217	联旺集团	-1.27	2223600	0.390	0.395	10000	5720000	0.00	0.395	0.395	0.385	--  	0.00	2.53	-0.005	建筑	--  	0.390	
08480	飞霓控股	-3.75	2144060	0.385	0.400	4000	5580000	0.00	0.400	0.400	0.375	--  	0.00	6.25	-0.015	纺织服饰	--  	0.385	
08460	基地锦标集团	6.25	1987780	0.255	0.240	10000	8310000	0.00	0.235	0.255	0.225	--  	0.00	12.50	0.015	建筑	--  	0.255	
08046	恒芯中国	-2.56	1972119	0.038	0.039	4000	52132264	0.00	0.037	0.038	0.037	--  	0.00	2.56	-0.001	媒体及娱乐	--  	0.038	
08370	智升集团控股	0.36	1957840	5.500	5.480	8000	376000	0.00	5.500	5.500	5.000	--  	0.00	9.12	0.020	家电及用品	--  	5.500	
08283	正力控股	-10.00	1826450	0.810	0.900	5000	2205000	0.00	0.850	0.900	0.790	--  	0.00	12.22	-0.090	支援服务	--  	0.810	
08179	新煮意控股	-1.67	1805244	0.295	0.300	12000	6309600	1.72	0.295	0.300	0.275	--  	0.00	8.33	-0.005	酒店及消闲	--  	0.295	
08310	大丰港	2.04	1782300	1.000	0.980	10000	1780000	0.00	0.970	1.030	0.970	--  	0.00	6.12	0.020	工用运输	--  	1.000	
08172	拉近网娱	-4.44	1707600	0.430	0.450	20000	3900000	-2.27	0.455	0.455	0.420	--  	0.00	7.78	-0.020	媒体及娱乐	--  	0.430	
08465	高科桥	1.72	1662620	3.540	3.480	2000	468000	0.00	3.470	3.600	3.470	--  	0.00	3.74	0.060	信息器材	--  	3.540	
08476	大洋环球控股	-3.41	1629660	0.850	0.880	2000	1952000	1.19	0.860	0.870	0.810	--  	0.00	6.82	-0.030	食物饮品	--  	0.850	
08181	港深联合	0.00	1515920	0.185	0.185	8000	8296000	0.00	0.185	0.186	0.173	--  	0.00	7.03	0.000	支援服务	--  	0.185	
08026	长达健康	-1.47	1515090	0.335	0.340	1000	4574000	1.52	0.310	0.345	0.310	--  	0.00	10.29	-0.005	医药医疗	--  	0.335	
08279	亚博科技控股	0.78	1480760	1.290	1.280	4000	1156000	0.78	1.300	1.300	1.260	81480	0.00	3.12	0.010	酒店及消闲	64000	1.290	
08326	同景新能源	-4.27	1467130	2.020	2.110	1000	702000	0.00	2.120	2.120	2.020	--  	0.00	4.74	-0.090	酒店及消闲	--  	2.020	
08156	众彩股份	0.00	1446150	0.840	0.840	5000	1750000	0.00	0.820	0.840	0.820	--  	0.00	2.38	0.000	酒店及消闲	--  	0.840	
08053	比优集团	5.00	1401100	0.630	0.600	20000	2290000	-5.97	0.610	0.670	0.610	--  	0.00	10.00	0.030	工用支援	--  	0.630	
08129	云信投资控股	-10.53	1395020	0.051	0.057	20000	26780000	-1.92	0.056	0.056	0.049	--  	0.00	12.28	-0.006	软件服务	--  	0.051	
08446	ITP HOLDINGS	-6.46	1349100	5.790	6.190	10000	230000	-0.17	6.010	6.160	5.790	--  	0.00	5.98	-0.400	媒体及娱乐	--  	5.790	
08049	吉林长龙药业	-2.86	1348720	1.700	1.750	4000	796000	0.00	1.700	1.710	1.680	--  	0.00	1.71	-0.050	医药医疗	--  	1.700	
08470	莹岚集团	-5.71	1318800	0.660	0.700	8000	1944000	0.00	0.690	0.710	0.660	--  	0.00	7.14	-0.040	建筑	--  	0.660	
08430	春能控股	-5.19	1308300	0.365	0.385	5000	3680000	0.00	0.370	0.385	0.350	--  	0.00	9.09	-0.020	工用运输	--  	0.365	
08232	CLASSIFIED GP	0.56	1280200	1.810	1.800	5000	675000	0.00	1.830	1.920	1.810	--  	0.00	6.11	0.010	酒店及消闲	--  	1.810	
08193	汉华专业服务	0.00	1260845	0.064	0.064	5000	19520000	1.59	0.063	0.067	0.063	--  	0.00	6.25	0.000	其他金融	--  	0.064	
08080	北亚策略	-2.05	1258121	0.143	0.146	8000	8724400	0.00	0.147	0.151	0.140	--  	0.00	7.53	-0.003	工业工程	--  	0.143	
08436	德宝集团控股	-3.64	1254350	0.530	0.550	5000	2340000	0.00	0.550	0.560	0.510	--  	0.00	9.09	-0.020	纺织服饰	--  	0.530	
08359	HYPEBEAST	-1.67	1225300	0.295	0.300	20000	4160000	0.00	0.300	0.300	0.290	--  	0.00	3.33	-0.005	媒体及娱乐	--  	0.295	
08353	安科系统	-1.32	1222230	0.750	0.760	3000	1776000	2.74	0.710	0.750	0.640	--  	0.00	14.47	-0.010	软件服务	--  	0.750	
08265	中国之信集团	0.00	1214600	3.080	3.080	4000	396000	1.32	3.060	3.090	3.040	--  	0.00	1.62	0.000	工用支援	--  	3.080	
08261	海天能源	0.00	1197600	0.365	0.365	8000	3336000	1.39	0.360	0.365	0.355	--  	0.00	2.74	0.000	公用事业	--  	0.365	
08191	鸿伟亚洲	4.48	1167960	0.350	0.335	6000	3342000	0.00	0.340	0.350	0.340	--  	0.00	2.99	0.015	原材料	--  	0.350	
08366	浙江联合投资	-1.54	1160300	0.640	0.650	10000	1840000	0.00	0.630	0.640	0.620	--  	0.00	3.08	-0.010	建筑	--  	0.640	
08087	中国三三传媒	8.57	1129060	0.038	0.035	20000	28260000	-2.56	0.035	0.048	0.035	--  	0.00	37.14	0.003	媒体及娱乐	--  	0.038	
08442	桦欣控股	12.86	1116990	9.480	8.400	500	131000	0.00	8.380	9.600	8.380	--  	0.00	14.52	1.080	纺织服饰	--  	9.480	
08163	万德金融	0.00	1110505	0.084	0.084	20000	13055125	0.00	0.090	0.090	0.084	--  	0.00	7.14	0.000	其他金融	--  	0.084	
08120	国农金融投资	0.00	1090540	0.082	0.082	20000	13750000	-2.38	0.080	0.084	0.078	--  	0.00	7.32	0.000	综合企业	--  	0.082	
08001	东方汇财证券	-2.67	1035560	0.730	0.750	4000	1416000	0.00	0.740	0.740	0.720	--  	0.00	2.67	-0.020	其他金融	--  	0.730	
08420	NEXION TECH	-5.26	1029900	0.540	0.570	5000	1845000	0.00	0.570	0.600	0.540	--  	0.00	10.53	-0.030	软件服务	--  	0.540	
08021	汇隆控股	-3.85	1008460	0.025	0.026	10000	40160000	0.00	0.026	0.026	0.025	--  	0.00	3.85	-0.001	建筑	--  	0.025	
08472	立高控股	-2.82	992850	0.690	0.710	5000	1440000	0.00	0.720	0.720	0.660	--  	0.00	8.45	-0.020	支援服务	--  	0.690	
08307	密迪斯肌	0.00	985560	0.530	0.530	4000	1856000	0.00	0.530	0.540	0.530	--  	0.00	1.89	0.000	医疗服务	--  	0.530	
08128	中国地能	-7.01	969884	0.146	0.157	8000	6590250	-0.68	0.154	0.154	0.144	--  	0.00	6.37	-0.011	工业工程	--  	0.146	
08023	邝文记	3.85	946800	0.540	0.520	6000	1824000	1.89	0.520	0.540	0.485	--  	0.00	10.58	0.020	建筑	--  	0.540	
08423	CHI HO DEV	-3.13	876800	0.620	0.640	10000	1400000	0.00	0.640	0.670	0.600	--  	0.00	10.94	-0.020	建筑	--  	0.620	
08029	太阳国际	-3.79	867950	1.270	1.320	5000	670000	-0.78	1.320	1.340	1.270	--  	0.00	5.30	-0.050	农业产品	--  	1.270	
08153	科地农业	3.57	858265	0.290	0.280	5000	3009000	3.57	0.280	0.295	0.280	--  	0.00	5.36	0.010	工业工程	--  	0.290	
08242	宏创高科	0.00	837850	0.150	0.150	10000	5750000	0.67	0.154	0.154	0.143	--  	0.00	7.33	0.000	半导体	--  	0.150	
08142	德利机械	-2.63	811800	0.370	0.380	10000	2180000	-1.33	0.380	0.385	0.370	--  	0.00	3.95	-0.010	工业工程	--  	0.370	
08018	汇财金融投资	-1.43	811780	0.207	0.210	10000	3972000	-0.96	0.204	0.210	0.203	--  	0.00	3.33	-0.003	软件服务	--  	0.207	
08260	银合控股	2.99	811100	0.690	0.670	10000	1190000	0.00	0.680	0.720	0.670	--  	0.00	7.46	0.020	支援服务	--  	0.690	
08167	中国新电信	-0.50	809844	0.199	0.200	4000	4108000	0.00	0.206	0.206	0.186	--  	0.00	10.00	-0.001	信息器材	--  	0.199	
08231	节能元件	2.65	801850	0.194	0.189	10000	4120000	0.00	0.190	0.200	0.188	--  	0.00	6.35	0.005	半导体	--  	0.194	
08445	怡康泰工程集团	-2.00	782400	0.490	0.500	10000	1590000	-2.00	0.510	0.510	0.485	--  	0.00	5.00	-0.010	建筑	--  	0.490	
08071	中彩网通控股	0.85	780220	0.238	0.236	5000	3270000	-0.42	0.236	0.245	0.236	--  	0.00	3.81	0.002	酒店及消闲	--  	0.238	
08463	TOMO HOLDINGS	-7.41	754280	1.250	1.350	4000	588000	-1.57	1.350	1.350	1.250	--  	0.00	7.41	-0.100	汽车	--  	1.250	
08077	昆仑国际金融	1.39	729500	0.730	0.720	5000	985000	0.00	0.720	0.750	0.720	--  	0.00	4.17	0.010	其他金融	--  	0.730	
08368	中国创意控股	0.00	697920	0.295	0.295	1000	2408000	0.00	0.275	0.305	0.270	--  	0.00	11.86	0.000	媒体及娱乐	--  	0.295	
08266	金达集团国际	-1.20	691488	0.082	0.083	16000	8448000	0.00	0.082	0.082	0.081	--  	0.00	1.20	-0.001	信息器材	--  	0.082	
08051	讯智海	-3.39	687316	15.940	16.500	200	43800	0.00	16.120	16.120	15.200	--  	0.00	5.58	-0.560	信息器材	--  	15.940	
08221	PF GROUP	0.66	667240	0.153	0.152	20000	4380000	1.32	0.154	0.155	0.150	--  	0.00	3.29	0.001	其他金融	--  	0.153	
08240	展程控股	5.83	660910	0.218	0.206	10000	3030000	0.00	0.206	0.225	0.206	--  	0.00	9.22	0.012	农业产品	--  	0.218	
08086	ＤＸ．ＣＯＭ控股	-2.92	634500	0.233	0.240	8000	2714000	0.87	0.228	0.239	0.228	--  	0.00	4.58	-0.007	软件服务	--  	0.233	
08481	盛龙锦秀国际	-3.77	612050	0.510	0.530	5000	1150000	0.00	0.580	0.580	0.510	--  	0.00	13.21	-0.020	工用支援	--  	0.510	
08342	飞思达科技	-3.08	595500	1.260	1.300	5000	460000	0.00	1.310	1.310	1.260	--  	0.00	3.85	-0.040	软件服务	--  	1.260	
08198	乐透互娱	0.00	586470	0.230	0.230	4000	2571600	1.32	0.230	0.235	0.226	--  	0.00	3.91	0.000	酒店及消闲	--  	0.230	
08215	FIRST CREDIT	0.89	571220	0.113	0.112	20000	5080000	1.80	0.111	0.114	0.110	--  	0.00	3.57	0.001	其他金融	--  	0.113	
08078	ＨＭＶ数码中国	-0.80	553332	0.248	0.250	20000	2232776	0.00	0.248	0.249	0.247	--  	0.00	0.80	-0.002	媒体及娱乐	--  	0.248	
08199	中国万桐园	-1.69	521600	0.290	0.295	10000	1820000	0.00	0.290	0.290	0.285	--  	0.00	1.69	-0.005	支援服务	--  	0.290	
08351	俊文宝石	-4.23	521240	0.340	0.355	20000	1602000	-1.45	0.355	0.355	0.310	--  	0.00	12.68	-0.015	纺织服饰	--  	0.340	
08347	Ｆ８企业	-3.45	502960	0.280	0.290	8000	1792000	0.00	0.280	0.290	0.275	--  	0.00	5.17	-0.010	石油天然气	--  	0.280	
08361	中国育儿网络	3.76	499560	1.380	1.330	2000	362000	0.00	1.380	1.380	1.380	--  	0.00	0.00	0.050	软件服务	--  	1.380	
08176	超人智能	0.00	493000	8.200	8.200	5000	60000	0.00	8.250	8.250	8.200	--  	0.00	0.61	0.000	医疗服务	--  	8.200	
08360	利骏集团香港	0.00	483648	0.176	0.176	4000	2756000	0.00	0.174	0.177	0.174	--  	0.00	1.70	0.000	建筑	--  	0.176	
08225	中国医疗集团	26.50	475580	0.148	0.117	20000	3160000	0.68	0.127	0.163	0.127	--  	0.00	30.77	0.031	医药医疗	--  	0.148	
08471	新达控股	2.90	474150	0.355	0.345	10000	1330000	0.00	0.355	0.360	0.355	--  	0.00	1.45	0.010	纺织服饰	--  	0.355	
08272	华人饮食集团	-4.55	464860	0.021	0.022	20000	22980000	0.00	0.022	0.022	0.020	--  	0.00	9.09	-0.001	酒店及消闲	--  	0.021	
08212	誉满国际控股	-1.73	455606	0.170	0.173	8000	2696001	1.80	0.170	0.172	0.167	--  	0.00	2.89	-0.003	其他金融	--  	0.170	
08200	修身堂	0.00	438160	0.058	0.058	40000	7680000	1.75	0.057	0.058	0.057	--  	0.00	1.72	0.000	医疗服务	--  	0.058	
08183	尚捷集团控股	1.01	435925	0.500	0.495	5000	900000	2.04	0.485	0.500	0.480	--  	0.00	4.04	0.005	纺织服饰	--  	0.500	
08293	星亚控股	3.57	431500	8.700	8.400	5000	50000	0.00	8.500	8.700	8.500	--  	0.00	2.38	0.300	支援服务	--  	8.700	
08195	L&A INTL HOLD	-7.14	429640	0.052	0.056	24000	8148000	0.00	0.054	0.054	0.052	--  	0.00	3.57	-0.004	纺织服饰	--  	0.052	
08202	汇创控股	0.92	399250	0.220	0.218	10000	1830000	0.46	0.218	0.220	0.218	--  	0.00	0.92	0.002	媒体及娱乐	--  	0.220	
08062	俊盟国际	-1.67	395550	0.590	0.600	5000	670000	0.00	0.600	0.600	0.580	--  	0.00	3.33	-0.010	软件服务	--  	0.590	
08147	汇思太平洋	0.61	394928	0.165	0.164	4000	2408000	0.61	0.164	0.165	0.162	--  	0.00	1.83	0.001	电讯	--  	0.165	
08007	环球战略集团	1.79	388460	0.114	0.112	10000	3430000	0.00	0.113	0.114	0.112	--  	0.00	1.79	0.002	一般金属	--  	0.114	
08252	泰和小贷	-0.29	373540	3.390	3.400	2000	110000	0.00	3.460	3.460	3.330	--  	0.00	3.82	-0.010	其他金融	--  	3.390	
08166	中国农业生态	-2.33	346500	0.126	0.129	20000	2760000	0.00	0.126	0.126	0.125	--  	0.00	0.78	-0.003	工用支援	--  	0.126	
08246	北方新能源	-1.54	330040	0.320	0.325	8000	1096000	14.29	0.310	0.320	0.280	--  	0.00	12.31	-0.005	工业工程	--  	0.320	
08152	明梁控股	0.00	325850	0.265	0.265	10000	1220000	0.00	0.265	0.270	0.265	--  	0.00	1.89	0.000	工业工程	--  	0.265	
08421	永顺控股香港	-2.67	325800	0.365	0.375	5000	915000	2.82	0.345	0.365	0.345	--  	0.00	5.33	-0.010	支援服务	--  	0.365	
08301	明华科技	0.00	323760	0.860	0.860	8000	360000	0.00	0.860	0.960	0.840	--  	0.00	13.95	0.000	信息器材	--  	0.860	
08028	天时软件	1.49	307688	0.068	0.067	20000	4464000	0.00	0.067	0.075	0.067	--  	0.00	11.94	0.001	黄金贵金属	--  	0.068	
08196	建禹集团	2.83	298760	2.910	2.830	4000	104000	0.00	2.850	2.910	2.830	--  	0.00	2.83	0.080	公用事业	--  	2.910	
08233	中国基建港口	1.00	295560	1.010	1.000	4000	296000	1.00	1.000	1.000	0.990	--  	0.00	1.00	0.010	工用运输	--  	1.010	
08311	圆美光电	-4.35	291450	0.440	0.460	10000	670000	0.00	0.440	0.445	0.430	--  	0.00	3.26	-0.020	信息器材	--  	0.440	
08295	中植资本国际	-3.17	285100	0.305	0.315	20000	940000	0.00	0.305	0.355	0.300	--  	0.00	17.46	-0.010	其他金融	--  	0.305	
08355	超智能控股	-1.32	277450	0.375	0.380	10000	740000	0.00	0.375	0.375	0.370	--  	0.00	1.32	-0.005	软件服务	--  	0.375	
08238	惠陶集团	2.22	275432	0.046	0.045	8000	5992000	2.22	0.046	0.046	0.045	--  	0.00	2.22	0.001	媒体及娱乐	--  	0.046	
08206	神通机器人教育	0.00	275275	0.400	0.400	1000	668000	0.00	0.425	0.425	0.400	--  	0.00	6.25	0.000	软件服务	--  	0.400	
08315	冠辉集团控股	2.94	270440	0.035	0.034	10000	7990000	2.94	0.033	0.035	0.033	--  	0.00	5.88	0.001	支援服务	--  	0.035	
08109	麒麟集团控股	-9.09	270435	0.020	0.022	15000	12900000	-4.76	0.021	0.021	0.020	--  	0.00	4.55	-0.002	软件服务	--  	0.020	
08056	饮食概念	2.00	270300	0.255	0.250	5000	1080000	0.00	0.250	0.255	0.250	--  	0.00	2.00	0.005	酒店及消闲	--  	0.255	
08299	大唐潼金	0.00	263410	0.017	0.017	12000	15701861	6.25	0.016	0.017	0.016	--  	0.00	5.88	0.000	黄金贵金属	--  	0.017	
08009	华夏能源控股	-7.41	253271	0.050	0.054	20000	4978500	-1.96	0.051	0.053	0.049	--  	0.00	7.41	-0.004	其他金融	--  	0.050	
08055	中国网络信息科技	0.00	252640	0.255	0.255	8000	992000	0.00	0.255	0.260	0.250	--  	0.00	3.92	0.000	软件服务	--  	0.255	
08157	象兴国际	2.70	243600	0.380	0.370	20000	640000	0.00	0.385	0.385	0.375	--  	0.00	2.70	0.010	工用运输	--  	0.380	
08171	中国趋势	-7.14	241440	0.013	0.014	160000	18400000	0.00	0.013	0.014	0.013	--  	0.00	7.14	-0.001	信息器材	--  	0.013	
08150	无缝绿色	12.00	235980	0.140	0.125	10000	1840000	0.00	0.128	0.140	0.122	--  	0.00	14.40	0.015	家电及用品	--  	0.140	
08039	KNK HOLDINGS	0.00	234000	1.790	1.790	8000	136000	0.00	1.720	1.790	1.700	--  	0.00	5.03	0.000	建筑	--  	1.790	
08237	华星控股	0.00	228540	0.740	0.740	2000	310000	1.37	0.740	0.740	0.730	--  	0.00	1.35	0.000	酒店及消闲	--  	0.740	
08369	立基工程控股	-1.54	224400	0.192	0.195	10000	1170000	1.05	0.194	0.194	0.190	--  	0.00	2.05	-0.003	建筑	--  	0.192	
08069	纵横游控股	-2.38	219300	0.820	0.840	5000	265000	0.00	0.840	0.840	0.820	--  	0.00	2.38	-0.020	酒店及消闲	--  	0.820	
08300	皇玺餐饮集团	-0.82	219280	0.121	0.122	20000	1820000	0.83	0.118	0.121	0.118	--  	0.00	2.46	-0.001	酒店及消闲	--  	0.121	
08439	新百利融资	0.00	209000	2.000	2.000	2000	106000	0.00	1.970	2.000	1.970	--  	0.00	1.50	0.000	其他金融	--  	2.000	
08148	奥柏中国	0.00	203780	0.138	0.138	20000	1470000	0.00	0.138	0.139	0.138	--  	0.00	0.72	0.000	软件服务	--  	0.138	
08160	GOLDWAY EDU	-1.47	203520	0.670	0.680	12000	312000	0.00	0.670	0.670	0.650	--  	0.00	2.94	-0.010	支援服务	--  	0.670	
08278	CMON	2.14	198930	0.239	0.234	10000	860000	3.02	0.230	0.239	0.230	--  	0.00	3.85	0.005	家电及用品	--  	0.239	
08030	汇联金融服务	0.00	197900	0.900	0.900	5000	220000	0.00	0.900	0.900	0.890	--  	1.11	1.11	0.000	其他金融	--  	0.900	
08229	FUTURE DATA	-3.57	196900	0.405	0.420	5000	490000	-1.22	0.400	0.420	0.395	--  	0.00	5.95	-0.015	软件服务	--  	0.405	
08161	医汇集团	-4.13	196450	0.116	0.121	10000	1670000	-3.33	0.121	0.121	0.115	--  	0.00	4.96	-0.005	医疗服务	--  	0.116	
08091	奥传思维控股	1.35	195430	0.150	0.148	10000	1290000	-0.66	0.167	0.156	0.140	--  	0.00	10.81	0.002	媒体及娱乐	--  	0.150	
08125	仁德资源	-3.85	189200	1.250	1.300	4000	152000	0.00	1.420	1.420	1.230	--  	0.00	14.62	-0.050	建筑	--  	1.250	
08019	皓文控股	4.17	188213	0.125	0.120	20000	1538000	2.46	0.120	0.128	0.120	--  	0.00	6.67	0.005	工业工程	--  	0.125	
08093	万星控股	0.00	182700	1.990	1.990	5000	95000	0.00	1.910	1.990	1.900	--  	0.00	4.52	0.000	纺织服饰	--  	1.990	
08050	云博产业	3.23	180560	1.600	1.550	2000	116000	0.00	1.540	1.610	1.520	--  	0.00	5.81	0.050	信息器材	--  	1.600	
08052	陆庆娱乐	-1.00	179700	0.099	0.100	10000	1800000	0.00	0.100	0.100	0.099	--  	0.00	1.00	-0.001	酒店及消闲	--  	0.099	
08186	同仁资源	-2.00	178200	0.098	0.100	20000	1800000	0.00	0.100	0.100	0.098	--  	0.00	2.00	-0.002	原材料	--  	0.098	
08169	环康集团	5.29	175070	0.199	0.189	10000	860000	0.00	0.188	0.233	0.185	--  	0.00	25.40	0.010	工业工程	--  	0.199	
08431	浩柏国际	0.00	170700	0.181	0.181	10000	940000	0.00	0.182	0.182	0.181	--  	0.00	0.55	0.000	酒店及消闲	--  	0.181	
08432	太平洋酒吧	-1.18	160630	0.168	0.170	10000	950000	0.00	0.171	0.172	0.168	--  	0.00	2.35	-0.002	酒店及消闲	--  	0.168	
08192	环球能源资源	1.39	159840	0.365	0.360	12000	444000	0.00	0.370	0.370	0.355	--  	0.00	4.17	0.005	一般金属	--  	0.365	
08245	安悦国际控股	-0.74	159820	0.135	0.136	5000	1195000	2.27	0.133	0.138	0.132	--  	0.00	4.41	-0.001	信息器材	--  	0.135	
08037	锐康药业	5.26	155660	0.800	0.760	20000	199000	0.00	0.760	0.800	0.760	--  	0.00	5.26	0.040	医药医疗	--  	0.800	
08239	首都金融控股	-10.97	155288	0.138	0.155	2000	1067600	-3.50	0.155	0.155	0.130	--  	0.00	16.13	-0.017	其他金融	--  	0.138	
08035	骏高控股	0.00	151550	0.300	0.300	10000	490000	0.00	0.305	0.310	0.300	--  	0.00	3.33	0.000	工用运输	--  	0.300	
08365	建泉国际控股	-2.67	146725	0.365	0.375	5000	405000	0.00	0.365	0.365	0.360	--  	0.00	1.33	-0.010	其他金融	--  	0.365	
08250	丝路能源	-5.45	144600	0.052	0.055	20000	2710000	0.00	0.054	0.055	0.052	--  	0.00	5.45	-0.003	煤炭	--  	0.052	
08411	K W NELSON GP	-0.48	138310	0.207	0.208	10000	690000	3.50	0.200	0.207	0.199	--  	0.00	3.85	-0.001	建筑	--  	0.207	
08162	港银控股	12.90	137450	0.350	0.310	10000	430000	0.00	0.315	0.350	0.315	--  	0.00	11.29	0.040	黄金贵金属	--  	0.350	
08363	SDM GROUP	3.95	135070	0.395	0.380	2000	360000	0.00	0.375	0.395	0.340	--  	0.00	14.47	0.015	支援服务	--  	0.395	
08116	中国幸福投资	1.32	133660	0.077	0.076	20000	1720000	0.00	0.078	0.078	0.077	--  	0.00	1.32	0.001	纺织服饰	--  	0.077	
08045	南大苏富特	5.26	132366	0.260	0.247	6000	510000	-1.89	0.260	0.265	0.247	--  	0.00	7.29	0.013	软件服务	--  	0.260	
08132	中油港燃	3.57	131560	0.087	0.084	20000	1560000	0.00	0.084	0.087	0.084	--  	0.00	3.57	0.003	信息器材	--  	0.087	
08025	亚洲资产	-9.09	130958	0.200	0.220	2000	640000	0.00	0.210	0.210	0.200	--  	0.00	4.55	-0.020	其他金融	--  	0.200	
08178	中国信息科技	-0.63	127272	0.157	0.158	24000	816000	0.00	0.157	0.159	0.153	--  	0.00	3.80	-0.001	软件服务	--  	0.157	
08249	瑞远智控	-3.45	126500	0.280	0.290	5000	455000	3.70	0.285	0.285	0.270	--  	0.00	5.17	-0.010	信息器材	--  	0.280	
08428	国茂控股	0.00	119856	0.147	0.147	12000	816000	0.68	0.147	0.147	0.146	--  	0.00	0.68	0.000	酒店及消闲	--  	0.147	
08126	Ｇ．Ａ．控股	1.75	118360	0.580	0.570	4000	204000	0.00	0.590	0.590	0.580	--  	0.00	1.75	0.010	汽车	--  	0.580	
08203	凯顺能源	-1.35	115385	0.365	0.370	10000	310000	0.00	0.375	0.375	0.365	--  	0.00	2.70	-0.005	工用支援	--  	0.365	
08041	荟萃国际（控股）	-1.46	109420	0.135	0.137	20000	840000	5.47	0.130	0.135	0.128	--  	0.00	5.11	-0.002	纺织服饰	--  	0.135	
08149	浩德控股	0.00	103100	0.325	0.325	10000	310000	0.00	0.330	0.350	0.325	--  	61.54	7.69	0.000	其他金融	--  	0.325	
08188	骏杰集团控股	0.00	93840	0.300	0.300	4000	316000	-1.64	0.300	0.305	0.290	--  	0.00	5.00	0.000	建筑	--  	0.300	
08067	东方大学城控股	5.10	92580	2.680	2.550	1000	35000	-2.55	2.600	2.750	2.600	--  	0.00	5.88	0.130	支援服务	--  	2.680	
08220	比高集团	-1.11	90380	0.089	0.090	20000	1020000	0.00	0.090	0.090	0.087	--  	0.00	3.33	-0.001	媒体及娱乐	--  	0.089	
08407	兴证国际	0.00	84900	1.150	1.150	2000	74000	0.00	1.150	1.150	1.110	--  	0.00	3.48	0.000	其他金融	--  	1.150	
08243	大贺传媒	1.25	84400	0.405	0.400	5000	210000	0.00	0.400	0.405	0.400	--  	0.00	1.25	0.005	媒体及娱乐	--  	0.405	
08013	ECI TECH	-2.00	83840	0.098	0.100	20000	860000	0.00	0.098	0.098	0.096	--  	0.00	2.00	-0.002	软件服务	--  	0.098	
08319	思博系统	-0.59	81940	0.168	0.169	10000	490000	0.60	0.168	0.168	0.166	--  	0.00	1.18	-0.001	软件服务	--  	0.168	
08201	宝联控股	-9.76	81600	0.370	0.410	20000	220000	0.00	0.375	0.375	0.370	--  	0.00	1.22	-0.040	支援服务	--  	0.370	
08346	创新电子控股	0.00	81550	0.305	0.305	10000	260000	0.00	0.320	0.320	0.305	--  	0.00	4.92	0.000	工业工程	--  	0.305	
08130	智城控股	0.50	80498	0.200	0.199	20000	402800	0.00	0.200	0.200	0.200	--  	0.00	0.00	0.001	媒体及娱乐	--  	0.200	
08072	罗马集团（新）	0.00	75327	0.148	0.148	20000	509687	0.00	0.148	0.148	0.148	--  	0.00	0.00	0.000	其他金融	--  	0.148	
08296	中国生命集团	2.36	73736	0.130	0.127	4000	568000	-1.52	0.128	0.132	0.127	--  	0.00	3.94	0.003	支援服务	--  	0.130	
08111	中科光电	-4.35	72965	0.088	0.092	5000	840000	0.00	0.086	0.088	0.085	--  	0.00	3.26	-0.004	软件服务	--  	0.088	
08103	万泰企业股份	23.78	71200	1.770	1.430	20000	40000	-0.56	1.780	1.780	1.780	--  	0.00	0.00	0.340	软件服务	--  	1.770	
08113	扬宇科技	0.00	68200	0.620	0.620	10000	110000	0.00	0.620	0.620	0.620	--  	1.61	0.00	0.000	工业工程	--  	0.620	
08256	金利通	-4.65	65600	0.041	0.043	4000	1600000	0.00	0.041	0.041	0.041	--  	0.00	0.00	-0.002	电讯	--  	0.041	
08405	恒智控股	-2.27	65440	0.860	0.880	4000	76000	0.00	0.880	0.880	0.850	--  	0.00	3.41	-0.020	支援服务	--  	0.860	
08218	毅高国际控股	0.94	65332	0.214	0.212	4000	288000	-5.31	0.227	0.228	0.214	--  	0.00	6.60	0.002	工业工程	--  	0.214	
08269	富誉控股	0.00	64110	0.181	0.181	10000	360000	0.00	0.177	0.182	0.177	--  	0.00	2.76	0.000	农业产品	--  	0.181	
08016	长虹佳华	0.00	61600	0.880	0.880	2000	70000	0.00	0.880	0.880	0.880	--  	0.00	0.00	0.000	信息器材	--  	0.880	
08317	财华社集团	-1.47	59060	0.670	0.680	2000	90000	-1.47	0.640	0.680	0.640	--  	0.00	5.88	-0.010	软件服务	--  	0.670	
08320	沛然环保	0.52	58350	0.195	0.194	10000	300000	0.00	0.193	0.195	0.193	--  	0.00	1.03	0.001	支援服务	--  	0.195	
08088	汇友科技控股	0.00	56603	0.042	0.042	8000	1348600	0.00	0.042	0.042	0.042	--  	0.00	0.00	0.000	其他金融	--  	0.042	
08101	家梦控股	-2.15	48432	0.091	0.093	4000	532000	0.00	0.091	0.092	0.091	--  	0.00	1.08	-0.002	家电及用品	--  	0.091	
08312	中国瀚亚	0.00	46400	0.580	0.580	10000	80000	0.00	0.580	0.580	0.580	--  	0.00	0.00	0.000	纺织服饰	--  	0.580	
08329	海王英特龙	0.00	46200	0.385	0.385	10000	120000	0.00	0.385	0.385	0.385	--  	0.00	0.00	0.000	医药医疗	--  	0.385	
08280	中国数字视频	2.97	43660	1.040	1.010	2000	42000	2.97	1.060	1.060	1.010	--  	0.00	4.95	0.030	媒体及娱乐	--  	1.040	
08108	福泽集团	1.74	42334	0.117	0.115	2000	366000	0.00	0.117	0.117	0.114	--  	0.00	2.61	0.002	支援服务	--  	0.117	
08412	高门集团	-0.41	35300	0.242	0.243	10000	150000	2.98	0.235	0.242	0.233	--  	0.00	3.70	-0.001	酒店及消闲	--  	0.242	
08005	裕兴科技	8.11	31260	0.800	0.740	2000	42000	6.67	0.720	0.800	0.720	--  	0.00	10.81	0.060	信息器材	--  	0.800	
08362	运兴泰集团	-1.71	29900	0.115	0.117	20000	260000	0.00	0.115	0.115	0.115	--  	0.00	0.00	-0.002	农业产品	--  	0.115	
08197	北斗嘉药业	1.79	28500	0.570	0.560	10000	50000	0.00	0.570	0.570	0.570	--  	0.00	0.00	0.010	医药医疗	--  	0.570	
08082	仁智国际集团	-4.52	27780	0.190	0.199	5000	150000	-1.55	0.180	0.193	0.180	--  	0.00	6.53	-0.009	支援服务	--  	0.190	
08268	迪臣建设	0.00	27443	0.190	0.190	8000	145000	0.00	0.189	0.190	0.189	--  	0.00	0.53	0.000	建筑	--  	0.190	
08267	蓝港互动	-0.60	25375	1.670	1.680	500	15500	0.00	1.640	1.670	1.630	--  	0.00	2.38	-0.010	软件服务	--  	1.670	
08003	世大控股	1.92	24998	0.053	0.052	2000	490000	0.00	0.051	0.053	0.051	--  	0.00	3.85	0.001	原材料	--  	0.053	
08031	易通讯集团	0.95	23320	1.060	1.050	2000	22000	0.00	1.060	1.060	1.060	--  	0.00	0.00	0.010	支援服务	--  	1.060	
08258	西北实业	-4.92	22850	0.290	0.305	10000	80000	0.00	0.285	0.290	0.285	--  	0.00	1.64	-0.015	工业工程	--  	0.290	
08165	华普智通	-15.38	22620	0.033	0.039	10000	640000	-8.33	0.038	0.039	0.033	--  	0.00	15.38	-0.006	软件服务	--  	0.033	
08131	辰罡科技	2.86	22592	0.180	0.175	10000	126000	0.00	0.175	0.181	0.175	--  	0.00	3.43	0.005	软件服务	--  	0.180	
08143	华夏医疗	-0.66	22220	0.150	0.151	4000	148000	0.00	0.149	0.156	0.149	--  	0.00	4.64	-0.001	医药医疗	--  	0.150	
08020	宏海控股集团	5.77	22080	0.220	0.208	10000	100000	0.00	0.222	0.222	0.220	--  	0.00	0.96	0.012	工用运输	--  	0.220	
08076	新利软件	-2.16	18000	0.181	0.185	5000	100000	0.56	0.180	0.180	0.180	--  	0.00	0.00	-0.004	软件服务	--  	0.181	
08123	华亿金控	2.94	17868	0.105	0.102	6000	174000	-2.78	0.103	0.108	0.102	--  	0.00	5.88	0.003	其他金融	--  	0.105	
08135	正美丰业	0.00	17850	0.510	0.510	5000	35000	0.00	0.510	0.510	0.510	--  	0.00	0.00	0.000	汽车	--  	0.510	
08119	即时科研	0.00	17800	0.890	0.890	10000	20000	0.00	0.890	0.890	0.890	--  	0.00	0.00	0.000	地产	--  	0.890	
08247	中生北控生物科技	-1.44	16480	2.060	2.090	2000	8000	0.00	2.060	2.060	2.060	--  	0.00	0.00	-0.030	医药医疗	--  	2.060	
08270	中国煤层气	0.00	15400	0.077	0.077	40000	200000	0.00	0.077	0.077	0.077	--  	0.00	0.00	0.000	石油天然气	--  	0.077	
08358	卓珈控股	-3.97	14300	1.450	1.510	5000	10000	0.69	1.420	1.440	1.420	--  	0.00	1.32	-0.060	医疗服务	--  	1.450	
08006	华泰瑞银	-2.04	13597	0.240	0.245	10000	56700	0.00	0.241	0.241	0.240	--  	0.00	0.41	-0.005	媒体及娱乐	--  	0.240	
08255	神州数字	-3.51	12960	0.550	0.570	6000	24000	3.77	0.530	0.550	0.530	--  	0.00	3.51	-0.020	软件服务	--  	0.550	
08222	壹照明	1.26	11624	0.242	0.239	4000	52000	9.01	0.222	0.242	0.222	--  	0.00	8.37	0.003	家电及用品	--  	0.242	
08117	中国基础能源	0.00	11168	0.890	0.890	10000	12700	0.00	0.890	0.890	0.890	--  	0.00	0.00	0.000	公用事业	--  	0.890	
08121	超凡网络	2.40	10300	0.128	0.125	10000	80000	-0.78	0.128	0.129	0.128	--  	0.00	0.80	0.003	媒体及娱乐	--  	0.128	
08092	ITE HOLDINGS	-4.00	7680	0.096	0.100	4000	80000	0.00	0.096	0.096	0.096	--  	0.00	0.00	-0.004	软件服务	--  	0.096	
08079	易还财务投资	-1.41	7050	0.700	0.710	5000	10000	-1.41	0.700	0.710	0.700	--  	0.00	1.41	-0.010	其他金融	--  	0.700	
08139	长安仁恒	0.00	6400	3.200	3.200	500	2000	0.00	3.200	3.200	3.200	--  	0.00	0.00	0.000	原材料	--  	3.200	
08251	优越集团控股	-1.59	6200	0.620	0.630	10000	10000	0.00	0.620	0.620	0.620	--  	0.00	0.00	-0.010	工用支援	--  	0.620	
08277	骏东控股	0.00	5600	0.820	0.820	2000	8000	0.00	0.660	0.820	0.660	--  	0.00	19.51	0.000	原材料	--  	0.820	
08033	爱达利网络	0.00	2900	0.290	0.290	2000	10000	0.00	0.290	0.290	0.290	--  	0.00	0.00	0.000	软件服务	--  	0.290	
08060	国联通信	-4.69	2440	0.122	0.128	10000	20000	0.00	0.122	0.122	0.122	--  	0.00	0.00	-0.006	软件服务	--  	0.122	
08106	升华兰德	-2.63	1850	0.370	0.380	5000	5000	0.00	0.370	0.370	0.370	--  	0.00	0.00	-0.010	软件服务	--  	0.370	
08155	南华资产控股	-3.92	1176	0.049	0.051	8000	24000	0.00	0.049	0.049	0.049	--  	0.00	0.00	-0.002	地产	--  	0.049	
08075	寰亚传媒	4.09	916	0.229	0.220	4000	4000	0.00	0.229	0.229	0.229	--  	0.00	0.00	0.009	媒体及娱乐	--  	0.229	
08190	康佰控股	-2.94	640	0.066	0.068	10000	10000	3.12	0.064	0.064	0.064	--  	0.00	0.00	-0.002	家电及用品	--  	0.066	
08337	直通电讯	0.00	600	0.060	0.060	10000	10000	0.00	--  	0.060	--  	--  	0.00	0.00	0.000	电讯	--  	0.060	
08345	火岩控股	-1.01	0	4.900	4.950	2000	0	0.00	--  	4.900	--  	--  	3.06	0.00	-0.050	软件服务	--  	4.900	
08343	宏光照明	0.00	0	0.900	0.900	5000	0	0.00	--  	0.900	--  	--  	0.00	0.00	0.000	工业工程	--  	0.900	
08341	艾硕控股	0.00	0	2.700	2.700	5000	0	0.00	--  	2.700	--  	--  	0.00	0.00	0.000	建筑	--  	2.700	
08333	阿仕特朗金融	0.00	0	0.365	0.365	5000	0	0.00	--  	0.365	--  	--  	1.37	0.00	0.000	其他金融	--  	0.365	
08316	柏荣集团控股	0.00	0	1.620	1.620	10000	0	0.00	--  	1.620	--  	--  	0.00	0.00	0.000	建筑	--  	1.620	
08306	中国有色金属	0.00	0	0.201	0.201	10000	0	0.00	--  	0.201	--  	--  	0.00	0.00	0.000	一般金属	--  	0.201	
08297	芭迪贝伊	0.00	0	0.255	0.255	5000	0	0.00	--  	0.255	--  	--  	0.00	0.00	0.000	纺织服饰	--  	0.255	
08290	亚势备份	0.00	0	0.094	0.094	10000	0	0.00	--  	0.094	--  	--  	0.00	0.00	0.000	软件服务	--  	0.094	
08286	长城微光	0.00	0	0.410	0.410	5000	0	0.00	--  	0.410	--  	--  	0.00	0.00	0.000	信息器材	--  	0.410	
08281	中国金典集团	0.00	0	0.315	0.315	8000	0	0.00	--  	0.315	--  	--  	0.00	0.00	0.000	纺织服饰	--  	0.315	
08273	浙江展望	0.00	0	1.510	1.510	2000	0	0.00	--  	1.510	--  	--  	0.00	0.00	0.000	汽车	--  	1.510	
08271	环球数码创意	0.00	0	0.280	0.280	2000	0	0.00	--  	0.280	--  	--  	0.00	0.00	0.000	媒体及娱乐	--  	0.280	
08262	宏强控股	0.00	0	0.460	0.460	10000	0	0.00	--  	0.460	--  	--  	0.00	0.00	0.000	建筑	--  	0.460	
08236	宝德科技集团	0.00	0	3.010	3.010	1000	0	0.00	--  	3.010	--  	--  	0.00	0.00	0.000	软件服务	--  	3.010	
08235	赛迪顾问	0.00	0	0.310	0.310	10000	0	0.00	--  	0.310	--  	--  	0.00	0.00	0.000	软件服务	--  	0.310	
08230	中国宇天	0.00	0	0.560	0.560	5000	0	0.00	--  	0.560	--  	--  	0.00	0.00	0.000	建筑	--  	0.560	
08211	浙江永安	0.00	0	0.270	0.270	10000	0	0.00	--  	0.270	--  	--  	0.00	0.00	0.000	纺织服饰	--  	0.270	
08205	交大慧谷	0.00	0	0.380	0.380	4000	0	0.00	--  	0.380	--  	--  	0.00	0.00	0.000	信息器材	--  	0.380	
08189	泰达生物	0.00	0	0.400	0.400	5000	0	0.00	--  	0.400	--  	--  	0.00	0.00	0.000	原材料	--  	0.400	
08173	万亚企业控股	0.00	0	0.027	0.027	40000	0	0.00	--  	0.027	--  	--  	0.00	0.00	0.000	一般金属	--  	0.027	
08159	辉煌科技	0.00	0	0.620	0.620	5000	0	0.00	--  	0.620	--  	--  	0.00	0.00	0.000	信息器材	--  	0.620	
08145	电讯首科	0.00	0	2.170	2.170	2000	0	0.00	--  	2.170	--  	--  	0.92	0.00	0.000	信息器材	--  	2.170	
08122	德莱建业	--  	0	0.000	--  	0	0	--  	--  	--  	--  	--  	0.00	--  	--  		--  	0.000	
08115	上海青浦消防	0.00	0	0.810	0.810	4000	0	0.00	--  	0.810	--  	--  	0.00	0.00	0.000	工业工程	--  	0.810	
08100	智易控股	-1.01	0	0.490	0.495	6000	0	0.00	--  	0.490	--  	--  	0.00	0.00	-0.005	软件服务	--  	0.490	
08098	昌利控股	0.00	0	0.180	0.180	10000	0	0.00	--  	0.180	--  	--  	0.00	0.00	0.000	其他金融	--  	0.180	
08070	侨洋国际控股	0.00	0	0.710	0.710	5000	0	0.00	--  	0.710	--  	--  	0.00	0.00	0.000	工业工程	--  	0.710	
08066	品创控股	0.00	0	0.164	0.164	5000	0	0.00	--  	0.164	--  	--  	0.00	0.00	0.000	石油天然气	--  	0.164	
08063	环球大通集团	0.00	0	0.125	0.125	50000	0	0.00	--  	0.125	--  	--  	0.00	0.00	0.000	酒店及消闲	--  	0.125	
08057	麦迪森控股	0.00	0	1.810	1.810	4000	0	0.00	--  	1.810	--  	--  	0.00	0.00	0.000	食物饮品	--  	1.810	
08048	御德国际控股	0.00	0	0.078	0.078	2000	0	0.00	--  	0.078	--  	--  	0.00	0.00	0.000	软件服务	--  	0.078	
08038	金力集团	--  	0	0.000	--  	0	0	--  	--  	--  	--  	--  	0.00	--  	--  		--  	0.000	
08032	非凡中国	0.00	0	0.650	0.650	8000	0	0.00	--  	0.650	--  	--  	0.00	0.00	0.000	酒店及消闲	--  	0.650	
08012	环宇物流（亚洲）	--  	0	0.000	--  	0	0	--  	--  	--  	--  	--  	0.00	--  	--  		--  	0.000	
08011	百田石油	0.00	0	0.179	0.179	20000	0	0.00	--  	0.179	--  	--  	0.00	0.00	0.000	石油天然气	--  	0.179	
08592	罗马集团股权	--  	0	0.000	--  	0	0	--  	--  	--  	--  	--  	0.00	--  	--  		--  	0.000	
08591	罗马集团（旧）	0.00	0	0.150	0.150	5000	0	0.00	--  	0.150	--  	--  	0.00	0.00	0.000		--  	0.150	
08590	L&A INTL-OLD	--  	0	0.000	--  	0	0	--  	--  	--  	--  	--  	0.00	--  	--  		--  	0.000	
08452	富银融资股份	0.00	0	1.270	1.270	2000	0	0.00	--  	1.270	--  	--  	0.00	0.00	0.000	其他金融	--  	1.270	
08356	中国新华电视	0.00	0	0.075	0.075	10000	0	0.00	--  	0.075	--  	--  	0.00	0.00	0.000	建筑	--  	0.075	
08349	美固科技控股	0.00	0	2.740	2.740	10000	0	0.00	--  	2.740	--  	--  	0.00	0.00	0.000	建筑	--  	2.740	
08348	滨海泰达物流	0.00	0	1.280	1.280	2000	0	0.00	--  	1.280	--  	--  	0.00	0.00	0.000	工用支援	--  	1.280	
数据来源:通达信
