代码	名称	涨幅%%	总金额	现价	昨收	每手	总量	涨速%%	今开	最高	最低	抛空额	股息率%%	振幅%%	涨跌	细分行业	抛空量	按盘价	
08321	泰锦控股	-81.77	157613888	0.680	3.730	10000	97352000	-4.23	3.780	3.830	0.670	--  	0.00	84.72	-3.050	建筑	--  	0.680	
08227	海天天线控股	11.57	62532764	7.330	6.570	4000	8788000	0.00	6.640	7.470	6.640	--  	0.00	12.63	0.760	信息器材	--  	7.330	
08129	中国生物资源	127.3	40364400	0.075	0.033	20000	649025024	-2.60	0.050	0.078	0.046	--  	0.00	96.97	0.042	软件服务	--  	0.075	
08368	中国创意控股	38.03	35628512	0.490	0.355	1000	77331728	3.16	0.355	0.520	0.355	--  	0.00	46.48	0.135	媒体及娱乐	--  	0.490	
08207	中新控股	3.13	32521642	0.990	0.960	4000	33092000	0.00	0.970	1.000	0.960	7099961	0.00	4.17	0.030	其他金融	7220000	0.990	
08156	众彩股份	4.88	30204702	0.860	0.820	5000	36815000	2.38	0.820	0.860	0.810	--  	0.00	6.10	0.040	酒店及消闲	--  	0.860	
08202	汇创控股	-17.50	22180472	0.330	0.400	10000	52865200	3.12	0.420	0.450	0.315	--  	0.00	33.75	-0.070	媒体及娱乐	--  	0.330	
08242	宏创高科	-16.67	20181420	0.250	0.300	10000	74940000	-3.85	0.305	0.305	0.245	--  	0.00	20.00	-0.050	半导体	--  	0.250	
08392	舍图控股	3.09	19302100	0.500	0.485	10000	39460000	1.01	0.480	0.510	0.475	--  	0.00	7.22	0.015	家电及用品	--  	0.500	
08193	汉华专业服务	18.03	18616836	0.072	0.061	5000	274470016	1.41	0.061	0.076	0.059	--  	0.00	27.87	0.011	其他金融	--  	0.072	
08352	成安控股	-0.63	16622791	4.700	4.730	10000	3401000	0.00	4.800	5.000	4.700	--  	0.00	6.34	-0.030	建筑	--  	4.700	
08059	朝威控股	-3.33	16349751	0.580	0.600	5000	27715000	-1.69	0.600	0.600	0.580	--  	0.00	3.33	-0.020	建筑	--  	0.580	
08137	洪桥集团	0.61	15683661	1.660	1.650	2000	9422000	0.00	1.670	1.680	1.640	1815320	0.00	2.42	0.010	工业工程	1088000	1.660	
08226	树熊金融集团	2.90	14566961	0.355	0.345	4000	40994000	0.00	0.350	0.370	0.345	--  	0.00	7.25	0.010	农业产品	--  	0.355	
08133	铸能控股	-2.50	13759101	0.390	0.400	20000	36580000	0.00	0.390	0.395	0.360	--  	0.00	8.75	-0.010	工业工程	--  	0.390	
08158	中国再生医学	-3.42	10978241	0.226	0.234	5000	48260000	0.00	0.230	0.235	0.217	312395	0.00	7.69	-0.008	医药医疗	1385000	0.226	
08293	星亚控股	-0.87	10698101	9.100	9.180	5000	1200000	2.02	9.000	9.100	8.890	--  	0.00	2.29	-0.080	支援服务	--  	9.100	
08187	永骏国际控股	-11.92	9994700	1.330	1.510	5000	7205000	1.53	1.510	1.580	1.310	--  	0.00	17.88	-0.180	纺织服饰	--  	1.330	
08436	德宝集团控股	1.67	9918050	0.610	0.600	5000	15830000	-1.61	0.610	0.650	0.600	--  	0.00	8.33	0.010	纺织服饰	--  	0.610	
08257	靖洋集团	11.94	9819000	1.500	1.340	10000	7320000	5.63	1.340	1.530	1.260	--  	0.00	20.15	0.160	半导体	--  	1.500	
08469	盛业资本	4.37	9268240	6.450	6.180	2000	1446000	0.16	6.180	6.490	6.180	--  	0.00	5.02	0.270	其他金融	--  	6.450	
08100	智易控股	2.00	9249704	0.510	0.500	6000	18316200	4.08	0.495	0.510	0.490	--  	0.00	4.00	0.010	软件服务	--  	0.510	
08046	恒芯中国	-2.86	8873848	0.034	0.035	4000	253108000	0.00	0.035	0.037	0.034	--  	0.00	8.57	-0.001	媒体及娱乐	--  	0.034	
08351	俊文宝石	2.70	8674750	0.380	0.370	20000	23453000	2.70	0.370	0.370	0.360	--  	0.00	2.70	0.010	纺织服饰	--  	0.380	
08083	中国创新支付	-5.32	8183441	0.445	0.470	4000	18660000	0.00	0.455	0.455	0.430	279420	0.00	5.32	-0.025	软件服务	640000	0.445	
08021	汇隆控股	26.09	8122068	0.029	0.023	10000	291909504	3.57	0.024	0.030	0.024	--  	0.00	26.09	0.006	建筑	--  	0.029	
08047	中国海洋捕捞	0.00	7832201	0.680	0.680	4000	11660000	0.00	0.680	0.690	0.660	--  	0.00	4.41	0.000	工用支援	--  	0.680	
08148	奥柏中国	7.35	7514901	0.146	0.136	20000	52039000	1.39	0.151	0.165	0.139	--  	0.00	19.12	0.010	软件服务	--  	0.146	
08446	ITP HOLDINGS	-3.32	7462801	6.400	6.620	10000	1170000	-0.78	6.500	6.650	6.220	--  	0.00	6.50	-0.220	媒体及娱乐	--  	6.400	
08328	信义香港	2.38	7076058	1.720	1.680	4000	4133750	0.00	1.680	1.740	1.680	--  	0.00	3.57	0.040		--  	1.720	
08022	永耀集团控股	2.00	7010056	0.510	0.500	3000	14019000	0.00	0.500	0.510	0.495	--  	0.00	3.00	0.010	酒店及消闲	--  	0.510	
08175	中国数码文化	7.89	6932401	0.410	0.380	10000	17052500	0.00	0.385	0.430	0.380	--  	0.00	13.16	0.030	酒店及消闲	--  	0.410	
08340	域高金融	-3.51	6803101	1.100	1.140	10000	5980000	0.92	1.140	1.250	1.020	--  	0.00	20.18	-0.040	其他金融	--  	1.100	
08090	中国融保金融集团	13.95	6577541	0.980	0.860	2000	6916000	1.03	0.870	1.030	0.870	--  	0.00	18.60	0.120	其他金融	--  	0.980	
08102	利宝阁集团	-0.62	6569101	6.410	6.450	10000	1010000	-0.31	6.600	6.680	6.350	--  	0.00	5.12	-0.040	酒店及消闲	--  	6.410	
08012	环宇物流（亚洲）	0.00	6509601	1.440	1.440	8000	4496000	0.00	1.450	1.460	1.430	--  	0.00	2.08	0.000	工用运输	--  	1.440	
08252	泰和小贷	0.00	5689741	2.700	2.700	2000	2110000	0.37	2.730	2.750	2.670	--  	0.00	2.96	0.000	其他金融	--  	2.700	
08470	莹岚集团	-4.35	5618081	0.440	0.460	8000	12472000	-1.12	0.460	0.475	0.425	--  	0.00	10.87	-0.020	建筑	--  	0.440	
08279	亚博科技控股	-1.47	5459861	1.340	1.360	4000	4163000	1.52	1.360	1.370	1.280	58480	0.00	6.62	-0.020	酒店及消闲	44000	1.340	
08231	节能元件	-4.43	5354151	0.194	0.203	10000	27910000	0.52	0.200	0.200	0.186	--  	0.00	6.90	-0.009	半导体	--  	0.194	
08062	俊盟国际	16.07	5267651	0.650	0.560	5000	8420000	1.56	0.570	0.660	0.560	--  	0.00	17.86	0.090	软件服务	--  	0.650	
08221	PF GROUP	0.00	5244560	0.153	0.153	20000	34920000	0.66	0.153	0.155	0.150	--  	0.00	3.27	0.000	其他金融	--  	0.153	
08308	古兜控股	-2.91	5051000	1.670	1.720	4000	2960000	-0.60	1.660	1.750	1.650	--  	0.00	5.81	-0.050	酒店及消闲	--  	1.670	
08213	新智控股	8.33	4953120	0.078	0.072	10000	66040000	8.33	0.078	0.078	0.078	--  	0.00	0.00	0.006	酒店及消闲	--  	0.078	
08073	兴业新材料	0.00	4894647	1.210	1.210	4000	4057622	0.00	1.210	1.230	1.180	--  	0.00	4.13	0.000	工业工程	--  	1.210	
08217	联旺集团	0.00	4878000	0.385	0.385	10000	12360000	-1.28	0.400	0.400	0.385	--  	0.00	3.90	0.000	建筑	--  	0.385	
08275	永勤集团控股	0.00	4451800	0.495	0.495	10000	9030000	1.02	0.490	0.500	0.490	--  	0.00	2.02	0.000	建筑	--  	0.495	
08095	北大青鸟环宇	1.60	4367605	1.910	1.880	1000	2279000	0.00	1.900	1.930	1.900	7640	0.00	1.60	0.030	软件服务	4000	1.910	
08138	同仁堂国药	2.20	4250910	11.160	10.920	1000	388000	1.09	10.920	11.160	10.860	55540	0.00	2.75	0.240	医药医疗	5000	11.160	
08269	富誉控股	3.72	4069614	0.195	0.188	10000	20483332	-0.51	0.190	0.206	0.189	--  	0.00	9.04	0.007	农业产品	--  	0.195	
08130	智城控股	1.01	4055640	0.200	0.198	20000	20280000	0.00	0.198	0.200	0.197	--  	0.00	1.52	0.002	媒体及娱乐	--  	0.200	
08186	同仁资源	-4.21	3796748	0.091	0.095	20000	42092760	-9.00	0.085	0.100	0.083	--  	0.00	17.89	-0.004	原材料	--  	0.091	
08480	飞霓控股	-2.94	3762380	0.495	0.510	4000	7428000	-1.00	0.510	0.540	0.490	--  	0.00	9.80	-0.015	纺织服饰	--  	0.495	
08417	大地教育	-0.87	3733800	1.140	1.150	10000	3310000	0.88	1.120	1.160	1.100	--  	0.00	5.22	-0.010	支援服务	--  	1.140	
08147	汇思太平洋	-1.22	3431208	0.162	0.164	4000	21560000	1.89	0.164	0.164	0.158	--  	0.00	3.66	-0.002	电讯	--  	0.162	
08008	新意网集团	1.12	3427424	5.440	5.380	1000	630398	0.00	5.380	5.450	5.380	359190	2.52	1.30	0.060	软件服务	66000	5.440	
08416	HM INTL HLDGS	-5.60	3300650	1.180	1.250	5000	2745000	0.00	1.250	1.250	1.180	--  	0.00	5.60	-0.070	工用支援	--  	1.180	
08212	誉满国际控股	1.65	3185362	0.185	0.182	8000	17608000	1.09	0.188	0.197	0.170	--  	0.00	14.84	0.003	其他金融	--  	0.185	
08299	大唐潼金	-5.26	3087242	0.018	0.019	12000	184346000	0.00	0.018	0.018	0.016	--  	0.00	10.53	-0.001	黄金贵金属	--  	0.018	
08331	飞尚非金属	-0.59	3048800	1.690	1.700	10000	1810000	0.00	1.720	1.750	1.660	--  	0.00	5.29	-0.010	一般金属	--  	1.690	
08292	盛良物流	0.87	3044600	2.310	2.290	10000	1330000	0.00	2.290	2.340	2.250	--  	0.00	3.93	0.020	工用运输	--  	2.310	
08430	春能控股	0.00	3019175	0.340	0.340	5000	9085000	3.03	0.340	0.340	0.330	--  	0.00	2.94	0.000	工用运输	--  	0.340	
08491	COOL LINK	-8.47	3017550	0.540	0.590	5000	5325000	0.00	0.600	0.600	0.530	--  	0.00	11.86	-0.050	食物饮品	--  	0.540	
08476	大洋环球控股	-5.10	2939880	0.930	0.980	2000	3114000	0.00	0.980	0.980	0.920	--  	0.00	6.12	-0.050	食物饮品	--  	0.930	
08183	尚捷集团控股	-1.96	2867925	0.500	0.510	5000	5660000	3.09	0.520	0.540	0.485	--  	0.00	10.78	-0.010	纺织服饰	--  	0.500	
08452	富银融资股份	0.00	2865520	1.260	1.260	2000	2232000	0.00	1.270	1.300	1.260	--  	0.00	3.17	0.000	其他金融	--  	1.260	
08457	健升物流中国	-3.57	2865200	0.270	0.280	10000	10730000	3.85	0.280	0.285	0.255	--  	0.00	10.71	-0.010	工用支援	--  	0.270	
08086	ＤＸ．ＣＯＭ控股	13.00	2733948	0.226	0.200	8000	12988000	-1.31	0.202	0.229	0.195	--  	0.00	17.00	0.026	软件服务	--  	0.226	
08383	东骏控股	4.76	2303520	0.440	0.420	8000	5248000	0.00	0.425	0.450	0.425	--  	0.00	5.95	0.020	工用支援	--  	0.440	
08179	新煮意控股	0.00	2068920	0.320	0.320	12000	6400000	0.00	0.320	0.330	0.315	--  	0.00	4.69	0.000	酒店及消闲	--  	0.320	
08260	银合控股	0.00	2051000	0.700	0.700	10000	2930000	0.00	0.700	0.700	0.700	--  	0.00	0.00	0.000	支援服务	--  	0.700	
08142	德利机械	1.33	2038650	0.380	0.375	10000	5370000	1.33	0.375	0.385	0.370	--  	0.00	4.00	0.005	工业工程	--  	0.380	
08349	美固科技控股	0.66	1941200	3.040	3.020	10000	640000	0.00	2.930	3.040	2.930	--  	0.00	3.64	0.020	建筑	--  	3.040	
08038	金力集团	-1.39	1897040	1.420	1.440	2000	1318000	0.00	1.440	1.470	1.400	--  	0.00	4.86	-0.020	工业工程	--  	1.420	
08427	瑞强集团	-1.12	1801160	0.440	0.445	8000	4072000	0.00	0.455	0.455	0.430	--  	0.00	5.62	-0.005	建筑	--  	0.440	
08325	中国支付通	0.00	1786800	1.060	1.060	10000	1690000	0.00	1.060	1.070	1.040	--  	0.00	2.83	0.000	软件服务	--  	1.060	
08347	Ｆ８企业	-1.64	1747824	0.240	0.244	8000	7288000	0.00	0.244	0.245	0.235	--  	0.00	4.10	-0.004	石油天然气	--  	0.240	
08157	象兴国际	-1.32	1735400	0.375	0.380	20000	4540000	-1.32	0.375	0.385	0.375	--  	0.00	2.63	-0.005	工用运输	--  	0.375	
08029	太阳国际	-2.26	1711550	1.300	1.330	5000	1250000	-0.76	1.340	1.450	1.300	--  	0.00	11.28	-0.030	农业产品	--  	1.300	
08410	安领国际	-1.26	1667900	1.570	1.590	10000	1080000	-0.63	1.590	1.590	1.510	--  	0.00	5.03	-0.020	软件服务	--  	1.570	
08236	宝德科技集团	12.78	1642760	3.000	2.660	1000	574000	0.00	2.660	3.180	2.650	--  	0.00	19.92	0.340	软件服务	--  	3.000	
08462	桥英控股	-8.33	1629200	0.880	0.960	5000	1800000	0.00	0.960	0.960	0.860	--  	0.00	10.42	-0.080	支援服务	--  	0.880	
08309	万成环球控股	0.00	1575100	0.405	0.405	10000	3840000	0.00	0.410	0.420	0.405	--  	0.00	3.70	0.000	支援服务	--  	0.405	
08366	浙江联合投资	0.00	1539200	0.660	0.660	10000	2370000	1.54	0.650	0.670	0.640	--  	0.00	4.55	0.000	建筑	--  	0.660	
08463	TOMO HOLDINGS	-1.06	1536080	0.930	0.940	4000	1624000	0.00	0.910	0.980	0.910	--  	0.00	7.45	-0.010	汽车	--  	0.930	
08172	拉近网娱	4.26	1441594	0.490	0.470	20000	3066600	0.00	0.470	0.490	0.470	--  	0.00	4.26	0.020	媒体及娱乐	--  	0.490	
08052	陆庆娱乐	5.88	1426470	0.108	0.102	10000	13140000	-0.92	0.106	0.115	0.100	--  	0.00	14.71	0.006	酒店及消闲	--  	0.108	
08167	中国新电信	-1.27	1403812	0.233	0.236	4000	6052000	0.87	0.243	0.243	0.230	--  	0.00	5.51	-0.003	信息器材	--  	0.233	
08359	HYPEBEAST	-5.24	1329600	0.235	0.248	20000	5620000	0.00	0.242	0.242	0.231	--  	0.00	4.44	-0.013	媒体及娱乐	--  	0.235	
08261	海天能源	-1.79	1275880	0.275	0.280	8000	4528000	0.00	0.275	0.300	0.275	--  	0.00	8.93	-0.005	公用事业	--  	0.275	
08307	密迪斯肌	1.82	1263400	0.560	0.550	4000	2276000	-1.75	0.540	0.570	0.540	--  	0.00	5.45	0.010	医疗服务	--  	0.560	
08171	中国趋势	0.00	1247120	0.014	0.014	160000	83640000	0.00	0.014	0.015	0.014	--  	0.00	7.14	0.000	信息器材	--  	0.014	
08192	环球能源资源	-1.37	1229220	0.360	0.365	12000	3456000	1.41	0.360	0.360	0.355	--  	0.00	1.37	-0.005	一般金属	--  	0.360	
08165	华普智通	15.62	1221870	0.037	0.032	10000	33995000	-2.63	0.032	0.040	0.032	--  	0.00	25.00	0.005	软件服务	--  	0.037	
08215	FIRST CREDIT	0.00	1217360	0.119	0.119	20000	10300000	0.85	0.118	0.122	0.117	--  	0.00	4.20	0.000	其他金融	--  	0.119	
08411	K W NELSON GP	6.11	1118560	0.191	0.180	10000	5680000	0.00	0.181	0.203	0.181	--  	0.00	12.22	0.011	建筑	--  	0.191	
08229	FUTURE DATA	2.41	1099000	0.425	0.415	5000	2630000	6.25	0.405	0.440	0.395	--  	0.00	10.84	0.010	软件服务	--  	0.425	
08050	云博产业	12.50	1094540	1.710	1.520	2000	638000	0.00	1.550	1.880	1.550	--  	0.00	21.71	0.190	信息器材	--  	1.710	
08283	正力控股	-4.32	1080600	1.330	1.390	5000	805000	0.00	1.350	1.370	1.330	--  	0.00	2.88	-0.060	支援服务	--  	1.330	
08025	亚洲资产	2.00	1080275	0.255	0.250	2000	4053000	-5.56	0.270	0.295	0.246	--  	0.00	19.60	0.005	其他金融	--  	0.255	
08089	华人策略控股	-3.37	1079064	0.860	0.890	1800	1254600	1.18	0.890	0.890	0.840	--  	0.00	5.62	-0.030	其他金融	--  	0.860	
08001	东方汇财证券	-3.66	1068560	0.790	0.820	4000	1348000	0.00	0.820	0.820	0.770	--  	0.00	6.10	-0.030	其他金融	--  	0.790	
08039	KNK HOLDINGS	9.15	1056480	1.670	1.530	8000	640000	0.00	1.570	1.750	1.570	--  	0.00	11.76	0.140	建筑	--  	1.670	
08342	飞思达科技	0.00	1019550	1.410	1.410	5000	720000	0.71	1.410	1.450	1.400	--  	0.43	3.55	0.000	软件服务	--  	1.410	
08132	中油港燃	0.00	1019060	0.073	0.073	20000	13760000	-1.35	0.077	0.077	0.073	--  	0.00	5.48	0.000	信息器材	--  	0.073	
08230	中国宇天	4.00	986650	0.520	0.500	5000	1850000	0.00	0.500	0.540	0.495	--  	0.00	9.00	0.020	建筑	--  	0.520	
08018	汇财金融投资	3.40	928900	0.213	0.206	10000	4440000	0.95	0.209	0.213	0.207	--  	0.00	2.91	0.007	软件服务	--  	0.213	
08471	新达控股	-1.37	911700	0.360	0.365	10000	2500000	0.00	0.365	0.370	0.360	--  	0.00	2.74	-0.005	纺织服饰	--  	0.360	
08081	互娱中国	3.57	896773	0.029	0.028	10000	32477680	3.57	0.027	0.029	0.027	--  	0.00	7.14	0.001	医疗服务	--  	0.029	
08065	高萌科技	-4.41	889750	0.650	0.680	5000	1340000	0.00	0.680	0.690	0.650	--  	0.00	5.88	-0.030	软件服务	--  	0.650	
08591	罗马集团	-4.37	865053	0.153	0.160	5000	5584218	1.32	0.155	0.160	0.151	--  	0.00	5.63	-0.007		--  	0.153	
08160	GOLDWAY EDU	4.41	863880	0.710	0.680	12000	1236000	1.43	0.700	0.720	0.680	--  	0.00	5.88	0.030	支援服务	--  	0.710	
08472	立高控股	-1.59	863500	0.620	0.630	5000	1355000	0.00	0.630	0.650	0.620	--  	0.00	4.76	-0.010	支援服务	--  	0.620	
08360	利骏集团香港	-1.12	860132	0.176	0.178	4000	4872000	0.00	0.178	0.180	0.175	--  	0.00	2.81	-0.002	建筑	--  	0.176	
08326	同景新能源	-15.60	860100	2.110	2.500	1000	393000	-1.86	2.380	2.380	2.090	--  	0.00	11.60	-0.390	酒店及消闲	--  	2.110	
08032	非凡中国	1.49	831840	0.680	0.670	8000	1232000	0.00	0.670	0.690	0.660	134960	0.00	4.48	0.010	酒店及消闲	200000	0.680	
08009	华夏能源控股	-4.00	829320	0.048	0.050	20000	17220000	0.00	0.050	0.050	0.047	--  	0.00	6.00	-0.002	其他金融	--  	0.048	
08163	万德金融	0.00	814405	0.082	0.082	20000	10012500	0.00	0.083	0.083	0.080	--  	0.00	3.66	0.000	其他金融	--  	0.082	
08055	中国网络信息科技	-3.51	811440	0.275	0.285	8000	2928000	0.00	0.285	0.285	0.270	--  	0.00	5.26	-0.010	软件服务	--  	0.275	
08465	高科桥	-0.84	762640	3.550	3.580	2000	218000	2.01	3.550	3.560	3.450	--  	0.00	3.07	-0.030	信息器材	--  	3.550	
08170	KSL HOLDINGS	1.69	761170	1.800	1.770	1000	426000	0.00	1.770	1.900	1.760	--  	0.00	7.91	0.030	建筑	--  	1.800	
08315	冠辉集团控股	5.88	724010	0.036	0.034	10000	20810000	2.86	0.034	0.036	0.034	--  	0.00	5.88	0.002	支援服务	--  	0.036	
08432	太平洋酒吧	1.80	704080	0.170	0.167	10000	4030000	-1.16	0.167	0.188	0.165	--  	0.00	13.77	0.003	酒店及消闲	--  	0.170	
08041	荟萃国际（控股）	0.92	693340	0.110	0.109	20000	6360000	0.00	0.109	0.110	0.109	--  	0.00	0.92	0.001	纺织服饰	--  	0.110	
08420	NEXION TECH	-1.92	667150	0.510	0.520	5000	1340000	0.00	0.510	0.510	0.485	--  	0.00	4.81	-0.010	软件服务	--  	0.510	
08071	中彩网通控股	-0.83	665215	0.240	0.242	5000	2770000	0.00	0.245	0.245	0.239	--  	0.00	2.48	-0.002	酒店及消闲	--  	0.240	
08199	中国万桐园	0.00	657500	0.345	0.345	10000	1900000	1.47	0.345	0.360	0.340	--  	0.00	5.80	0.000	支援服务	--  	0.345	
08291	万成金属包装	14.44	642116	2.060	1.800	5000	321160	0.98	1.900	2.060	1.900	--  	0.00	8.89	0.260	工用支援	--  	2.060	
08228	国艺娱乐	1.79	609610	0.228	0.224	20000	2725000	0.00	0.225	0.228	0.216	--  	0.00	5.36	0.004	媒体及娱乐	--  	0.228	
08232	CLASSIFIED GP	-7.32	601350	1.900	2.050	5000	305000	-2.56	2.010	2.010	1.900	--  	0.00	5.37	-0.150	酒店及消闲	--  	1.900	
08437	德斯控股	1.03	599800	0.490	0.485	8000	1240000	0.00	0.480	0.490	0.475	--  	0.00	3.09	0.005	医疗服务	--  	0.490	
08445	怡康泰工程集团	-4.08	581550	0.470	0.490	10000	1220000	1.08	0.480	0.495	0.465	--  	0.00	6.12	-0.020	建筑	--  	0.470	
08201	宝联控股	13.51	566471	0.420	0.370	20000	1438900	3.70	0.370	0.450	0.360	--  	0.00	24.32	0.050	支援服务	--  	0.420	
08355	超智能控股	0.00	551450	0.370	0.370	10000	1490000	0.00	0.365	0.375	0.365	--  	0.00	2.70	0.000	软件服务	--  	0.370	
08200	修身堂	0.00	547262	0.058	0.058	40000	9303500	0.00	0.058	0.060	0.058	--  	0.00	3.45	0.000	医疗服务	--  	0.058	
08460	基地锦标集团	0.00	545700	0.170	0.170	10000	3210000	0.00	0.170	0.170	0.170	--  	0.00	0.00	0.000	建筑	--  	0.170	
08128	中国地能	6.16	537576	0.155	0.146	8000	3593600	3.33	0.150	0.156	0.146	--  	0.00	6.85	0.009	工业工程	--  	0.155	
08182	中国糖果	0.00	532700	0.155	0.155	10000	3390000	0.00	0.157	0.159	0.155	--  	0.00	2.58	0.000	食物饮品	--  	0.155	
08365	建泉国际控股	11.27	530500	0.395	0.355	5000	1330000	0.00	0.390	0.410	0.375	--  	0.00	9.86	0.040	其他金融	--  	0.395	
08085	香港生命科学	0.00	530120	0.107	0.107	4000	4988000	0.00	0.107	0.109	0.106	--  	0.00	2.80	0.000	家电及用品	--  	0.107	
08007	环球战略集团	-0.85	506109	0.116	0.117	10000	4393020	0.00	0.116	0.116	0.114	--  	0.00	1.71	-0.001	一般金属	--  	0.116	
08181	港深联合	-2.14	488112	0.183	0.187	8000	2664000	0.00	0.184	0.184	0.183	--  	0.00	0.53	-0.004	支援服务	--  	0.183	
08176	超人智能	-2.24	487100	7.430	7.600	5000	65000	0.13	7.500	7.500	7.420	--  	0.00	1.05	-0.170	医疗服务	--  	7.430	
08218	毅高国际控股	11.11	483932	0.230	0.207	4000	2172000	-1.71	0.219	0.235	0.207	--  	0.00	13.53	0.023	工业工程	--  	0.230	
08245	安悦国际控股	-2.92	475380	0.133	0.137	5000	3570000	0.00	0.134	0.134	0.131	--  	0.00	2.19	-0.004	信息器材	--  	0.133	
08310	大丰港	6.25	474200	1.020	0.960	10000	480000	4.08	0.960	1.020	0.960	--  	0.00	6.25	0.060	工用运输	--  	1.020	
08256	金利通	12.50	462016	0.045	0.040	4000	10412000	7.14	0.040	0.049	0.040	--  	0.00	22.50	0.005	电讯	--  	0.045	
08145	电讯首科	2.94	454020	2.100	2.040	2000	220000	0.00	2.040	2.100	2.040	--  	0.48	2.94	0.060	信息器材	--  	2.100	
08077	昆仑国际金融	-1.45	443850	0.680	0.690	5000	645000	0.00	0.690	0.700	0.670	--  	0.00	4.35	-0.010	其他金融	--  	0.680	
08369	立基工程控股	-3.00	439540	0.194	0.200	10000	2280000	0.00	0.196	0.196	0.190	--  	0.00	3.00	-0.006	建筑	--  	0.194	
08087	中国三三传媒	3.03	435920	0.034	0.033	20000	13430000	3.03	0.032	0.034	0.031	--  	0.00	9.09	0.001	媒体及娱乐	--  	0.034	
08250	丝路能源	-5.06	404080	0.075	0.079	20000	5560000	0.00	0.072	0.076	0.070	--  	0.00	7.59	-0.004	煤炭	--  	0.075	
08425	兴铭控股	-1.18	386400	0.840	0.850	4000	460000	0.00	0.840	0.840	0.840	--  	0.00	0.00	-0.010	建筑	--  	0.840	
08153	科地农业	0.00	381850	0.295	0.295	5000	1310000	0.00	0.295	0.295	0.285	--  	0.00	3.39	0.000	工业工程	--  	0.295	
08238	惠陶集团	4.55	374816	0.046	0.044	8000	8208000	0.00	0.044	0.047	0.044	--  	0.00	6.82	0.002	媒体及娱乐	--  	0.046	
08198	乐透互娱	-1.20	355300	0.247	0.250	4000	1444000	-0.40	0.245	0.250	0.245	--  	0.00	2.00	-0.003	酒店及消闲	--  	0.247	
08195	L&A INTL-NEW	0.00	352156	0.047	0.047	24000	7638000	0.00	0.045	0.049	0.045	--  	0.00	8.51	0.000	纺织服饰	--  	0.047	
08109	麒麟集团控股	0.00	333093	0.022	0.022	15000	15641000	4.76	0.022	0.022	0.021	--  	0.00	4.55	0.000	软件服务	--  	0.022	
08030	汇联金融服务	0.00	332300	0.900	0.900	5000	370000	0.00	0.900	0.910	0.890	--  	1.11	2.22	0.000	其他金融	--  	0.900	
08431	浩柏国际	11.11	286700	0.190	0.171	10000	1610000	5.56	0.177	0.190	0.170	--  	0.00	11.70	0.019	酒店及消闲	--  	0.190	
08481	盛龙锦秀国际	5.81	284475	0.455	0.430	5000	640000	1.11	0.425	0.455	0.425	--  	0.00	6.98	0.025	工用支援	--  	0.455	
08428	国茂控股	0.00	284004	0.147	0.147	12000	1932000	0.00	0.147	0.147	0.147	--  	0.00	0.00	0.000	酒店及消闲	--  	0.147	
08196	建禹集团	2.24	281720	2.740	2.680	4000	104000	0.00	2.720	2.740	2.680	--  	0.00	2.24	0.060	公用事业	--  	2.740	
08265	中国之信集团	-1.29	269600	3.050	3.090	4000	88000	0.00	3.090	3.090	3.050	--  	0.00	1.29	-0.040	工用支援	--  	3.050	
08152	明梁控股	0.00	269150	0.265	0.265	10000	1010000	0.00	0.270	0.275	0.265	--  	0.00	3.77	0.000	工业工程	--  	0.265	
08035	骏高控股	0.00	252350	0.305	0.305	10000	830000	0.00	0.305	0.310	0.290	--  	0.00	6.56	0.000	工用运输	--  	0.305	
08337	直通电讯	2.04	250280	0.050	0.049	10000	4800000	0.00	0.048	0.056	0.048	--  	0.00	16.33	0.001	电讯	--  	0.050	
08026	长达健康	-3.13	249940	0.310	0.320	1000	799000	0.00	0.315	0.315	0.310	--  	0.00	1.56	-0.010	医药医疗	--  	0.310	
08311	圆美光电	4.44	248250	0.470	0.450	10000	530000	0.00	0.465	0.470	0.465	--  	0.00	1.11	0.020	信息器材	--  	0.470	
08220	比高集团	20.22	227440	0.107	0.089	20000	2380000	17.58	0.086	0.110	0.086	--  	0.00	26.97	0.018	媒体及娱乐	--  	0.107	
08143	华夏医疗	-3.43	226560	0.169	0.175	4000	1328000	0.00	0.175	0.175	0.169	--  	0.00	3.43	-0.006	医药医疗	--  	0.169	
08051	讯智海	-1.62	224812	17.000	17.280	200	13200	0.00	17.280	17.280	16.940	--  	0.00	1.97	-0.280	信息器材	--  	17.000	
08266	金达集团国际	0.00	222176	0.081	0.081	16000	2736000	0.00	0.081	0.082	0.081	--  	0.00	1.23	0.000	信息器材	--  	0.081	
08439	新百利融资	0.00	210760	2.000	2.000	2000	103000	-2.44	1.880	2.050	1.880	--  	0.00	8.50	0.000	其他金融	--  	2.000	
08028	天时软件	-3.08	207842	0.063	0.065	20000	3255200	0.00	0.066	0.066	0.063	--  	0.00	4.62	-0.002	黄金贵金属	--  	0.063	
08027	吉辉控股	-1.54	205890	0.128	0.130	5000	1620000	0.00	0.130	0.132	0.123	--  	0.00	6.92	-0.002	支援服务	--  	0.128	
08080	北亚策略	-0.82	195880	0.121	0.122	8000	1608000	0.83	0.122	0.126	0.120	--  	0.00	4.92	-0.001	工业工程	--  	0.121	
08120	国农金融投资	4.29	184340	0.073	0.070	20000	2560000	0.00	0.070	0.074	0.070	--  	0.00	5.71	0.003	综合企业	--  	0.073	
08423	CHI HO DEV	-2.67	183700	0.730	0.750	10000	250000	1.39	0.730	0.740	0.720	--  	0.00	2.67	-0.020	建筑	--  	0.730	
08356	中国新华电视	0.00	183290	0.071	0.071	10000	2600000	0.00	0.070	0.071	0.070	--  	0.00	1.41	0.000	建筑	--  	0.071	
08270	中国煤层气	2.63	174320	0.078	0.076	40000	2200000	-1.27	0.078	0.080	0.078	--  	0.00	2.63	0.002	石油天然气	--  	0.078	
08019	皓文控股	4.62	171750	0.068	0.065	20000	2521000	-2.86	0.065	0.070	0.065	--  	0.00	7.69	0.003	工业工程	--  	0.068	
08150	无缝绿色	3.91	164440	0.133	0.128	10000	1310000	-0.75	0.128	0.134	0.125	--  	0.00	7.03	0.005	家电及用品	--  	0.133	
08203	凯顺能源	3.80	156300	0.410	0.395	10000	400000	7.89	0.380	0.410	0.380	--  	0.00	7.59	0.015	工用支援	--  	0.410	
08362	运兴泰集团	0.88	151320	0.115	0.114	20000	1320000	0.00	0.114	0.117	0.113	--  	0.00	3.51	0.001	农业产品	--  	0.115	
08108	福泽集团	0.88	149018	0.115	0.114	2000	1282000	-1.71	0.117	0.118	0.115	--  	0.00	2.63	0.001	支援服务	--  	0.115	
08421	永顺控股香港	0.00	144150	0.350	0.350	5000	410000	0.00	0.360	0.360	0.350	--  	0.00	2.86	0.000	支援服务	--  	0.350	
08121	超凡网络	2.31	137770	0.133	0.130	10000	1030000	0.00	0.135	0.140	0.128	--  	0.00	9.23	0.003	媒体及娱乐	--  	0.133	
08161	医汇集团	4.31	133960	0.121	0.116	10000	1180000	0.00	0.113	0.121	0.113	--  	0.00	6.90	0.005	医疗服务	--  	0.121	
08278	CMON	-2.00	130480	0.196	0.200	10000	670000	1.03	0.195	0.196	0.194	--  	0.00	1.00	-0.004	家电及用品	--  	0.196	
08300	皇玺餐饮集团	0.77	127880	0.131	0.130	20000	980000	0.00	0.130	0.131	0.130	--  	0.00	0.77	0.001	酒店及消闲	--  	0.131	
08076	新利软件	0.72	123705	0.140	0.139	5000	985000	0.00	0.130	0.140	0.121	--  	0.00	13.67	0.001	软件服务	--  	0.140	
08037	锐康药业	0.00	123700	0.730	0.730	20000	170000	0.00	0.730	0.730	0.730	--  	0.00	0.00	0.000	医药医疗	--  	0.730	
08255	神州数字	-1.85	122400	0.530	0.540	6000	234000	1.92	0.540	0.540	0.520	--  	0.00	3.70	-0.010	软件服务	--  	0.530	
08006	华泰瑞银	5.69	121494	0.260	0.246	10000	486250	0.00	0.250	0.260	0.246	--  	0.00	5.69	0.014	媒体及娱乐	--  	0.260	
08020	宏海控股集团	0.00	119970	0.182	0.182	10000	700000	1.11	0.164	0.183	0.164	--  	0.00	10.44	0.000	工用运输	--  	0.182	
08103	万泰企业股份	10.77	110000	1.440	1.300	20000	80000	0.00	1.200	1.440	1.200	--  	0.00	18.46	0.140	软件服务	--  	1.440	
08123	华亿金控	-0.98	107736	0.101	0.102	6000	1086000	6.32	0.101	0.101	0.095	--  	0.00	5.88	-0.001	其他金融	--  	0.101	
08049	吉林长龙药业	0.00	106280	1.660	1.660	4000	64000	0.00	1.660	1.670	1.660	--  	0.00	0.60	0.000	医药医疗	--  	1.660	
08093	万星控股	6.38	100000	2.000	1.880	5000	50000	0.00	2.000	2.000	2.000	--  	0.00	0.00	0.120	纺织服饰	--  	2.000	
08415	乐嘉思控股	3.70	99280	0.140	0.135	10000	720000	0.00	0.134	0.140	0.134	--  	0.00	4.44	0.005	建筑	--  	0.140	
08135	正美丰业	0.00	97450	0.530	0.530	5000	180000	0.00	0.550	0.550	0.530	--  	0.00	3.77	0.000	汽车	--  	0.530	
08405	恒智控股	-1.15	96360	0.860	0.870	4000	112000	0.00	0.870	0.870	0.860	--  	0.00	1.15	-0.010	支援服务	--  	0.860	
08280	中国数字视频	0.00	96080	1.090	1.090	2000	88000	0.00	1.090	1.180	1.050	--  	0.00	11.93	0.000	媒体及娱乐	--  	1.090	
08101	家梦控股	5.75	95820	0.092	0.087	4000	1084000	-1.08	0.086	0.093	0.086	--  	0.00	8.05	0.005	家电及用品	--  	0.092	
08333	阿仕特朗金融	-1.32	93750	0.375	0.380	5000	250000	0.00	0.375	0.375	0.375	--  	0.00	0.00	-0.005	其他金融	--  	0.375	
08590	L&A INTL-OLD	4.35	93610	0.048	0.046	400	1935600	-2.04	0.045	0.050	0.045	--  	0.00	10.87	0.002		--  	0.048	
08166	中国农业生态	0.00	91840	0.139	0.139	20000	660000	0.00	0.137	0.140	0.137	--  	0.00	2.16	0.000	工用支援	--  	0.139	
08088	汇友科技控股	-2.44	91418	0.040	0.041	8000	2251600	0.00	0.041	0.041	0.040	--  	0.00	2.44	-0.001	其他金融	--  	0.040	
08112	FOCUS MEDIA	-1.65	91176	0.238	0.242	24000	384000	0.00	0.235	0.238	0.235	--  	0.00	1.24	-0.004	媒体及娱乐	--  	0.238	
08358	卓珈控股	-1.36	87200	1.450	1.470	5000	60000	0.00	1.460	1.460	1.450	--  	0.00	0.68	-0.020	医疗服务	--  	1.450	
08233	中国基建港口	0.00	84000	1.050	1.050	4000	80000	0.00	1.050	1.050	1.050	--  	0.00	0.00	0.000	工用运输	--  	1.050	
08329	海王英特龙	3.75	81700	0.415	0.400	10000	200000	0.00	0.410	0.415	0.400	--  	0.00	3.75	0.015	医药医疗	--  	0.415	
08235	赛迪顾问	0.00	77850	0.315	0.315	10000	250000	0.00	0.300	0.315	0.300	--  	0.00	4.76	0.000	软件服务	--  	0.315	
08169	环康集团	0.00	68410	0.175	0.175	10000	400000	2.94	0.186	0.186	0.169	--  	0.00	9.71	0.000	工业工程	--  	0.175	
08455	礼建德集团	-1.19	66650	0.415	0.420	10000	160000	0.00	0.420	0.420	0.415	--  	0.00	1.19	-0.005	建筑	--  	0.415	
08069	纵横游控股	12.00	65950	0.840	0.750	5000	80000	1.20	0.830	0.830	0.820	--  	0.00	1.33	0.090	酒店及消闲	--  	0.840	
08346	创新电子控股	-3.45	64500	0.280	0.290	10000	220000	0.00	0.305	0.305	0.280	--  	0.00	8.62	-0.010	工业工程	--  	0.280	
08412	高门集团	4.55	57810	0.230	0.220	10000	250000	0.00	0.228	0.235	0.228	--  	0.00	3.18	0.010	酒店及消闲	--  	0.230	
08271	环球数码创意	-3.45	55440	0.280	0.290	2000	198000	0.00	0.280	0.280	0.280	--  	0.00	0.00	-0.010	媒体及娱乐	--  	0.280	
08111	中科光电	-6.00	53525	0.094	0.100	5000	575000	0.00	0.094	0.095	0.093	--  	0.00	2.00	-0.006	软件服务	--  	0.094	
08413	亚洲杂货	0.91	49600	0.222	0.220	10000	220000	0.00	0.220	0.230	0.220	--  	0.00	4.55	0.002	食物饮品	--  	0.222	
08191	鸿伟亚洲	-4.17	46890	0.345	0.360	6000	132000	0.00	0.360	0.360	0.345	--  	0.00	4.17	-0.015	原材料	--  	0.345	
08407	兴证国际	-3.51	46780	1.100	1.140	2000	42000	0.00	1.140	1.140	1.100	--  	0.00	3.51	-0.040	其他金融	--  	1.100	
08251	优越集团控股	-1.61	42700	0.610	0.620	10000	70000	0.00	0.610	0.610	0.610	--  	0.00	0.00	-0.010	工用支援	--  	0.610	
08005	裕兴科技	0.00	42120	0.810	0.810	2000	52000	0.00	0.810	0.810	0.810	--  	0.00	0.00	0.000	信息器材	--  	0.810	
08206	神通机器人教育	0.00	40000	0.395	0.395	1000	100000	-1.25	0.400	0.400	0.400	--  	0.00	0.00	0.000	软件服务	--  	0.395	
08139	长安仁恒	5.71	39790	3.330	3.150	500	12000	0.00	3.160	3.330	3.160	--  	0.00	5.40	0.180	原材料	--  	3.330	
08277	骏东控股	-4.94	38500	0.770	0.810	2000	50000	0.00	0.770	0.770	0.770	--  	0.00	0.00	-0.040	原材料	--  	0.770	
08320	沛然环保	1.56	37460	0.195	0.192	10000	190000	0.00	0.197	0.198	0.195	--  	0.00	1.56	0.003	支援服务	--  	0.195	
08301	明华科技	0.00	36000	0.900	0.900	8000	40000	0.00	0.900	0.900	0.900	--  	0.00	0.00	0.000	信息器材	--  	0.900	
08057	麦迪森控股	0.57	35000	1.750	1.740	4000	20000	0.00	1.750	1.750	1.750	--  	0.00	0.00	0.010	食物饮品	--  	1.750	
08066	品创控股	-2.35	34775	0.166	0.170	5000	205000	9.21	0.175	0.175	0.152	--  	0.00	13.53	-0.004	石油天然气	--  	0.166	
08188	骏杰集团控股	-1.64	34560	0.300	0.305	4000	116000	1.69	0.305	0.305	0.290	--  	0.00	4.92	-0.005	建筑	--  	0.300	
08243	大贺传媒	0.00	34050	0.400	0.400	5000	85000	-2.44	0.400	0.410	0.400	--  	0.00	2.50	0.000	媒体及娱乐	--  	0.400	
08075	寰亚传媒	1.90	33884	0.214	0.210	4000	164000	4.39	0.210	0.214	0.201	--  	0.00	6.19	0.004	媒体及娱乐	--  	0.214	
08162	港银控股	0.00	32250	0.360	0.360	10000	90000	0.00	0.355	0.360	0.355	--  	0.00	1.39	0.000	黄金贵金属	--  	0.360	
08091	奥传思维控股	0.00	32090	0.144	0.144	10000	230000	0.00	0.139	0.144	0.138	--  	0.00	4.17	0.000	媒体及娱乐	--  	0.144	
08116	中国幸福投资	-1.11	31443	0.089	0.090	20000	360800	3.49	0.088	0.088	0.086	--  	0.00	2.22	-0.001	纺织服饰	--  	0.089	
08247	中生北控生物科技	7.91	31400	2.320	2.150	2000	14000	3.57	2.180	2.320	2.180	--  	0.00	6.51	0.170	医药医疗	--  	2.320	
08319	思博系统	-0.60	31350	0.165	0.166	10000	190000	0.00	0.165	0.165	0.165	--  	0.00	0.00	-0.001	软件服务	--  	0.165	
08290	亚势备份	1.05	30150	0.096	0.095	10000	320000	0.00	0.094	0.096	0.094	--  	0.00	2.11	0.001	软件服务	--  	0.096	
08149	浩德控股	0.00	29700	0.330	0.330	10000	90000	0.00	0.330	0.330	0.330	--  	0.00	0.00	0.000	其他金融	--  	0.330	
08031	易通讯集团	-3.39	28200	1.140	1.180	2000	26000	0.00	1.080	1.140	1.080	--  	0.00	5.08	-0.040	支援服务	--  	1.140	
08281	中国金典集团	-3.45	26880	0.280	0.290	8000	96000	0.00	0.280	0.280	0.280	--  	0.00	0.00	-0.010	纺织服饰	--  	0.280	
08296	中国生命集团	-3.08	26224	0.126	0.130	4000	208000	0.00	0.130	0.130	0.126	--  	0.00	3.08	-0.004	支援服务	--  	0.126	
08131	辰罡科技	2.22	25520	0.184	0.180	10000	140000	0.00	0.180	0.184	0.180	--  	0.00	2.22	0.004	软件服务	--  	0.184	
08272	华人饮食集团	0.00	24070	0.018	0.018	20000	1370000	5.88	0.018	0.018	0.017	--  	0.00	5.56	0.000	酒店及消闲	--  	0.018	
08060	国联通信	8.00	22700	0.108	0.100	10000	225000	9.09	0.096	0.108	0.095	--  	0.00	13.00	0.008	软件服务	--  	0.108	
08189	泰达生物	-1.25	21750	0.395	0.400	5000	55000	0.00	0.400	0.400	0.395	--  	0.00	1.25	-0.005	原材料	--  	0.395	
08013	ECI TECH	0.00	20000	0.100	0.100	20000	200000	0.00	0.100	0.100	0.100	--  	0.00	0.00	0.000	软件服务	--  	0.100	
08268	迪臣建设	-4.50	16888	0.191	0.200	8000	88000	0.00	0.196	0.196	0.188	--  	0.00	4.00	-0.009	建筑	--  	0.191	
08240	展程控股	0.97	16460	0.208	0.206	10000	80000	0.00	0.206	0.209	0.202	--  	0.00	3.40	0.002	农业产品	--  	0.208	
08063	环球大通集团	-11.19	16350	0.127	0.143	50000	130000	-0.78	0.128	0.128	0.127	--  	0.00	0.70	-0.016	酒店及消闲	--  	0.127	
08078	ＨＭＶ数码中国	0.00	14860	0.248	0.248	20000	60000	0.00	0.248	0.248	0.247	--  	0.00	0.40	0.000	媒体及娱乐	--  	0.248	
08409	海鑫集团	0.00	13600	0.340	0.340	10000	40000	0.00	0.340	0.340	0.340	--  	0.00	0.00	0.000	建筑	--  	0.340	
08442	桦欣控股	0.83	12735	8.490	8.420	500	1500	0.00	8.490	8.490	8.490	--  	0.00	0.00	0.070	纺织服饰	--  	8.490	
08258	西北实业	-1.61	12200	0.305	0.310	10000	40000	0.00	0.305	0.305	0.305	--  	0.00	0.00	-0.005	工业工程	--  	0.305	
08056	饮食概念	-1.85	11925	0.265	0.270	5000	45000	0.00	0.265	0.265	0.265	--  	0.00	0.00	-0.005	酒店及消闲	--  	0.265	
08045	南大苏富特	4.76	11400	0.220	0.210	6000	54000	4.76	0.210	0.220	0.210	--  	0.00	4.76	0.010	软件服务	--  	0.220	
08003	世大控股	0.00	11232	0.052	0.052	2000	216000	0.00	0.052	0.052	0.052	--  	0.00	0.00	0.000	原材料	--  	0.052	
08117	中国基础能源	1.14	9398	0.890	0.880	10000	10600	0.00	0.890	0.890	0.890	--  	0.00	0.00	0.010	公用事业	--  	0.890	
08119	即时科研	-9.09	8000	0.800	0.880	10000	10000	0.00	0.800	0.800	0.800	--  	0.00	0.00	-0.080	地产	--  	0.800	
08282	智傲控股	-0.54	7360	1.830	1.840	4000	4000	-0.54	1.840	1.840	1.840	--  	0.00	0.00	-0.010	软件服务	--  	1.830	
08113	扬宇科技	1.75	7305	0.580	0.570	10000	12736	0.00	0.580	0.580	0.580	--  	1.72	0.00	0.010	工业工程	--  	0.580	
08106	升华兰德	-13.41	7275	0.355	0.410	5000	20000	-4.05	0.375	0.375	0.355	--  	0.00	4.88	-0.055	软件服务	--  	0.355	
08178	中国信息科技	0.00	7152	0.149	0.149	24000	48000	0.00	0.149	0.149	0.149	--  	0.00	0.00	0.000	软件服务	--  	0.149	
08070	侨洋国际控股	0.00	6350	0.640	0.640	5000	10000	0.00	0.630	0.640	0.630	--  	0.00	1.56	0.000	工业工程	--  	0.640	
08092	ITE HOLDINGS	-3.36	4140	0.115	0.119	4000	36000	0.00	0.115	0.115	0.115	--  	0.00	0.00	-0.004	软件服务	--  	0.115	
08222	壹照明	0.00	3516	0.230	0.230	4000	16000	0.00	0.217	0.230	0.216	--  	0.00	6.09	0.000	家电及用品	--  	0.230	
08286	长城微光	-10.13	3500	0.355	0.395	5000	10000	1.43	0.350	0.350	0.350	--  	0.00	0.00	-0.040	信息器材	--  	0.355	
08225	中国医疗集团	1.32	3080	0.154	0.152	20000	20000	0.00	0.154	0.154	0.154	--  	0.00	0.00	0.002	医药医疗	--  	0.154	
08082	仁智国际集团	1.02	2970	0.198	0.196	5000	15000	0.00	0.198	0.198	0.198	--  	0.00	0.00	0.002	支援服务	--  	0.198	
08205	交大慧谷	-9.21	2720	0.345	0.380	4000	8000	1.47	0.340	0.340	0.340	--  	0.00	0.00	-0.035	信息器材	--  	0.345	
08155	南华资产控股	-2.04	1536	0.048	0.049	8000	32000	0.00	0.048	0.048	0.048	--  	0.00	0.00	-0.001	地产	--  	0.048	
08249	瑞远智控	0.00	1475	0.295	0.295	5000	5000	0.00	0.295	0.295	0.295	--  	0.00	0.00	0.000	信息器材	--  	0.295	
08267	蓝港互动	0.00	1000	1.990	1.990	500	500	-0.50	2.000	2.000	2.000	--  	0.00	0.00	0.000	软件服务	--  	1.990	
08592	罗马集团股权	0.00	759	0.010	0.010	5000	84437	0.00	0.010	0.010	0.010	--  	0.00	0.00	0.000		--  	0.010	
08363	SDM GROUP	0.00	360	0.390	0.390	2000	1000	0.00	--  	0.390	--  	--  	0.00	0.00	0.000	支援服务	--  	0.390	
08079	易还财务投资	0.00	350	0.730	0.730	5000	522	0.00	--  	0.730	--  	--  	0.00	0.00	0.000	其他金融	--  	0.730	
08239	首都金融控股	0.00	17	0.110	0.110	2000	200	0.00	--  	0.110	--  	--  	0.00	0.00	0.000	其他金融	--  	0.110	
08237	华星控股	0.00	0	0.760	0.760	2000	0	0.00	--  	0.760	--  	--  	0.00	0.00	0.000	酒店及消闲	--  	0.760	
08211	浙江永安	0.00	0	0.250	0.250	10000	0	0.00	--  	0.250	--  	--  	0.00	0.00	0.000	纺织服饰	--  	0.250	
08197	北斗嘉药业	0.00	0	0.560	0.560	10000	0	0.00	--  	0.560	--  	--  	0.00	0.00	0.000	医药医疗	--  	0.560	
08190	康佰控股	0.00	0	0.080	0.080	10000	0	0.00	--  	0.080	--  	--  	0.00	0.00	0.000	家电及用品	--  	0.080	
08173	万亚企业控股	0.00	0	0.027	0.027	40000	0	0.00	--  	0.027	--  	--  	0.00	0.00	0.000	一般金属	--  	0.027	
08159	辉煌科技	0.00	0	0.630	0.630	5000	0	0.00	--  	0.630	--  	--  	0.00	0.00	0.000	信息器材	--  	0.630	
08126	Ｇ．Ａ．控股	0.00	0	0.560	0.560	4000	0	0.00	--  	0.560	--  	--  	0.00	0.00	0.000	汽车	--  	0.560	
08125	仁德资源	0.00	0	1.400	1.400	4000	0	0.00	--  	1.400	--  	--  	0.00	0.00	0.000	建筑	--  	1.400	
08122	德莱建业	--  	0	0.000	--  	0	0	--  	--  	--  	--  	--  	0.00	--  	--  		--  	0.000	
08115	上海青浦消防	0.00	0	0.890	0.890	4000	0	0.00	--  	0.890	--  	--  	0.00	0.00	0.000	工业工程	--  	0.890	
08098	昌利控股	0.00	0	0.182	0.182	10000	0	0.00	--  	0.182	--  	--  	0.00	0.00	0.000	其他金融	--  	0.182	
08067	东方大学城控股	0.00	0	2.500	2.500	1000	0	0.00	--  	2.500	--  	--  	1.60	0.00	0.000	支援服务	--  	2.500	
08053	比优集团	0.00	0	0.610	0.610	20000	0	0.00	--  	0.610	--  	--  	0.00	0.00	0.000	工用支援	--  	0.610	
08048	御德国际控股	0.00	0	0.077	0.077	2000	0	0.00	--  	0.077	--  	--  	0.00	0.00	0.000	软件服务	--  	0.077	
08033	爱达利网络	0.00	0	0.300	0.300	2000	0	0.00	--  	0.300	--  	--  	0.00	0.00	0.000	软件服务	--  	0.300	
08023	邝文记	0.00	0	0.500	0.500	6000	0	0.00	--  	0.500	--  	--  	0.00	0.00	0.000	建筑	--  	0.500	
08016	长虹佳华	0.00	0	0.990	0.990	2000	0	0.00	--  	0.990	--  	--  	0.00	0.00	0.000	信息器材	--  	0.990	
08011	百田石油	0.00	0	0.175	0.175	20000	0	0.00	--  	0.175	--  	--  	0.00	0.00	0.000	石油天然气	--  	0.175	
08370	智升集团控股	0.00	0	4.570	4.570	8000	0	0.00	--  	4.570	--  	--  	0.00	0.00	0.000	家电及用品	--  	4.570	
08361	中国育儿网络	-0.70	0	1.410	1.420	2000	0	0.00	--  	1.410	--  	--  	0.00	0.00	-0.010	软件服务	--  	1.410	
08353	安科系统	0.00	0	0.600	0.600	3000	0	0.00	--  	0.600	--  	--  	0.00	0.00	0.000	软件服务	--  	0.600	
08348	滨海泰达物流	-1.52	0	1.300	1.320	2000	0	0.00	--  	1.300	--  	--  	0.00	0.00	-0.020	工用支援	--  	1.300	
08345	火岩控股	0.00	0	5.200	5.200	2000	0	0.00	--  	5.200	--  	--  	2.88	0.00	0.000	软件服务	--  	5.200	
08343	宏光照明	0.00	0	0.800	0.800	5000	0	0.00	--  	0.800	--  	--  	0.00	0.00	0.000	工业工程	--  	0.800	
08341	艾硕控股	0.00	0	2.700	2.700	5000	0	0.00	--  	2.700	--  	--  	0.00	0.00	0.000	建筑	--  	2.700	
08317	财华社集团	0.00	0	0.700	0.700	2000	0	0.00	--  	0.700	--  	--  	0.00	0.00	0.000	软件服务	--  	0.700	
08316	柏荣集团控股	0.00	0	1.910	1.910	10000	0	0.00	--  	1.910	--  	--  	0.00	0.00	0.000	建筑	--  	1.910	
08312	中国瀚亚	0.00	0	0.580	0.580	10000	0	0.00	--  	0.580	--  	--  	0.00	0.00	0.000	纺织服饰	--  	0.580	
08306	中国有色金属	0.00	0	0.201	0.201	10000	0	0.00	--  	0.201	--  	--  	0.00	0.00	0.000	一般金属	--  	0.201	
08297	芭迪贝伊	0.00	0	0.255	0.255	5000	0	0.00	--  	0.255	--  	--  	0.00	0.00	0.000	纺织服饰	--  	0.255	
08295	中植资本国际	0.00	0	0.335	0.335	20000	0	0.00	--  	0.335	--  	--  	0.00	0.00	0.000	其他金融	--  	0.335	
08273	浙江展望	0.00	0	1.430	1.430	2000	0	0.00	--  	1.430	--  	--  	0.00	0.00	0.000	汽车	--  	1.430	
08262	宏强控股	0.00	0	0.400	0.400	10000	0	0.00	--  	0.400	--  	--  	0.00	0.00	0.000	建筑	--  	0.400	
08246	北方新能源	-1.56	0	0.315	0.320	8000	0	0.00	--  	0.315	--  	--  	0.00	0.00	-0.005	工业工程	--  	0.315	
数据来源:通达信
