代码	名称	涨幅%%	总金额	现价	昨收	每手	总量	涨速%%	今开	最高	最低	抛空额	股息率%%	振幅%%	涨跌	细分行业	抛空量	按盘价	
08402	GT STEEL GROUP	-5.56	143934512	0.510	0.540	5000	250084992	2.00	0.680	0.680	0.500	--  	0.00	33.33	-0.030	建筑	--  	0.510	
08376	方圆房服集团	5.06	90740488	0.830	0.790	4000	95650000	0.00	0.800	1.090	0.780	--  	0.00	39.24	0.040	地产	--  	0.830	
08373	靛蓝星	38.64	65741844	1.220	0.880	5000	50739000	7.96	0.900	1.570	0.900	--  	0.00	76.14	0.340	建筑	--  	1.220	
08207	中新控股	0.00	59498764	1.020	1.020	4000	58660000	0.00	1.020	1.020	1.010	--  	0.00	0.98	0.000	其他金融	--  	1.020	
08118	濠亮环球	45.00	57867044	0.870	0.600	8000	78960000	8.75	0.640	0.890	0.540	--  	0.00	58.33	0.270	家电及用品	--  	0.870	
08228	国艺娱乐	0.00	33766800	0.370	0.370	20000	89800000	1.37	0.370	0.385	0.360	--  	0.00	6.76	0.000	媒体及娱乐	--  	0.370	
08392	舍图控股	2.92	25250302	1.760	1.710	10000	14265000	0.57	1.710	1.840	1.650	--  	0.00	11.11	0.050	家电及用品	--  	1.760	
08291	万成金属包装	4.25	20697300	4.170	4.000	5000	5150000	2.71	3.990	4.170	3.810	--  	0.00	9.00	0.170	工用支援	--  	4.170	
08400	亚洲先锋娱乐	-4.92	15887701	0.290	0.305	10000	52070000	-1.69	0.310	0.325	0.285	--  	0.00	13.11	-0.015	酒店及消闲	--  	0.290	
08227	西安海天天	2.87	14782321	6.100	5.930	4000	2436000	0.66	5.900	6.160	5.900	--  	0.00	4.38	0.170	信息器材	--  	6.100	
08308	古兜控股	-7.94	14449361	1.740	1.890	4000	7876000	-3.33	1.900	1.940	1.720	--  	0.00	11.64	-0.150	酒店及消闲	--  	1.740	
08226	树熊金融集团	-17.46	13921761	0.260	0.315	4000	50296000	-1.89	0.315	0.320	0.250	--  	0.00	22.22	-0.055	农业产品	--  	0.260	
08137	洪桥集团	-2.69	13280961	1.810	1.860	2000	7342000	0.00	1.860	1.890	1.780	566980	0.00	5.91	-0.050	工业工程	312000	1.810	
08375	弘浩国际控股	-4.69	12690051	0.305	0.320	10000	40140000	-1.61	0.325	0.330	0.290	--  	0.00	12.50	-0.015	工业工程	--  	0.305	
08027	吉辉控股	-4.55	11920811	0.105	0.110	5000	113725000	0.00	0.115	0.120	0.097	--  	0.00	20.91	-0.005	支援服务	--  	0.105	
08370	智升集团控股	5.58	11120161	5.490	5.200	8000	2048000	0.18	5.350	5.490	5.350	--  	0.00	2.69	0.290	家电及用品	--  	5.490	
08427	瑞强集团	-6.02	10802361	0.390	0.415	8000	24576000	2.63	0.415	0.530	0.365	--  	0.00	39.76	-0.025	建筑	--  	0.390	
08158	中国再生医学	6.25	9902215	0.204	0.192	5000	48325000	0.00	0.194	0.209	0.193	385310	0.00	8.33	0.012	医药医疗	1895000	0.204	
08416	HM INTL HLDGS	-15.20	9759750	1.060	1.250	5000	8490000	-3.64	1.290	1.360	0.980	--  	0.00	30.40	-0.190	工用支援	--  	1.060	
08059	朝威控股	-1.64	9397500	0.600	0.610	5000	15605000	0.00	0.610	0.610	0.580	--  	0.00	4.92	-0.010	建筑	--  	0.600	
08413	亚洲杂货	21.52	9185400	0.960	0.790	10000	9860000	0.00	0.790	1.040	0.790	--  	0.00	31.65	0.170	食物饮品	--  	0.960	
08257	靖洋集团	10.38	8429500	1.170	1.060	10000	7230000	-0.85	1.060	1.250	1.010	--  	0.00	22.64	0.110	半导体	--  	1.170	
08102	利宝阁集团	-4.35	8401000	0.660	0.690	10000	12690000	1.54	0.690	0.720	0.640	--  	0.00	11.59	-0.030	酒店及消闲	--  	0.660	
08455	礼建德集团	-9.89	8218901	1.640	1.820	10000	4780000	1.23	1.810	1.890	1.600	--  	0.00	15.93	-0.180	建筑	--  	1.640	
08156	众彩股份	3.61	7897051	0.860	0.830	5000	9275000	1.18	0.830	0.880	0.820	--  	0.00	7.23	0.030	酒店及消闲	--  	0.860	
08352	成安控股	-5.43	7245551	0.435	0.460	10000	16540000	3.57	0.460	0.495	0.420	--  	0.00	16.30	-0.025	建筑	--  	0.435	
08275	永勤集团控股	1.20	6737801	0.840	0.830	10000	7810000	0.00	0.810	0.920	0.810	--  	0.00	13.25	0.010	建筑	--  	0.840	
08282	智傲控股	4.21	6654921	1.980	1.900	4000	3452000	-0.50	1.860	2.020	1.770	--  	0.00	13.16	0.080	软件服务	--  	1.980	
08175	中国数码文化	0.00	6555126	0.480	0.480	10000	13685000	0.00	0.480	0.480	0.465	--  	0.00	3.12	0.000	酒店及消闲	--  	0.480	
08133	铸能控股	3.45	6544101	0.300	0.290	20000	22520000	0.00	0.285	0.305	0.280	--  	0.00	8.62	0.010	工业工程	--  	0.300	
08383	东骏控股	0.00	6323361	0.560	0.560	8000	11760000	0.00	0.510	0.590	0.490	--  	0.00	17.86	0.000	工用支援	--  	0.560	
08469	盛业资本	2.50	6173061	5.750	5.610	2000	1072000	-0.52	5.610	5.840	5.550	--  	0.00	5.17	0.140	其他金融	--  	5.750	
08008	新意网集团	-0.17	6126258	5.930	5.940	1000	1034054	0.00	5.940	5.970	5.900	592140	0.00	1.18	-0.010	软件服务	100000	5.930	
08410	安领国际	-4.73	5401101	1.610	1.690	10000	3320000	-1.83	1.680	1.690	1.580	--  	0.00	6.51	-0.080	软件服务	--  	1.610	
08179	新煮意控股	-3.33	5213952	0.290	0.300	12000	17586400	-1.69	0.300	0.315	0.285	--  	0.00	10.00	-0.010	酒店及消闲	--  	0.290	
08472	立高控股	11.84	4765000	0.850	0.760	5000	5930000	2.41	0.760	0.860	0.750	--  	0.00	14.47	0.090	支援服务	--  	0.850	
08047	中国海洋捕捞	0.00	4657320	0.630	0.630	4000	7492000	1.61	0.630	0.640	0.610	--  	0.00	4.76	0.000	工用支援	--  	0.630	
08426	雅居投资控股	8.85	4613030	0.246	0.226	10000	18860000	0.82	0.230	0.260	0.226	--  	0.00	15.04	0.020	地产	--  	0.246	
08090	中国融保金融集团	0.99	4600540	1.020	1.010	2000	4610000	3.03	1.020	1.040	0.980	--  	0.00	5.94	0.010	其他金融	--  	1.020	
08182	中国糖果	-0.71	4594170	0.139	0.140	10000	32940000	0.00	0.140	0.143	0.136	--  	0.00	5.00	-0.001	食物饮品	--  	0.139	
08225	中国医疗集团	2.00	4484200	0.255	0.250	20000	16030000	-1.92	0.250	0.310	0.250	--  	0.00	24.00	0.005	医药医疗	--  	0.255	
08491	COOL LINK	-7.07	4200225	0.460	0.495	5000	8910000	-3.16	0.495	0.510	0.440	--  	0.00	14.14	-0.035	食物饮品	--  	0.460	
08462	桥英控股	0.00	4093200	0.880	0.880	5000	4775000	1.15	0.900	0.900	0.840	--  	0.00	6.82	0.000	支援服务	--  	0.880	
08436	德宝集团控股	8.00	3874200	0.540	0.500	5000	7455000	1.89	0.520	0.550	0.500	--  	0.00	10.00	0.040	纺织服饰	--  	0.540	
08152	明梁控股	12.73	3850650	0.310	0.275	10000	12970000	1.64	0.275	0.315	0.275	--  	0.00	14.55	0.035	工业工程	--  	0.310	
08073	兴业新材料	-1.67	3803280	1.180	1.200	4000	3192000	-0.84	1.190	1.220	1.180	--  	0.00	3.33	-0.020	工业工程	--  	1.180	
08046	恒芯中国	13.89	3761320	0.041	0.036	4000	94264000	0.00	0.037	0.043	0.037	--  	0.00	16.67	0.005	媒体及娱乐	--  	0.041	
08292	盛良物流	-1.30	3573500	2.280	2.310	10000	1560000	0.00	2.300	2.350	2.250	--  	0.00	4.33	-0.030	工用运输	--  	2.280	
08217	联旺集团	-2.53	3362200	0.385	0.395	10000	8670000	0.00	0.395	0.400	0.385	--  	0.00	3.80	-0.010	建筑	--  	0.385	
08452	富银融资股份	0.00	3285800	1.290	1.290	2000	2436000	0.00	1.290	1.370	1.280	--  	0.00	6.98	0.000	其他金融	--  	1.290	
08417	大地教育	-0.97	3230500	1.020	1.030	10000	3140000	0.00	1.010	1.070	1.000	--  	0.00	6.80	-0.010	支援服务	--  	1.020	
08261	海天能源	1.41	3148160	0.360	0.355	8000	8872000	0.00	0.360	0.365	0.350	--  	0.00	4.23	0.005	公用事业	--  	0.360	
08022	永耀集团控股	0.00	3032250	0.680	0.680	3000	4449000	0.00	0.680	0.700	0.670	--  	0.00	4.41	0.000	酒店及消闲	--  	0.680	
08138	同仁堂国药	0.00	2962580	11.140	11.140	1000	267000	0.91	11.140	11.200	11.020	--  	0.00	1.62	0.000	医药医疗	--  	11.140	
08039	KNK HOLDINGS	5.56	2940400	1.900	1.800	8000	1632000	5.56	1.800	1.900	1.800	--  	0.00	5.56	0.100	建筑	--  	1.900	
08307	密迪斯肌	0.00	2824440	0.540	0.540	4000	5084000	0.00	0.540	0.570	0.540	--  	0.00	5.56	0.000	医疗服务	--  	0.540	
08437	德斯控股	0.00	2809040	0.510	0.510	8000	5416000	-1.92	0.500	0.550	0.500	--  	0.00	9.80	0.000	医疗服务	--  	0.510	
08239	首都金融控股	12.00	2802150	0.168	0.150	2000	13938400	1.20	0.150	0.290	0.150	--  	0.00	93.33	0.018	其他金融	--  	0.168	
08331	飞尚非金属	-2.47	2784000	1.580	1.620	10000	1760000	1.28	1.610	1.620	1.510	--  	0.00	6.79	-0.040	一般金属	--  	1.580	
08325	中国支付通	1.08	2636500	0.940	0.930	10000	2810000	-1.05	0.940	0.980	0.930	--  	0.00	5.38	0.010	软件服务	--  	0.940	
08083	中国创新支付	0.00	2620680	0.405	0.405	4000	6544000	1.25	0.405	0.405	0.395	49760	0.00	2.47	0.000	软件服务	124000	0.405	
08032	非凡中国	4.55	2594936	0.690	0.660	8000	3788400	0.00	0.650	0.690	0.650	60720	0.00	6.06	0.030	酒店及消闲	88000	0.690	
08328	信义香港	2.21	2290695	1.850	1.810	4000	1248250	0.54	1.800	1.850	1.800	--  	0.00	2.76	0.040		--  	1.850	
08465	高科桥	5.43	2243580	3.690	3.500	2000	614000	1.10	3.490	3.740	3.490	--  	0.00	7.14	0.190	信息器材	--  	3.690	
08081	互娱中国	0.00	2190295	0.038	0.038	10000	57282960	2.70	0.038	0.039	0.037	--  	0.00	5.26	0.000	医疗服务	--  	0.038	
08425	兴铭控股	-4.00	2127320	1.200	1.250	4000	1772000	0.00	1.210	1.220	1.190	--  	0.00	2.40	-0.050	建筑	--  	1.200	
08301	明华科技	0.00	2105680	0.860	0.860	8000	2512000	0.00	0.840	0.860	0.830	--  	0.00	3.49	0.000	信息器材	--  	0.860	
08062	俊盟国际	-10.17	2092900	0.530	0.590	5000	3910000	-1.85	0.590	0.590	0.500	--  	0.00	15.25	-0.060	软件服务	--  	0.530	
08129	云信投资控股	13.04	2085150	0.078	0.069	20000	26105000	0.00	0.076	0.086	0.075	--  	0.00	15.94	0.009	软件服务	--  	0.078	
08187	永骏国际控股	1.60	2019100	1.900	1.870	5000	1080000	1.06	1.880	1.940	1.820	--  	0.00	6.42	0.030	纺织服饰	--  	1.900	
08095	北大青鸟环宇	-1.50	1967240	1.970	2.000	1000	989000	0.51	2.000	2.000	1.960	--  	0.00	2.00	-0.030	软件服务	--  	1.970	
08026	长达健康	-1.45	1959090	0.340	0.345	1000	5537000	0.00	0.370	0.385	0.340	--  	0.00	13.04	-0.005	医药医疗	--  	0.340	
08340	域高金融	1.15	1893600	0.880	0.870	10000	2160000	2.33	0.870	0.910	0.840	--  	0.34	8.05	0.010	其他金融	--  	0.880	
08215	FIRST CREDIT	-1.87	1861360	0.105	0.107	20000	17580000	0.96	0.107	0.108	0.104	--  	0.00	3.74	-0.002	其他金融	--  	0.105	
08265	中国之信集团	0.32	1728200	3.110	3.100	4000	560000	-0.32	3.100	3.120	3.040	--  	0.00	2.58	0.010	工用支援	--  	3.110	
08368	中国创意控股	5.88	1712460	0.270	0.255	1000	6418000	0.00	0.255	0.275	0.255	--  	0.00	7.84	0.015	媒体及娱乐	--  	0.270	
08078	ＨＭＶ数码中国	0.40	1695516	0.249	0.248	20000	6865720	0.00	0.247	0.249	0.245	--  	0.00	1.61	0.001	媒体及娱乐	--  	0.249	
08193	汉华专业服务	-3.17	1677885	0.061	0.063	5000	27595000	1.67	0.062	0.063	0.060	--  	0.00	4.76	-0.002	其他金融	--  	0.061	
08101	家梦控股	0.00	1591204	0.092	0.092	4000	17404000	0.00	0.085	0.092	0.085	--  	0.00	7.61	0.000	家电及用品	--  	0.092	
08086	ＤＸ．ＣＯＭ控股	-0.44	1562694	0.224	0.225	8000	6918000	-0.44	0.224	0.227	0.224	--  	0.00	1.33	-0.001	软件服务	--  	0.224	
08237	华星控股	0.00	1482960	0.740	0.740	2000	2004000	0.00	0.740	0.740	0.740	--  	0.00	0.00	0.000	酒店及消闲	--  	0.740	
08181	港深联合	-1.06	1439880	0.187	0.189	8000	7704000	0.00	0.189	0.189	0.184	--  	0.00	2.65	-0.002	支援服务	--  	0.187	
08057	麦迪森控股	-3.83	1424463	1.760	1.830	4000	788000	0.00	1.860	1.860	1.760	--  	0.00	5.46	-0.070	食物饮品	--  	1.760	
08409	海鑫集团	-14.71	1401100	0.435	0.510	10000	3080000	0.00	0.510	0.510	0.430	--  	0.00	15.69	-0.075	建筑	--  	0.435	
08279	亚博科技控股	2.31	1382840	1.330	1.300	4000	1060000	1.53	1.300	1.330	1.290	136000	0.00	3.08	0.030	酒店及消闲	104000	1.330	
08269	富誉控股	-1.75	1332167	0.168	0.171	10000	7830666	0.60	0.169	0.174	0.166	--  	0.00	4.68	-0.003	农业产品	--  	0.168	
08037	锐康药业	2.50	1266322	0.820	0.800	20000	1501660	-1.20	0.840	0.880	0.800	--  	0.00	10.00	0.020	医药医疗	--  	0.820	
08166	中国农业生态	-2.61	1241920	0.112	0.115	20000	11180000	-0.88	0.116	0.116	0.109	--  	0.00	6.09	-0.003	工用支援	--  	0.112	
08476	大洋环球控股	1.20	1190780	0.840	0.830	2000	1464000	2.44	0.840	0.850	0.800	--  	0.00	6.02	0.010	食物饮品	--  	0.840	
08170	KSL HOLDINGS	2.49	1171090	2.060	2.010	1000	561000	-1.44	2.010	2.100	2.010	--  	0.00	4.48	0.050	建筑	--  	2.060	
08309	万成环球控股	3.23	1170650	0.480	0.465	10000	2440000	0.00	0.470	0.495	0.470	--  	0.00	5.38	0.015	支援服务	--  	0.480	
08321	泰锦控股	0.00	1165300	0.390	0.390	10000	2970000	0.00	0.395	0.405	0.385	--  	0.00	5.13	0.000	建筑	--  	0.390	
08232	CLASSIFIED GP	1.20	1133950	1.690	1.670	5000	715000	1.81	1.660	1.680	1.380	--  	0.00	17.96	0.020	酒店及消闲	--  	1.690	
08347	Ｆ８企业	3.57	1121840	0.290	0.280	8000	3888000	0.00	0.280	0.295	0.280	--  	0.00	5.36	0.010	石油天然气	--  	0.290	
08085	香港生命科学	-2.73	1085580	0.107	0.110	4000	10204000	0.94	0.107	0.108	0.106	--  	0.00	1.82	-0.003	家电及用品	--  	0.107	
08071	中彩网通控股	0.00	1067870	0.238	0.238	5000	4460000	0.00	0.238	0.243	0.237	--  	0.00	2.52	0.000	酒店及消闲	--  	0.238	
08001	东方汇财证券	1.37	1037400	0.740	0.730	4000	1388000	0.00	0.750	0.760	0.710	--  	0.00	6.85	0.010	其他金融	--  	0.740	
08167	中国新电信	1.51	1033372	0.202	0.199	4000	5130000	0.50	0.200	0.208	0.200	--  	0.00	4.02	0.003	信息器材	--  	0.202	
08065	高萌科技	-1.67	1030900	0.590	0.600	5000	1745000	1.72	0.610	0.610	0.580	--  	0.00	5.00	-0.010	软件服务	--  	0.590	
08007	环球战略集团	-0.88	1009451	0.113	0.114	10000	8872960	0.00	0.114	0.115	0.110	--  	0.00	4.39	-0.001	一般金属	--  	0.113	
08446	ITP HOLDINGS	1.72	956600	5.900	5.800	10000	160000	0.00	5.900	6.200	5.900	--  	0.00	5.17	0.100	媒体及娱乐	--  	5.900	
08072	罗马集团（新）	-5.56	953830	0.136	0.144	20000	7054375	0.00	0.140	0.140	0.130	--  	0.00	6.94	-0.008	其他金融	--  	0.136	
08457	健升物流中国	-1.79	939500	0.220	0.224	10000	4200000	0.00	0.227	0.231	0.216	--  	0.00	6.70	-0.004	工用支援	--  	0.220	
08112	FOCUS MEDIA	8.38	925378	0.181	0.167	24000	5299200	0.56	0.162	0.182	0.162	--  	0.00	11.98	0.014	媒体及娱乐	--  	0.181	
08229	FUTURE DATA	-21.43	921750	0.330	0.420	5000	2445000	-5.71	0.425	0.425	0.320	--  	0.00	25.00	-0.090	软件服务	--  	0.330	
08430	春能控股	0.00	921475	0.345	0.345	5000	2705000	-1.43	0.340	0.350	0.335	--  	0.00	4.35	0.000	工用运输	--  	0.345	
08163	万德金融	3.61	890513	0.086	0.083	20000	10482500	0.00	0.086	0.088	0.083	--  	0.00	6.02	0.003	其他金融	--  	0.086	
08142	德利机械	2.70	887650	0.380	0.370	10000	2350000	0.00	0.370	0.380	0.365	--  	0.00	4.05	0.010	工业工程	--  	0.380	
08329	海王英特龙	5.00	850150	0.420	0.400	10000	2050000	1.20	0.400	0.425	0.400	--  	0.00	6.25	0.020	医药医疗	--  	0.420	
08251	优越集团控股	0.00	833400	0.630	0.630	10000	1290000	0.00	0.650	0.650	0.630	--  	0.00	3.17	0.000	工用支援	--  	0.630	
08150	无缝绿色	-6.25	832750	0.150	0.160	10000	4862000	0.00	0.157	0.195	0.150	--  	0.00	28.13	-0.010	家电及用品	--  	0.150	
08077	昆仑国际金融	-1.28	814900	0.770	0.780	5000	1060000	0.00	0.770	0.780	0.750	--  	0.00	3.85	-0.010	其他金融	--  	0.770	
08260	银合控股	5.63	809700	0.750	0.710	10000	1110000	2.74	0.720	0.750	0.720	--  	0.00	4.23	0.040	支援服务	--  	0.750	
08200	修身堂	1.79	793178	0.057	0.056	40000	14119950	0.00	0.057	0.057	0.056	--  	0.00	1.79	0.001	医疗服务	--  	0.057	
08296	中国生命集团	13.85	744352	0.148	0.130	4000	4916000	-1.99	0.132	0.158	0.132	--  	0.00	20.00	0.018	支援服务	--  	0.148	
08480	飞霓控股	2.44	726760	0.420	0.410	4000	1744000	0.00	0.415	0.425	0.410	--  	0.00	3.66	0.010	纺织服饰	--  	0.420	
08019	皓文控股	5.17	717449	0.122	0.116	20000	6002000	7.96	0.116	0.127	0.113	--  	0.00	12.07	0.006	工业工程	--  	0.122	
08283	正力控股	-1.22	713950	0.810	0.820	5000	870000	0.00	0.850	0.850	0.800	--  	0.00	6.10	-0.010	支援服务	--  	0.810	
08460	基地锦标集团	-0.84	709980	0.236	0.238	10000	2980000	0.00	0.236	0.249	0.232	--  	0.00	7.14	-0.002	建筑	--  	0.236	
08178	中国信息科技	-1.95	709896	0.151	0.154	24000	4632000	0.00	0.155	0.158	0.148	--  	0.00	6.49	-0.003	软件服务	--  	0.151	
08359	HYPEBEAST	-1.59	698400	0.310	0.315	20000	2240000	1.64	0.330	0.330	0.305	--  	0.00	7.94	-0.005	媒体及娱乐	--  	0.310	
08423	CHI HO DEV	1.79	667600	0.570	0.560	10000	1090000	-5.00	0.560	0.650	0.560	--  	0.00	16.07	0.010	建筑	--  	0.570	
08195	L&A INTL HOLD	-3.70	666203	0.052	0.054	24000	12970800	4.00	0.054	0.054	0.049	--  	0.00	9.26	-0.002	纺织服饰	--  	0.052	
08355	超智能控股	1.33	662050	0.380	0.375	10000	1750000	0.00	0.380	0.385	0.365	--  	0.00	5.33	0.005	软件服务	--  	0.380	
08009	华夏能源控股	-7.14	656830	0.052	0.056	20000	12710000	1.96	0.053	0.054	0.051	--  	0.00	5.36	-0.004	其他金融	--  	0.052	
08113	扬宇科技	9.68	623293	0.680	0.620	10000	929360	-1.45	0.620	0.700	0.620	--  	0.00	12.90	0.060	工业工程	--  	0.680	
08147	汇思太平洋	0.00	618928	0.164	0.164	4000	3812000	0.61	0.161	0.164	0.161	--  	0.00	1.83	0.000	电讯	--  	0.164	
08353	安科系统	4.11	602130	0.760	0.730	3000	837000	0.00	0.710	0.780	0.700	--  	0.00	10.96	0.030	软件服务	--  	0.760	
08029	太阳国际	0.81	561900	1.250	1.240	5000	445000	0.00	1.300	1.300	1.240	--  	0.00	4.84	0.010	农业产品	--  	1.250	
08278	CMON	-0.86	554250	0.231	0.233	10000	2440000	5.00	0.230	0.230	0.220	--  	0.00	4.29	-0.002	家电及用品	--  	0.231	
08470	莹岚集团	-2.99	536880	0.650	0.670	8000	800000	1.56	0.670	0.680	0.620	--  	0.00	8.96	-0.020	建筑	--  	0.650	
08471	新达控股	0.00	531350	0.355	0.355	10000	1470000	0.00	0.355	0.365	0.355	--  	0.00	2.82	0.000	纺织服饰	--  	0.355	
08242	宏创高科	-2.05	508540	0.143	0.146	10000	3580000	0.70	0.148	0.148	0.140	--  	0.00	5.48	-0.003	半导体	--  	0.143	
08055	中国网络信息科技	-1.92	507112	0.255	0.260	8000	2024000	2.00	0.255	0.255	0.240	--  	0.00	5.77	-0.005	软件服务	--  	0.255	
08342	飞思达科技	0.00	501680	1.240	1.240	5000	406000	0.00	1.260	1.260	1.210	--  	0.00	4.03	0.000	软件服务	--  	1.240	
08192	环球能源资源	0.00	499000	0.365	0.365	12000	1392000	0.00	0.355	0.365	0.355	--  	0.00	2.74	0.000	一般金属	--  	0.365	
08252	泰和小贷	5.23	491020	3.420	3.250	2000	146000	0.00	3.350	3.420	3.320	--  	0.00	3.08	0.170	其他金融	--  	3.420	
08369	立基工程控股	-4.12	473920	0.186	0.194	10000	2490000	0.00	0.193	0.193	0.181	--  	0.00	6.19	-0.008	建筑	--  	0.186	
08089	华人策略控股	-2.35	473700	0.830	0.850	1800	583400	1.22	0.840	0.840	0.800	--  	0.00	4.71	-0.020	其他金融	--  	0.830	
08310	大丰港	0.00	446200	0.960	0.960	10000	500000	12.94	0.910	0.960	0.830	--  	0.00	13.54	0.000	工用运输	--  	0.960	
08145	电讯首科	0.00	444600	2.160	2.160	2000	208000	0.00	2.150	2.160	2.120	--  	0.93	1.85	0.000	信息器材	--  	2.160	
08246	北方新能源	-4.76	444480	0.300	0.315	8000	1472000	0.00	0.310	0.310	0.290	--  	0.00	6.35	-0.015	工业工程	--  	0.300	
08199	中国万桐园	-3.39	442750	0.285	0.295	10000	1540000	0.00	0.295	0.295	0.280	--  	0.00	5.08	-0.010	支援服务	--  	0.285	
08087	中国三三传媒	7.69	432836	0.042	0.039	20000	10558000	2.44	0.040	0.042	0.040	--  	0.00	5.13	0.003	媒体及娱乐	--  	0.042	
08172	拉近网娱	-3.61	424700	0.400	0.415	20000	1060000	0.00	0.405	0.420	0.385	--  	0.00	8.43	-0.015	媒体及娱乐	--  	0.400	
08463	TOMO HOLDINGS	0.00	417760	1.400	1.400	4000	308000	2.94	1.450	1.450	1.350	--  	0.00	7.14	0.000	汽车	--  	1.400	
08052	陆庆娱乐	3.16	397570	0.098	0.095	10000	4140000	2.08	0.095	0.098	0.095	--  	0.00	3.16	0.003	酒店及消闲	--  	0.098	
08247	中生北控生物科技	-6.48	381000	2.020	2.160	2000	190000	0.00	2.030	2.030	1.970	--  	0.00	2.78	-0.140	医药医疗	--  	2.020	
08018	汇财金融投资	0.50	378484	0.203	0.202	10000	1871500	0.00	0.202	0.206	0.200	--  	0.00	2.97	0.001	软件服务	--  	0.203	
08160	GOLDWAY EDU	1.61	377160	0.630	0.620	12000	624000	0.00	0.600	0.640	0.580	--  	0.00	9.68	0.010	支援服务	--  	0.630	
08125	仁德资源	2.50	347920	1.230	1.200	4000	284000	0.00	1.210	1.230	1.210	--  	0.00	1.67	0.030	建筑	--  	1.230	
08013	ECI TECH	1.06	346760	0.095	0.094	20000	3580000	0.00	0.094	0.101	0.094	--  	0.00	7.45	0.001	软件服务	--  	0.095	
08045	南大苏富特	-1.24	329850	0.238	0.241	6000	1428000	0.00	0.250	0.250	0.230	--  	0.00	8.30	-0.003	软件服务	--  	0.238	
08351	俊文宝石	-2.67	329189	0.365	0.375	20000	901800	1.39	0.380	0.380	0.345	--  	0.00	9.33	-0.010	纺织服饰	--  	0.365	
08432	太平洋酒吧	0.59	325920	0.170	0.169	10000	1910000	0.00	0.169	0.173	0.169	--  	0.00	2.37	0.001	酒店及消闲	--  	0.170	
08171	中国趋势	7.69	309280	0.014	0.013	160000	23200000	0.00	0.013	0.014	0.013	--  	0.00	7.69	0.001	信息器材	--  	0.014	
08272	华人饮食集团	0.00	309080	0.020	0.020	20000	16185000	0.00	0.020	0.020	0.019	--  	0.00	5.00	0.000	酒店及消闲	--  	0.020	
08025	亚洲资产	-3.59	308944	0.188	0.195	2000	1620000	0.00	0.193	0.193	0.180	--  	0.00	6.67	-0.007	其他金融	--  	0.188	
08183	尚捷集团控股	0.00	305400	0.485	0.485	5000	625000	1.04	0.475	0.495	0.475	--  	0.00	4.12	0.000	纺织服饰	--  	0.485	
08023	邝文记	-4.84	299160	0.590	0.620	6000	492000	0.00	0.620	0.620	0.590	--  	0.00	4.84	-0.030	建筑	--  	0.590	
08091	奥传思维控股	1.39	298860	0.146	0.144	10000	2050000	0.00	0.145	0.146	0.145	--  	0.00	0.69	0.002	媒体及娱乐	--  	0.146	
08176	超人智能	0.00	295250	8.200	8.200	5000	35000	-3.53	7.800	8.550	7.800	--  	0.00	9.15	0.000	医疗服务	--  	8.200	
08231	节能元件	-1.64	293700	0.180	0.183	10000	1635000	0.00	0.183	0.183	0.177	--  	0.00	3.28	-0.003	半导体	--  	0.180	
08021	汇隆控股	4.00	293210	0.026	0.025	10000	11680000	0.00	0.025	0.026	0.024	--  	0.00	8.00	0.001	建筑	--  	0.026	
08245	安悦国际控股	4.48	286540	0.140	0.134	5000	2090000	-2.10	0.138	0.143	0.134	--  	0.00	6.72	0.006	信息器材	--  	0.140	
08415	乐嘉思控股	-5.85	286450	0.177	0.188	10000	1580000	0.00	0.189	0.189	0.174	--  	0.00	7.98	-0.011	建筑	--  	0.177	
08299	大唐潼金	0.00	283010	0.018	0.018	12000	16263442	5.88	0.017	0.018	0.016	--  	0.00	11.11	0.000	黄金贵金属	--  	0.018	
08315	冠辉集团控股	2.94	277350	0.035	0.034	10000	8080000	0.00	0.033	0.035	0.033	--  	0.00	5.88	0.001	支援服务	--  	0.035	
08049	吉林长龙药业	0.00	277200	1.650	1.650	4000	168000	0.00	1.650	1.650	1.650	--  	0.00	0.00	0.000	医药医疗	--  	1.650	
08041	荟萃国际（控股）	-5.22	272680	0.127	0.134	20000	2120000	0.00	0.129	0.132	0.126	--  	0.00	4.48	-0.007	纺织服饰	--  	0.127	
08056	饮食概念	0.00	260040	0.248	0.248	5000	1050000	0.00	0.240	0.248	0.240	--  	0.00	3.23	0.000	酒店及消闲	--  	0.248	
08148	奥柏中国	-0.72	250800	0.138	0.139	20000	1820000	0.00	0.139	0.139	0.137	--  	0.00	1.44	-0.001	软件服务	--  	0.138	
08202	汇创控股	0.00	248290	0.220	0.220	10000	1150000	-0.90	0.218	0.224	0.214	--  	0.00	4.55	0.000	媒体及娱乐	--  	0.220	
08196	建禹集团	2.70	243000	3.040	2.960	4000	80000	0.00	3.020	3.050	3.020	--  	0.00	1.01	0.080	公用事业	--  	3.040	
08203	凯顺能源	-1.37	236500	0.360	0.365	10000	650000	0.00	0.370	0.370	0.355	--  	0.00	4.11	-0.005	工用支援	--  	0.360	
08157	象兴国际	-1.35	232600	0.365	0.370	20000	640000	0.00	0.370	0.370	0.360	--  	0.00	2.70	-0.005	工用运输	--  	0.365	
08161	医汇集团	5.22	231910	0.121	0.115	10000	1970000	0.00	0.113	0.123	0.113	--  	0.00	8.70	0.006	医疗服务	--  	0.121	
08346	创新电子控股	3.17	229000	0.325	0.315	10000	750000	4.84	0.300	0.325	0.300	--  	0.00	7.94	0.010	工业工程	--  	0.325	
08221	PF GROUP	2.01	227140	0.152	0.149	20000	1520000	2.01	0.152	0.152	0.149	--  	0.00	2.01	0.003	其他金融	--  	0.152	
08230	中国宇天	-1.79	224400	0.550	0.560	5000	420000	3.77	0.550	0.550	0.530	--  	0.00	3.57	-0.010	建筑	--  	0.550	
08088	汇友科技控股	4.65	222088	0.045	0.043	8000	4936000	0.00	0.043	0.045	0.043	--  	0.00	4.65	0.002	其他金融	--  	0.045	
08407	兴证国际	0.87	219940	1.160	1.150	2000	196000	-0.85	1.120	1.170	1.110	--  	0.00	5.22	0.010	其他金融	--  	1.160	
08481	盛龙锦秀国际	-2.06	216800	0.475	0.485	5000	460000	1.06	0.460	0.475	0.460	--  	0.00	3.09	-0.010	工用支援	--  	0.475	
08270	中国煤层气	-2.67	215265	0.073	0.075	40000	3075000	4.29	0.074	0.074	0.065	--  	0.00	12.00	-0.002	石油天然气	--  	0.073	
08266	金达集团国际	0.00	170560	0.082	0.082	16000	2080000	0.00	0.082	0.082	0.082	--  	0.00	0.00	0.000	信息器材	--  	0.082	
08050	云博产业	0.00	170260	1.530	1.530	2000	108000	0.00	1.500	1.600	1.500	--  	0.00	6.54	0.000	信息器材	--  	1.530	
08431	浩柏国际	0.00	169260	0.185	0.185	10000	910000	-0.54	0.186	0.186	0.186	--  	0.00	0.00	0.000	酒店及消闲	--  	0.185	
08268	迪臣建设	-2.69	166544	0.181	0.186	8000	940000	0.00	0.177	0.186	0.174	--  	0.00	6.45	-0.005	建筑	--  	0.181	
08132	中油港燃	-1.22	164400	0.081	0.082	20000	2010000	1.25	0.080	0.083	0.080	--  	0.00	3.66	-0.001	信息器材	--  	0.081	
08439	新百利融资	-4.00	162880	1.920	2.000	2000	84000	0.00	2.000	2.000	1.920	--  	0.00	4.00	-0.080	其他金融	--  	1.920	
08358	卓珈控股	0.68	162273	1.470	1.460	5000	110750	0.00	1.460	1.470	1.460	--  	0.00	0.68	0.010	医疗服务	--  	1.470	
08311	圆美光电	1.15	161650	0.440	0.435	10000	370000	0.00	0.435	0.440	0.435	--  	0.00	1.15	0.005	信息器材	--  	0.440	
08130	智城控股	0.00	160780	0.200	0.200	20000	800000	0.00	0.210	0.215	0.194	--  	0.00	10.50	0.000	媒体及娱乐	--  	0.200	
08028	天时软件	-2.94	150800	0.066	0.068	20000	2300000	0.00	0.066	0.066	0.065	--  	0.00	1.47	-0.002	黄金贵金属	--  	0.066	
08250	丝路能源	0.00	148420	0.053	0.053	20000	2700000	0.00	0.055	0.055	0.053	--  	0.00	3.77	0.000	煤炭	--  	0.053	
08361	中国育儿网络	-0.72	146280	1.380	1.390	2000	106000	0.00	1.380	1.380	1.380	--  	0.00	0.00	-0.010	软件服务	--  	1.380	
08240	展程控股	-0.47	144670	0.214	0.215	10000	680000	-0.47	0.210	0.215	0.210	--  	0.00	2.33	-0.001	农业产品	--  	0.214	
08035	骏高控股	0.00	144000	0.300	0.300	10000	480000	0.00	0.300	0.300	0.300	--  	0.00	0.00	0.000	工用运输	--  	0.300	
08165	华普智通	8.33	139980	0.039	0.036	10000	3760000	0.00	0.036	0.039	0.035	--  	0.00	11.11	0.003	软件服务	--  	0.039	
08030	汇联金融服务	0.00	139150	0.900	0.900	5000	155000	0.00	0.900	0.900	0.890	--  	1.11	1.11	0.000	其他金融	--  	0.900	
08412	高门集团	-0.41	135240	0.241	0.242	10000	560000	0.00	0.243	0.243	0.240	--  	0.00	1.24	-0.001	酒店及消闲	--  	0.241	
08420	NEXION TECH	1.89	133700	0.540	0.530	5000	245000	-1.82	0.540	0.550	0.530	--  	0.00	3.77	0.010	软件服务	--  	0.540	
08366	浙江联合投资	1.56	132700	0.650	0.640	10000	210000	3.17	0.630	0.650	0.630	--  	0.00	3.12	0.010	建筑	--  	0.650	
08445	怡康泰工程集团	0.00	129900	0.480	0.480	10000	270000	-1.03	0.480	0.485	0.480	--  	0.00	1.04	0.000	建筑	--  	0.480	
08119	即时科研	-3.33	122200	0.870	0.900	10000	140000	0.00	0.890	0.890	0.870	--  	0.00	2.22	-0.030	地产	--  	0.870	
08098	昌利控股	3.31	118990	0.187	0.181	10000	660000	-0.53	0.182	0.188	0.166	--  	0.00	12.15	0.006	其他金融	--  	0.187	
08108	福泽集团	-0.88	117618	0.113	0.114	2000	1030000	0.00	0.114	0.115	0.113	--  	0.00	1.75	-0.001	支援服务	--  	0.113	
08031	易通讯集团	-3.88	116420	0.990	1.030	2000	118000	5.32	1.020	1.020	0.940	--  	0.00	7.77	-0.040	支援服务	--  	0.990	
08153	科地农业	0.00	115055	0.285	0.285	5000	410500	0.00	0.280	0.285	0.280	--  	0.00	1.75	0.000	工业工程	--  	0.285	
08198	乐透互娱	-0.88	113496	0.226	0.228	4000	500000	0.00	0.230	0.230	0.226	--  	0.00	1.75	-0.002	酒店及消闲	--  	0.226	
08076	新利软件	-2.63	112850	0.185	0.190	5000	610000	0.00	0.185	0.185	0.185	--  	0.00	0.00	-0.005	软件服务	--  	0.185	
08121	超凡网络	0.83	106940	0.122	0.121	10000	890000	6.09	0.122	0.122	0.115	--  	0.00	5.79	0.001	媒体及娱乐	--  	0.122	
08243	大贺传媒	-2.38	106450	0.410	0.420	5000	262500	0.00	0.400	0.410	0.400	--  	0.00	2.38	-0.010	媒体及娱乐	--  	0.410	
08206	神通机器人教育	0.00	102750	0.400	0.400	1000	260000	0.00	0.395	0.400	0.395	--  	0.00	1.25	0.000	软件服务	--  	0.400	
08143	华夏医疗	-3.85	100624	0.150	0.156	4000	668000	-1.32	0.150	0.159	0.150	--  	0.00	5.77	-0.006	医药医疗	--  	0.150	
08365	建泉国际控股	5.41	95850	0.390	0.370	5000	260000	0.00	0.360	0.390	0.355	--  	0.00	9.46	0.020	其他金融	--  	0.390	
08109	麒麟集团控股	0.00	93165	0.021	0.021	15000	4515000	0.00	0.021	0.021	0.020	--  	0.00	4.76	0.000	软件服务	--  	0.021	
08162	港银控股	-2.86	91550	0.340	0.350	10000	290000	0.00	0.320	0.340	0.285	--  	0.00	15.71	-0.010	黄金贵金属	--  	0.340	
08271	环球数码创意	-7.14	91050	0.260	0.280	2000	350000	0.00	0.260	0.275	0.260	--  	0.00	5.36	-0.020	媒体及娱乐	--  	0.260	
08293	星亚控股	3.37	90000	9.200	8.900	5000	10000	2.22	9.000	9.000	9.000	--  	0.00	0.00	0.300	支援服务	--  	9.200	
08020	宏海控股集团	-5.26	86500	0.198	0.209	10000	470000	10.00	0.181	0.198	0.180	--  	0.00	8.61	-0.011	工用运输	--  	0.198	
08218	毅高国际控股	-2.78	81480	0.210	0.216	4000	384000	0.00	0.216	0.216	0.210	--  	0.00	2.78	-0.006	工业工程	--  	0.210	
08428	国茂控股	4.79	80592	0.153	0.146	12000	528000	0.00	0.145	0.153	0.145	--  	0.00	5.48	0.007	酒店及消闲	--  	0.153	
08326	同景新能源	2.94	80020	2.100	2.040	1000	38000	0.00	2.080	2.120	2.080	--  	0.00	1.96	0.060	酒店及消闲	--  	2.100	
08135	正美丰业	1.92	76850	0.530	0.520	5000	145000	0.00	0.530	0.530	0.530	--  	0.00	0.00	0.010	汽车	--  	0.530	
08233	中国基建港口	2.97	74280	1.040	1.010	4000	72000	0.00	1.030	1.040	1.030	--  	0.00	0.99	0.030	工用运输	--  	1.040	
08363	SDM GROUP	-1.27	67670	0.390	0.395	2000	180000	0.00	0.375	0.395	0.370	--  	0.00	6.33	-0.005	支援服务	--  	0.390	
08360	利骏集团香港	1.14	66828	0.178	0.176	4000	384000	2.30	0.174	0.175	0.174	--  	0.00	0.57	0.002	建筑	--  	0.178	
08220	比高集团	1.16	66780	0.087	0.086	20000	760000	0.00	0.088	0.088	0.087	--  	0.00	1.16	0.001	媒体及娱乐	--  	0.087	
08120	国农金融投资	5.00	66124	0.084	0.080	20000	784000	0.00	0.081	0.086	0.081	--  	0.00	6.25	0.004	综合企业	--  	0.084	
08100	智易控股	-1.96	60120	0.500	0.510	6000	122000	2.04	0.495	0.500	0.490	--  	0.00	1.96	-0.010	软件服务	--  	0.500	
08280	中国数字视频	-2.86	55120	1.020	1.050	2000	56000	0.00	0.980	1.020	0.980	--  	0.00	3.81	-0.030	媒体及娱乐	--  	1.020	
08116	中国幸福投资	3.90	54164	0.080	0.077	20000	680600	0.00	0.078	0.080	0.078	--  	0.00	2.60	0.003	纺织服饰	--  	0.080	
08080	北亚策略	0.00	51712	0.143	0.143	8000	368000	2.14	0.145	0.145	0.140	--  	0.00	3.50	0.000	工业工程	--  	0.143	
08066	品创控股	2.44	48800	0.168	0.164	5000	320000	0.00	0.168	0.168	0.168	--  	0.00	0.00	0.004	石油天然气	--  	0.168	
08262	宏强控股	2.22	46000	0.460	0.450	10000	100000	0.00	0.460	0.460	0.460	--  	0.00	0.00	0.010	建筑	--  	0.460	
08213	新智控股	0.00	44030	0.071	0.071	10000	620000	0.00	0.071	0.072	0.071	--  	0.00	1.41	0.000	酒店及消闲	--  	0.071	
08362	运兴泰集团	2.59	42380	0.119	0.116	20000	360000	0.85	0.115	0.119	0.115	--  	0.00	3.45	0.003	农业产品	--  	0.119	
08421	永顺控股香港	0.00	42100	0.355	0.355	5000	120000	-1.39	0.345	0.360	0.345	--  	0.00	4.23	0.000	支援服务	--  	0.355	
08236	宝德科技集团	-0.68	41200	2.930	2.950	1000	14000	0.00	2.950	2.950	2.930	--  	0.00	0.68	-0.020	软件服务	--  	2.930	
08093	万星控股	0.00	39800	1.990	1.990	5000	20000	0.00	1.990	1.990	1.990	--  	0.00	0.00	0.000	纺织服饰	--  	1.990	
08126	Ｇ．Ａ．控股	1.72	38320	0.590	0.580	4000	64000	-1.67	0.580	0.600	0.580	--  	0.00	3.45	0.010	汽车	--  	0.590	
08103	万泰企业股份	3.41	36800	1.820	1.760	20000	20000	-1.09	1.840	1.840	1.840	--  	0.00	0.00	0.060	软件服务	--  	1.820	
08222	壹照明	-6.25	36320	0.225	0.240	4000	160000	0.00	0.233	0.233	0.225	--  	0.00	3.33	-0.015	家电及用品	--  	0.225	
08212	誉满国际控股	-0.61	36024	0.164	0.165	8000	224000	2.50	0.161	0.165	0.160	--  	0.00	3.03	-0.001	其他金融	--  	0.164	
08337	直通电讯	-8.33	35690	0.055	0.060	10000	630000	0.00	0.060	0.060	0.055	--  	0.00	8.33	-0.005	电讯	--  	0.055	
08442	桦欣控股	-2.75	35435	8.850	9.100	500	4000	0.00	8.860	8.860	8.850	--  	0.00	0.11	-0.250	纺织服饰	--  	8.850	
08123	华亿金控	0.00	34092	0.110	0.110	6000	318000	0.00	0.106	0.110	0.106	--  	0.00	3.64	0.000	其他金融	--  	0.110	
08186	同仁资源	2.06	33980	0.099	0.097	20000	350000	-1.00	0.087	0.100	0.087	--  	0.00	13.40	0.002	原材料	--  	0.099	
08319	思博系统	1.19	32300	0.170	0.168	10000	190000	0.00	0.170	0.170	0.170	--  	0.00	0.00	0.002	软件服务	--  	0.170	
08345	火岩控股	2.04	29600	5.000	4.900	2000	6000	0.00	5.000	5.000	5.000	--  	3.00	0.00	0.100	软件服务	--  	5.000	
08188	骏杰集团控股	3.57	28800	0.290	0.280	4000	100000	0.00	0.300	0.300	0.280	--  	0.00	7.14	0.010	建筑	--  	0.290	
08281	中国金典集团	-4.76	25600	0.300	0.315	8000	80000	-6.25	0.320	0.320	0.320	--  	0.00	0.00	-0.015	纺织服饰	--  	0.300	
08255	神州数字	-1.79	23220	0.550	0.560	6000	42000	0.00	0.560	0.560	0.550	--  	0.00	1.79	-0.010	软件服务	--  	0.550	
08128	中国地能	0.72	21224	0.139	0.138	8000	152000	-0.71	0.140	0.140	0.139	--  	0.00	0.72	0.001	工业工程	--  	0.139	
08060	国联通信	8.20	18069	0.132	0.122	10000	151480	0.00	0.105	0.132	0.105	--  	0.00	22.13	0.010	软件服务	--  	0.132	
08016	长虹佳华	2.30	17800	0.890	0.870	2000	20000	0.00	0.890	0.890	0.890	--  	0.00	0.00	0.020	信息器材	--  	0.890	
08300	皇玺餐饮集团	-2.36	17360	0.124	0.127	20000	140000	0.00	0.124	0.124	0.124	--  	0.00	0.00	-0.003	酒店及消闲	--  	0.124	
08190	康佰控股	0.00	15640	0.068	0.068	10000	230000	0.00	0.068	0.068	0.068	--  	0.00	0.00	0.000	家电及用品	--  	0.068	
08051	讯智海	-1.88	15620	15.620	15.920	200	1000	0.00	15.620	15.620	15.620	--  	0.00	0.00	-0.300	信息器材	--  	15.620	
08075	寰亚传媒	-0.92	15301	0.216	0.218	4000	70500	0.00	0.230	0.230	0.215	--  	0.00	6.88	-0.002	媒体及娱乐	--  	0.216	
08006	华泰瑞银	0.00	14927	0.240	0.240	10000	62750	0.00	0.240	0.241	0.240	--  	0.00	0.42	0.000	媒体及娱乐	--  	0.240	
08139	长安仁恒	-2.73	14395	3.210	3.300	500	4500	0.00	3.190	3.210	3.190	--  	0.00	0.61	-0.090	原材料	--  	3.210	
08258	西北实业	-3.33	14200	0.290	0.300	10000	50000	0.00	0.285	0.290	0.280	--  	0.00	3.33	-0.010	工业工程	--  	0.290	
08267	蓝港互动	0.00	13625	1.640	1.640	500	8500	-0.61	1.600	1.650	1.600	--  	0.00	3.05	0.000	软件服务	--  	1.640	
08256	金利通	5.00	13408	0.042	0.040	4000	324000	5.00	0.040	0.042	0.040	--  	0.00	5.00	0.002	电讯	--  	0.042	
08149	浩德控股	0.00	13200	0.330	0.330	10000	40000	0.00	0.330	0.330	0.330	--  	60.61	0.00	0.000	其他金融	--  	0.330	
08295	中植资本国际	0.00	12200	0.305	0.305	20000	40000	0.00	0.305	0.305	0.305	--  	0.00	0.00	0.000	其他金融	--  	0.305	
08003	世大控股	0.00	10044	0.054	0.054	2000	186000	0.00	0.054	0.054	0.054	--  	0.00	0.00	0.000	原材料	--  	0.054	
08117	中国基础能源	0.00	9310	0.880	0.880	10000	10600	0.00	0.880	0.880	0.880	--  	0.00	0.00	0.000	公用事业	--  	0.880	
08111	中科光电	-1.14	9135	0.087	0.088	5000	105000	0.00	0.087	0.087	0.087	--  	0.00	0.00	-0.001	软件服务	--  	0.087	
08333	阿仕特朗金融	-6.49	9000	0.360	0.385	5000	25000	0.00	0.360	0.360	0.360	--  	1.39	0.00	-0.025	其他金融	--  	0.360	
08033	爱达利网络	-1.72	8550	0.285	0.290	2000	30000	0.00	0.285	0.285	0.285	--  	0.00	0.00	-0.005	软件服务	--  	0.285	
08411	K W NELSON GP	1.49	8160	0.204	0.201	10000	40000	0.00	0.204	0.204	0.204	--  	0.00	0.00	0.003	建筑	--  	0.204	
08277	骏东控股	0.00	6480	0.810	0.810	2000	8000	0.00	0.810	0.810	0.810	--  	0.00	0.00	0.000	原材料	--  	0.810	
08286	长城微光	8.33	6100	0.390	0.360	5000	15000	0.00	0.390	0.390	0.390	--  	0.00	0.00	0.030	信息器材	--  	0.390	
08312	中国瀚亚	0.00	5800	0.580	0.580	10000	10000	0.00	0.580	0.580	0.580	--  	0.00	0.00	0.000	纺织服饰	--  	0.580	
08197	北斗嘉药业	-3.51	5400	0.550	0.570	10000	10000	1.85	0.540	0.540	0.540	--  	0.00	0.00	-0.020	医药医疗	--  	0.550	
08348	滨海泰达物流	5.93	5000	1.250	1.180	2000	4000	0.00	1.250	1.250	1.250	--  	0.00	0.00	0.070	工用支援	--  	1.250	
08159	辉煌科技	-3.23	2900	0.600	0.620	5000	5000	3.45	0.580	0.580	0.580	--  	0.00	0.00	-0.020	信息器材	--  	0.600	
08067	东方大学城控股	-10.45	2450	2.400	2.680	1000	1000	-2.04	2.450	2.450	2.450	--  	0.00	0.00	-0.280	支援服务	--  	2.400	
08189	泰达生物	3.75	2150	0.415	0.400	5000	5000	-3.49	0.430	0.430	0.430	--  	0.00	0.00	0.015	原材料	--  	0.415	
08082	仁智国际集团	0.00	1900	0.190	0.190	5000	10000	0.00	0.190	0.190	0.190	--  	0.00	0.00	0.000	支援服务	--  	0.190	
08011	百田石油	0.00	1589	0.180	0.180	20000	9500	0.00	--  	0.180	--  	--  	0.00	0.00	0.000	石油天然气	--  	0.180	
08591	罗马集团（旧）	0.00	1500	0.150	0.150	5000	10000	0.00	0.150	0.150	0.150	--  	0.00	0.00	0.000		--  	0.150	
08079	易还财务投资	-1.41	249	0.700	0.710	5000	377	-1.41	--  	0.700	--  	--  	0.00	0.00	-0.010	其他金融	--  	0.700	
08063	环球大通集团	0.00	210	0.125	0.125	50000	2200	0.00	--  	0.125	--  	--  	0.00	0.00	0.000	酒店及消闲	--  	0.125	
08306	中国有色金属	0.00	0	0.201	0.201	10000	0	0.00	--  	0.201	--  	--  	0.00	0.00	0.000	一般金属	--  	0.201	
08297	芭迪贝伊	0.00	0	0.255	0.255	5000	0	0.00	--  	0.255	--  	--  	0.00	0.00	0.000	纺织服饰	--  	0.255	
08290	亚势备份	0.00	0	0.092	0.092	10000	0	0.00	--  	0.092	--  	--  	0.00	0.00	0.000	软件服务	--  	0.092	
08273	浙江展望	0.00	0	1.510	1.510	2000	0	0.00	--  	1.510	--  	--  	0.00	0.00	0.000	汽车	--  	1.510	
08249	瑞远智控	0.00	0	0.285	0.285	5000	0	0.00	--  	0.285	--  	--  	0.00	0.00	0.000	信息器材	--  	0.285	
08238	惠陶集团	0.00	0	0.047	0.047	8000	0	0.00	--  	0.047	--  	--  	0.00	0.00	0.000	媒体及娱乐	--  	0.047	
08235	赛迪顾问	0.00	0	0.310	0.310	10000	0	0.00	--  	0.310	--  	--  	0.00	0.00	0.000	软件服务	--  	0.310	
08211	浙江永安	0.00	0	0.270	0.270	10000	0	0.00	--  	0.270	--  	--  	0.00	0.00	0.000	纺织服饰	--  	0.270	
08205	交大慧谷	0.00	0	0.380	0.380	4000	0	0.00	--  	0.380	--  	--  	0.00	0.00	0.000	信息器材	--  	0.380	
08201	宝联控股	0.00	0	0.380	0.380	20000	0	0.00	--  	0.380	--  	--  	0.00	0.00	0.000	支援服务	--  	0.380	
08191	鸿伟亚洲	0.00	0	0.355	0.355	6000	0	0.00	--  	0.355	--  	--  	0.00	0.00	0.000	原材料	--  	0.355	
08173	万亚企业控股	0.00	0	0.027	0.027	40000	0	0.00	--  	0.027	--  	--  	0.00	0.00	0.000	一般金属	--  	0.027	
08169	环康集团	0.00	0	0.200	0.200	10000	0	0.00	--  	0.200	--  	--  	0.00	0.00	0.000	工业工程	--  	0.200	
08155	南华资产控股	0.00	0	0.050	0.050	8000	0	0.00	--  	0.050	--  	--  	0.00	0.00	0.000	地产	--  	0.050	
08131	辰罡科技	0.00	0	0.180	0.180	10000	0	0.00	--  	0.180	--  	--  	0.00	0.00	0.000	软件服务	--  	0.180	
08122	德莱建业	--  	0	0.000	--  	0	0	--  	--  	--  	--  	--  	0.00	--  	--  		--  	0.000	
08115	上海青浦消防	0.00	0	0.810	0.810	4000	0	0.00	--  	0.810	--  	--  	0.00	0.00	0.000	工业工程	--  	0.810	
08106	升华兰德	1.35	0	0.375	0.370	5000	0	0.00	--  	0.375	--  	--  	0.00	0.00	0.005	软件服务	--  	0.375	
08092	ITE HOLDINGS	-0.88	0	0.112	0.113	4000	0	0.00	--  	0.112	--  	--  	0.00	0.00	-0.001	软件服务	--  	0.112	
08070	侨洋国际控股	0.00	0	0.700	0.700	5000	0	0.00	--  	0.700	--  	--  	0.00	0.00	0.000	工业工程	--  	0.700	
08069	纵横游控股	0.00	0	0.820	0.820	5000	0	0.00	--  	0.820	--  	--  	0.00	0.00	0.000	酒店及消闲	--  	0.820	
08053	比优集团	-1.56	0	0.630	0.640	20000	0	0.00	--  	0.630	--  	--  	0.00	0.00	-0.010	工用支援	--  	0.630	
08048	御德国际控股	0.00	0	0.080	0.080	2000	0	0.00	--  	0.080	--  	--  	0.00	0.00	0.000	软件服务	--  	0.080	
08038	金力集团	--  	0	0.000	--  	0	0	--  	--  	--  	--  	--  	0.00	--  	--  		--  	0.000	
08012	环宇物流（亚洲）	--  	0	0.000	--  	0	0	--  	--  	--  	--  	--  	0.00	--  	--  		--  	0.000	
08005	裕兴科技	-3.85	0	0.750	0.780	2000	0	0.00	--  	0.750	--  	--  	0.00	0.00	-0.030	信息器材	--  	0.750	
08592	罗马集团股权	--  	0	0.000	--  	0	0	--  	--  	--  	--  	--  	0.00	--  	--  		--  	0.000	
08590	L&A INTL-OLD	--  	0	0.000	--  	0	0	--  	--  	--  	--  	--  	0.00	--  	--  		--  	0.000	
08405	恒智控股	0.00	0	0.860	0.860	4000	0	0.00	--  	0.860	--  	--  	0.00	0.00	0.000	支援服务	--  	0.860	
08356	中国新华电视	0.00	0	0.075	0.075	10000	0	0.00	--  	0.075	--  	--  	0.00	0.00	0.000	建筑	--  	0.075	
08349	美固科技控股	0.00	0	2.740	2.740	10000	0	0.00	--  	2.740	--  	--  	0.00	0.00	0.000	建筑	--  	2.740	
08343	宏光照明	0.00	0	0.900	0.900	5000	0	0.00	--  	0.900	--  	--  	0.00	0.00	0.000	工业工程	--  	0.900	
08341	艾硕控股	0.00	0	2.700	2.700	5000	0	0.00	--  	2.700	--  	--  	0.00	0.00	0.000	建筑	--  	2.700	
08320	沛然环保	0.00	0	0.194	0.194	10000	0	0.00	--  	0.194	--  	--  	0.00	0.00	0.000	支援服务	--  	0.194	
08317	财华社集团	0.00	0	0.670	0.670	2000	0	0.00	--  	0.670	--  	--  	0.00	0.00	0.000	软件服务	--  	0.670	
08316	柏荣集团控股	0.00	0	1.620	1.620	10000	0	0.00	--  	1.620	--  	--  	0.00	0.00	0.000	建筑	--  	1.620	
数据来源:通达信
