代码	名称	涨幅%%	总金额	现价	昨收	每手	总量	涨速%%	今开	最高	最低	抛空额	股息率%%	振幅%%	涨跌	细分行业	抛空量	按盘价	
08102	利宝阁集团	-85.05	400215264	0.900	6.020	10000	450592608	-5.26	5.980	5.980	0.540	--  	0.00	90.37	-5.120	酒店及消闲	--  	0.900	
08207	中新控股	0.00	46617084	1.040	1.040	4000	45176000	0.00	1.040	1.040	1.020	16480	0.00	1.92	0.000	其他金融	16000	1.040	
08455	礼建德集团	59.26	34833300	0.860	0.540	10000	43375000	-2.27	0.590	0.910	0.590	--  	0.00	59.26	0.320	建筑	--  	0.860	
08392	舍图控股	6.12	29047202	1.040	0.980	10000	28320000	4.00	0.990	1.190	0.800	--  	0.00	39.80	0.060	家电及用品	--  	1.040	
08275	永勤集团控股	12.68	28972402	0.800	0.710	10000	35890000	-1.23	0.710	0.870	0.700	--  	0.00	23.94	0.090	建筑	--  	0.800	
08228	国艺娱乐	6.84	17518820	0.250	0.234	20000	70000000	0.00	0.239	0.260	0.238	--  	0.00	9.40	0.016	媒体及娱乐	--  	0.250	
08022	永耀集团控股	7.25	17430134	0.740	0.690	3000	23867600	1.37	0.710	0.750	0.700	--  	0.00	7.25	0.050	酒店及消闲	--  	0.740	
08472	立高控股	4.17	15166451	0.750	0.720	5000	19680000	2.74	0.750	0.820	0.690	--  	0.00	18.06	0.030	支援服务	--  	0.750	
08065	高萌科技	17.46	14213501	0.740	0.630	5000	20275000	1.37	0.620	0.740	0.610	--  	0.00	20.63	0.110	软件服务	--  	0.740	
08430	春能控股	4.94	13893726	0.425	0.405	5000	31545000	-1.16	0.410	0.460	0.405	--  	0.00	13.58	0.020	工用运输	--  	0.425	
08227	海天天线控股	-1.11	12897961	6.250	6.320	4000	2060000	0.00	6.330	6.350	6.200	--  	0.00	2.37	-0.070	信息器材	--  	6.250	
08436	德宝集团控股	1.49	12807201	0.680	0.670	5000	18405000	1.49	0.680	0.720	0.670	--  	0.00	7.46	0.010	纺织服饰	--  	0.680	
08008	新意网集团	-3.06	12573424	6.020	6.210	1000	2064376	-0.17	6.220	6.250	6.010	2191490	2.28	3.86	-0.190	软件服务	360000	6.020	
08321	泰锦控股	-6.06	12361251	0.465	0.495	10000	26450000	0.00	0.500	0.510	0.450	--  	0.00	12.12	-0.030	建筑	--  	0.465	
08158	中国再生医学	-8.33	11078401	0.187	0.204	5000	57490000	0.00	0.202	0.202	0.184	504965	0.00	8.82	-0.017	医药医疗	2650000	0.187	
08457	健升物流中国	12.45	10969201	0.280	0.249	10000	39610000	0.00	0.250	0.295	0.250	--  	0.00	18.07	0.031	工用支援	--  	0.280	
08078	ＨＭＶ数码中国	0.41	10803263	0.247	0.246	20000	43912920	0.00	0.246	0.248	0.245	--  	0.00	1.22	0.001	媒体及娱乐	--  	0.247	
08137	洪桥集团	0.58	10525740	1.730	1.720	2000	6116000	0.00	1.760	1.760	1.700	76380	0.00	3.49	0.010	工业工程	44000	1.730	
08470	莹岚集团	1.45	10312800	0.700	0.690	8000	14704000	1.45	0.690	0.740	0.660	--  	0.00	11.59	0.010	建筑	--  	0.700	
08410	安领国际	1.96	9954700	1.560	1.530	10000	6400000	-0.64	1.550	1.570	1.540	--  	0.00	1.96	0.030	软件服务	--  	1.560	
08012	环宇物流（亚洲）	-4.89	9876800	1.750	1.840	8000	5616000	-0.57	1.810	1.810	1.700	--  	0.00	5.98	-0.090	工用运输	--  	1.750	
08182	中国糖果	3.25	9621090	0.159	0.154	10000	61500000	0.63	0.153	0.160	0.152	--  	0.00	5.19	0.005	食物饮品	--  	0.159	
08133	铸能控股	0.00	8269701	0.315	0.315	20000	26540000	0.00	0.320	0.320	0.305	--  	0.00	4.76	0.000	工业工程	--  	0.315	
08437	德斯控股	11.32	7974241	0.590	0.530	8000	13592000	0.00	0.540	0.610	0.540	--  	0.00	13.21	0.060	医疗服务	--  	0.590	
08129	中国生物资源	0.00	6730721	0.088	0.088	20000	75860000	2.33	0.091	0.094	0.082	--  	0.00	13.64	0.000	软件服务	--  	0.088	
08080	北亚策略	12.84	6676702	0.167	0.148	8000	39996008	1.83	0.149	0.180	0.144	--  	0.00	24.32	0.019	工业工程	--  	0.167	
08476	大洋环球控股	6.82	6604781	0.940	0.880	2000	7154000	1.08	0.870	0.980	0.860	--  	0.00	13.64	0.060	食物饮品	--  	0.940	
08469	盛业资本	0.33	6464281	6.130	6.110	2000	1060000	0.33	6.100	6.180	6.060	--  	0.00	1.96	0.020	其他金融	--  	6.130	
08359	HYPEBEAST	8.33	6457201	0.325	0.300	20000	19940000	-1.52	0.310	0.335	0.310	--  	0.00	8.33	0.025	媒体及娱乐	--  	0.325	
08217	联旺集团	-2.30	6253301	0.425	0.435	10000	14940000	1.19	0.440	0.440	0.410	--  	0.00	6.90	-0.010	建筑	--  	0.425	
08445	怡康泰工程集团	1.85	6187101	0.550	0.540	10000	10890000	0.00	0.560	0.590	0.540	--  	0.00	9.26	0.010	建筑	--  	0.550	
08095	北大青鸟环宇	1.02	6034431	1.990	1.970	1000	3016000	-1.00	2.000	2.030	1.970	--  	0.00	3.05	0.020	软件服务	--  	1.990	
08175	中国数码文化	0.00	5713626	0.435	0.435	10000	13412500	0.00	0.435	0.440	0.420	--  	0.00	4.60	0.000	酒店及消闲	--  	0.435	
08368	中国创意控股	2.17	5480601	0.470	0.460	1000	10992000	0.00	0.470	0.550	0.445	--  	0.00	22.83	0.010	媒体及娱乐	--  	0.470	
08481	盛龙锦秀国际	14.81	5458751	0.620	0.540	5000	8905000	-1.59	0.560	0.650	0.560	--  	0.00	16.67	0.080	工用支援	--  	0.620	
08073	兴业新材料	-2.48	5219760	1.180	1.210	4000	4388000	0.00	1.200	1.210	1.170	--  	0.00	3.31	-0.030	工业工程	--  	1.180	
08480	飞霓控股	0.00	5144840	0.510	0.510	4000	10020000	2.00	0.510	0.530	0.495	--  	0.00	6.86	0.000	纺织服饰	--  	0.510	
08292	盛良物流	-4.49	5136028	2.340	2.450	10000	2172650	0.00	2.470	2.470	2.280	--  	0.00	7.76	-0.110	工用运输	--  	2.340	
08331	飞尚非金属	0.61	4773600	1.660	1.650	10000	2960000	2.47	1.640	1.690	1.550	--  	0.00	8.48	0.010	一般金属	--  	1.660	
08463	TOMO HOLDINGS	1.01	4652480	1.000	0.990	4000	4556000	0.00	0.980	1.050	0.970	--  	0.00	8.08	0.010	汽车	--  	1.000	
08340	域高金融	0.93	4541100	1.090	1.080	10000	4240000	1.87	1.070	1.140	1.050	--  	0.28	8.33	0.010	其他金融	--  	1.090	
08047	中国海洋捕捞	0.00	4493068	0.650	0.650	4000	6960640	0.00	0.650	0.660	0.640	--  	0.00	3.08	0.000	工用支援	--  	0.650	
08087	中国三三传媒	25.81	4344680	0.039	0.031	20000	115240000	0.00	0.032	0.042	0.031	--  	0.00	35.48	0.008	媒体及娱乐	--  	0.039	
08427	瑞强集团	-12.50	4292840	0.350	0.400	8000	11632000	-1.41	0.405	0.405	0.345	--  	0.00	15.00	-0.050	建筑	--  	0.350	
08231	节能元件	1.49	4257810	0.204	0.201	10000	21140000	2.00	0.201	0.205	0.195	--  	0.00	4.98	0.003	半导体	--  	0.204	
08019	皓文控股	11.11	4183208	0.140	0.126	20000	31918500	-0.71	0.129	0.145	0.108	--  	0.00	29.37	0.014	工业工程	--  	0.140	
08265	中国之信集团	0.00	4079880	3.040	3.040	4000	1352000	0.00	3.030	3.070	3.000	72200	0.00	2.30	0.000	工用支援	24000	3.040	
08083	中国创新支付	0.00	3963200	0.430	0.430	4000	9254000	0.00	0.430	0.435	0.420	294120	0.00	3.49	0.000	软件服务	684000	0.430	
08383	东骏控股	-1.67	3936880	0.590	0.600	8000	6552000	-1.67	0.590	0.650	0.560	--  	0.00	15.00	-0.010	工用支援	--  	0.590	
08077	昆仑国际金融	3.03	3842300	0.680	0.660	5000	5510000	3.03	0.680	0.740	0.650	--  	0.00	13.64	0.020	其他金融	--  	0.680	
08072	罗马集团（新）	-1.30	3631569	0.152	0.154	20000	23774376	-0.65	0.153	0.155	0.151	--  	0.00	2.60	-0.002	其他金融	--  	0.152	
08491	COOL LINK	0.00	3363325	0.485	0.485	5000	6850000	0.00	0.485	0.510	0.475	--  	0.00	7.22	0.000	食物饮品	--  	0.485	
08199	中国万桐园	6.90	3359800	0.310	0.290	10000	11000000	3.33	0.300	0.320	0.290	--  	0.00	10.34	0.020	支援服务	--  	0.310	
08462	桥英控股	9.09	3291300	0.960	0.880	5000	3405000	2.13	0.900	0.980	0.890	--  	0.00	10.23	0.080	支援服务	--  	0.960	
08138	同仁堂国药	0.72	3290160	11.180	11.100	1000	296000	0.00	11.160	11.200	11.040	89400	0.00	1.44	0.080	医药医疗	8000	11.180	
08425	兴铭控股	2.06	3161440	0.990	0.970	4000	3128000	0.00	0.950	1.060	0.950	--  	0.00	11.34	0.020	建筑	--  	0.990	
08413	亚洲杂货	3.70	3105750	0.560	0.540	10000	5770000	5.66	0.530	0.560	0.495	--  	0.00	12.04	0.020	食物饮品	--  	0.560	
08193	汉华专业服务	-1.47	3072045	0.067	0.068	5000	44935000	-1.47	0.067	0.073	0.066	--  	0.00	10.29	-0.001	其他金融	--  	0.067	
08257	靖洋集团	-7.56	3064300	1.100	1.190	10000	2730000	1.85	1.180	1.200	1.070	--  	0.00	10.92	-0.090	半导体	--  	1.100	
08417	大地教育	-1.90	3040300	1.030	1.050	10000	2960000	0.00	1.050	1.070	1.010	--  	0.00	5.71	-0.020	支援服务	--  	1.030	
08179	新煮意控股	0.00	2931066	0.320	0.320	12000	9323200	0.00	0.325	0.325	0.310	--  	0.00	4.69	0.000	酒店及消闲	--  	0.320	
08147	汇思太平洋	1.23	2855892	0.164	0.162	4000	17624000	1.23	0.160	0.165	0.158	--  	0.00	4.32	0.002	电讯	--  	0.164	
08242	宏创高科	0.00	2772280	0.175	0.175	10000	16110000	1.16	0.175	0.178	0.163	--  	0.00	8.57	0.000	半导体	--  	0.175	
08328	信义香港	-2.15	2761249	1.820	1.860	4000	1504103	0.00	1.860	1.870	1.810	--  	0.00	3.23	-0.040		--  	1.820	
08200	修身堂	-1.69	2736200	0.058	0.059	40000	47440000	0.00	0.058	0.058	0.057	--  	0.00	1.69	-0.001	医疗服务	--  	0.058	
08269	富誉控股	-3.08	2552530	0.189	0.195	10000	13130000	0.00	0.196	0.205	0.187	--  	0.00	9.23	-0.006	农业产品	--  	0.189	
08090	中国融保金融集团	3.16	2482100	0.980	0.950	2000	2584000	1.03	0.950	0.980	0.930	--  	0.00	5.26	0.030	其他金融	--  	0.980	
08278	CMON	3.81	2309970	0.245	0.236	10000	9390000	-0.41	0.239	0.260	0.239	--  	0.00	8.90	0.009	家电及用品	--  	0.245	
08226	树熊金融集团	-2.94	2300860	0.330	0.340	4000	6852000	-1.49	0.330	0.345	0.330	--  	0.00	4.41	-0.010	农业产品	--  	0.330	
08416	HM INTL HLDGS	-4.55	2277890	1.050	1.100	5000	2186000	0.96	1.080	1.100	1.030	--  	0.00	6.36	-0.050	工用支援	--  	1.050	
08279	亚博科技控股	-0.77	2208800	1.290	1.300	4000	1716000	-0.77	1.300	1.300	1.280	93040	0.00	1.54	-0.010	酒店及消闲	72000	1.290	
08167	中国新电信	2.08	2197696	0.196	0.192	4000	11200000	1.55	0.214	0.214	0.188	--  	0.00	13.54	0.004	信息器材	--  	0.196	
08421	永顺控股香港	-1.39	2190125	0.355	0.360	5000	6040000	1.43	0.390	0.395	0.340	--  	0.00	15.28	-0.005	支援服务	--  	0.355	
08081	互娱中国	0.00	2159159	0.034	0.034	10000	62900720	0.00	0.034	0.035	0.033	--  	0.00	5.88	0.000	医疗服务	--  	0.034	
08026	长达健康	6.56	2137735	0.325	0.305	1000	6796000	0.00	0.310	0.325	0.310	--  	0.00	4.92	0.020	医药医疗	--  	0.325	
08187	永骏国际控股	1.46	2113950	1.390	1.370	5000	1510000	-0.71	1.360	1.450	1.360	--  	0.00	6.57	0.020	纺织服饰	--  	1.390	
08349	美固科技控股	0.34	2071600	2.990	2.980	10000	690000	0.00	3.010	3.040	2.980	--  	0.00	2.01	0.010	建筑	--  	2.990	
08059	朝威控股	1.72	2056250	0.590	0.580	5000	3580000	0.00	0.570	0.590	0.560	--  	0.00	5.17	0.010	建筑	--  	0.590	
08172	拉近网娱	-2.00	1895575	0.490	0.500	20000	3841080	0.00	0.500	0.500	0.490	--  	0.00	2.00	-0.010	媒体及娱乐	--  	0.490	
08041	荟萃国际（控股）	9.35	1854200	0.117	0.107	20000	15540000	0.00	0.112	0.134	0.112	--  	0.00	20.56	0.010	纺织服饰	--  	0.117	
08130	智城控股	2.44	1838245	0.210	0.205	20000	8812750	0.00	0.203	0.210	0.200	--  	0.00	4.88	0.005	媒体及娱乐	--  	0.210	
08283	正力控股	-0.86	1778950	1.150	1.160	5000	1580000	-4.17	1.160	1.200	1.100	--  	0.00	8.62	-0.010	支援服务	--  	1.150	
08038	金力集团	5.07	1768020	1.450	1.380	2000	1248000	0.00	1.380	1.450	1.380	--  	0.00	5.07	0.070	工业工程	--  	1.450	
08251	优越集团控股	5.08	1761200	0.620	0.590	10000	2970000	0.00	0.590	0.620	0.580	--  	0.00	6.78	0.030	工用支援	--  	0.620	
08156	众彩股份	1.19	1749950	0.850	0.840	5000	2085000	1.19	0.840	0.850	0.830	--  	0.00	2.38	0.010	酒店及消闲	--  	0.850	
08262	宏强控股	8.43	1744650	0.450	0.415	10000	4230000	0.00	0.445	0.450	0.445	--  	0.00	1.20	0.035	建筑	--  	0.450	
08215	FIRST CREDIT	0.00	1652680	0.121	0.121	20000	13960000	1.68	0.122	0.122	0.117	--  	0.00	4.13	0.000	其他金融	--  	0.121	
08423	CHI HO DEV	1.32	1609800	0.770	0.760	10000	2350000	5.48	0.720	0.770	0.650	--  	0.00	15.79	0.010	建筑	--  	0.770	
08230	中国宇天	3.64	1605250	0.570	0.550	5000	2780000	3.64	0.550	0.600	0.550	--  	0.00	9.09	0.020	建筑	--  	0.570	
08007	环球战略集团	0.88	1460951	0.114	0.113	10000	13103900	0.00	0.113	0.114	0.109	--  	0.00	4.42	0.001	一般金属	--  	0.114	
08352	成安控股	4.67	1443640	3.140	3.000	10000	474000	3.97	3.000	3.180	3.000	--  	0.00	6.00	0.140	建筑	--  	3.140	
08415	乐嘉思控股	-7.51	1439130	0.160	0.173	10000	8910000	3.23	0.180	0.181	0.151	--  	0.00	17.34	-0.013	建筑	--  	0.160	
08261	海天能源	-5.56	1435000	0.340	0.360	8000	4104000	0.00	0.365	0.365	0.340	--  	0.00	6.94	-0.020	公用事业	--  	0.340	
08062	俊盟国际	1.64	1390200	0.620	0.610	5000	2255000	0.00	0.610	0.630	0.600	--  	0.00	4.92	0.010	软件服务	--  	0.620	
08021	汇隆控股	0.00	1381050	0.025	0.025	10000	53410000	0.00	0.025	0.027	0.025	--  	0.00	8.00	0.000	建筑	--  	0.025	
08308	古兜控股	-1.18	1361440	1.680	1.700	4000	800000	-1.18	1.720	1.730	1.680	--  	0.00	2.94	-0.020	酒店及消闲	--  	1.680	
08029	太阳国际	6.15	1355950	1.380	1.300	5000	1025000	0.73	1.320	1.380	1.280	--  	0.00	7.69	0.080	农业产品	--  	1.380	
08293	星亚控股	-5.21	1322700	9.460	9.980	5000	140000	1.07	9.790	9.790	9.300	--  	0.00	4.91	-0.520	支援服务	--  	9.460	
08171	中国趋势	0.00	1185136	0.015	0.015	160000	82864000	0.00	0.015	0.015	0.014	--  	0.00	6.67	0.000	信息器材	--  	0.015	
08342	飞思达科技	-2.17	1169750	1.350	1.380	5000	875000	0.00	1.380	1.380	1.320	--  	0.44	4.35	-0.030	软件服务	--  	1.350	
08370	智升集团控股	-12.40	1163520	4.380	5.000	8000	264000	0.00	4.310	4.550	4.200	--  	0.00	7.00	-0.620	家电及用品	--  	4.380	
08460	基地锦标集团	16.48	1163260	0.205	0.176	10000	5890000	-1.44	0.176	0.213	0.176	--  	0.00	21.02	0.029	建筑	--  	0.205	
08123	华亿金控	-11.30	1101582	0.102	0.115	6000	9840000	-1.92	0.107	0.120	0.101	--  	0.00	16.52	-0.013	其他金融	--  	0.102	
08221	PF GROUP	0.67	1093860	0.151	0.150	20000	7280000	0.67	0.150	0.158	0.148	--  	0.00	6.67	0.001	其他金融	--  	0.151	
08471	新达控股	-1.39	1090300	0.355	0.360	10000	3010000	0.00	0.360	0.370	0.355	--  	0.00	4.17	-0.005	纺织服饰	--  	0.355	
08093	万星控股	1.01	1074150	2.010	1.990	5000	515000	0.00	2.040	2.300	2.000	--  	0.00	15.08	0.020	纺织服饰	--  	2.010	
08202	汇创控股	-6.93	1055400	0.215	0.231	10000	4690000	0.00	0.237	0.243	0.212	--  	0.00	13.42	-0.016	媒体及娱乐	--  	0.215	
08051	讯智海	0.36	1025965	16.600	16.540	200	62012	0.24	16.520	16.900	16.500	--  	0.00	2.42	0.060	信息器材	--  	16.600	
08465	高科桥	-1.54	1019280	3.200	3.250	2000	320000	-1.23	3.250	3.250	3.120	--  	0.00	4.00	-0.050	信息器材	--  	3.200	
08045	南大苏富特	21.68	1015608	0.275	0.226	6000	3924000	0.00	0.235	0.275	0.235	--  	0.00	17.70	0.049	软件服务	--  	0.275	
08001	东方汇财证券	-2.50	1009000	0.780	0.800	4000	1276000	0.00	0.800	0.800	0.770	--  	0.00	3.75	-0.020	其他金融	--  	0.780	
08046	恒芯中国	2.33	987972	0.044	0.043	4000	23072000	2.33	0.043	0.044	0.042	--  	0.00	4.65	0.001	媒体及娱乐	--  	0.044	
08089	华人策略控股	-2.41	955195	0.810	0.830	1800	1187900	2.53	0.820	0.820	0.780	--  	0.00	4.82	-0.020	其他金融	--  	0.810	
08191	鸿伟亚洲	-2.78	932100	0.350	0.360	6000	2664000	0.00	0.345	0.350	0.345	--  	0.00	1.39	-0.010	原材料	--  	0.350	
08307	密迪斯肌	0.00	920960	0.530	0.530	4000	1760000	-1.85	0.530	0.540	0.520	--  	0.00	3.77	0.000	医疗服务	--  	0.530	
08236	宝德科技集团	3.90	859590	3.200	3.080	1000	274000	0.00	3.000	3.280	3.000	--  	0.00	9.09	0.120	软件服务	--  	3.200	
08157	象兴国际	1.33	834400	0.380	0.375	20000	2120000	-1.30	0.380	0.410	0.380	--  	0.00	8.00	0.005	工用运输	--  	0.380	
08018	汇财金融投资	-5.38	820601	0.211	0.223	10000	3751500	-4.09	0.223	0.230	0.211	--  	0.00	8.52	-0.012	软件服务	--  	0.211	
08170	KSL HOLDINGS	-1.64	815570	1.800	1.830	1000	455000	1.12	1.750	1.850	1.750	--  	0.00	5.46	-0.030	建筑	--  	1.800	
08132	中油港燃	-1.15	813740	0.086	0.087	20000	9380000	1.18	0.083	0.088	0.083	--  	0.00	5.75	-0.001	信息器材	--  	0.086	
08360	利骏集团香港	-1.12	802500	0.176	0.178	4000	4556000	0.00	0.175	0.178	0.174	--  	0.00	2.25	-0.002	建筑	--  	0.176	
08325	中国支付通	0.00	769600	1.040	1.040	10000	750000	0.00	1.020	1.040	1.010	--  	0.00	2.88	0.000	软件服务	--  	1.040	
08163	万德金融	0.00	767018	0.083	0.083	20000	9078750	-1.19	0.084	0.085	0.081	--  	0.00	4.82	0.000	其他金融	--  	0.083	
08142	德利机械	1.33	725800	0.380	0.375	10000	1940000	0.00	0.375	0.380	0.370	--  	0.00	2.67	0.005	工业工程	--  	0.380	
08071	中彩网通控股	-0.43	720990	0.233	0.234	5000	3100000	0.00	0.234	0.235	0.230	--  	0.00	2.14	-0.001	酒店及消闲	--  	0.233	
08070	侨洋国际控股	15.00	719650	0.690	0.600	5000	1025000	0.00	0.600	0.760	0.600	--  	0.00	26.67	0.090	工业工程	--  	0.690	
08333	阿仕特朗金融	4.05	707250	0.385	0.370	5000	1820000	0.00	0.380	0.395	0.380	--  	0.00	4.05	0.015	其他金融	--  	0.385	
08085	香港生命科学	0.00	685804	0.110	0.110	4000	6344000	0.00	0.108	0.111	0.108	--  	0.00	2.73	0.000	家电及用品	--  	0.110	
08031	易通讯集团	-11.76	680900	1.050	1.190	2000	646000	0.00	1.010	1.120	1.010	--  	0.00	9.24	-0.140	支援服务	--  	1.050	
08206	神通机器人教育	5.26	669820	0.400	0.380	1000	1687000	0.00	0.400	0.405	0.395	--  	0.00	2.63	0.020	软件服务	--  	0.400	
08112	FOCUS MEDIA	0.44	662909	0.228	0.227	24000	2857200	-0.87	0.235	0.250	0.227	--  	0.00	10.13	0.001	媒体及娱乐	--  	0.228	
08299	大唐潼金	0.00	653304	0.018	0.018	12000	38136000	0.00	0.017	0.018	0.017	--  	0.00	5.56	0.000	黄金贵金属	--  	0.018	
08198	乐透互娱	-0.84	650824	0.235	0.237	4000	2772000	-0.84	0.237	0.239	0.230	--  	0.00	3.80	-0.002	酒店及消闲	--  	0.235	
08309	万成环球控股	5.13	640500	0.410	0.390	10000	1580000	0.00	0.395	0.415	0.395	--  	0.00	5.13	0.020	支援服务	--  	0.410	
08027	吉辉控股	-0.81	610915	0.123	0.124	5000	5180000	-0.81	0.124	0.124	0.111	--  	0.00	10.48	-0.001	支援服务	--  	0.123	
08291	万成金属包装	11.67	552296	2.680	2.400	5000	216553	0.00	2.480	2.680	2.420	--  	0.00	10.83	0.280	工用支援	--  	2.680	
08035	骏高控股	1.64	550950	0.310	0.305	10000	1740000	-1.59	0.310	0.325	0.310	--  	0.00	4.92	0.005	工用运输	--  	0.310	
08088	汇友科技控股	-2.17	547644	0.045	0.046	8000	12716000	0.00	0.045	0.045	0.041	--  	0.00	8.70	-0.001	其他金融	--  	0.045	
08178	中国信息科技	-0.66	545808	0.150	0.151	24000	3788000	0.67	0.146	0.150	0.141	--  	0.00	5.96	-0.001	软件服务	--  	0.150	
08050	云博产业	-2.41	536740	1.620	1.660	2000	326000	-2.41	1.660	1.680	1.580	--  	0.00	6.02	-0.040	信息器材	--  	1.620	
08148	奥柏中国	0.00	516074	0.141	0.141	20000	3678000	0.00	0.140	0.141	0.140	--  	0.00	0.71	0.000	软件服务	--  	0.141	
08272	华人饮食集团	-4.76	501520	0.020	0.021	20000	25120000	0.00	0.020	0.021	0.019	--  	0.00	9.52	-0.001	酒店及消闲	--  	0.020	
08355	超智能控股	0.00	497650	0.375	0.375	10000	1320000	0.00	0.380	0.380	0.375	--  	0.00	1.33	0.000	软件服务	--  	0.375	
08237	华星控股	-1.33	489880	0.740	0.750	2000	674000	0.00	0.730	0.740	0.720	--  	0.00	2.67	-0.010	酒店及消闲	--  	0.740	
08025	亚洲资产	-18.00	481020	0.205	0.250	2000	2150000	0.00	0.250	0.250	0.201	--  	0.00	19.60	-0.045	其他金融	--  	0.205	
08245	安悦国际控股	-1.46	476175	0.135	0.137	5000	3515000	2.27	0.140	0.142	0.130	--  	0.00	8.76	-0.002	信息器材	--  	0.135	
08037	锐康药业	4.00	461520	0.780	0.750	20000	592000	0.00	0.780	0.780	0.780	--  	0.00	0.00	0.030	医药医疗	--  	0.780	
08232	CLASSIFIED GP	1.78	459300	1.720	1.690	5000	270000	0.00	1.680	1.730	1.680	--  	0.00	2.96	0.030	酒店及消闲	--  	1.720	
08055	中国网络信息科技	-3.77	440320	0.255	0.265	8000	1664000	-1.92	0.260	0.270	0.255	--  	0.00	5.66	-0.010	软件服务	--  	0.255	
08452	富银融资股份	0.00	433020	1.270	1.270	2000	344000	0.00	1.260	1.270	1.250	--  	0.00	1.57	0.000	其他金融	--  	1.270	
08076	新利软件	16.67	414215	0.175	0.150	5000	2735000	6.06	0.150	0.179	0.141	--  	0.00	25.33	0.025	软件服务	--  	0.175	
08431	浩柏国际	2.87	403800	0.179	0.174	10000	2280000	0.00	0.174	0.181	0.174	--  	0.00	4.02	0.005	酒店及消闲	--  	0.179	
08109	麒麟集团控股	-4.55	401181	0.021	0.022	15000	19398000	5.00	0.021	0.022	0.020	--  	0.00	9.09	-0.001	软件服务	--  	0.021	
08049	吉林长龙药业	1.18	394480	1.720	1.700	4000	232000	1.18	1.700	1.720	1.700	--  	0.00	1.18	0.020	医药医疗	--  	1.720	
08312	中国瀚亚	0.00	386000	0.580	0.580	10000	650000	0.00	0.580	0.700	0.580	--  	0.00	20.69	0.000	纺织服饰	--  	0.580	
08267	蓝港互动	-1.70	383535	1.730	1.760	500	220500	-0.57	1.750	1.750	1.700	--  	0.00	2.84	-0.030	软件服务	--  	1.730	
08366	浙江联合投资	-5.97	379100	0.630	0.670	10000	590000	0.00	0.670	0.670	0.630	--  	0.00	5.97	-0.040	建筑	--  	0.630	
08116	中国幸福投资	-7.78	372840	0.083	0.090	20000	4500000	2.47	0.085	0.087	0.081	--  	0.00	6.67	-0.007	纺织服饰	--  	0.083	
08446	ITP HOLDINGS	-2.13	359400	5.960	6.090	10000	60000	-3.40	6.170	6.170	5.810	--  	0.00	5.91	-0.130	媒体及娱乐	--  	5.960	
08409	海鑫集团	-2.63	359200	0.370	0.380	10000	960000	1.37	0.385	0.385	0.365	--  	0.00	5.26	-0.010	建筑	--  	0.370	
08240	展程控股	3.85	333430	0.216	0.208	10000	1550000	-0.46	0.210	0.222	0.210	--  	0.00	5.77	0.008	农业产品	--  	0.216	
08196	建禹集团	3.30	323960	2.820	2.730	4000	116000	0.00	2.730	2.840	2.730	--  	0.00	4.03	0.090	公用事业	--  	2.820	
08238	惠陶集团	-2.08	322416	0.047	0.048	8000	6768000	0.00	0.048	0.049	0.047	--  	0.00	4.17	-0.001	媒体及娱乐	--  	0.047	
08120	国农金融投资	1.22	314120	0.083	0.082	20000	3980000	6.41	0.080	0.085	0.078	--  	0.00	8.54	0.001	综合企业	--  	0.083	
08282	智傲控股	2.79	303840	1.840	1.790	4000	168000	-0.54	1.800	1.850	1.800	--  	0.00	2.79	0.050	软件服务	--  	1.840	
08183	尚捷集团控股	-3.03	298350	0.480	0.495	5000	620000	0.00	0.470	0.490	0.470	--  	0.00	4.04	-0.015	纺织服饰	--  	0.480	
08086	ＤＸ．ＣＯＭ控股	-2.87	295076	0.237	0.244	8000	1232000	0.00	0.240	0.243	0.237	--  	0.00	2.46	-0.007	软件服务	--  	0.237	
08145	电讯首科	2.78	287980	2.220	2.160	2000	130000	0.00	2.160	2.230	2.160	--  	0.45	3.24	0.060	信息器材	--  	2.220	
08108	福泽集团	-0.86	285746	0.115	0.116	2000	2522000	0.00	0.115	0.116	0.111	--  	0.00	4.31	-0.001	支援服务	--  	0.115	
08009	华夏能源控股	-3.77	284860	0.051	0.053	20000	5500000	-1.92	0.053	0.053	0.051	--  	0.00	3.77	-0.002	其他金融	--  	0.051	
08432	太平洋酒吧	1.16	284290	0.174	0.172	10000	1630000	0.00	0.172	0.175	0.172	--  	0.00	1.74	0.002	酒店及消闲	--  	0.174	
08052	陆庆娱乐	-1.96	281130	0.100	0.102	10000	2790000	0.00	0.097	0.104	0.097	--  	0.00	6.86	-0.002	酒店及消闲	--  	0.100	
08057	麦迪森控股	-3.26	270360	1.780	1.840	4000	152000	-0.56	1.750	1.840	1.750	107000	0.00	4.89	-0.060	食物饮品	60000	1.780	
08243	大贺传媒	2.44	268075	0.420	0.410	5000	650000	0.00	0.410	0.420	0.405	--  	0.00	3.66	0.010	媒体及娱乐	--  	0.420	
08369	立基工程控股	0.00	265470	0.195	0.195	10000	1370000	0.52	0.194	0.197	0.192	--  	0.00	2.56	0.000	建筑	--  	0.195	
08152	明梁控股	-1.82	258600	0.270	0.275	10000	950000	0.00	0.270	0.280	0.270	--  	0.00	3.64	-0.005	工业工程	--  	0.270	
08229	FUTURE DATA	0.00	250500	0.410	0.410	5000	635000	0.00	0.425	0.425	0.385	--  	0.00	9.76	0.000	软件服务	--  	0.410	
08296	中国生命集团	0.00	248828	0.135	0.135	4000	1828000	0.00	0.135	0.141	0.128	--  	0.00	9.63	0.000	支援服务	--  	0.135	
08195	L&A INTL-NEW	-3.70	246884	0.052	0.054	24000	4724000	0.00	0.053	0.055	0.051	--  	0.00	7.41	-0.002	纺织服饰	--  	0.052	
08192	环球能源资源	1.37	242600	0.370	0.365	12000	676000	2.78	0.360	0.370	0.355	--  	0.00	4.11	0.005	一般金属	--  	0.370	
08153	科地农业	-1.69	239070	0.290	0.295	5000	841000	0.00	0.285	0.290	0.280	--  	0.00	3.39	-0.005	工业工程	--  	0.290	
08412	高门集团	0.41	239060	0.243	0.242	10000	990000	0.41	0.242	0.243	0.235	--  	0.00	3.31	0.001	酒店及消闲	--  	0.243	
08266	金达集团国际	-1.22	233888	0.081	0.082	16000	2880000	0.00	0.081	0.082	0.081	--  	0.00	1.22	-0.001	信息器材	--  	0.081	
08295	中植资本国际	-3.03	233600	0.320	0.330	20000	720000	0.00	0.320	0.330	0.320	--  	0.00	3.03	-0.010	其他金融	--  	0.320	
08411	K W NELSON GP	3.41	233200	0.212	0.205	10000	1100000	-0.47	0.225	0.225	0.204	--  	0.00	10.24	0.007	建筑	--  	0.212	
08225	中国医疗集团	-8.59	232620	0.117	0.128	20000	2080000	0.86	0.127	0.127	0.105	--  	0.00	17.19	-0.011	医药医疗	--  	0.117	
08246	北方新能源	4.84	231280	0.325	0.310	8000	784000	0.00	0.300	0.325	0.280	--  	0.00	14.52	0.015	工业工程	--  	0.325	
08143	华夏医疗	-0.57	222908	0.175	0.176	4000	1276000	0.57	0.176	0.176	0.169	--  	0.00	3.98	-0.001	医药医疗	--  	0.175	
08203	凯顺能源	1.30	213165	0.390	0.385	10000	553000	2.63	0.385	0.395	0.375	--  	0.00	5.19	0.005	工用支援	--  	0.390	
08160	GOLDWAY EDU	0.00	207720	0.710	0.710	12000	300000	2.90	0.690	0.710	0.690	--  	0.00	2.82	0.000	支援服务	--  	0.710	
08013	ECI TECH	0.00	205200	0.102	0.102	20000	2020000	0.99	0.106	0.115	0.101	--  	0.00	13.73	0.000	软件服务	--  	0.102	
08056	饮食概念	-3.85	202825	0.250	0.260	5000	800000	0.00	0.260	0.260	0.250	--  	0.00	3.85	-0.010	酒店及消闲	--  	0.250	
08300	皇玺餐饮集团	0.81	202640	0.125	0.124	20000	1600000	0.81	0.128	0.129	0.124	--  	0.00	4.03	0.001	酒店及消闲	--  	0.125	
08030	汇联金融服务	0.00	202000	0.900	0.900	5000	225000	0.00	0.900	0.910	0.890	--  	1.11	2.22	0.000	其他金融	--  	0.900	
08358	卓珈控股	1.89	200200	1.620	1.590	5000	125000	0.00	1.570	1.640	1.570	--  	0.00	4.40	0.030	医疗服务	--  	1.620	
08233	中国基建港口	-2.86	197880	1.020	1.050	4000	192000	0.00	1.050	1.050	1.020	--  	0.00	2.86	-0.030	工用运输	--  	1.020	
08003	世大控股	7.55	189444	0.057	0.053	2000	3448000	0.00	0.053	0.057	0.053	--  	0.00	7.55	0.004	原材料	--  	0.057	
08028	天时软件	0.00	181480	0.069	0.069	20000	2600000	0.00	0.070	0.071	0.069	--  	0.00	2.90	0.000	黄金贵金属	--  	0.069	
08220	比高集团	-3.23	177020	0.090	0.093	20000	1940000	0.00	0.091	0.095	0.090	--  	0.00	5.38	-0.003	媒体及娱乐	--  	0.090	
08126	Ｇ．Ａ．控股	0.00	176040	0.560	0.560	4000	312000	0.00	0.560	0.570	0.560	--  	0.00	1.79	0.000	汽车	--  	0.560	
08113	扬宇科技	-1.64	176000	0.600	0.610	10000	300000	0.00	0.580	0.600	0.580	--  	1.67	3.28	-0.010	工业工程	--  	0.600	
08128	中国地能	-1.80	155538	0.164	0.167	8000	940500	0.00	0.165	0.170	0.164	--  	0.00	3.59	-0.003	工业工程	--  	0.164	
08345	火岩控股	-0.20	153540	5.000	5.010	2000	30000	-0.20	5.150	5.150	5.010	--  	3.00	2.79	-0.010	软件服务	--  	5.000	
08023	邝文记	-5.00	152700	0.475	0.500	6000	324000	0.00	0.500	0.500	0.470	--  	0.00	6.00	-0.025	建筑	--  	0.475	
08181	港深联合	1.72	152568	0.177	0.174	8000	864000	0.00	0.169	0.180	0.169	--  	0.00	6.32	0.003	支援服务	--  	0.177	
08329	海王英特龙	1.32	132650	0.385	0.380	10000	350000	0.00	0.375	0.390	0.370	--  	0.00	5.26	0.005	医药医疗	--  	0.385	
08106	升华兰德	-3.61	131250	0.400	0.415	5000	330000	0.00	0.385	0.405	0.385	--  	0.00	4.82	-0.015	软件服务	--  	0.400	
08365	建泉国际控股	-6.41	127275	0.365	0.390	5000	345000	0.00	0.390	0.390	0.365	--  	0.00	6.41	-0.025	其他金融	--  	0.365	
08060	国联通信	4.29	126271	0.146	0.140	10000	891680	-2.67	0.140	0.150	0.140	--  	0.00	7.14	0.006	软件服务	--  	0.146	
08260	银合控股	0.00	123200	0.660	0.660	10000	190000	0.00	0.660	0.660	0.640	--  	0.00	3.03	0.000	支援服务	--  	0.660	
08213	新智控股	-3.66	116070	0.079	0.082	10000	1600000	0.00	0.072	0.079	0.070	--  	0.00	10.98	-0.003	酒店及消闲	--  	0.079	
08201	宝联控股	3.66	108497	0.425	0.410	20000	266800	7.59	0.410	0.425	0.385	--  	0.00	9.76	0.015	支援服务	--  	0.425	
08255	神州数字	3.64	101340	0.570	0.550	6000	180000	0.00	0.530	0.580	0.530	--  	0.00	9.09	0.020	软件服务	--  	0.570	
08256	金利通	0.00	94640	0.041	0.041	4000	2336000	0.00	0.041	0.042	0.040	--  	0.00	4.88	0.000	电讯	--  	0.041	
08125	仁德资源	-11.95	94360	1.400	1.590	4000	68000	0.00	1.390	1.400	1.380	--  	0.00	1.26	-0.190	建筑	--  	1.400	
08091	奥传思维控股	0.00	93150	0.140	0.140	10000	680000	2.94	0.140	0.140	0.136	--  	0.00	2.86	0.000	媒体及娱乐	--  	0.140	
08347	Ｆ８企业	0.00	91600	0.275	0.275	8000	336000	0.00	0.275	0.275	0.270	--  	0.00	1.82	0.000	石油天然气	--  	0.275	
08188	骏杰集团控股	0.00	87960	0.300	0.300	4000	292000	0.00	0.300	0.305	0.300	--  	0.00	1.67	0.000	建筑	--  	0.300	
08165	华普智通	-2.94	82760	0.033	0.034	10000	2505000	0.00	0.034	0.034	0.033	--  	0.00	2.94	-0.001	软件服务	--  	0.033	
08250	丝路能源	-1.45	81640	0.068	0.069	20000	1180000	0.00	0.069	0.073	0.068	--  	0.00	7.25	-0.001	煤炭	--  	0.068	
08005	裕兴科技	-1.22	75660	0.810	0.820	2000	94000	0.00	0.810	0.810	0.780	--  	0.00	3.66	-0.010	信息器材	--  	0.810	
08101	家梦控股	-1.14	72128	0.087	0.088	4000	836000	1.16	0.085	0.087	0.085	--  	0.00	2.27	-0.001	家电及用品	--  	0.087	
08218	毅高国际控股	1.31	71216	0.232	0.229	4000	308000	0.00	0.231	0.232	0.230	--  	0.00	0.87	0.003	工业工程	--  	0.232	
08075	寰亚传媒	-2.22	70436	0.220	0.225	4000	324000	-1.79	0.219	0.224	0.215	--  	0.00	4.00	-0.005	媒体及娱乐	--  	0.220	
08100	智易控股	-3.64	66584	0.530	0.550	6000	125900	0.00	0.530	0.530	0.530	--  	0.00	0.00	-0.020	软件服务	--  	0.530	
08186	同仁资源	-1.01	64720	0.098	0.099	20000	660000	0.00	0.099	0.099	0.098	--  	0.00	1.01	-0.001	原材料	--  	0.098	
08337	直通电讯	-5.17	63290	0.055	0.058	10000	1100000	-5.17	0.062	0.062	0.053	--  	0.00	15.52	-0.003	电讯	--  	0.055	
08315	冠辉集团控股	-2.86	62230	0.034	0.035	10000	1820000	0.00	0.035	0.035	0.034	--  	0.00	2.86	-0.001	支援服务	--  	0.034	
08252	泰和小贷	-1.60	55280	3.070	3.120	2000	18000	0.33	3.120	3.120	3.050	--  	0.00	2.24	-0.050	其他金融	--  	3.070	
08311	圆美光电	-3.23	54150	0.450	0.465	10000	120000	0.00	0.455	0.455	0.450	--  	0.00	1.08	-0.015	信息器材	--  	0.450	
08166	中国农业生态	2.22	52440	0.138	0.135	20000	380000	0.00	0.138	0.138	0.138	--  	0.00	0.00	0.003	工用支援	--  	0.138	
08067	东方大学城控股	0.00	50140	2.520	2.520	1000	20000	0.00	2.500	2.520	2.500	--  	0.00	0.79	0.000	支援服务	--  	2.520	
08069	纵横游控股	-1.19	49800	0.830	0.840	5000	60000	0.00	0.830	0.830	0.830	--  	0.00	0.00	-0.010	酒店及消闲	--  	0.830	
08121	超凡网络	-3.20	48450	0.121	0.125	10000	400000	4.31	0.116	0.125	0.116	--  	0.00	7.20	-0.004	媒体及娱乐	--  	0.121	
08362	运兴泰集团	0.00	47580	0.113	0.113	20000	420000	0.00	0.113	0.115	0.113	--  	0.00	1.77	0.000	农业产品	--  	0.113	
08320	沛然环保	-0.99	45680	0.200	0.202	10000	230000	0.00	0.196	0.200	0.196	--  	0.00	1.98	-0.002	支援服务	--  	0.200	
08212	誉满国际控股	-2.25	42912	0.174	0.178	8000	246400	0.00	0.176	0.176	0.172	--  	0.00	2.25	-0.004	其他金融	--  	0.174	
08155	南华资产控股	3.92	42400	0.053	0.051	8000	800000	0.00	0.053	0.053	0.053	--  	0.00	0.00	0.002	地产	--  	0.053	
08176	超人智能	1.23	41000	8.200	8.100	5000	5000	0.00	8.200	8.200	8.200	--  	0.00	0.00	0.100	医疗服务	--  	8.200	
08020	宏海控股集团	-2.27	39420	0.215	0.220	10000	180000	-1.83	0.219	0.219	0.219	--  	0.00	0.00	-0.005	工用运输	--  	0.215	
08032	非凡中国	0.00	38000	0.680	0.680	8000	56000	0.00	0.670	0.680	0.670	--  	0.00	1.47	0.000	酒店及消闲	--  	0.680	
08356	中国新华电视	-2.60	37070	0.075	0.077	10000	500000	0.00	0.074	0.075	0.074	--  	0.00	1.30	-0.002	建筑	--  	0.075	
08066	品创控股	0.62	36730	0.163	0.162	5000	240000	7.24	0.160	0.163	0.152	--  	0.00	6.79	0.001	石油天然气	--  	0.163	
08271	环球数码创意	0.00	35840	0.280	0.280	2000	128000	0.00	0.280	0.280	0.280	--  	0.00	0.00	0.000	媒体及娱乐	--  	0.280	
08131	辰罡科技	0.00	34200	0.190	0.190	10000	180000	0.00	0.190	0.190	0.190	--  	0.00	0.00	0.000	软件服务	--  	0.190	
08319	思博系统	0.00	33520	0.160	0.160	10000	210000	0.00	0.160	0.160	0.158	--  	0.00	1.25	0.000	软件服务	--  	0.160	
08098	昌利控股	-2.25	31270	0.174	0.178	10000	180000	0.00	0.173	0.174	0.173	--  	0.00	0.56	-0.004	其他金融	--  	0.174	
08270	中国煤层气	-3.70	31200	0.078	0.081	40000	400000	0.00	0.078	0.078	0.078	--  	0.00	0.00	-0.003	石油天然气	--  	0.078	
08117	中国基础能源	0.00	27000	0.900	0.900	10000	30000	0.00	0.900	0.900	0.900	--  	0.00	0.00	0.000	公用事业	--  	0.900	
08197	北斗嘉药业	-1.85	26500	0.530	0.540	10000	50000	0.00	0.530	0.530	0.530	--  	0.00	0.00	-0.010	医药医疗	--  	0.530	
08346	创新电子控股	0.00	25350	0.285	0.285	10000	90000	-3.39	0.280	0.295	0.275	--  	0.00	7.02	0.000	工业工程	--  	0.285	
08277	骏东控股	1.23	19780	0.820	0.810	2000	24000	0.00	0.830	0.830	0.820	--  	0.00	1.23	0.010	原材料	--  	0.820	
08119	即时科研	5.00	18100	0.840	0.800	10000	20000	0.00	0.970	0.970	0.840	--  	0.00	16.25	0.040	地产	--  	0.840	
08222	壹照明	0.00	17480	0.230	0.230	4000	76000	0.00	0.230	0.230	0.230	--  	0.00	0.00	0.000	家电及用品	--  	0.230	
08161	医汇集团	-2.50	17370	0.117	0.120	10000	150000	0.00	0.125	0.125	0.114	--  	0.00	9.17	-0.003	医疗服务	--  	0.117	
08316	柏荣集团控股	0.62	16200	1.620	1.610	10000	10000	0.00	1.620	1.620	1.620	--  	0.00	0.00	0.010	建筑	--  	1.620	
08150	无缝绿色	-0.79	16110	0.126	0.127	10000	130000	1.61	0.124	0.124	0.123	--  	0.00	0.79	-0.001	家电及用品	--  	0.126	
08239	首都金融控股	-1.43	15718	0.138	0.140	2000	130800	0.00	0.119	0.139	0.119	--  	0.00	14.29	-0.002	其他金融	--  	0.138	
08016	长虹佳华	4.40	13420	0.950	0.910	2000	14000	0.00	0.980	0.980	0.950	--  	0.00	3.30	0.040	信息器材	--  	0.950	
08169	环康集团	-6.84	10650	0.177	0.190	10000	60000	1.14	0.180	0.180	0.175	--  	0.00	2.63	-0.013	工业工程	--  	0.177	
08326	同景新能源	-0.49	10370	2.050	2.060	1000	5000	0.00	2.050	2.090	2.050	--  	0.00	1.94	-0.010	酒店及消闲	--  	2.050	
08006	华泰瑞银	-1.61	8799	0.245	0.249	10000	36250	0.00	0.243	0.245	0.243	--  	0.00	0.80	-0.004	媒体及娱乐	--  	0.245	
08190	康佰控股	6.25	8440	0.068	0.064	10000	130000	0.00	0.064	0.068	0.064	--  	0.00	6.25	0.004	家电及用品	--  	0.068	
08011	百田石油	0.61	8320	0.166	0.165	20000	50000	0.00	0.166	0.166	0.166	--  	0.00	0.00	0.001	石油天然气	--  	0.166	
08082	仁智国际集团	6.06	8000	0.210	0.198	5000	40000	10.53	0.190	0.210	0.190	--  	0.00	10.10	0.012	支援服务	--  	0.210	
08063	环球大通集团	4.65	7730	0.135	0.129	50000	54000	-6.90	0.145	0.145	0.145	--  	0.00	0.00	0.006	酒店及消闲	--  	0.135	
08439	新百利融资	-1.03	7640	1.920	1.940	2000	4000	0.52	1.910	1.910	1.910	--  	0.00	0.00	-0.020	其他金融	--  	1.920	
08301	明华科技	0.00	7200	0.900	0.900	8000	8000	0.00	0.900	0.900	0.900	--  	0.00	0.00	0.000	信息器材	--  	0.900	
08286	长城微光	7.89	6225	0.410	0.380	5000	15000	-1.20	0.415	0.415	0.415	--  	0.00	0.00	0.030	信息器材	--  	0.410	
08428	国茂控股	-1.95	5520	0.151	0.154	12000	36000	0.67	0.160	0.160	0.150	--  	0.00	6.49	-0.003	酒店及消闲	--  	0.151	
08361	中国育儿网络	-7.80	5200	1.300	1.410	2000	4000	0.00	1.300	1.300	1.300	--  	0.00	0.00	-0.110	软件服务	--  	1.300	
08363	SDM GROUP	3.66	5100	0.425	0.410	2000	12000	0.00	0.425	0.425	0.425	--  	0.00	0.00	0.015	支援服务	--  	0.425	
08159	辉煌科技	3.28	3150	0.630	0.610	5000	5000	0.00	0.630	0.630	0.630	--  	0.00	0.00	0.020	信息器材	--  	0.630	
08235	赛迪顾问	1.64	3100	0.310	0.305	10000	10000	0.00	0.310	0.310	0.310	--  	0.00	0.00	0.005	软件服务	--  	0.310	
08258	西北实业	1.67	3050	0.305	0.300	10000	10000	0.00	0.305	0.305	0.305	--  	0.00	0.00	0.005	工业工程	--  	0.305	
08079	易还财务投资	0.00	2720	0.720	0.720	5000	4000	0.00	--  	0.720	--  	--  	0.00	0.00	0.000	其他金融	--  	0.720	
08590	L&A INTL-OLD	0.00	2393	0.055	0.055	400	42800	0.00	0.056	0.056	0.055	--  	0.00	1.82	0.000		--  	0.055	
08407	兴证国际	-0.87	2280	1.140	1.150	2000	2000	0.00	1.140	1.140	1.140	--  	0.00	0.00	-0.010	其他金融	--  	1.140	
08249	瑞远智控	6.67	1600	0.320	0.300	5000	5000	0.00	0.320	0.320	0.320	--  	0.00	0.00	0.020	信息器材	--  	0.320	
08268	迪臣建设	-1.04	1536	0.190	0.192	8000	8000	-1.04	0.192	0.192	0.192	--  	0.00	0.00	-0.002	建筑	--  	0.190	
08405	恒智控股	-1.14	0	0.870	0.880	4000	0	0.00	--  	0.870	--  	--  	0.00	0.00	-0.010	支援服务	--  	0.870	
08353	安科系统	0.00	0	0.630	0.630	3000	0	0.00	--  	0.630	--  	--  	0.00	0.00	0.000	软件服务	--  	0.630	
08351	俊文宝石	0.00	0	0.370	0.370	20000	0	0.00	--  	0.370	--  	--  	0.00	0.00	0.000	纺织服饰	--  	0.370	
08348	滨海泰达物流	0.00	0	1.230	1.230	2000	0	0.00	--  	1.230	--  	--  	0.00	0.00	0.000	工用支援	--  	1.230	
08343	宏光照明	0.00	0	0.770	0.770	5000	0	0.00	--  	0.770	--  	--  	0.00	0.00	0.000	工业工程	--  	0.770	
08341	艾硕控股	0.00	0	2.700	2.700	5000	0	0.00	--  	2.700	--  	--  	0.00	0.00	0.000	建筑	--  	2.700	
08317	财华社集团	-1.43	0	0.690	0.700	2000	0	0.00	--  	0.690	--  	--  	0.00	0.00	-0.010	软件服务	--  	0.690	
08310	大丰港	0.00	0	0.990	0.990	10000	0	0.00	--  	0.990	--  	--  	0.00	0.00	0.000	工用运输	--  	0.990	
08306	中国有色金属	0.00	0	0.201	0.201	10000	0	0.00	--  	0.201	--  	--  	0.00	0.00	0.000	一般金属	--  	0.201	
08297	芭迪贝伊	0.00	0	0.255	0.255	5000	0	0.00	--  	0.255	--  	--  	0.00	0.00	0.000	纺织服饰	--  	0.255	
08290	亚势备份	0.00	0	0.095	0.095	10000	0	0.00	--  	0.095	--  	--  	0.00	0.00	0.000	软件服务	--  	0.095	
08281	中国金典集团	0.00	0	0.320	0.320	8000	0	0.00	--  	0.320	--  	--  	0.00	0.00	0.000	纺织服饰	--  	0.320	
08280	中国数字视频	0.00	0	1.100	1.100	2000	0	0.00	--  	1.100	--  	--  	0.00	0.00	0.000	媒体及娱乐	--  	1.100	
08273	浙江展望	0.00	0	1.430	1.430	2000	0	0.00	--  	1.430	--  	--  	0.00	0.00	0.000	汽车	--  	1.430	
08247	中生北控生物科技	0.00	0	2.180	2.180	2000	0	0.00	--  	2.180	--  	--  	0.00	0.00	0.000	医药医疗	--  	2.180	
08211	浙江永安	0.00	0	0.270	0.270	10000	0	0.00	--  	0.270	--  	--  	0.00	0.00	0.000	纺织服饰	--  	0.270	
08205	交大慧谷	0.00	0	0.380	0.380	4000	0	0.00	--  	0.380	--  	--  	0.00	0.00	0.000	信息器材	--  	0.380	
08189	泰达生物	-1.25	0	0.395	0.400	5000	0	0.00	--  	0.395	--  	--  	0.00	0.00	-0.005	原材料	--  	0.395	
08173	万亚企业控股	0.00	0	0.027	0.027	40000	0	0.00	--  	0.027	--  	--  	0.00	0.00	0.000	一般金属	--  	0.027	
08162	港银控股	0.00	0	0.360	0.360	10000	0	0.00	--  	0.360	--  	--  	0.00	0.00	0.000	黄金贵金属	--  	0.360	
08149	浩德控股	0.00	0	0.325	0.325	10000	0	0.00	--  	0.325	--  	--  	0.00	0.00	0.000	其他金融	--  	0.325	
08139	长安仁恒	0.00	0	3.500	3.500	500	0	0.00	--  	3.500	--  	--  	0.00	0.00	0.000	原材料	--  	3.500	
08135	正美丰业	1.96	0	0.520	0.510	5000	0	0.00	--  	0.520	--  	--  	0.00	0.00	0.010	汽车	--  	0.520	
08122	德莱建业	--  	0	0.000	--  	0	0	--  	--  	--  	--  	--  	0.00	--  	--  		--  	0.000	
08115	上海青浦消防	0.00	0	0.810	0.810	4000	0	0.00	--  	0.810	--  	--  	0.00	0.00	0.000	工业工程	--  	0.810	
08111	中科光电	0.00	0	0.096	0.096	5000	0	0.00	--  	0.096	--  	--  	0.00	0.00	0.000	软件服务	--  	0.096	
08103	万泰企业股份	0.00	0	1.540	1.540	20000	0	0.00	--  	1.540	--  	--  	0.00	0.00	0.000	软件服务	--  	1.540	
08092	ITE HOLDINGS	0.00	0	0.114	0.114	4000	0	0.00	--  	0.114	--  	--  	0.00	0.00	0.000	软件服务	--  	0.114	
08053	比优集团	0.00	0	0.610	0.610	20000	0	0.00	--  	0.610	--  	--  	0.00	0.00	0.000	工用支援	--  	0.610	
08048	御德国际控股	0.00	0	0.078	0.078	2000	0	0.00	--  	0.078	--  	--  	0.00	0.00	0.000	软件服务	--  	0.078	
08039	KNK HOLDINGS	-1.69	0	1.750	1.780	8000	0	0.00	--  	1.750	--  	--  	0.00	0.00	-0.030	建筑	--  	1.750	
08033	爱达利网络	0.00	0	0.290	0.290	2000	0	0.00	--  	0.290	--  	--  	0.00	0.00	0.000	软件服务	--  	0.290	
08592	罗马集团股权	--  	0	0.000	--  	0	0	--  	--  	--  	--  	--  	0.00	--  	--  		--  	0.000	
08591	罗马集团（旧）	0.00	0	0.150	0.150	5000	0	0.00	--  	0.150	--  	--  	0.00	0.00	0.000		--  	0.150	
08442	桦欣控股	-0.12	0	8.490	8.500	500	0	0.00	--  	8.490	--  	--  	0.00	0.00	-0.010	纺织服饰	--  	8.490	
08420	NEXION TECH	0.00	0	0.510	0.510	5000	0	0.00	--  	0.510	--  	--  	0.00	0.00	0.000	软件服务	--  	0.510	
数据来源:通达信
