代码	名称	涨幅%%	总金额	现价	昨收	每手	总量	涨速%%	今开	最高	最低	抛空额	股息率%%	振幅%%	涨跌	细分行业	抛空量	按盘价	
08027	吉辉控股	-26.17	60153804	0.110	0.149	5000	364900000	-4.35	0.153	0.200	0.060	--  	0.00	93.96	-0.039	支援服务	--  	0.110	
08207	中新控股	0.00	56023404	1.020	1.020	4000	55156000	0.00	1.010	1.040	1.010	155040	0.00	2.94	0.000	其他金融	152000	1.020	
08118	濠亮环球	100.0	43553324	0.600	0.300	8000	83552000	0.00	0.450	0.650	0.400	--  	0.00	83.33	0.300	家电及用品	--  	0.600	
08400	亚洲先锋娱乐	-1.61	40991032	0.305	0.310	10000	123882000	1.67	0.315	0.400	0.295	--  	0.00	33.87	-0.005	酒店及消闲	--  	0.305	
08167	中国新电信	0.00	33647832	0.199	0.199	4000	168340000	1.53	0.202	0.202	0.193	--  	0.00	4.52	0.000	信息器材	--  	0.199	
08469	盛业资本	3.13	32124682	5.610	5.440	2000	6340000	4.66	5.440	6.110	4.800	--  	0.00	24.08	0.170	其他金融	--  	5.610	
08228	国艺娱乐	7.25	28669562	0.370	0.345	20000	80732000	0.00	0.340	0.370	0.335	--  	0.00	10.14	0.025	媒体及娱乐	--  	0.370	
08392	舍图控股	1.18	24379002	1.710	1.690	10000	14325000	1.18	1.770	1.820	1.550	--  	0.00	15.98	0.020	家电及用品	--  	1.710	
08375	弘浩国际控股	3.23	22515552	0.320	0.310	10000	70280000	1.59	0.310	0.340	0.305	--  	0.00	11.29	0.010	工业工程	--  	0.320	
08059	朝威控股	0.00	19919900	0.610	0.610	5000	32685000	0.00	0.610	0.610	0.600	--  	0.00	1.64	0.000	建筑	--  	0.610	
08373	靛蓝星	46.67	19163350	0.880	0.600	5000	24745000	6.02	0.650	0.970	0.610	--  	0.00	60.00	0.280	建筑	--  	0.880	
08137	洪桥集团	3.91	18640440	1.860	1.790	2000	10088000	-1.06	1.790	1.880	1.790	5270741	0.00	5.03	0.070	工业工程	2850000	1.860	
08227	西安海天天	-2.47	16405401	5.930	6.080	4000	2724000	0.34	6.080	6.150	5.910	--  	0.00	3.95	-0.150	信息器材	--  	5.930	
08291	万成金属包装	5.82	15993101	4.000	3.780	5000	4205000	3.09	3.790	4.000	3.590	--  	0.00	10.85	0.220	工用支援	--  	4.000	
08102	利宝阁集团	13.11	14864101	0.690	0.610	10000	22510000	1.47	0.620	0.690	0.610	--  	0.00	13.11	0.080	酒店及消闲	--  	0.690	
08416	HM INTL HLDGS	54.32	14307601	1.250	0.810	5000	13090000	6.84	0.820	1.280	0.820	--  	0.00	56.79	0.440	工用支援	--  	1.250	
08455	礼建德集团	4.00	13685261	1.820	1.750	10000	7395000	0.55	1.800	1.980	1.800	--  	0.00	10.29	0.070	建筑	--  	1.820	
08352	成安控股	4.55	13652301	0.460	0.440	10000	32710000	2.22	0.450	0.490	0.375	--  	0.00	26.14	0.020	建筑	--  	0.460	
08308	古兜控股	1.61	12957961	1.890	1.860	4000	6916000	-0.53	1.840	1.960	1.830	--  	0.00	6.99	0.030	酒店及消闲	--  	1.890	
08413	亚洲杂货	6.76	12532431	0.790	0.740	10000	15128500	-2.47	0.710	0.890	0.710	--  	0.00	24.32	0.050	食物饮品	--  	0.790	
08376	方圆房服集团	-5.95	10693481	0.790	0.840	4000	13040000	0.00	0.830	0.870	0.770	--  	0.00	11.90	-0.050	地产	--  	0.790	
08491	COOL LINK	30.26	9050375	0.495	0.380	5000	19835000	-1.00	0.390	0.520	0.365	--  	0.00	40.79	0.115	食物饮品	--  	0.495	
08133	铸能控股	0.00	7918501	0.290	0.290	20000	26000000	-1.69	0.290	0.320	0.280	--  	0.00	13.79	0.000	工业工程	--  	0.290	
08123	华亿金控	4.76	7308883	0.110	0.105	6000	67584800	0.00	0.105	0.114	0.103	--  	0.00	10.48	0.005	其他金融	--  	0.110	
08463	TOMO HOLDINGS	12.00	6818481	1.400	1.250	4000	4824000	0.72	1.250	1.510	1.190	--  	0.00	25.60	0.150	汽车	--  	1.400	
08427	瑞强集团	38.33	6554441	0.415	0.300	8000	17392000	0.00	0.300	0.435	0.295	--  	0.00	46.67	0.115	建筑	--  	0.415	
08292	盛良物流	0.00	6548701	2.310	2.310	10000	2870000	0.00	2.280	2.310	2.250	--  	0.00	2.60	0.000	工用运输	--  	2.310	
08225	中国医疗集团	68.92	6237421	0.250	0.148	20000	26000000	3.31	0.158	0.280	0.158	--  	0.00	82.43	0.102	医药医疗	--  	0.250	
08331	飞尚非金属	8.00	6229501	1.620	1.500	10000	4140000	8.72	1.520	1.650	1.450	--  	0.00	13.33	0.120	一般金属	--  	1.620	
08226	树熊金融集团	-3.08	5917421	0.315	0.325	4000	18728000	1.61	0.330	0.330	0.310	--  	0.00	6.15	-0.010	农业产品	--  	0.315	
08462	桥英控股	-1.12	5701801	0.880	0.890	5000	6385000	0.00	0.910	0.920	0.860	--  	0.00	6.74	-0.010	支援服务	--  	0.880	
08138	同仁堂国药	1.09	5484441	11.140	11.020	1000	499000	0.18	11.160	11.160	10.920	110960	0.00	2.18	0.120	医药医疗	10000	11.140	
08217	联旺集团	1.28	5305101	0.395	0.390	10000	13440000	0.00	0.390	0.420	0.385	--  	0.00	8.97	0.005	建筑	--  	0.395	
08090	中国融保金融集团	-0.98	5074100	1.010	1.020	2000	5070000	0.00	1.020	1.020	0.980	--  	0.00	3.92	-0.010	其他金融	--  	1.010	
08073	兴业新材料	1.69	4973934	1.200	1.180	4000	4180011	0.84	1.190	1.230	1.170	--  	0.00	5.08	0.020	工业工程	--  	1.200	
08008	新意网集团	-0.50	4879563	5.940	5.970	1000	824231	0.00	5.910	5.970	5.900	65330	0.00	1.17	-0.030	软件服务	11000	5.940	
08368	中国创意控股	-13.56	4789510	0.255	0.295	1000	18903000	0.00	0.290	0.290	0.242	--  	0.00	16.27	-0.040	媒体及娱乐	--  	0.255	
08022	永耀集团控股	-2.86	4633830	0.680	0.700	3000	6798000	-1.45	0.690	0.690	0.680	--  	0.00	1.43	-0.020	酒店及消闲	--  	0.680	
08023	邝文记	14.81	4075800	0.620	0.540	6000	6702000	1.64	0.540	0.700	0.540	--  	0.00	29.63	0.080	建筑	--  	0.620	
08410	安领国际	-0.59	3729300	1.690	1.700	10000	2190000	0.00	1.700	1.740	1.650	--  	0.00	5.29	-0.010	软件服务	--  	1.690	
08417	大地教育	1.98	3710900	1.030	1.010	10000	3620000	0.00	1.000	1.050	1.000	--  	0.00	4.95	0.020	支援服务	--  	1.030	
08009	华夏能源控股	12.00	3646807	0.056	0.050	20000	67863000	0.00	0.049	0.056	0.049	--  	0.00	14.00	0.006	其他金融	--  	0.056	
08457	健升物流中国	-9.31	3459240	0.224	0.247	10000	15130000	0.45	0.247	0.248	0.214	--  	0.00	13.77	-0.023	工用支援	--  	0.224	
08269	富誉控股	-5.52	3405340	0.171	0.181	10000	19750000	-0.58	0.174	0.180	0.166	--  	0.00	7.73	-0.010	农业产品	--  	0.171	
08257	靖洋集团	-2.75	3379900	1.060	1.090	10000	3250000	2.91	1.090	1.090	1.000	--  	0.00	8.26	-0.030	半导体	--  	1.060	
08046	恒芯中国	-5.26	3351760	0.036	0.038	4000	93408000	0.00	0.039	0.039	0.034	--  	0.00	13.16	-0.002	媒体及娱乐	--  	0.036	
08436	德宝集团控股	-5.66	3134950	0.500	0.530	5000	6585000	0.00	0.510	0.510	0.450	--  	0.00	11.32	-0.030	纺织服饰	--  	0.500	
08328	信义香港	0.56	3134305	1.810	1.800	4000	1731500	0.00	1.800	1.820	1.800	--  	0.00	1.11	0.010		--  	1.810	
08437	德斯控股	-10.53	2975040	0.510	0.570	8000	5752000	-1.92	0.550	0.550	0.500	--  	0.00	8.77	-0.060	医疗服务	--  	0.510	
08383	东骏控股	5.66	2783680	0.560	0.530	8000	5256000	-1.75	0.520	0.580	0.475	--  	0.00	19.81	0.030	工用支援	--  	0.560	
08182	中国糖果	-2.78	2725400	0.140	0.144	10000	19380000	0.00	0.144	0.145	0.139	--  	0.00	4.17	-0.004	食物饮品	--  	0.140	
08039	KNK HOLDINGS	0.56	2692560	1.800	1.790	8000	1496000	0.00	1.800	1.810	1.790	--  	0.00	1.12	0.010	建筑	--  	1.800	
08158	中国再生医学	-3.03	2654205	0.192	0.198	5000	13875000	-0.52	0.198	0.198	0.189	172510	0.00	4.55	-0.006	医药医疗	900000	0.192	
08175	中国数码文化	1.05	2592575	0.480	0.475	10000	5435000	0.00	0.480	0.480	0.465	--  	0.00	3.16	0.005	酒店及消闲	--  	0.480	
08250	丝路能源	1.92	2571500	0.053	0.052	20000	48460000	0.00	0.052	0.058	0.051	--  	0.00	13.46	0.001	煤炭	--  	0.053	
08426	雅居投资控股	-5.04	2538770	0.226	0.238	10000	11180000	0.00	0.238	0.240	0.220	--  	0.00	8.40	-0.012	地产	--  	0.226	
08187	永骏国际控股	2.75	2497800	1.870	1.820	5000	1340000	0.54	1.820	1.950	1.740	--  	0.00	11.54	0.050	纺织服饰	--  	1.870	
08465	高科桥	-1.13	2485560	3.500	3.540	2000	708000	-0.57	3.660	3.700	3.440	--  	0.00	7.34	-0.040	信息器材	--  	3.500	
08130	智城控股	0.00	2448000	0.200	0.200	20000	12000000	0.00	--  	0.200	--  	--  	0.00	0.00	0.000	媒体及娱乐	--  	0.200	
08245	安悦国际控股	-0.74	2421975	0.134	0.135	5000	17865000	-1.47	0.135	0.145	0.131	--  	0.00	10.37	-0.001	信息器材	--  	0.134	
08321	泰锦控股	-6.02	2347250	0.390	0.415	10000	6010000	0.00	0.410	0.410	0.380	--  	0.00	7.23	-0.025	建筑	--  	0.390	
08112	FOCUS MEDIA	-8.24	2340490	0.167	0.182	24000	13675200	1.83	0.183	0.191	0.160	--  	0.00	17.03	-0.015	媒体及娱乐	--  	0.167	
08215	FIRST CREDIT	-5.31	2299955	0.107	0.113	20000	21715000	1.90	0.111	0.113	0.100	--  	0.00	11.50	-0.006	其他金融	--  	0.107	
08157	象兴国际	-2.63	2227000	0.370	0.380	20000	6100000	2.78	0.385	0.385	0.360	--  	0.00	6.58	-0.010	工用运输	--  	0.370	
08470	莹岚集团	1.52	2181890	0.670	0.660	8000	3421500	0.00	0.660	0.690	0.600	--  	0.00	13.64	0.010	建筑	--  	0.670	
08129	云信投资控股	35.29	2125600	0.069	0.051	20000	31560000	-1.43	0.053	0.077	0.050	--  	0.00	52.94	0.018	软件服务	--  	0.069	
08265	中国之信集团	0.65	2094280	3.100	3.080	4000	676000	-0.32	3.080	3.110	3.080	--  	0.00	0.97	0.020	工用支援	--  	3.100	
08340	域高金融	-2.25	1994700	0.870	0.890	10000	2300000	1.16	0.890	0.890	0.830	--  	0.34	6.74	-0.020	其他金融	--  	0.870	
08083	中国创新支付	1.25	1991000	0.405	0.400	4000	4980000	1.25	0.405	0.410	0.395	88220	0.00	3.75	0.005	软件服务	220000	0.405	
08231	节能元件	-5.67	1961780	0.183	0.194	10000	11020000	0.00	0.198	0.198	0.165	--  	0.00	17.01	-0.011	半导体	--  	0.183	
08472	立高控股	10.14	1900700	0.760	0.690	5000	2615000	4.11	0.710	0.770	0.680	--  	0.00	13.04	0.070	支援服务	--  	0.760	
08452	富银融资股份	1.57	1875260	1.290	1.270	2000	1474000	0.78	1.280	1.300	1.270	--  	0.00	2.36	0.020	其他金融	--  	1.290	
08275	永勤集团控股	0.00	1845100	0.830	0.830	10000	2260000	0.00	0.820	0.830	0.800	--  	0.00	3.61	0.000	建筑	--  	0.830	
08423	CHI HO DEV	-9.68	1776600	0.560	0.620	10000	2850000	-3.45	0.690	0.720	0.550	--  	0.00	27.42	-0.060	建筑	--  	0.560	
08041	荟萃国际（控股）	-0.74	1651120	0.134	0.135	20000	12360000	-0.74	0.134	0.140	0.126	--  	0.00	10.37	-0.001	纺织服饰	--  	0.134	
08359	HYPEBEAST	6.78	1570300	0.315	0.295	20000	4980000	0.00	0.310	0.325	0.305	--  	0.00	6.78	0.020	媒体及娱乐	--  	0.315	
08166	中国农业生态	-8.73	1562040	0.115	0.126	20000	13560000	0.00	0.113	0.122	0.109	--  	0.00	10.32	-0.011	工用支援	--  	0.115	
08078	ＨＭＶ数码中国	0.00	1543028	0.248	0.248	20000	6242560	0.81	0.247	0.249	0.246	--  	0.00	1.21	0.000	媒体及娱乐	--  	0.248	
08409	海鑫集团	8.51	1506250	0.510	0.470	10000	3070000	2.00	0.455	0.570	0.440	--  	0.00	27.66	0.040	建筑	--  	0.510	
08181	港深联合	2.16	1505040	0.189	0.185	8000	8176000	-0.53	0.185	0.190	0.182	--  	0.00	4.32	0.004	支援服务	--  	0.189	
08260	银合控股	2.90	1503400	0.710	0.690	10000	2150000	0.00	0.720	0.730	0.680	--  	0.00	7.25	0.020	支援服务	--  	0.710	
08156	众彩股份	-1.19	1425900	0.830	0.840	5000	1735000	1.22	0.840	0.840	0.810	--  	0.00	3.57	-0.010	酒店及消闲	--  	0.830	
08370	智升集团控股	-5.45	1355200	5.200	5.500	8000	280000	4.00	5.500	5.500	4.540	--  	0.00	17.45	-0.300	家电及用品	--  	5.200	
08095	北大青鸟环宇	1.52	1322420	2.000	1.970	1000	670000	0.50	1.970	2.000	1.950	--  	0.00	2.54	0.030	软件服务	--  	2.000	
08315	冠辉集团控股	-2.86	1272650	0.034	0.035	10000	37820000	0.00	0.034	0.034	0.033	--  	0.00	2.86	-0.001	支援服务	--  	0.034	
08065	高萌科技	0.00	1236200	0.600	0.600	5000	2065000	0.00	0.590	0.610	0.590	--  	0.00	3.33	0.000	软件服务	--  	0.600	
08049	吉林长龙药业	-2.94	1234760	1.650	1.700	4000	736000	0.00	1.690	1.710	1.600	--  	0.00	6.47	-0.050	医药医疗	--  	1.650	
08170	KSL HOLDINGS	0.50	1211450	2.010	2.000	1000	579000	-3.83	2.000	2.100	2.000	--  	0.00	5.00	0.010	建筑	--  	2.010	
08081	互娱中国	0.00	1205110	0.038	0.038	10000	31777200	0.00	0.038	0.039	0.037	--  	0.00	5.26	0.000	医疗服务	--  	0.038	
08309	万成环球控股	5.68	1202400	0.465	0.440	10000	2610000	0.00	0.440	0.470	0.440	--  	0.00	6.82	0.025	支援服务	--  	0.465	
08261	海天能源	-2.74	1198320	0.355	0.365	8000	3392000	-1.39	0.360	0.365	0.345	--  	0.00	5.48	-0.010	公用事业	--  	0.355	
08307	密迪斯肌	1.89	1147840	0.540	0.530	4000	2068000	0.00	0.540	0.560	0.540	--  	0.00	3.77	0.010	医疗服务	--  	0.540	
08077	昆仑国际金融	6.85	1105400	0.780	0.730	5000	1450000	1.30	0.720	0.780	0.720	--  	0.00	8.22	0.050	其他金融	--  	0.780	
08476	大洋环球控股	-2.35	1084360	0.830	0.850	2000	1288000	0.00	0.840	0.860	0.810	--  	0.00	5.88	-0.020	食物饮品	--  	0.830	
08415	乐嘉思控股	6.82	1071880	0.188	0.176	10000	5710000	3.30	0.185	0.201	0.177	--  	0.00	13.64	0.012	建筑	--  	0.188	
08021	汇隆控股	0.00	1069160	0.025	0.025	10000	43230000	0.00	0.025	0.025	0.024	--  	0.00	4.00	0.000	建筑	--  	0.025	
08062	俊盟国际	0.00	1042000	0.590	0.590	5000	1805000	3.51	0.600	0.600	0.560	--  	0.00	6.78	0.000	软件服务	--  	0.590	
08282	智傲控股	2.15	1024680	1.900	1.860	4000	568000	7.95	1.850	1.900	1.730	--  	0.00	9.14	0.040	软件服务	--  	1.900	
08001	东方汇财证券	0.00	1023960	0.730	0.730	4000	1404000	0.00	0.700	0.730	0.700	--  	0.00	4.11	0.000	其他金融	--  	0.730	
08430	春能控股	-5.48	1019125	0.345	0.365	5000	2895000	-5.48	0.365	0.365	0.340	--  	0.00	6.85	-0.020	工用运输	--  	0.345	
08071	中彩网通控股	0.00	998590	0.238	0.238	5000	4175000	0.00	0.238	0.246	0.236	--  	0.00	4.20	0.000	酒店及消闲	--  	0.238	
08120	国农金融投资	-2.44	960790	0.080	0.082	20000	11940000	0.00	0.080	0.084	0.079	--  	0.00	6.10	-0.002	综合企业	--  	0.080	
08047	中国海洋捕捞	-1.56	937280	0.630	0.640	4000	1492000	0.00	0.640	0.640	0.620	--  	0.00	3.13	-0.010	工用支援	--  	0.630	
08172	拉近网娱	-3.49	910700	0.415	0.430	20000	2180000	2.47	0.420	0.435	0.405	--  	0.00	6.98	-0.015	媒体及娱乐	--  	0.415	
08460	基地锦标集团	-6.67	903680	0.238	0.255	10000	3760000	0.00	0.248	0.250	0.235	--  	0.00	5.88	-0.017	建筑	--  	0.238	
08178	中国信息科技	-1.91	902280	0.154	0.157	24000	5760000	-0.65	0.160	0.160	0.153	--  	0.00	4.46	-0.003	软件服务	--  	0.154	
08200	修身堂	-3.45	851960	0.056	0.058	40000	15080000	-1.75	0.057	0.057	0.056	--  	0.00	1.72	-0.002	医疗服务	--  	0.056	
08445	怡康泰工程集团	-2.04	850000	0.480	0.490	10000	1770000	0.00	0.485	0.490	0.475	--  	0.00	3.06	-0.010	建筑	--  	0.480	
08148	奥柏中国	0.72	809840	0.139	0.138	20000	5860000	0.00	0.138	0.139	0.137	--  	0.00	1.45	0.001	软件服务	--  	0.139	
08086	ＤＸ．ＣＯＭ控股	-3.43	808152	0.225	0.233	8000	3574000	0.00	0.228	0.228	0.224	--  	0.00	1.72	-0.008	软件服务	--  	0.225	
08163	万德金融	-1.19	780278	0.083	0.084	20000	9287500	-2.35	0.086	0.086	0.082	--  	0.00	4.76	-0.001	其他金融	--  	0.083	
08481	盛龙锦秀国际	-4.90	775000	0.485	0.510	5000	1620000	1.04	0.500	0.500	0.470	--  	0.00	5.88	-0.025	工用支援	--  	0.485	
08147	汇思太平洋	-0.61	773524	0.164	0.165	4000	4780000	0.00	0.165	0.165	0.161	--  	0.00	2.42	-0.001	电讯	--  	0.164	
08026	长达健康	2.99	771135	0.345	0.335	1000	2256000	0.00	0.335	0.345	0.330	--  	0.00	4.48	0.010	医药医疗	--  	0.345	
08325	中国支付通	-1.06	757600	0.930	0.940	10000	800000	-1.06	0.960	0.960	0.930	--  	0.00	3.19	-0.010	软件服务	--  	0.930	
08089	华人策略控股	-1.16	748366	0.850	0.860	1800	894800	1.19	0.850	0.860	0.830	--  	0.00	3.49	-0.010	其他金融	--  	0.850	
08195	L&A INTL HOLD	3.85	741716	0.054	0.052	24000	13536400	0.00	0.051	0.058	0.051	--  	0.00	13.46	0.002	纺织服饰	--  	0.054	
08300	皇玺餐饮集团	4.96	720940	0.127	0.121	20000	5620000	0.00	0.125	0.133	0.124	--  	0.00	7.44	0.006	酒店及消闲	--  	0.127	
08480	飞霓控股	6.49	717160	0.410	0.385	4000	1752000	1.23	0.395	0.440	0.390	--  	0.00	12.99	0.025	纺织服饰	--  	0.410	
08279	亚博科技控股	0.78	705960	1.300	1.290	4000	552000	0.78	1.280	1.300	1.270	56480	0.00	2.33	0.010	酒店及消闲	44000	1.300	
08085	香港生命科学	2.80	692832	0.110	0.107	4000	6392000	0.00	0.108	0.110	0.107	--  	0.00	2.80	0.003	家电及用品	--  	0.110	
08101	家梦控股	1.10	667188	0.092	0.091	4000	7096000	-1.08	0.091	0.095	0.089	--  	0.00	6.59	0.001	家电及用品	--  	0.092	
08351	俊文宝石	10.29	662940	0.375	0.340	20000	1942000	2.74	0.320	0.375	0.320	--  	0.00	16.18	0.035	纺织服饰	--  	0.375	
08007	环球战略集团	0.00	650205	0.114	0.114	10000	5713320	0.00	0.114	0.115	0.112	--  	0.00	2.63	0.000	一般金属	--  	0.114	
08176	超人智能	0.00	648500	8.200	8.200	5000	80000	0.00	8.050	8.200	8.050	--  	0.00	1.83	0.000	医疗服务	--  	8.200	
08029	太阳国际	-2.36	639850	1.240	1.270	5000	500000	0.00	1.280	1.320	1.240	--  	0.00	6.30	-0.030	农业产品	--  	1.240	
08243	大贺传媒	3.70	637125	0.420	0.405	5000	1585000	-1.18	0.400	0.425	0.395	--  	0.00	7.41	0.015	媒体及娱乐	--  	0.420	
08446	ITP HOLDINGS	0.17	630200	5.800	5.790	10000	110000	0.00	5.790	5.880	5.590	--  	0.00	5.01	0.010	媒体及娱乐	--  	5.800	
08150	无缝绿色	14.29	626151	0.160	0.140	10000	4289411	5.96	0.140	0.160	0.140	--  	0.00	14.29	0.020	家电及用品	--  	0.160	
08278	CMON	-2.51	601030	0.233	0.239	10000	2540000	0.00	0.238	0.240	0.232	--  	0.00	3.35	-0.006	家电及用品	--  	0.233	
08193	汉华专业服务	-1.56	560250	0.063	0.064	5000	8850000	0.00	0.063	0.065	0.062	--  	0.00	4.69	-0.001	其他金融	--  	0.063	
08283	正力控股	1.23	528500	0.820	0.810	5000	655000	0.00	0.840	0.840	0.780	--  	0.00	7.41	0.010	支援服务	--  	0.820	
08072	罗马集团（新）	-2.70	510323	0.144	0.148	20000	3640312	4.35	0.145	0.145	0.137	--  	0.00	5.41	-0.004	其他金融	--  	0.144	
08179	新煮意控股	1.69	507061	0.300	0.295	12000	1714151	1.69	0.295	0.300	0.290	--  	0.00	3.39	0.005	酒店及消闲	--  	0.300	
08266	金达集团国际	0.00	502692	0.082	0.082	16000	6156000	0.00	0.082	0.082	0.081	--  	0.00	1.22	0.000	信息器材	--  	0.082	
08018	汇财金融投资	-2.42	498060	0.202	0.207	10000	2440000	-0.49	0.207	0.207	0.202	--  	0.00	2.42	-0.005	软件服务	--  	0.202	
08087	中国三三传媒	2.63	490640	0.039	0.038	20000	12440000	-2.50	0.036	0.042	0.036	--  	0.00	15.79	0.001	媒体及娱乐	--  	0.039	
08425	兴铭控股	0.00	479880	1.250	1.250	4000	392000	0.00	1.250	1.260	1.200	--  	0.00	4.80	0.000	建筑	--  	1.250	
08272	华人饮食集团	-4.76	478904	0.020	0.021	20000	24220250	0.00	0.020	0.020	0.019	--  	0.00	4.76	-0.001	酒店及消闲	--  	0.020	
08353	安科系统	-2.67	477240	0.730	0.750	3000	642000	0.00	0.800	0.800	0.700	--  	0.00	13.33	-0.020	软件服务	--  	0.730	
08267	蓝港互动	-1.80	476175	1.640	1.670	500	293500	-0.61	1.630	1.650	1.560	--  	0.00	5.39	-0.030	软件服务	--  	1.640	
08347	Ｆ８企业	0.00	472280	0.280	0.280	8000	1664000	0.00	0.285	0.290	0.280	--  	0.00	3.57	0.000	石油天然气	--  	0.280	
08246	北方新能源	-1.56	452600	0.315	0.320	8000	1496000	0.00	0.295	0.315	0.295	--  	0.00	6.25	-0.005	工业工程	--  	0.315	
08242	宏创高科	-2.67	444300	0.146	0.150	10000	3040000	-0.68	0.151	0.151	0.140	--  	0.00	7.33	-0.004	半导体	--  	0.146	
08160	GOLDWAY EDU	-7.46	440160	0.620	0.670	12000	684000	0.00	0.670	0.680	0.610	--  	0.00	10.45	-0.050	支援服务	--  	0.620	
08431	浩柏国际	2.21	435270	0.185	0.181	10000	2400000	-0.54	0.181	0.186	0.177	--  	0.00	4.97	0.004	酒店及消闲	--  	0.185	
08299	大唐潼金	5.88	403848	0.018	0.017	12000	23712000	5.88	0.017	0.018	0.016	--  	0.00	11.76	0.001	黄金贵金属	--  	0.018	
08171	中国趋势	0.00	403200	0.013	0.013	160000	29120000	0.00	0.014	0.014	0.013	--  	0.00	7.69	0.000	信息器材	--  	0.013	
08196	建禹集团	1.72	401440	2.960	2.910	4000	136000	0.00	2.910	3.020	2.910	--  	0.00	3.78	0.050	公用事业	--  	2.960	
08055	中国网络信息科技	1.96	391120	0.260	0.255	8000	1544000	1.96	0.250	0.260	0.250	--  	0.00	3.92	0.005	软件服务	--  	0.260	
08232	CLASSIFIED GP	-7.73	377650	1.670	1.810	5000	230000	5.70	1.600	1.740	1.570	--  	0.00	9.39	-0.140	酒店及消闲	--  	1.670	
08052	陆庆娱乐	-4.04	354180	0.095	0.099	10000	3750000	0.00	0.091	0.099	0.090	--  	0.00	9.09	-0.004	酒店及消闲	--  	0.095	
08342	飞思达科技	-1.59	346250	1.240	1.260	5000	280000	0.81	1.250	1.280	1.220	--  	0.00	4.76	-0.020	软件服务	--  	1.240	
08202	汇创控股	0.00	342510	0.220	0.220	10000	1580000	0.00	0.207	0.227	0.205	--  	0.00	10.00	0.000	媒体及娱乐	--  	0.220	
08165	华普智通	9.09	341050	0.036	0.033	10000	9100000	0.00	0.035	0.043	0.035	--  	0.00	24.24	0.003	软件服务	--  	0.036	
08329	海王英特龙	3.90	324300	0.400	0.385	10000	810000	0.00	0.410	0.410	0.400	--  	0.00	2.60	0.015	医药医疗	--  	0.400	
08240	展程控股	-1.38	291310	0.215	0.218	10000	1340000	0.00	0.217	0.222	0.213	--  	0.00	4.13	-0.003	农业产品	--  	0.215	
08011	百田石油	0.56	291253	0.180	0.179	20000	1621000	0.00	0.180	0.180	0.178	--  	0.00	1.12	0.001	石油天然气	--  	0.180	
08199	中国万桐园	1.72	286500	0.295	0.290	10000	970000	0.00	0.285	0.305	0.285	--  	0.00	6.90	0.005	支援服务	--  	0.295	
08109	麒麟集团控股	5.00	277455	0.021	0.020	15000	13612000	5.00	0.021	0.021	0.020	--  	0.00	5.00	0.001	软件服务	--  	0.021	
08360	利骏集团香港	0.00	271696	0.176	0.176	4000	1540000	0.00	0.177	0.177	0.174	--  	0.00	1.70	0.000	建筑	--  	0.176	
08013	ECI TECH	-4.08	266740	0.094	0.098	20000	2820000	0.00	0.098	0.098	0.094	--  	0.00	4.08	-0.004	软件服务	--  	0.094	
08132	中油港燃	-5.75	266560	0.082	0.087	20000	3300000	0.00	0.085	0.085	0.076	--  	0.00	10.34	-0.005	信息器材	--  	0.082	
08238	惠陶集团	2.17	265104	0.047	0.046	8000	5736000	0.00	0.046	0.047	0.046	--  	0.00	2.17	0.001	媒体及娱乐	--  	0.047	
08293	星亚控股	2.30	265000	8.900	8.700	5000	30000	0.00	8.700	8.900	8.700	--  	0.00	2.30	0.200	支援服务	--  	8.900	
08032	非凡中国	1.54	247086	0.660	0.650	8000	380267	1.54	0.650	0.660	0.650	--  	0.00	1.54	0.010	酒店及消闲	--  	0.660	
08153	科地农业	-1.72	242325	0.285	0.290	5000	870000	1.79	0.285	0.285	0.275	--  	0.00	3.45	-0.005	工业工程	--  	0.285	
08108	福泽集团	-2.56	225540	0.114	0.117	2000	1996000	0.00	0.113	0.115	0.112	--  	0.00	2.56	-0.003	支援服务	--  	0.114	
08192	环球能源资源	0.00	224700	0.365	0.365	12000	624000	1.39	0.360	0.365	0.360	--  	0.00	1.37	0.000	一般金属	--  	0.365	
08019	皓文控股	-7.20	224011	0.116	0.125	20000	1929000	3.57	0.125	0.126	0.106	--  	0.00	16.00	-0.009	工业工程	--  	0.116	
08420	NEXION TECH	-1.85	219950	0.530	0.540	5000	415000	0.00	0.530	0.530	0.530	--  	0.00	0.00	-0.010	软件服务	--  	0.530	
08128	中国地能	-5.48	215744	0.138	0.146	8000	1520000	-2.13	0.146	0.146	0.135	--  	0.00	7.53	-0.008	工业工程	--  	0.138	
08221	PF GROUP	-2.61	211960	0.149	0.153	20000	1420000	0.00	0.153	0.153	0.148	--  	0.00	3.27	-0.004	其他金融	--  	0.149	
08152	明梁控股	3.77	208550	0.275	0.265	10000	770000	0.00	0.270	0.275	0.265	--  	0.00	3.77	0.010	工业工程	--  	0.275	
08088	汇友科技控股	2.38	208304	0.043	0.042	8000	5008000	2.38	0.042	0.043	0.041	--  	0.00	4.76	0.001	其他金融	--  	0.043	
08050	云博产业	-4.37	207380	1.530	1.600	2000	136000	0.00	1.500	1.590	1.500	--  	0.00	5.62	-0.070	信息器材	--  	1.530	
08037	锐康药业	0.00	202800	0.800	0.800	20000	255000	0.00	0.800	0.800	0.800	--  	0.00	0.00	0.000	医药医疗	--  	0.800	
08142	德利机械	0.00	201800	0.370	0.370	10000	540000	0.00	0.370	0.375	0.370	--  	0.00	1.35	0.000	工业工程	--  	0.370	
08355	超智能控股	0.00	198900	0.375	0.375	10000	530000	0.00	0.370	0.380	0.370	--  	0.00	2.67	0.000	软件服务	--  	0.375	
08005	裕兴科技	-2.50	196560	0.780	0.800	2000	258000	-2.50	0.760	0.800	0.740	--  	0.00	7.50	-0.020	信息器材	--  	0.780	
08369	立基工程控股	1.04	196310	0.194	0.192	10000	1020000	0.00	0.192	0.194	0.192	--  	0.00	1.04	0.002	建筑	--  	0.194	
08080	北亚策略	0.00	189137	0.143	0.143	8000	1335400	2.14	0.141	0.145	0.140	--  	0.00	3.50	0.000	工业工程	--  	0.143	
08035	骏高控股	0.00	176400	0.300	0.300	10000	580000	1.69	0.310	0.310	0.295	--  	0.00	5.00	0.000	工用运输	--  	0.300	
08057	麦迪森控股	1.10	174920	1.830	1.810	4000	96000	0.55	1.810	1.830	1.810	--  	0.00	1.10	0.020	食物饮品	--  	1.830	
08319	思博系统	0.00	164810	0.168	0.168	10000	970000	0.00	0.167	0.175	0.167	--  	0.00	4.76	0.000	软件服务	--  	0.168	
08432	太平洋酒吧	0.60	163910	0.169	0.168	10000	970000	0.00	0.167	0.171	0.167	--  	0.00	2.38	0.001	酒店及消闲	--  	0.169	
08348	滨海泰达物流	-7.81	160480	1.180	1.280	2000	136000	0.00	1.180	1.180	1.180	--  	0.00	0.00	-0.100	工用支援	--  	1.180	
08346	创新电子控股	3.28	153750	0.315	0.305	10000	500000	0.00	0.300	0.315	0.295	--  	0.00	6.56	0.010	工业工程	--  	0.315	
08301	明华科技	0.00	151680	0.860	0.860	8000	176000	0.00	0.860	0.870	0.860	--  	0.00	1.16	0.000	信息器材	--  	0.860	
08053	比优集团	1.59	150000	0.640	0.630	20000	240000	0.00	0.610	0.640	0.610	--  	0.00	4.76	0.010	工用支援	--  	0.640	
08326	同景新能源	0.99	145200	2.040	2.020	1000	72000	0.00	2.030	2.050	1.960	--  	0.00	4.46	0.020	酒店及消闲	--  	2.040	
08030	汇联金融服务	0.00	143700	0.900	0.900	5000	160000	0.00	0.900	0.900	0.890	--  	1.11	1.11	0.000	其他金融	--  	0.900	
08116	中国幸福投资	0.00	142820	0.077	0.077	20000	1820000	0.00	0.079	0.079	0.077	--  	0.00	2.60	0.000	纺织服饰	--  	0.077	
08407	兴证国际	0.00	141860	1.150	1.150	2000	126000	0.00	1.110	1.150	1.110	--  	0.00	3.48	0.000	其他金融	--  	1.150	
08310	大丰港	-4.00	139400	0.960	1.000	10000	150000	5.49	0.910	0.960	0.910	--  	0.00	5.00	-0.040	工用运输	--  	0.960	
08290	亚势备份	-2.13	138000	0.092	0.094	10000	1500000	0.00	0.092	0.092	0.092	--  	0.00	0.00	-0.002	软件服务	--  	0.092	
08183	尚捷集团控股	-3.00	136450	0.485	0.500	5000	285000	3.19	0.500	0.500	0.470	--  	0.00	6.00	-0.015	纺织服饰	--  	0.485	
08125	仁德资源	-4.00	134600	1.200	1.250	4000	112000	0.00	1.210	1.220	1.200	--  	0.00	1.60	-0.050	建筑	--  	1.200	
08003	世大控股	1.89	132712	0.054	0.053	2000	2478000	0.00	0.051	0.054	0.051	--  	0.00	5.66	0.001	原材料	--  	0.054	
08188	骏杰集团控股	-6.67	131500	0.280	0.300	4000	460000	-6.67	0.270	0.320	0.270	--  	0.00	16.67	-0.020	建筑	--  	0.280	
08198	乐透互娱	-0.87	129416	0.228	0.230	4000	552000	0.00	0.228	0.238	0.227	--  	0.00	4.78	-0.002	酒店及消闲	--  	0.228	
08471	新达控股	0.00	129100	0.355	0.355	10000	360000	0.00	0.360	0.360	0.355	--  	0.00	1.41	0.000	纺织服饰	--  	0.355	
08312	中国瀚亚	0.00	127600	0.580	0.580	10000	220000	0.00	0.580	0.580	0.580	--  	0.00	0.00	0.000	纺织服饰	--  	0.580	
08025	亚洲资产	-2.50	125106	0.195	0.200	2000	634000	1.56	0.200	0.202	0.190	--  	0.00	6.00	-0.005	其他金融	--  	0.195	
08075	寰亚传媒	-4.80	121736	0.218	0.229	4000	544000	0.00	0.229	0.229	0.215	--  	0.00	6.11	-0.011	媒体及娱乐	--  	0.218	
08100	智易控股	4.08	111255	0.510	0.490	6000	228500	6.25	0.480	0.510	0.480	--  	0.00	6.12	0.020	软件服务	--  	0.510	
08428	国茂控股	-0.68	109368	0.146	0.147	12000	744000	0.00	0.144	0.155	0.144	--  	0.00	7.48	-0.001	酒店及消闲	--  	0.146	
08366	浙江联合投资	0.00	108600	0.640	0.640	10000	170000	1.59	0.640	0.640	0.630	--  	0.00	1.56	0.000	建筑	--  	0.640	
08056	饮食概念	-2.75	104805	0.248	0.255	5000	430000	0.00	0.241	0.248	0.241	--  	0.00	2.75	-0.007	酒店及消闲	--  	0.248	
08439	新百利融资	0.00	104000	2.000	2.000	2000	52000	0.00	2.000	2.000	2.000	--  	0.00	0.00	0.000	其他金融	--  	2.000	
08320	沛然环保	-0.51	97000	0.194	0.195	10000	500000	0.00	0.194	0.194	0.194	--  	0.00	0.00	-0.001	支援服务	--  	0.194	
08161	医汇集团	-0.86	94640	0.115	0.116	10000	820000	0.00	0.115	0.115	0.115	--  	0.00	0.00	-0.001	医疗服务	--  	0.115	
08213	新智控股	-8.97	90490	0.071	0.078	10000	1260000	1.43	0.073	0.073	0.070	--  	0.00	3.85	-0.007	酒店及消闲	--  	0.071	
08206	神通机器人教育	0.00	87455	0.400	0.400	1000	219000	0.00	0.400	0.415	0.380	--  	0.00	8.75	0.000	软件服务	--  	0.400	
08239	首都金融控股	8.70	81576	0.150	0.138	2000	542000	0.00	0.141	0.155	0.141	--  	0.00	10.14	0.012	其他金融	--  	0.150	
08229	FUTURE DATA	3.70	80800	0.420	0.405	5000	195000	0.00	0.410	0.430	0.405	--  	0.00	6.17	0.015	软件服务	--  	0.420	
08405	恒智控股	0.00	79120	0.860	0.860	4000	92000	0.00	0.860	0.860	0.860	--  	0.00	0.00	0.000	支援服务	--  	0.860	
08145	电讯首科	-0.46	78340	2.160	2.170	2000	36000	0.00	2.190	2.190	2.160	--  	0.93	1.38	-0.010	信息器材	--  	2.160	
08079	易还财务投资	1.43	76450	0.710	0.700	5000	110000	0.00	0.690	0.710	0.690	--  	0.00	2.86	0.010	其他金融	--  	0.710	
08220	比高集团	-3.37	75260	0.086	0.089	20000	860000	-1.15	0.088	0.088	0.086	--  	0.00	2.25	-0.003	媒体及娱乐	--  	0.086	
08358	卓珈控股	0.69	73350	1.460	1.450	5000	50000	0.00	1.450	1.520	1.450	--  	0.00	4.83	0.010	医疗服务	--  	1.460	
08045	南大苏富特	-7.31	69132	0.241	0.260	6000	270000	0.00	0.260	0.265	0.241	--  	0.00	9.23	-0.019	软件服务	--  	0.241	
08218	毅高国际控股	0.93	66448	0.216	0.214	4000	308000	0.00	0.216	0.216	0.215	--  	0.00	0.47	0.002	工业工程	--  	0.216	
08252	泰和小贷	-4.13	58000	3.250	3.390	2000	18000	0.00	3.250	3.250	3.200	--  	0.00	1.47	-0.140	其他金融	--  	3.250	
08251	优越集团控股	1.61	57900	0.630	0.620	10000	90000	-1.56	0.650	0.650	0.640	--  	0.00	1.61	0.010	工用支援	--  	0.630	
08186	同仁资源	-1.02	56760	0.097	0.098	20000	580000	0.00	0.098	0.098	0.097	--  	0.00	1.02	-0.001	原材料	--  	0.097	
08121	超凡网络	-5.47	54570	0.121	0.128	10000	450000	1.68	0.121	0.123	0.119	--  	0.00	3.13	-0.007	媒体及娱乐	--  	0.121	
08236	宝德科技集团	-1.99	53860	2.950	3.010	1000	18000	0.00	3.000	3.000	2.950	--  	0.00	1.66	-0.060	软件服务	--  	2.950	
08119	即时科研	1.12	53700	0.900	0.890	10000	60000	0.00	0.890	0.900	0.890	--  	0.00	1.12	0.010	地产	--  	0.900	
08311	圆美光电	-1.14	51900	0.435	0.440	10000	120000	0.00	0.430	0.435	0.430	--  	0.00	1.14	-0.005	信息器材	--  	0.435	
08203	凯顺能源	0.00	51450	0.365	0.365	10000	140000	0.00	0.370	0.375	0.365	--  	0.00	2.74	0.000	工用支援	--  	0.365	
08421	永顺控股香港	-2.74	49625	0.355	0.365	5000	140000	0.00	0.355	0.355	0.350	--  	0.00	1.37	-0.010	支援服务	--  	0.355	
08117	中国基础能源	-1.12	48740	0.880	0.890	10000	56000	0.00	0.870	0.880	0.870	--  	0.00	1.12	-0.010	公用事业	--  	0.880	
08362	运兴泰集团	0.87	48520	0.116	0.115	20000	420000	0.00	0.114	0.116	0.114	--  	0.00	1.74	0.001	农业产品	--  	0.116	
08233	中国基建港口	0.00	48480	1.010	1.010	4000	48000	0.00	1.010	1.010	1.010	--  	0.00	0.00	0.000	工用运输	--  	1.010	
08256	金利通	-2.44	45704	0.040	0.041	4000	1116000	0.00	0.041	0.041	0.040	--  	0.00	2.44	-0.001	电讯	--  	0.040	
08442	桦欣控股	-4.01	45110	9.100	9.480	500	5000	2.25	9.250	9.250	8.900	--  	0.00	3.69	-0.380	纺织服饰	--  	9.100	
08280	中国数字视频	0.96	38100	1.050	1.040	2000	38000	0.00	1.000	1.050	1.000	--  	0.00	4.81	0.010	媒体及娱乐	--  	1.050	
08098	昌利控股	0.56	36430	0.181	0.180	10000	220000	9.04	0.166	0.166	0.165	--  	0.00	0.56	0.001	其他金融	--  	0.181	
08247	中生北控生物科技	4.85	34160	2.160	2.060	2000	16000	0.00	2.060	2.160	2.060	--  	0.00	4.85	0.100	医药医疗	--  	2.160	
08411	K W NELSON GP	-2.90	32110	0.201	0.207	10000	160000	0.00	0.200	0.201	0.200	--  	0.00	0.48	-0.006	建筑	--  	0.201	
08296	中国生命集团	0.00	28752	0.130	0.130	4000	212000	-5.11	0.128	0.137	0.128	--  	0.00	6.92	0.000	支援服务	--  	0.130	
08363	SDM GROUP	0.00	27405	0.395	0.395	2000	71000	0.00	0.385	0.420	0.380	--  	0.00	10.13	0.000	支援服务	--  	0.395	
08281	中国金典集团	0.00	26400	0.315	0.315	8000	80000	-4.55	0.330	0.330	0.330	--  	0.00	0.00	0.000	纺织服饰	--  	0.315	
08189	泰达生物	0.00	24950	0.400	0.400	5000	65000	3.90	0.380	0.400	0.380	--  	0.00	5.00	0.000	原材料	--  	0.400	
08028	天时软件	0.00	24480	0.068	0.068	20000	360000	0.00	0.068	0.068	0.068	--  	0.00	0.00	0.000	黄金贵金属	--  	0.068	
08277	骏东控股	-1.22	22680	0.810	0.820	2000	28000	0.00	0.810	0.810	0.810	--  	0.00	0.00	-0.010	原材料	--  	0.810	
08031	易通讯集团	-2.83	20600	1.030	1.060	2000	20000	0.00	1.030	1.030	1.030	--  	0.00	0.00	-0.030	支援服务	--  	1.030	
08076	新利软件	4.97	20320	0.190	0.181	5000	110000	2.70	0.183	0.190	0.183	--  	0.00	3.87	0.009	软件服务	--  	0.190	
08016	长虹佳华	-1.14	17400	0.870	0.880	2000	20000	0.00	0.870	0.870	0.870	--  	0.00	0.00	-0.010	信息器材	--  	0.870	
08149	浩德控股	1.54	16300	0.330	0.325	10000	50000	1.54	0.325	0.330	0.325	--  	60.61	1.54	0.005	其他金融	--  	0.330	
08249	瑞远智控	1.79	14250	0.285	0.280	5000	50000	0.00	0.285	0.285	0.285	--  	0.00	0.00	0.005	信息器材	--  	0.285	
08190	康佰控股	3.03	13100	0.068	0.066	10000	200000	0.00	0.064	0.068	0.064	--  	0.00	6.06	0.002	家电及用品	--  	0.068	
08255	神州数字	1.82	13020	0.560	0.550	6000	24000	0.00	0.530	0.560	0.530	--  	0.00	5.45	0.010	软件服务	--  	0.560	
08006	华泰瑞银	0.00	12000	0.240	0.240	10000	50000	0.00	0.240	0.240	0.240	--  	0.00	0.00	0.000	媒体及娱乐	--  	0.240	
08169	环康集团	0.50	11100	0.200	0.199	10000	60000	0.00	0.182	0.200	0.182	--  	0.00	9.05	0.001	工业工程	--  	0.200	
08270	中国煤层气	-2.60	10520	0.075	0.077	40000	140000	0.00	0.077	0.077	0.075	--  	0.00	2.60	-0.002	石油天然气	--  	0.075	
08155	南华资产控股	2.04	9745	0.050	0.049	8000	195216	0.00	0.050	0.050	0.050	--  	0.00	0.00	0.001	地产	--  	0.050	
08262	宏强控股	-2.17	9100	0.450	0.460	10000	20000	0.00	0.460	0.460	0.450	--  	0.00	2.17	-0.010	建筑	--  	0.450	
08258	西北实业	3.45	9000	0.300	0.290	10000	30000	0.00	0.300	0.300	0.300	--  	0.00	0.00	0.010	工业工程	--  	0.300	
08361	中国育儿网络	0.72	8340	1.390	1.380	2000	6000	0.00	1.390	1.390	1.390	--  	0.00	0.00	0.010	软件服务	--  	1.390	
08201	宝联控股	2.70	8240	0.380	0.370	20000	22000	0.00	0.380	0.380	0.380	--  	0.00	0.00	0.010	支援服务	--  	0.380	
08139	长安仁恒	3.13	8200	3.300	3.200	500	2500	3.13	3.200	3.300	3.200	--  	0.00	3.13	0.100	原材料	--  	3.300	
08143	华夏医疗	4.00	7584	0.156	0.150	4000	48000	-1.27	0.158	0.158	0.158	--  	0.00	0.00	0.006	医药医疗	--  	0.156	
08365	建泉国际控股	1.37	7400	0.370	0.365	5000	20000	0.00	0.370	0.370	0.370	--  	0.00	0.00	0.005	其他金融	--  	0.370	
08317	财华社集团	0.00	6932	0.670	0.670	2000	10400	0.00	0.670	0.670	0.670	--  	0.00	0.00	0.000	软件服务	--  	0.670	
08092	ITE HOLDINGS	17.71	6412	0.113	0.096	4000	56000	-0.88	0.114	0.115	0.114	--  	0.00	1.04	0.017	软件服务	--  	0.113	
08333	阿仕特朗金融	5.48	5775	0.385	0.365	5000	15000	0.00	0.385	0.385	0.385	--  	1.30	0.00	0.020	其他金融	--  	0.385	
08212	誉满国际控股	-2.94	5624	0.165	0.170	8000	34000	0.00	0.177	0.177	0.158	--  	0.00	11.18	-0.005	其他金融	--  	0.165	
08286	长城微光	-12.20	3600	0.360	0.410	5000	10000	0.00	0.360	0.360	0.360	--  	0.00	0.00	-0.050	信息器材	--  	0.360	
08162	港银控股	0.00	3500	0.350	0.350	10000	10000	0.00	0.350	0.350	0.350	--  	0.00	0.00	0.000	黄金贵金属	--  	0.350	
08066	品创控股	0.00	3280	0.164	0.164	5000	20000	0.00	0.164	0.164	0.164	--  	0.00	0.00	0.000	石油天然气	--  	0.164	
08051	讯智海	-0.13	3184	15.920	15.940	200	200	0.00	15.920	15.920	15.920	--  	0.00	0.00	-0.020	信息器材	--  	15.920	
08230	中国宇天	0.00	2800	0.560	0.560	5000	5000	0.00	0.560	0.560	0.560	--  	0.00	0.00	0.000	建筑	--  	0.560	
08191	鸿伟亚洲	1.43	2130	0.355	0.350	6000	6000	0.00	0.355	0.355	0.355	--  	0.00	0.00	0.005	原材料	--  	0.355	
08131	辰罡科技	0.00	1800	0.180	0.180	10000	10000	0.00	0.180	0.180	0.180	--  	0.00	0.00	0.000	软件服务	--  	0.180	
08048	御德国际控股	2.56	1600	0.080	0.078	2000	20000	0.00	0.080	0.080	0.080	--  	0.00	0.00	0.002	软件服务	--  	0.080	
08268	迪臣建设	-2.11	1488	0.186	0.190	8000	8000	0.00	0.186	0.186	0.186	--  	0.00	0.00	-0.004	建筑	--  	0.186	
08091	奥传思维控股	-4.00	1440	0.144	0.150	10000	10000	0.00	0.144	0.144	0.144	--  	0.00	0.00	-0.006	媒体及娱乐	--  	0.144	
08060	国联通信	0.00	56	0.122	0.122	10000	560	0.00	--  	0.122	--  	--  	0.00	0.00	0.000	软件服务	--  	0.122	
08349	美固科技控股	0.00	0	2.740	2.740	10000	0	0.00	--  	2.740	--  	--  	0.00	0.00	0.000	建筑	--  	2.740	
08345	火岩控股	0.00	0	4.900	4.900	2000	0	0.00	--  	4.900	--  	--  	3.06	0.00	0.000	软件服务	--  	4.900	
08343	宏光照明	0.00	0	0.900	0.900	5000	0	0.00	--  	0.900	--  	--  	0.00	0.00	0.000	工业工程	--  	0.900	
08341	艾硕控股	0.00	0	2.700	2.700	5000	0	0.00	--  	2.700	--  	--  	0.00	0.00	0.000	建筑	--  	2.700	
08337	直通电讯	0.00	0	0.060	0.060	10000	0	0.00	--  	0.060	--  	--  	0.00	0.00	0.000	电讯	--  	0.060	
08316	柏荣集团控股	0.00	0	1.620	1.620	10000	0	0.00	--  	1.620	--  	--  	0.00	0.00	0.000	建筑	--  	1.620	
08306	中国有色金属	0.00	0	0.201	0.201	10000	0	0.00	--  	0.201	--  	--  	0.00	0.00	0.000	一般金属	--  	0.201	
08297	芭迪贝伊	0.00	0	0.255	0.255	5000	0	0.00	--  	0.255	--  	--  	0.00	0.00	0.000	纺织服饰	--  	0.255	
08295	中植资本国际	0.00	0	0.305	0.305	20000	0	0.00	--  	0.305	--  	--  	0.00	0.00	0.000	其他金融	--  	0.305	
08273	浙江展望	0.00	0	1.510	1.510	2000	0	0.00	--  	1.510	--  	--  	0.00	0.00	0.000	汽车	--  	1.510	
08271	环球数码创意	0.00	0	0.280	0.280	2000	0	0.00	--  	0.280	--  	--  	0.00	0.00	0.000	媒体及娱乐	--  	0.280	
08237	华星控股	0.00	0	0.740	0.740	2000	0	0.00	--  	0.740	--  	--  	0.00	0.00	0.000	酒店及消闲	--  	0.740	
08235	赛迪顾问	0.00	0	0.310	0.310	10000	0	0.00	--  	0.310	--  	--  	0.00	0.00	0.000	软件服务	--  	0.310	
08222	壹照明	-0.83	0	0.240	0.242	4000	0	0.00	--  	0.240	--  	--  	0.00	0.00	-0.002	家电及用品	--  	0.240	
08211	浙江永安	0.00	0	0.270	0.270	10000	0	0.00	--  	0.270	--  	--  	0.00	0.00	0.000	纺织服饰	--  	0.270	
08205	交大慧谷	0.00	0	0.380	0.380	4000	0	0.00	--  	0.380	--  	--  	0.00	0.00	0.000	信息器材	--  	0.380	
08197	北斗嘉药业	0.00	0	0.570	0.570	10000	0	0.00	--  	0.570	--  	--  	0.00	0.00	0.000	医药医疗	--  	0.570	
08173	万亚企业控股	0.00	0	0.027	0.027	40000	0	0.00	--  	0.027	--  	--  	0.00	0.00	0.000	一般金属	--  	0.027	
08159	辉煌科技	0.00	0	0.620	0.620	5000	0	0.00	--  	0.620	--  	--  	0.00	0.00	0.000	信息器材	--  	0.620	
08135	正美丰业	1.96	0	0.520	0.510	5000	0	0.00	--  	0.520	--  	--  	0.00	0.00	0.010	汽车	--  	0.520	
08126	Ｇ．Ａ．控股	0.00	0	0.580	0.580	4000	0	0.00	--  	0.580	--  	--  	0.00	0.00	0.000	汽车	--  	0.580	
08122	德莱建业	--  	0	0.000	--  	0	0	--  	--  	--  	--  	--  	0.00	--  	--  		--  	0.000	
08115	上海青浦消防	0.00	0	0.810	0.810	4000	0	0.00	--  	0.810	--  	--  	0.00	0.00	0.000	工业工程	--  	0.810	
08113	扬宇科技	0.00	0	0.620	0.620	10000	0	0.00	--  	0.620	--  	--  	1.61	0.00	0.000	工业工程	--  	0.620	
08111	中科光电	0.00	0	0.088	0.088	5000	0	0.00	--  	0.088	--  	--  	0.00	0.00	0.000	软件服务	--  	0.088	
08106	升华兰德	0.00	0	0.370	0.370	5000	0	0.00	--  	0.370	--  	--  	0.00	0.00	0.000	软件服务	--  	0.370	
08103	万泰企业股份	-0.56	0	1.760	1.770	20000	0	0.00	--  	1.760	--  	--  	0.00	0.00	-0.010	软件服务	--  	1.760	
08093	万星控股	0.00	0	1.990	1.990	5000	0	0.00	--  	1.990	--  	--  	0.00	0.00	0.000	纺织服饰	--  	1.990	
08082	仁智国际集团	0.00	0	0.190	0.190	5000	0	0.00	--  	0.190	--  	--  	0.00	0.00	0.000	支援服务	--  	0.190	
08070	侨洋国际控股	-1.41	0	0.700	0.710	5000	0	0.00	--  	0.700	--  	--  	0.00	0.00	-0.010	工业工程	--  	0.700	
08069	纵横游控股	0.00	0	0.820	0.820	5000	0	0.00	--  	0.820	--  	--  	0.00	0.00	0.000	酒店及消闲	--  	0.820	
08067	东方大学城控股	0.00	0	2.680	2.680	1000	0	0.00	--  	2.680	--  	--  	0.00	0.00	0.000	支援服务	--  	2.680	
08063	环球大通集团	0.00	0	0.125	0.125	50000	0	0.00	--  	0.125	--  	--  	0.00	0.00	0.000	酒店及消闲	--  	0.125	
08038	金力集团	--  	0	0.000	--  	0	0	--  	--  	--  	--  	--  	0.00	--  	--  		--  	0.000	
08033	爱达利网络	0.00	0	0.290	0.290	2000	0	0.00	--  	0.290	--  	--  	0.00	0.00	0.000	软件服务	--  	0.290	
08020	宏海控股集团	-5.00	0	0.209	0.220	10000	0	0.00	--  	0.209	--  	--  	0.00	0.00	-0.011	工用运输	--  	0.209	
08012	环宇物流（亚洲）	--  	0	0.000	--  	0	0	--  	--  	--  	--  	--  	0.00	--  	--  		--  	0.000	
08592	罗马集团股权	--  	0	0.000	--  	0	0	--  	--  	--  	--  	--  	0.00	--  	--  		--  	0.000	
08591	罗马集团（旧）	0.00	0	0.150	0.150	5000	0	0.00	--  	0.150	--  	--  	0.00	0.00	0.000		--  	0.150	
08590	L&A INTL-OLD	--  	0	0.000	--  	0	0	--  	--  	--  	--  	--  	0.00	--  	--  		--  	0.000	
08412	高门集团	0.00	0	0.242	0.242	10000	0	0.00	--  	0.242	--  	--  	0.00	0.00	0.000	酒店及消闲	--  	0.242	
08356	中国新华电视	0.00	0	0.075	0.075	10000	0	0.00	--  	0.075	--  	--  	0.00	0.00	0.000	建筑	--  	0.075	
数据来源:通达信
