代码	名称	涨幅%%	总金额	现价	昨收	每手	总量	涨速%%	今开	最高	最低	抛空额	股息率%%	振幅%%	涨跌	细分行业	抛空量	按盘价	
08207	中新控股	0.97	41401040	1.040	1.030	4000	39984000	0.97	1.020	1.050	1.020	6525241	0.00	2.91	0.010	其他金融	6324000	1.040	
08227	西安海天天	0.64	30405842	6.290	6.250	4000	4864000	-0.63	6.250	6.540	6.030	--  	0.00	8.16	0.040	信息器材	--  	6.290	
08057	麦迪森控股	-4.82	22793002	1.580	1.660	4000	14552000	0.00	1.660	1.780	1.350	--  	0.00	25.90	-0.080	食物饮品	--  	1.580	
08228	国艺娱乐	10.29	20144900	0.375	0.340	20000	55240000	-1.32	0.345	0.395	0.340	--  	0.00	16.18	0.035	媒体及娱乐	--  	0.375	
08352	成安控股	0.00	17479950	0.300	0.300	10000	55170000	-1.64	0.300	0.340	0.275	--  	0.00	21.67	0.000	建筑	--  	0.300	
08420	NEXION TECH	-26.32	16562951	0.840	1.140	5000	17130000	-1.18	1.140	1.220	0.800	--  	0.00	36.84	-0.300	软件服务	--  	0.840	
08383	东骏控股	0.78	16463354	1.300	1.290	8000	11879300	-2.99	1.340	1.530	1.210	--  	0.00	24.81	0.010	工用支援	--  	1.300	
08008	新意网集团	1.54	13019901	5.920	5.830	1000	2238467	2.07	5.830	6.030	5.700	1199960	0.00	5.66	0.090	软件服务	203000	5.920	
08437	德斯控股	2.78	12256641	0.740	0.720	8000	15512000	0.00	0.730	0.840	0.710	--  	0.00	18.06	0.020	医疗服务	--  	0.740	
08118	濠亮环球	-9.23	11362241	0.590	0.650	8000	18944000	0.00	0.650	0.650	0.570	--  	0.00	12.31	-0.060	家电及用品	--  	0.590	
08083	中国创新支付	2.44	11089461	0.420	0.410	4000	26330000	0.00	0.410	0.435	0.405	64020	0.00	7.32	0.010	软件服务	152000	0.420	
08291	万成金属包装	-35.97	10947881	0.890	1.390	5000	11319173	-1.11	1.350	1.350	0.740	--  	0.00	43.88	-0.500	工用支援	--  	0.890	
08370	智升集团控股	10.80	10582801	3.900	3.520	8000	2776000	0.26	3.350	4.000	3.100	--  	0.00	25.57	0.380	家电及用品	--  	3.900	
08425	兴铭控股	3.85	10277040	1.350	1.300	4000	7900000	0.00	1.290	1.350	1.270	--  	0.00	6.15	0.050	建筑	--  	1.350	
08030	汇联金融服务	1.18	9956950	0.860	0.850	5000	11605000	0.00	0.840	0.860	0.840	--  	0.00	2.35	0.010	其他金融	--  	0.860	
08133	铸能控股	-1.64	9741100	0.300	0.305	20000	32720000	0.00	0.305	0.305	0.295	--  	0.00	3.28	-0.005	工业工程	--  	0.300	
08400	亚洲先锋娱乐	3.57	9687800	0.290	0.280	10000	32190000	1.75	0.275	0.315	0.275	--  	0.00	14.29	0.010	酒店及消闲	--  	0.290	
08156	众彩股份	-5.26	9659300	0.720	0.760	5000	13465000	-1.37	0.760	0.760	0.660	--  	0.00	13.16	-0.040	酒店及消闲	--  	0.720	
08137	洪桥集团	0.00	8931480	1.690	1.690	2000	5282000	-0.59	1.690	1.710	1.670	--  	0.00	2.37	0.000	工业工程	--  	1.690	
08462	桥英控股	-6.17	8930350	0.760	0.810	5000	11025000	-1.30	0.820	0.850	0.750	--  	0.00	12.35	-0.050	支援服务	--  	0.760	
08446	ITP HOLDINGS	-2.14	8887800	5.500	5.620	10000	1600000	0.00	5.690	5.690	5.150	--  	0.00	9.61	-0.120	媒体及娱乐	--  	5.500	
08275	永勤集团控股	0.88	8579300	1.150	1.140	10000	7930000	1.77	1.140	1.180	1.010	--  	0.00	14.91	0.010	建筑	--  	1.150	
08325	中国支付通	9.57	8401300	1.030	0.940	10000	8240000	0.98	0.940	1.060	0.940	--  	0.00	12.77	0.090	软件服务	--  	1.030	
08087	中国三三传媒	4.44	7410281	0.047	0.045	20000	164880000	0.00	0.043	0.058	0.040	--  	0.00	40.00	0.002	媒体及娱乐	--  	0.047	
08175	中国数码文化	-1.79	6945263	0.550	0.560	10000	13490000	0.00	0.560	0.570	0.540	--  	0.00	5.36	-0.010	酒店及消闲	--  	0.550	
08427	瑞强集团	1.32	6935321	0.385	0.380	8000	16952000	2.67	0.380	0.430	0.370	--  	0.00	15.79	0.005	建筑	--  	0.385	
08257	靖洋集团	0.98	6817301	1.030	1.020	10000	6660000	0.00	1.020	1.040	1.000	--  	0.00	3.92	0.010	半导体	--  	1.030	
08022	永耀集团控股	0.00	6548701	0.870	0.870	3000	7599000	0.00	0.870	0.890	0.840	--  	0.00	5.75	0.000	酒店及消闲	--  	0.870	
08469	盛业资本	1.16	6195481	6.130	6.060	2000	1010000	0.99	6.150	6.150	6.070	--  	0.00	1.32	0.070	其他金融	--  	6.130	
08452	富银融资股份	0.00	6152701	1.240	1.240	2000	4942000	0.81	1.230	1.280	1.200	--  	0.00	6.45	0.000	其他金融	--  	1.240	
08047	中国海洋捕捞	-3.17	5909001	0.610	0.630	4000	9492000	0.00	0.620	0.640	0.600	--  	0.00	6.35	-0.020	工用支援	--  	0.610	
08455	礼建德集团	-3.51	5720701	1.650	1.710	10000	3470000	0.00	1.650	1.680	1.630	--  	0.00	2.92	-0.060	建筑	--  	1.650	
08181	港深联合	8.70	5510921	0.250	0.230	8000	22728000	1.63	0.240	0.250	0.230	--  	0.00	8.70	0.020	支援服务	--  	0.250	
08178	中国信息科技	-2.87	5406405	0.169	0.174	24000	31660000	0.60	0.169	0.174	0.166	--  	0.00	4.60	-0.005	软件服务	--  	0.169	
08413	亚洲杂货	19.09	5121700	1.310	1.100	10000	4220000	9.17	1.100	1.310	1.040	--  	0.00	24.55	0.210	食物饮品	--  	1.310	
08158	中国再生医学	-3.03	4957940	0.192	0.198	5000	25760000	1.05	0.198	0.198	0.188	49775	0.00	5.05	-0.006	医药医疗	260000	0.192	
08138	同仁堂国药	0.55	4880580	10.940	10.880	1000	447000	0.00	10.940	11.000	10.820	437140	0.00	1.65	0.060	医药医疗	40000	10.940	
08005	裕兴科技	-8.06	4676200	0.570	0.620	2000	8112000	-3.39	0.630	0.630	0.550	--  	0.00	12.90	-0.050	信息器材	--  	0.570	
08163	万德金融	0.00	4633140	0.082	0.082	20000	57640000	0.00	0.083	0.083	0.082	--  	0.00	1.22	0.000	其他金融	--  	0.082	
08265	中国之信集团	1.31	4060069	3.090	3.050	4000	1326146	0.98	3.050	3.100	3.020	293720	0.00	2.62	0.040	工用支援	96000	3.090	
08472	立高控股	7.32	3974200	0.880	0.820	5000	4655000	-1.12	0.820	0.890	0.790	--  	0.00	12.20	0.060	支援服务	--  	0.880	
08410	安领国际	1.99	3768600	1.540	1.510	10000	2460000	0.65	1.520	1.550	1.500	--  	0.00	3.31	0.030	软件服务	--  	1.540	
08328	信义香港	0.50	3619450	2.030	2.020	4000	1792000	0.50	2.020	2.030	2.000	--  	0.00	1.49	0.010		--  	2.030	
08392	舍图控股	-8.16	3429800	1.800	1.960	10000	1830000	-0.55	1.960	1.960	1.780	--  	0.00	9.18	-0.160	家电及用品	--  	1.800	
08470	莹岚集团	-5.38	3259600	0.880	0.930	8000	3728000	1.15	0.910	0.910	0.850	--  	0.00	6.45	-0.050	建筑	--  	0.880	
08226	树熊金融集团	0.00	3185340	0.270	0.270	4000	11664000	1.89	0.270	0.280	0.260	--  	0.00	7.41	0.000	农业产品	--  	0.270	
08340	域高金融	-2.13	3107600	0.920	0.940	10000	3400000	1.10	0.930	0.950	0.880	--  	0.33	7.45	-0.020	其他金融	--  	0.920	
08331	飞尚非金属	2.55	3068900	1.610	1.570	10000	1910000	1.26	1.590	1.640	1.590	--  	0.00	3.18	0.040	一般金属	--  	1.610	
08090	中国融保金融集团	0.00	3043640	1.100	1.100	2000	2786000	0.92	1.060	1.120	1.060	--  	0.00	5.45	0.000	其他金融	--  	1.100	
08402	GT STEEL GROUP	-6.82	3038650	0.410	0.440	5000	7355000	-1.20	0.430	0.440	0.400	--  	0.00	9.09	-0.030	建筑	--  	0.410	
08293	星亚控股	8.00	2875850	10.800	10.000	5000	310000	2.86	9.500	10.800	9.000	--  	0.00	18.00	0.800	支援服务	--  	10.800	
08426	雅居投资控股	5.15	2836210	0.245	0.233	10000	11870000	0.00	0.233	0.250	0.223	--  	0.00	11.59	0.012	地产	--  	0.245	
08373	靛蓝星	-8.61	2684000	1.380	1.510	5000	1915000	1.47	1.510	1.510	1.350	--  	0.00	10.60	-0.130	建筑	--  	1.380	
08279	亚博科技控股	1.48	2663480	1.370	1.350	4000	1968000	2.24	1.350	1.380	1.320	130480	0.00	4.44	0.020	酒店及消闲	96000	1.370	
08095	北大青鸟环宇	6.59	2655110	1.780	1.670	1000	1585000	4.71	1.670	1.810	1.600	--  	0.00	12.57	0.110	软件服务	--  	1.780	
08078	ＨＭＶ数码中国	-1.63	2642786	0.241	0.245	20000	10840112	-0.41	0.245	0.245	0.239	77820	0.00	2.45	-0.004	媒体及娱乐	320000	0.241	
08292	盛良物流	-3.81	2538400	2.020	2.100	10000	1260000	0.00	2.040	2.040	1.990	--  	0.00	2.38	-0.080	工用运输	--  	2.020	
08457	健升物流中国	-0.85	2467490	0.233	0.235	10000	10670000	1.30	0.234	0.238	0.226	--  	0.00	5.11	-0.002	工用支援	--  	0.233	
08471	新达控股	-3.37	2450900	0.430	0.445	10000	5710000	1.18	0.450	0.460	0.420	--  	0.00	8.99	-0.015	纺织服饰	--  	0.430	
08032	非凡中国	1.47	2419880	0.690	0.680	8000	3508000	0.00	0.670	0.700	0.670	11040	0.00	4.41	0.010	酒店及消闲	16000	0.690	
08417	大地教育	-1.06	2375700	0.930	0.940	10000	2530000	1.09	0.930	0.970	0.920	--  	0.00	5.32	-0.010	支援服务	--  	0.930	
08157	象兴国际	0.00	2339000	0.335	0.335	20000	6980000	0.00	0.325	0.340	0.325	--  	0.00	4.48	0.000	工用运输	--  	0.335	
08463	TOMO HOLDINGS	-7.10	2258440	1.700	1.830	4000	1308000	-1.73	1.850	1.850	1.580	--  	0.00	14.75	-0.130	汽车	--  	1.700	
08152	明梁控股	5.08	2215100	0.310	0.295	10000	7220000	1.64	0.295	0.315	0.295	--  	0.00	6.78	0.015	工业工程	--  	0.310	
08102	利宝阁集团	-5.45	2202400	0.520	0.550	10000	4170000	0.00	0.550	0.550	0.510	--  	0.00	7.27	-0.030	酒店及消闲	--  	0.520	
08039	KNK HOLDINGS	3.85	2170560	2.700	2.600	8000	816000	0.00	2.600	2.810	2.500	--  	0.00	11.92	0.100	建筑	--  	2.700	
08142	德利机械	0.00	2102450	0.360	0.360	10000	5910000	2.86	0.355	0.360	0.350	--  	0.00	2.78	0.000	工业工程	--  	0.360	
08307	密迪斯肌	0.00	1974480	0.650	0.650	4000	3016000	0.00	0.640	0.670	0.640	--  	0.00	4.62	0.000	医疗服务	--  	0.650	
08100	智易控股	1.10	1749060	0.460	0.455	6000	3786000	-2.13	0.430	0.470	0.430	--  	0.00	8.79	0.005	软件服务	--  	0.460	
08101	家梦控股	0.00	1686380	0.084	0.084	4000	20376000	0.00	0.082	0.084	0.081	--  	0.00	3.57	0.000	家电及用品	--  	0.084	
08480	飞霓控股	10.23	1652560	0.485	0.440	4000	3464000	0.00	0.435	0.495	0.435	--  	0.00	13.64	0.045	纺织服饰	--  	0.485	
08167	中国新电信	-2.60	1624620	0.187	0.192	4000	8898000	1.08	0.187	0.189	0.170	--  	0.00	9.90	-0.005	信息器材	--  	0.187	
08073	兴业新材料	0.84	1617240	1.200	1.190	4000	1340000	-0.83	1.200	1.230	1.200	--  	0.00	2.52	0.010	工业工程	--  	1.200	
08232	CLASSIFIED GP	-1.23	1612200	1.600	1.620	5000	1015000	0.00	1.570	1.620	1.530	--  	0.00	5.56	-0.020	酒店及消闲	--  	1.600	
08160	GOLDWAY EDU	-8.97	1565040	0.710	0.780	12000	2160000	-6.58	0.770	0.790	0.690	--  	0.00	12.82	-0.070	支援服务	--  	0.710	
08217	联旺集团	-1.45	1416200	0.340	0.345	10000	4220000	1.49	0.340	0.340	0.330	--  	0.00	2.90	-0.005	建筑	--  	0.340	
08021	汇隆控股	0.00	1398928	0.031	0.031	10000	46666000	0.00	0.031	0.031	0.029	--  	0.00	6.45	0.000	建筑	--  	0.031	
08261	海天能源	-5.88	1392520	0.320	0.340	8000	4320000	0.00	0.340	0.340	0.315	--  	0.00	7.35	-0.020	公用事业	--  	0.320	
08308	古兜控股	-4.73	1321320	1.610	1.690	4000	816000	-1.83	1.640	1.640	1.600	--  	0.00	2.37	-0.080	酒店及消闲	--  	1.610	
08055	中国网络信息科技	-3.64	1269032	0.238	0.247	8000	5416000	3.48	0.240	0.242	0.230	--  	0.00	4.86	-0.009	软件服务	--  	0.238	
08060	国联通信	4.55	1202458	0.161	0.154	10000	6978000	0.00	0.160	0.185	0.160	--  	0.00	16.23	0.007	软件服务	--  	0.161	
08059	朝威控股	0.00	1194500	0.580	0.580	5000	2080000	0.00	0.580	0.590	0.560	--  	0.00	5.17	0.000	建筑	--  	0.580	
08376	方圆房服集团	-1.37	1190640	0.720	0.730	4000	1668000	1.41	0.720	0.730	0.700	--  	0.00	4.11	-0.010	地产	--  	0.720	
08182	中国糖果	-3.85	1169690	0.125	0.130	10000	9405000	0.00	0.129	0.129	0.122	--  	0.00	5.38	-0.005	食物饮品	--  	0.125	
08179	新煮意控股	0.00	1163460	0.270	0.270	12000	4423200	1.89	0.270	0.280	0.255	--  	0.00	9.26	0.000	酒店及消闲	--  	0.270	
08183	尚捷集团控股	2.17	1095625	0.470	0.460	5000	2340000	0.00	0.465	0.470	0.465	--  	0.00	1.09	0.010	纺织服饰	--  	0.470	
08081	互娱中国	0.00	1064490	0.037	0.037	10000	28770000	0.00	0.037	0.038	0.036	--  	0.00	5.41	0.000	医疗服务	--  	0.037	
08001	东方汇财证券	0.00	1035400	0.760	0.760	4000	1388000	0.00	0.790	0.790	0.730	--  	0.00	7.89	0.000	其他金融	--  	0.760	
08351	俊文宝石	2.38	1027632	0.430	0.420	20000	2382600	0.00	0.445	0.445	0.425	--  	0.00	4.76	0.010	纺织服饰	--  	0.430	
08113	扬宇科技	-2.94	1021546	0.660	0.680	10000	1560720	0.00	0.680	0.690	0.650	--  	0.00	5.88	-0.020	工业工程	--  	0.660	
08375	弘浩国际控股	2.00	1007250	0.255	0.250	10000	4050000	2.00	0.249	0.255	0.245	--  	0.00	4.00	0.005	工业工程	--  	0.255	
08238	惠陶集团	1.82	923640	0.056	0.055	8000	16768000	1.82	0.055	0.056	0.055	--  	0.00	1.82	0.001	媒体及娱乐	--  	0.056	
08086	ＤＸ．ＣＯＭ控股	3.57	911880	0.290	0.280	8000	3184000	3.57	0.280	0.295	0.265	--  	0.00	10.71	0.010	软件服务	--  	0.290	
08347	Ｆ８企业	0.00	896040	0.285	0.285	8000	3144000	0.00	0.285	0.285	0.285	--  	0.00	0.00	0.000	石油天然气	--  	0.285	
08089	华人策略控股	-3.49	837874	0.830	0.860	1800	1008400	0.00	0.850	0.850	0.820	--  	0.00	3.49	-0.030	其他金融	--  	0.830	
08310	大丰港	6.90	818900	0.930	0.870	10000	840000	0.00	0.920	1.060	0.900	--  	0.00	18.39	0.060	工用运输	--  	0.930	
08430	春能控股	1.43	781475	0.355	0.350	5000	2185000	0.00	0.350	0.370	0.350	--  	0.00	5.71	0.005	工用运输	--  	0.355	
08321	泰锦控股	-4.17	744650	0.345	0.360	10000	2160000	0.00	0.350	0.350	0.340	--  	0.00	2.78	-0.015	建筑	--  	0.345	
08198	乐透互娱	-4.55	740580	0.210	0.220	4000	3476000	0.00	0.230	0.230	0.205	--  	0.00	11.36	-0.010	酒店及消闲	--  	0.210	
08077	昆仑国际金融	0.00	731100	0.720	0.720	5000	1035000	0.00	0.720	0.720	0.690	--  	0.00	4.17	0.000	其他金融	--  	0.720	
08272	华人饮食集团	-5.00	717720	0.019	0.020	20000	39220000	0.00	0.019	0.019	0.018	--  	0.00	5.00	-0.001	酒店及消闲	--  	0.019	
08187	永骏国际控股	0.00	715300	1.660	1.660	5000	460000	7.79	1.640	1.660	1.510	--  	0.00	9.04	0.000	纺织服饰	--  	1.660	
08436	德宝集团控股	-1.89	714550	0.520	0.530	5000	1350000	0.00	0.520	0.540	0.520	--  	0.00	3.77	-0.010	纺织服饰	--  	0.520	
08242	宏创高科	-0.72	692700	0.137	0.138	10000	5150000	-0.72	0.138	0.140	0.131	--  	0.00	6.52	-0.001	半导体	--  	0.137	
08416	HM INTL HLDGS	-3.12	668500	0.930	0.960	5000	720000	-1.06	0.920	0.960	0.910	--  	0.00	5.21	-0.030	工用支援	--  	0.930	
08200	修身堂	-2.04	608840	0.048	0.049	40000	12680000	0.00	0.048	0.049	0.047	--  	0.00	4.08	-0.001	医疗服务	--  	0.048	
08071	中彩网通控股	0.00	602233	0.210	0.210	5000	2862500	0.00	0.210	0.217	0.201	--  	0.00	7.62	0.000	酒店及消闲	--  	0.210	
08491	COOL LINK	-4.94	587375	0.385	0.405	5000	1515000	0.00	0.405	0.405	0.380	--  	0.00	6.17	-0.020	食物饮品	--  	0.385	
08147	汇思太平洋	-0.61	583712	0.162	0.163	4000	3616000	0.62	0.162	0.162	0.161	--  	0.00	0.61	-0.001	电讯	--  	0.162	
08423	CHI HO DEV	7.53	575500	1.000	0.930	10000	600000	4.17	0.950	1.000	0.900	--  	0.00	10.75	0.070	建筑	--  	1.000	
08366	浙江联合投资	0.00	568300	0.600	0.600	10000	980000	0.00	0.600	0.600	0.570	--  	0.00	5.00	0.000	建筑	--  	0.600	
08193	汉华专业服务	0.00	526040	0.051	0.051	5000	10520000	0.00	0.051	0.051	0.048	--  	0.00	5.88	0.000	其他金融	--  	0.051	
08465	高科桥	-1.14	521940	3.460	3.500	2000	150000	0.00	3.420	3.520	3.420	--  	0.00	2.86	-0.040	信息器材	--  	3.460	
08283	正力控股	-3.61	515500	0.800	0.830	5000	640000	1.27	0.820	0.850	0.780	--  	0.00	8.43	-0.030	支援服务	--  	0.800	
08201	宝联控股	12.99	496680	0.435	0.385	20000	1210600	4.82	0.385	0.435	0.385	--  	0.00	12.99	0.050	支援服务	--  	0.435	
08231	节能元件	-4.26	434440	0.180	0.188	10000	2380000	0.00	0.186	0.187	0.180	--  	0.00	3.72	-0.008	半导体	--  	0.180	
08023	邝文记	-6.78	426840	0.550	0.590	6000	780000	0.00	0.580	0.580	0.540	--  	0.00	6.78	-0.040	建筑	--  	0.550	
08037	中国生物科技服务	6.33	421023	0.840	0.790	20000	500030	0.00	0.820	0.860	0.820	--  	0.00	5.06	0.050	医药医疗	--  	0.840	
08243	大贺传媒	0.00	420375	0.400	0.400	5000	1140000	0.00	0.380	0.400	0.370	--  	0.00	7.50	0.000	媒体及娱乐	--  	0.400	
08029	太阳国际	0.00	388600	1.160	1.160	5000	335000	0.00	1.200	1.200	1.150	--  	0.00	4.31	0.000	农业产品	--  	1.160	
08170	KSL HOLDINGS	7.24	385950	2.370	2.210	1000	166000	-2.47	2.260	2.440	2.250	--  	0.00	8.60	0.160	建筑	--  	2.370	
08260	银合控股	-3.85	366300	0.750	0.780	10000	480000	0.00	0.780	0.790	0.750	--  	0.00	5.13	-0.030	支援服务	--  	0.750	
08046	恒芯中国	0.00	344072	0.039	0.039	4000	8920000	0.00	0.038	0.039	0.038	--  	0.00	2.56	0.000	媒体及娱乐	--  	0.039	
08009	华夏能源控股	-1.92	341525	0.051	0.052	20000	6725000	2.00	0.052	0.052	0.050	--  	0.00	3.85	-0.001	其他金融	--  	0.051	
08062	俊盟国际	2.00	337650	0.510	0.500	5000	655000	-1.92	0.500	0.530	0.500	--  	0.00	6.00	0.010	软件服务	--  	0.510	
08196	建禹集团	-2.64	336240	2.950	3.030	4000	112000	-0.34	3.050	3.050	2.960	--  	0.00	2.97	-0.080	公用事业	--  	2.950	
08333	阿仕特朗金融	5.63	331750	0.375	0.355	5000	905000	0.00	0.350	0.375	0.350	--  	1.33	7.04	0.020	其他金融	--  	0.375	
08315	冠辉集团控股	-3.33	328720	0.029	0.030	10000	11340000	0.00	0.029	0.030	0.028	--  	0.00	6.67	-0.001	支援服务	--  	0.029	
08065	高萌科技	0.00	320650	0.510	0.510	5000	640000	3.03	0.510	0.510	0.490	--  	0.00	3.92	0.000	软件服务	--  	0.510	
08326	同景新能源	5.03	318350	2.090	1.990	1000	153000	0.48	2.090	2.090	2.060	--  	0.00	1.51	0.100	酒店及消闲	--  	2.090	
08050	云博产业	-1.32	301900	1.500	1.520	2000	202000	0.00	1.500	1.510	1.420	--  	0.00	5.92	-0.020	信息器材	--  	1.500	
08445	怡康泰工程集团	-2.15	289850	0.455	0.465	10000	630000	-2.15	0.465	0.465	0.455	--  	0.00	2.15	-0.010	建筑	--  	0.455	
08192	环球能源资源	-1.39	287760	0.355	0.360	12000	804000	0.00	0.355	0.370	0.355	--  	0.00	4.17	-0.005	一般金属	--  	0.355	
08282	智傲控股	-1.63	284600	1.810	1.840	4000	152000	0.00	1.820	1.950	1.810	--  	0.00	7.61	-0.030	软件服务	--  	1.810	
08027	吉辉控股	-2.22	283445	0.088	0.090	5000	3220000	0.00	0.090	0.090	0.086	--  	0.00	4.44	-0.002	支援服务	--  	0.088	
08109	麒麟集团控股	0.00	280215	0.019	0.019	15000	15255000	0.00	0.018	0.019	0.018	--  	0.00	5.26	0.000	软件服务	--  	0.019	
08267	蓝港互动	-3.57	277835	1.620	1.680	500	172000	-1.82	1.680	1.690	1.550	--  	0.00	8.33	-0.060	软件服务	--  	1.620	
08300	皇玺餐饮集团	-0.84	276440	0.118	0.119	20000	2360000	0.00	0.116	0.119	0.115	--  	0.00	3.36	-0.001	酒店及消闲	--  	0.118	
08409	海鑫集团	2.17	268000	0.470	0.460	10000	590000	2.17	0.460	0.470	0.450	--  	0.00	4.35	0.010	建筑	--  	0.470	
08176	超人智能	0.67	262800	7.530	7.480	5000	35000	0.00	7.520	7.530	7.490	--  	0.00	0.53	0.050	医疗服务	--  	7.530	
08296	中国生命集团	4.76	261952	0.176	0.168	4000	1516000	0.00	0.166	0.178	0.166	--  	0.00	7.14	0.008	支援服务	--  	0.176	
08255	神州数字	-8.33	257400	0.550	0.600	6000	468000	0.00	0.550	0.550	0.550	--  	0.00	0.00	-0.050	软件服务	--  	0.550	
08359	HYPEBEAST	-1.89	254300	0.260	0.265	20000	980000	0.00	0.255	0.260	0.255	--  	0.00	1.89	-0.005	媒体及娱乐	--  	0.260	
08309	万成环球控股	-1.10	252300	0.450	0.455	10000	560000	-1.10	0.455	0.455	0.445	--  	0.00	2.20	-0.005	支援服务	--  	0.450	
08018	汇财金融投资	-3.78	251984	0.178	0.185	10000	1434000	0.00	0.172	0.190	0.172	--  	0.00	9.73	-0.007	软件服务	--  	0.178	
08112	FOCUS MEDIA	-1.04	223030	0.190	0.192	24000	1177200	0.00	0.192	0.192	0.188	--  	0.00	2.08	-0.002	媒体及娱乐	--  	0.190	
08353	安科系统	7.69	220380	0.700	0.650	3000	357000	7.69	0.630	0.650	0.600	--  	0.00	7.69	0.050	软件服务	--  	0.700	
08206	神通机器人教育	4.17	217985	0.375	0.360	1000	583000	-1.32	0.380	0.380	0.365	--  	0.00	4.17	0.015	软件服务	--  	0.375	
08476	大洋环球控股	-1.28	210720	0.770	0.780	2000	272000	0.00	0.780	0.790	0.770	--  	0.00	2.56	-0.010	食物饮品	--  	0.770	
08035	骏高控股	-1.67	209650	0.295	0.300	10000	730000	0.00	0.290	0.295	0.285	--  	0.00	3.33	-0.005	工用运输	--  	0.295	
08221	PF GROUP	0.66	202720	0.153	0.152	20000	1360000	3.38	0.149	0.153	0.148	--  	0.00	3.29	0.001	其他金融	--  	0.153	
08007	环球战略集团	-0.89	202355	0.111	0.112	10000	1826240	0.00	0.112	0.112	0.109	--  	0.00	2.68	-0.001	一般金属	--  	0.111	
08342	飞思达科技	-1.68	200100	1.170	1.190	5000	170000	0.00	1.170	1.190	1.170	--  	0.00	1.68	-0.020	软件服务	--  	1.170	
08252	泰和小贷	-0.29	198900	3.380	3.390	2000	58000	-0.59	3.390	3.460	3.390	--  	0.00	2.06	-0.010	其他金融	--  	3.380	
08355	超智能控股	0.00	195900	0.370	0.370	10000	530000	0.00	0.370	0.370	0.365	--  	0.00	1.35	0.000	软件服务	--  	0.370	
08171	中国趋势	0.00	192800	0.012	0.012	160000	16080000	0.00	0.012	0.012	0.012	--  	0.00	0.00	0.000	信息器材	--  	0.012	
08412	高门集团	0.84	192000	0.240	0.238	10000	800000	0.00	0.240	0.240	0.240	--  	0.00	0.00	0.002	酒店及消闲	--  	0.240	
08053	比优集团	1.67	189600	0.610	0.600	20000	320000	5.17	0.590	0.610	0.580	--  	0.49	5.00	0.010	工用支援	--  	0.610	
08368	中国创意控股	-5.66	189290	0.250	0.265	1000	752000	0.00	0.260	0.260	0.250	--  	0.00	3.77	-0.015	媒体及娱乐	--  	0.250	
08225	中国医疗集团	1.36	185200	0.224	0.221	20000	820000	0.00	0.218	0.230	0.218	--  	0.00	5.43	0.003	医药医疗	--  	0.224	
08411	K W NELSON GP	-3.33	182540	0.203	0.210	10000	900000	-0.49	0.202	0.204	0.198	--  	0.00	2.86	-0.007	建筑	--  	0.203	
08301	明华科技	3.70	182480	0.840	0.810	8000	216000	0.00	0.830	0.850	0.830	--  	0.00	2.47	0.030	信息器材	--  	0.840	
08123	华亿金控	-10.78	181562	0.091	0.102	6000	1994000	0.00	0.100	0.100	0.090	--  	0.00	9.80	-0.011	其他金融	--  	0.091	
08108	福泽集团	-1.00	180518	0.099	0.100	2000	1888000	4.21	0.099	0.099	0.095	--  	0.00	4.00	-0.001	支援服务	--  	0.099	
08052	陆庆娱乐	0.00	172120	0.093	0.093	10000	1980000	0.00	0.088	0.093	0.085	--  	0.00	8.60	0.000	酒店及消闲	--  	0.093	
08266	金达集团国际	-1.22	161392	0.081	0.082	16000	2000000	0.00	0.081	0.081	0.080	--  	0.00	1.22	-0.001	信息器材	--  	0.081	
08072	罗马集团	-1.50	159551	0.131	0.133	20000	1203125	0.00	0.130	0.135	0.130	--  	0.00	3.76	-0.002	其他金融	--  	0.131	
08025	亚洲资产	3.68	157810	0.197	0.190	2000	800000	0.00	0.181	0.198	0.181	--  	0.00	8.95	0.007	其他金融	--  	0.197	
08481	盛龙锦秀国际	2.04	153325	0.500	0.490	5000	310000	-1.96	0.480	0.510	0.480	--  	0.00	6.12	0.010	工用支援	--  	0.500	
08268	迪臣建设	0.00	148556	0.181	0.181	8000	820000	0.00	0.185	0.185	0.181	--  	0.00	2.21	0.000	建筑	--  	0.181	
08199	中国万桐园	1.69	148200	0.300	0.295	10000	500000	1.69	0.295	0.300	0.295	--  	0.00	1.69	0.005	支援服务	--  	0.300	
08432	太平洋酒吧	-1.23	147890	0.160	0.162	10000	920000	0.00	0.162	0.163	0.160	--  	0.00	1.85	-0.002	酒店及消闲	--  	0.160	
08421	永顺控股香港	-1.41	143950	0.350	0.355	5000	425000	0.00	0.345	0.350	0.330	--  	0.00	5.63	-0.005	支援服务	--  	0.350	
08120	国农金融投资	-5.49	142380	0.086	0.091	20000	1660000	0.00	0.085	0.086	0.083	--  	0.00	3.30	-0.005	综合企业	--  	0.086	
08431	浩柏国际	1.73	140200	0.176	0.173	10000	800000	-0.56	0.170	0.177	0.170	--  	0.00	4.05	0.003	酒店及消闲	--  	0.176	
08019	皓文控股	14.71	130855	0.117	0.102	20000	1249000	-0.85	0.101	0.118	0.098	--  	0.00	19.61	0.015	工业工程	--  	0.117	
08407	兴证国际	0.00	130420	1.190	1.190	2000	114000	5.31	1.160	1.190	1.130	--  	0.00	5.04	0.000	其他金融	--  	1.190	
08233	中国基建港口	3.09	127000	1.000	0.970	4000	128000	0.00	0.980	1.000	0.980	--  	0.00	2.06	0.030	工用运输	--  	1.000	
08369	立基工程控股	-0.51	124800	0.195	0.196	10000	640000	0.00	0.195	0.195	0.195	--  	0.00	0.00	-0.001	建筑	--  	0.195	
08079	易还财务投资	0.00	122700	0.700	0.700	5000	180000	2.94	0.680	0.700	0.680	--  	0.00	2.86	0.000	其他金融	--  	0.700	
08189	泰达生物	1.52	117075	0.335	0.330	5000	355000	0.00	0.330	0.335	0.320	--  	0.00	4.55	0.005	原材料	--  	0.335	
08085	香港生命科学	-2.86	114976	0.102	0.105	4000	1108000	-1.92	0.105	0.105	0.102	--  	0.00	2.86	-0.003	家电及用品	--  	0.102	
08365	建泉国际控股	0.00	112000	0.400	0.400	5000	280000	0.00	0.400	0.400	0.400	--  	0.00	0.00	0.000	其他金融	--  	0.400	
08129	云信投资控股	-2.78	109900	0.070	0.072	20000	1580000	0.00	0.069	0.070	0.069	--  	0.00	1.39	-0.002	软件服务	--  	0.070	
08126	Ｇ．Ａ．控股	1.64	104880	0.620	0.610	4000	164000	-3.12	0.550	0.650	0.550	--  	0.00	16.39	0.010	汽车	--  	0.620	
08091	奥传思维控股	-2.60	102860	0.150	0.154	10000	690000	0.00	0.154	0.158	0.146	--  	0.00	7.79	-0.004	媒体及娱乐	--  	0.150	
08319	思博系统	1.81	98510	0.169	0.166	10000	600000	0.00	0.162	0.169	0.159	--  	0.00	6.02	0.003	软件服务	--  	0.169	
08145	电讯首科	1.39	96600	2.190	2.160	2000	44000	-0.45	2.180	2.200	2.180	--  	0.91	0.93	0.030	信息器材	--  	2.190	
08130	智城控股	-2.03	95680	0.193	0.197	20000	500000	0.52	0.197	0.197	0.189	--  	0.00	4.06	-0.004	媒体及娱乐	--  	0.193	
08317	财华社集团	0.00	95200	0.790	0.790	2000	122000	0.00	0.780	0.790	0.770	--  	0.00	2.53	0.000	软件服务	--  	0.790	
08166	中国农业生态	0.00	95140	0.102	0.102	20000	940000	0.00	0.102	0.102	0.101	--  	0.00	0.98	0.000	工用支援	--  	0.102	
08460	基地锦标集团	0.50	84970	0.203	0.202	10000	420000	0.00	0.205	0.220	0.199	--  	0.00	10.40	0.001	建筑	--  	0.203	
08256	金利通	-2.56	82028	0.038	0.039	4000	2156000	0.00	0.038	0.039	0.038	--  	0.00	2.56	-0.001	电讯	--  	0.038	
08203	凯顺能源	0.00	78928	0.335	0.335	10000	237832	0.00	0.320	0.335	0.320	--  	0.00	4.48	0.000	工用支援	--  	0.335	
08245	安悦国际控股	-0.70	78500	0.141	0.142	5000	560000	0.71	0.149	0.149	0.139	--  	0.00	7.04	-0.001	信息器材	--  	0.141	
08195	L&A INTL HOLD	0.00	75148	0.048	0.048	24000	1552000	0.00	0.049	0.049	0.047	--  	0.00	4.17	0.000	纺织服饰	--  	0.048	
08251	优越集团控股	-3.03	74800	0.640	0.660	10000	120000	0.00	0.620	0.640	0.610	--  	0.00	4.55	-0.020	工用支援	--  	0.640	
08360	利骏集团香港	-1.14	72692	0.173	0.175	4000	424000	0.00	0.173	0.173	0.170	--  	0.00	1.71	-0.002	建筑	--  	0.173	
08299	大唐潼金	0.00	69828	0.017	0.017	12000	4296000	0.00	0.016	0.017	0.016	--  	0.00	5.88	0.000	黄金贵金属	--  	0.017	
08277	骏东控股	0.00	68480	0.820	0.820	2000	84000	0.00	0.800	0.820	0.800	--  	0.00	2.44	0.000	原材料	--  	0.820	
08346	创新电子控股	-3.23	67700	0.300	0.310	10000	230000	0.00	0.300	0.300	0.290	--  	0.00	3.23	-0.010	工业工程	--  	0.300	
08165	华普智通	-7.89	67200	0.035	0.038	10000	1920000	0.00	0.035	0.035	0.035	--  	0.00	0.00	-0.003	软件服务	--  	0.035	
08067	东方大学城控股	2.04	67160	2.500	2.450	1000	27000	0.81	2.450	2.500	2.400	--  	0.00	4.08	0.050	支援服务	--  	2.500	
08080	北亚策略	-0.73	65085	0.136	0.137	8000	472100	-0.73	0.139	0.139	0.137	--  	0.00	1.46	-0.001	工业工程	--  	0.136	
08230	中国宇天	-1.89	65000	0.520	0.530	5000	125000	0.00	0.520	0.520	0.520	--  	0.00	0.00	-0.010	建筑	--  	0.520	
08269	富誉控股	-1.89	62400	0.156	0.159	10000	400000	0.00	0.156	0.156	0.156	--  	0.00	0.00	-0.003	农业产品	--  	0.156	
08311	圆美光电	3.75	61250	0.415	0.400	10000	150000	0.00	0.395	0.415	0.395	--  	0.00	5.00	0.015	信息器材	--  	0.415	
08240	展程控股	3.48	60690	0.208	0.201	10000	300000	0.00	0.201	0.208	0.201	--  	0.00	3.48	0.007	农业产品	--  	0.208	
08362	运兴泰集团	0.00	59680	0.114	0.114	20000	520000	0.00	0.115	0.115	0.114	--  	0.00	0.88	0.000	农业产品	--  	0.114	
08262	宏强控股	10.81	52950	0.410	0.370	10000	130000	1.23	0.400	0.410	0.400	--  	0.00	2.70	0.040	建筑	--  	0.410	
08172	拉近网娱	-1.33	51800	0.370	0.375	20000	140000	0.00	0.370	0.370	0.370	--  	0.00	0.00	-0.005	媒体及娱乐	--  	0.370	
08278	CMON	0.93	50810	0.217	0.215	10000	240000	1.88	0.211	0.213	0.211	--  	0.00	0.93	0.002	家电及用品	--  	0.217	
08236	宝德科技集团	-3.02	50710	2.570	2.650	1000	20000	1.58	2.540	2.540	2.530	--  	0.00	0.38	-0.080	软件服务	--  	2.570	
08092	ITE HOLDINGS	5.32	49500	0.099	0.094	4000	500000	0.00	0.099	0.099	0.099	--  	0.00	0.00	0.005	软件服务	--  	0.099	
08028	天时软件	-4.62	49200	0.062	0.065	20000	800000	0.00	0.060	0.062	0.060	--  	0.00	3.08	-0.003	黄金贵金属	--  	0.062	
08041	荟萃国际（控股）	-0.85	48600	0.116	0.117	20000	420000	-0.85	0.116	0.118	0.114	--  	0.00	3.42	-0.001	纺织服饰	--  	0.116	
08106	升华兰德	0.00	44175	0.380	0.380	5000	115000	1.33	0.385	0.385	0.375	--  	0.00	2.63	0.000	软件服务	--  	0.380	
08051	讯智海	-0.13	43680	15.600	15.620	200	2800	0.00	15.600	15.600	15.600	--  	0.00	0.00	-0.020	信息器材	--  	15.600	
08075	寰亚传媒	3.45	43592	0.210	0.203	4000	208000	0.00	0.203	0.210	0.203	--  	0.00	3.45	0.007	媒体及娱乐	--  	0.210	
08016	长虹佳华	-1.32	42080	0.750	0.760	2000	56000	0.00	0.760	0.760	0.750	--  	0.00	1.32	-0.010	信息器材	--  	0.750	
08270	中国煤层气	6.67	41016	0.064	0.060	40000	641000	0.00	0.064	0.064	0.064	--  	0.00	0.00	0.004	石油天然气	--  	0.064	
08237	华星控股	0.00	34800	0.740	0.740	2000	48000	0.00	0.710	0.740	0.710	--  	0.00	4.05	0.000	酒店及消闲	--  	0.740	
08011	百田石油	1.18	34400	0.172	0.170	20000	200000	0.00	0.172	0.172	0.172	--  	0.00	0.00	0.002	石油天然气	--  	0.172	
08143	华夏医疗	-6.00	34396	0.141	0.150	4000	244000	0.00	0.141	0.144	0.140	--  	0.00	2.67	-0.009	医药医疗	--  	0.141	
08148	奥柏中国	-0.72	33920	0.137	0.138	20000	248000	0.00	0.137	0.137	0.137	--  	0.00	0.00	-0.001	软件服务	--  	0.137	
08250	丝路能源	-1.82	30240	0.054	0.055	20000	560000	0.00	0.054	0.054	0.054	--  	0.00	0.00	-0.001	煤炭	--  	0.054	
08363	SDM GROUP	0.00	29000	0.365	0.365	2000	80000	0.00	0.355	0.365	0.355	--  	0.00	2.74	0.000	支援服务	--  	0.365	
08128	中国地能	-0.73	28328	0.136	0.137	8000	216000	4.62	0.136	0.138	0.130	--  	0.00	5.84	-0.001	工业工程	--  	0.136	
08139	长安仁恒	-0.55	27050	3.620	3.640	500	7500	0.00	3.600	3.620	3.600	--  	0.00	0.55	-0.020	原材料	--  	3.620	
08076	新利软件	6.45	26780	0.198	0.186	5000	130000	-3.88	0.206	0.206	0.206	--  	0.00	0.00	0.012	软件服务	--  	0.198	
08149	浩德控股	1.54	26000	0.330	0.325	10000	80000	1.54	0.325	0.325	0.325	--  	0.61	0.00	0.005	其他金融	--  	0.330	
08415	乐嘉思控股	-4.00	25900	0.168	0.175	10000	150000	-0.59	0.178	0.178	0.168	--  	0.00	5.71	-0.007	建筑	--  	0.168	
08111	中科光电	-1.15	25015	0.086	0.087	5000	300000	0.00	0.084	0.086	0.083	--  	0.00	3.45	-0.001	软件服务	--  	0.086	
08003	世大控股	4.17	22938	0.050	0.048	2000	482000	-3.85	0.045	0.052	0.045	--  	0.00	14.58	0.002	原材料	--  	0.050	
08188	骏杰集团控股	-5.00	22040	0.285	0.300	4000	76000	0.00	0.300	0.300	0.285	--  	0.00	5.00	-0.015	建筑	--  	0.285	
08082	仁智国际集团	-5.75	21487	0.164	0.174	5000	128912	0.00	0.170	0.170	0.164	--  	0.00	3.45	-0.010	支援服务	--  	0.164	
08320	沛然环保	2.07	19700	0.197	0.193	10000	100000	0.00	0.197	0.197	0.197	--  	0.00	0.00	0.004	支援服务	--  	0.197	
08056	饮食概念	-0.40	19600	0.246	0.247	5000	80000	0.00	0.255	0.255	0.221	--  	0.00	13.77	-0.001	酒店及消闲	--  	0.246	
08249	瑞远智控	-3.64	18550	0.265	0.275	5000	70000	0.00	0.265	0.265	0.265	--  	0.00	0.00	-0.010	信息器材	--  	0.265	
08117	中国基础能源	1.11	18000	0.910	0.900	10000	20000	1.11	0.900	0.900	0.900	--  	0.00	0.00	0.010	公用事业	--  	0.910	
08161	医汇集团	0.00	17800	0.105	0.105	10000	160000	0.00	0.115	0.115	0.105	--  	0.00	9.52	0.000	医疗服务	--  	0.105	
08132	中油港燃	0.00	16000	0.080	0.080	20000	200000	0.00	0.080	0.080	0.080	--  	0.00	0.00	0.000	信息器材	--  	0.080	
08013	ECI TECH	-9.73	15580	0.102	0.113	20000	140000	-9.73	0.113	0.113	0.102	--  	0.00	9.73	-0.011	软件服务	--  	0.102	
08031	易通讯集团	-5.62	15120	0.840	0.890	2000	18000	0.00	0.840	0.840	0.840	--  	0.00	0.00	-0.050	支援服务	--  	0.840	
08358	卓珈控股	2.14	14300	1.430	1.400	5000	10000	0.00	1.430	1.430	1.430	--  	0.00	0.00	0.030	医疗服务	--  	1.430	
08218	毅高国际控股	0.52	13056	0.192	0.191	4000	68000	0.00	0.192	0.192	0.192	--  	0.00	0.00	0.001	工业工程	--  	0.192	
08070	侨洋国际控股	0.00	12700	0.640	0.640	5000	20000	0.00	0.640	0.640	0.640	--  	0.00	0.00	0.000	工业工程	--  	0.640	
08006	华泰瑞银	0.00	12503	0.243	0.243	10000	51500	0.00	0.243	0.243	0.243	--  	0.00	0.00	0.000	媒体及娱乐	--  	0.243	
08045	南大苏富特	0.00	12012	0.255	0.255	6000	48000	0.00	0.237	0.255	0.235	--  	0.00	7.84	0.000	软件服务	--  	0.255	
08439	新百利融资	0.52	11520	1.920	1.910	2000	6000	0.00	1.920	1.920	1.920	--  	0.00	0.00	0.010	其他金融	--  	1.920	
08155	南华资产控股	-2.50	11432	0.039	0.040	8000	288000	0.00	0.040	0.040	0.039	--  	0.00	2.50	-0.001	地产	--  	0.039	
08186	同仁资源	1.11	10920	0.091	0.090	20000	120000	0.00	0.091	0.091	0.091	--  	0.00	0.00	0.001	原材料	--  	0.091	
08202	汇创控股	-2.43	10050	0.201	0.206	10000	50000	0.00	0.201	0.201	0.201	--  	0.00	0.00	-0.005	媒体及娱乐	--  	0.201	
08088	汇友科技控股	-2.44	8144	0.040	0.041	8000	200000	0.00	0.041	0.041	0.040	--  	0.00	2.44	-0.001	其他金融	--  	0.040	
08329	海王英特龙	0.00	7950	0.410	0.410	10000	20000	0.00	0.385	0.410	0.385	--  	0.00	6.10	0.000	医药医疗	--  	0.410	
08290	亚势备份	-2.27	7740	0.086	0.088	10000	90000	0.00	0.086	0.086	0.086	--  	0.00	0.00	-0.002	软件服务	--  	0.086	
08048	御德国际控股	6.76	7110	0.079	0.074	2000	90000	0.00	0.079	0.079	0.079	--  	0.00	0.00	0.005	软件服务	--  	0.079	
08121	超凡网络	-3.23	5910	0.120	0.124	10000	50000	0.00	0.116	0.120	0.115	--  	0.00	4.03	-0.004	媒体及娱乐	--  	0.120	
08295	中植资本国际	-3.57	5300	0.270	0.280	20000	20000	1.89	0.265	0.265	0.265	--  	0.00	0.00	-0.010	其他金融	--  	0.270	
08271	环球数码创意	0.00	5200	0.260	0.260	2000	20000	0.00	0.260	0.260	0.260	--  	0.00	0.00	0.000	媒体及娱乐	--  	0.260	
08125	仁德资源	-1.68	4680	1.170	1.190	4000	4000	0.00	1.170	1.170	1.170	--  	0.00	0.00	-0.020	建筑	--  	1.170	
08115	上海青浦消防	11.11	3560	0.900	0.810	4000	4000	1.12	0.890	0.890	0.890	--  	0.00	0.00	0.090	工业工程	--  	0.900	
08116	中国幸福投资	4.00	3500	0.078	0.075	20000	50000	0.00	0.071	0.078	0.071	--  	0.00	9.33	0.003	纺织服饰	--  	0.078	
08239	首都金融控股	-3.07	3036	0.158	0.163	2000	22800	3.95	0.132	0.152	0.132	--  	0.00	12.27	-0.005	其他金融	--  	0.158	
08337	直通电讯	-3.70	2600	0.052	0.054	10000	50000	0.00	0.052	0.052	0.052	--  	0.00	0.00	-0.002	电讯	--  	0.052	
08131	辰罡科技	0.00	162	0.168	0.168	10000	1014	0.00	--  	0.168	--  	--  	0.00	0.00	0.000	软件服务	--  	0.168	
08306	中国有色金属	0.00	0	0.201	0.201	10000	0	0.00	--  	0.201	--  	--  	0.00	0.00	0.000	一般金属	--  	0.201	
08297	芭迪贝伊	0.00	0	0.255	0.255	5000	0	0.00	--  	0.255	--  	--  	0.00	0.00	0.000	纺织服饰	--  	0.255	
08286	长城微光	0.00	0	0.350	0.350	5000	0	0.00	--  	0.350	--  	--  	0.00	0.00	0.000	信息器材	--  	0.350	
08281	中国金典集团	0.00	0	0.330	0.330	8000	0	0.00	--  	0.330	--  	--  	0.00	0.00	0.000	纺织服饰	--  	0.330	
08280	中国数字视频	0.00	0	1.000	1.000	2000	0	0.00	--  	1.000	--  	--  	0.00	0.00	0.000	媒体及娱乐	--  	1.000	
08273	浙江展望	0.00	0	1.510	1.510	2000	0	0.00	--  	1.510	--  	--  	0.00	0.00	0.000	汽车	--  	1.510	
08258	西北实业	0.00	0	0.295	0.295	10000	0	0.00	--  	0.295	--  	--  	0.00	0.00	0.000	工业工程	--  	0.295	
08247	中生北控生物科技	-1.87	0	2.100	2.140	2000	0	0.00	--  	2.100	--  	--  	0.00	0.00	-0.040	医药医疗	--  	2.100	
08246	北方新能源	0.00	0	0.300	0.300	8000	0	0.00	--  	0.300	--  	--  	0.00	0.00	0.000	工业工程	--  	0.300	
08235	赛迪顾问	0.00	0	0.305	0.305	10000	0	0.00	--  	0.305	--  	--  	0.00	0.00	0.000	软件服务	--  	0.305	
08229	FUTURE DATA	0.00	0	0.350	0.350	5000	0	0.00	--  	0.350	--  	--  	0.00	0.00	0.000	软件服务	--  	0.350	
08222	壹照明	0.00	0	0.229	0.229	4000	0	0.00	--  	0.229	--  	--  	0.00	0.00	0.000	家电及用品	--  	0.229	
08220	比高集团	0.00	0	0.078	0.078	20000	0	0.00	--  	0.078	--  	--  	0.00	0.00	0.000	媒体及娱乐	--  	0.078	
08215	FIRST CREDIT	0.00	0	0.108	0.108	20000	0	0.00	--  	0.108	--  	--  	0.00	0.00	0.000	其他金融	--  	0.108	
08213	新智控股	0.00	0	0.070	0.070	10000	0	0.00	--  	0.070	--  	--  	0.00	0.00	0.000	酒店及消闲	--  	0.070	
08212	誉满国际控股	0.00	0	0.160	0.160	8000	0	0.00	--  	0.160	--  	--  	0.00	0.00	0.000	其他金融	--  	0.160	
08211	浙江永安	0.00	0	0.255	0.255	10000	0	0.00	--  	0.255	--  	--  	0.00	0.00	0.000	纺织服饰	--  	0.255	
08205	交大慧谷	0.00	0	0.325	0.325	4000	0	0.00	--  	0.325	--  	--  	0.00	0.00	0.000	信息器材	--  	0.325	
08197	北斗嘉药业	0.00	0	0.520	0.520	10000	0	0.00	--  	0.520	--  	--  	0.00	0.00	0.000	医药医疗	--  	0.520	
08191	鸿伟亚洲	0.00	0	0.355	0.355	6000	0	0.00	--  	0.355	--  	--  	0.00	0.00	0.000	原材料	--  	0.355	
08190	康佰控股	0.00	0	0.070	0.070	10000	0	0.00	--  	0.070	--  	--  	0.00	0.00	0.000	家电及用品	--  	0.070	
08173	万亚企业控股	0.00	0	0.027	0.027	40000	0	0.00	--  	0.027	--  	--  	0.00	0.00	0.000	一般金属	--  	0.027	
08169	环康集团	0.00	0	0.172	0.172	10000	0	0.00	--  	0.172	--  	--  	0.00	0.00	0.000	工业工程	--  	0.172	
08162	港银控股	-1.45	0	0.340	0.345	10000	0	0.00	--  	0.340	--  	--  	0.00	0.00	-0.005	黄金贵金属	--  	0.340	
08159	辉煌科技	-1.61	0	0.610	0.620	5000	0	0.00	--  	0.610	--  	--  	0.00	0.00	-0.010	信息器材	--  	0.610	
08153	科地农业	0.00	0	0.228	0.228	5000	0	0.00	--  	0.228	--  	--  	0.00	0.00	0.000	工业工程	--  	0.228	
08150	无缝绿色	0.00	0	0.140	0.140	10000	0	0.00	--  	0.140	--  	--  	0.00	0.00	0.000	家电及用品	--  	0.140	
08135	正美丰业	0.00	0	0.430	0.430	5000	0	0.00	--  	0.430	--  	--  	0.00	0.00	0.000	汽车	--  	0.430	
08122	德莱建业	--  	0	0.000	--  	0	0	--  	--  	--  	--  	--  	0.00	--  	--  		--  	0.000	
08119	即时科研	-1.11	0	0.890	0.900	10000	0	0.00	--  	0.890	--  	--  	0.00	0.00	-0.010	地产	--  	0.890	
08103	万泰企业股份	-8.39	0	1.420	1.550	20000	0	0.00	--  	1.420	--  	--  	0.00	0.00	-0.130	软件服务	--  	1.420	
08098	昌利控股	0.00	0	0.176	0.176	10000	0	0.00	--  	0.176	--  	--  	0.00	0.00	0.000	其他金融	--  	0.176	
08093	万星控股	0.56	0	1.810	1.800	5000	0	0.00	--  	1.810	--  	--  	0.00	0.00	0.010	纺织服饰	--  	1.810	
08069	纵横游控股	0.00	0	0.800	0.800	5000	0	0.00	--  	0.800	--  	--  	0.00	0.00	0.000	酒店及消闲	--  	0.800	
08066	品创控股	-0.74	0	0.134	0.135	5000	0	0.00	--  	0.134	--  	--  	0.00	0.00	-0.001	石油天然气	--  	0.134	
08063	环球大通集团	0.00	0	0.124	0.124	50000	0	0.00	--  	0.124	--  	--  	0.00	0.00	0.000	酒店及消闲	--  	0.124	
08049	吉林长龙药业	0.00	0	1.590	1.590	4000	0	0.00	--  	1.590	--  	--  	0.00	0.00	0.000	医药医疗	--  	1.590	
08038	金力集团	--  	0	0.000	--  	0	0	--  	--  	--  	--  	--  	0.00	--  	--  		--  	0.000	
08033	爱达利网络	0.00	0	0.275	0.275	2000	0	0.00	--  	0.275	--  	--  	0.00	0.00	0.000	软件服务	--  	0.275	
08026	长达健康	0.00	0	0.410	0.410	1000	0	0.00	--  	0.410	--  	--  	0.00	0.00	0.000	医药医疗	--  	0.410	
08020	宏海控股集团	-0.95	0	0.208	0.210	10000	0	0.00	--  	0.208	--  	--  	0.00	0.00	-0.002	工用运输	--  	0.208	
08012	环宇物流（亚洲）	--  	0	0.000	--  	0	0	--  	--  	--  	--  	--  	0.00	--  	--  		--  	0.000	
08592	罗马集团股权	--  	0	0.000	--  	0	0	--  	--  	--  	--  	--  	0.00	--  	--  		--  	0.000	
08591	罗马集团（旧）	--  	0	0.000	--  	0	0	--  	--  	--  	--  	--  	0.00	--  	--  		--  	0.000	
08590	L&A INTL-OLD	--  	0	0.000	--  	0	0	--  	--  	--  	--  	--  	0.00	--  	--  		--  	0.000	
08442	桦欣控股	0.00	0	8.990	8.990	500	0	0.00	--  	8.990	--  	--  	0.00	0.00	0.000	纺织服饰	--  	8.990	
08428	国茂控股	-0.61	0	0.162	0.163	12000	0	0.00	--  	0.162	--  	--  	0.00	0.00	-0.001	酒店及消闲	--  	0.162	
08405	恒智控股	-1.16	0	0.850	0.860	4000	0	0.00	--  	0.850	--  	--  	0.00	0.00	-0.010	支援服务	--  	0.850	
08361	中国育儿网络	-2.92	0	1.330	1.370	2000	0	0.00	--  	1.330	--  	--  	0.00	0.00	-0.040	软件服务	--  	1.330	
08356	中国新华电视	0.00	0	0.075	0.075	10000	0	0.00	--  	0.075	--  	--  	0.00	0.00	0.000	建筑	--  	0.075	
08349	美固科技控股	-1.50	0	2.630	2.670	10000	0	0.00	--  	2.630	--  	--  	0.00	0.00	-0.040	建筑	--  	2.630	
08348	滨海泰达物流	0.00	0	1.250	1.250	2000	0	0.00	--  	1.250	--  	--  	0.00	0.00	0.000	工用支援	--  	1.250	
08345	火岩控股	0.00	0	4.800	4.800	2000	0	0.00	--  	4.800	--  	--  	0.00	0.00	0.000	软件服务	--  	4.800	
08343	宏光照明	0.00	0	0.880	0.880	5000	0	0.00	--  	0.880	--  	--  	0.00	0.00	0.000	工业工程	--  	0.880	
08341	艾硕控股	0.00	0	2.700	2.700	5000	0	0.00	--  	2.700	--  	--  	0.00	0.00	0.000	建筑	--  	2.700	
08316	柏荣集团控股	0.00	0	1.400	1.400	10000	0	0.00	--  	1.400	--  	--  	0.00	0.00	0.000	建筑	--  	1.400	
08312	中国瀚亚	0.00	0	0.590	0.590	10000	0	0.00	--  	0.590	--  	--  	0.00	0.00	0.000	纺织服饰	--  	0.590	
数据来源:通达信
