代码	名称	涨幅%%	总金额	现价	昨收	每手	总量	涨速%%	今开	最高	最低	抛空额	股息率%%	振幅%%	涨跌	细分行业	抛空量	按盘价	
02800	盈富基金	-0.25	603859456	28.450	28.520	500	21227110	-0.18	28.500	28.550	28.300	389855616	0.00	0.88	-0.070		13706500	28.450	
02828	恒生Ｈ股	-0.43	592326592	116.600	117.100	200	5080430	0.00	116.800	116.900	115.900	148307072	0.00	0.85	-0.500		1273000	116.600	
02822	南方Ａ５０	0.53	481220736	15.080	15.000	200	31966640	0.13	15.020	15.100	14.980	105622976	0.00	0.80	0.080		7018200	15.080	
02823	安硕Ａ５０	0.28	476565920	14.560	14.520	100	32790948	0.00	14.520	14.580	14.460	18002920	0.00	0.83	0.040		1238400	14.560	
03188	华夏沪深三百	0.31	280728224	48.250	48.100	200	5836564	0.00	48.000	48.250	47.900	61896352	0.00	0.73	0.150		1286800	48.250	
00823	领展房产基金	-0.38	197927888	65.550	65.800	500	3011595	-0.15	65.600	66.300	65.550	36888052	0.00	1.14	-0.250		561500	65.550	
07228	ＦＬ二　三星国指	-0.88	54952312	7.900	7.970	200	6987600	-0.13	7.870	7.910	7.810	2957928	0.00	1.25	-0.070		377600	7.900	
02778	冠君产业信托	-0.35	24455424	5.630	5.650	1000	4336513	-0.18	5.630	5.660	5.630	1630400	0.00	0.53	-0.020		289000	5.630	
00778	置富产业信托	0.21	22586112	9.450	9.430	1000	2395000	0.00	9.430	9.460	9.400	132220	0.00	0.64	0.020		14000	9.450	
07288	ＦＬ二南方国指	-0.94	17629388	9.460	9.550	100	1870400	0.00	9.430	9.490	9.350	--  	0.00	1.47	-0.090		--  	9.460	
00405	越秀房产信托基金	-0.20	14122670	4.920	4.930	1000	2866210	-0.20	4.930	4.940	4.920	246490	0.00	0.41	-0.010		50000	4.920	
07230	ＦＬ二未来国指	-0.91	12249757	19.680	19.860	100	626300	0.00	19.560	19.720	19.440	6250097	0.00	1.41	-0.180		319700	19.680	
87001	汇贤产业信托	0.00	11166437	3.040	3.040	1000	3672519	0.00	3.040	3.050	3.040	--  	0.00	0.33	0.000		--  	3.040	
82822	南方Ａ５０　Ｒ	0.16	9894183	12.800	12.780	200	774037	-0.16	12.760	12.820	12.760	--  	0.00	0.47	0.020		--  	12.800	
07300	ＦＩ南方恒指	0.17	8788592	5.810	5.800	100	1508300	0.00	5.840	5.840	5.800	--  	0.00	0.69	0.010		--  	5.810	
07388	ＦＩ南方国指	0.33	7861389	6.070	6.050	100	1293900	0.00	6.090	6.110	6.060	--  	0.00	0.83	0.020		--  	6.070	
07231	ＦＬ二未来恒指	-0.46	6292941	21.850	21.950	100	288300	-0.23	21.800	21.900	21.800	--  	0.00	0.46	-0.100		--  	21.850	
02840	ＳＰＤＲ金ＥＴＦ	0.58	5755621	946.000	940.500	10	6090	0.00	945.000	946.000	944.500	--  	0.00	0.16	5.500		--  	946.000	
07200	ＦＬ二南方恒指	-0.38	4992142	10.500	10.540	100	476200	-0.19	10.440	10.540	10.440	--  	0.00	0.95	-0.040		--  	10.500	
02836	安硕印度	0.43	4680930	23.400	23.300	200	200600	0.00	23.300	23.400	23.200	--  	0.00	0.86	0.100		--  	23.400	
83188	华夏沪深三百　Ｒ	0.00	4404068	41.000	41.000	200	107752	0.00	41.600	41.600	40.800	2551670	0.00	1.95	0.000		62400	41.000	
07341	ＦＩ华夏国指	0.60	3955883	6.740	6.700	100	586600	0.15	6.760	6.760	6.730	3236800	0.00	0.45	0.040		480000	6.740	
03167	南方中国新行业	0.90	3729295	72.750	72.100	50	51500	0.21	72.150	72.800	72.150	--  	0.00	0.90	0.650		--  	72.750	
03165	ＢＭＯ欧优股对冲	0.76	3087400	10.660	10.580	200	290000	0.00	10.620	10.660	10.620	--  	0.00	0.38	0.080		--  	10.660	
02848	ＤＢ韩国	1.64	3050350	619.000	609.000	10	4950	0.00	616.000	619.000	616.000	--  	0.00	0.49	10.000		--  	619.000	
02803	ＰＰ中国基石经济	1.21	3016675	8.390	8.290	500	361500	0.00	8.300	8.390	8.300	--  	0.00	1.09	0.100		--  	8.390	
07221	ＦＬ二华夏恒指	-0.34	2805572	11.620	11.660	100	241500	-0.17	11.580	11.660	11.580	--  	0.00	0.69	-0.040		--  	11.620	
03173	ＰＰ中国新经济	1.22	2711885	8.330	8.230	500	327500	-0.36	8.260	8.370	8.230	41800	0.00	1.70	0.100		5000	8.330	
03073	ＳＰＤＲ大中华	0.00	2611778	40.600	40.600	200	64600	0.00	--  	40.600	--  	--  	0.00	0.00	0.000		--  	40.600	
09010	安硕亚洲除日　Ｕ	0.57	2604402	7.040	7.000	100	370900	0.00	7.040	7.040	7.040	--  	0.00	0.00	0.040		--  	7.040	
03081	价值黄金	0.65	2510939	31.200	31.000	100	80540	0.00	31.150	31.200	31.050	468000	0.00	0.48	0.200		15000	31.200	
02827	Ｘ标智沪深３００	0.26	2509160	37.850	37.750	200	66600	0.13	37.500	37.950	37.500	--  	0.00	1.19	0.100		--  	37.850	
03087	ＸＤＢ富时越南	-0.29	2235712	209.800	210.400	10	10610	-0.10	208.000	211.800	208.000	--  	0.00	1.81	-0.600		--  	209.800	
00435	阳光房地产基金	-0.19	2131290	5.290	5.300	1000	404000	0.38	5.290	5.300	5.260	58190	0.00	0.75	-0.010		11000	5.290	
03127	未来沪深三百	0.76	2080000	16.000	15.880	100	130000	0.00	16.000	16.000	16.000	--  	0.00	0.00	0.120		--  	16.000	
07362	ＦＩ未来国指	0.63	2032000	12.700	12.620	100	160000	0.00	12.700	12.700	12.700	762000	0.00	0.00	0.080		60000	12.700	
01881	富豪产业信托	0.00	1850250	2.380	2.380	1000	776000	0.00	2.380	2.400	2.370	--  	0.00	1.26	0.000		--  	2.380	
07267	ＦＬ二华夏国指	-1.13	1650920	10.460	10.580	100	158400	0.00	10.420	10.480	10.420	--  	0.00	0.57	-0.120		--  	10.460	
00808	泓富产业信托	0.30	1637510	3.330	3.320	1000	493000	0.00	3.300	3.330	3.300	--  	0.00	0.90	0.010		--  	3.330	
07222	ＸＬ二未来标普	-0.46	1435700	21.650	21.750	100	67000	0.70	21.400	21.650	21.400	--  	0.00	1.15	-0.100		--  	21.650	
02833	恒指ＥＴＦ	-0.96	1387395	288.200	291.000	100	4804	-0.28	288.000	289.400	288.000	--  	0.00	0.48	-2.800		--  	288.200	
01426	春泉产业信托	0.59	1351400	3.430	3.410	1000	395000	0.59	3.420	3.440	3.400	51320	0.00	1.17	0.020		15000	3.430	
00820	汇丰中国翔龙基金	0.75	1325271	10.800	10.720	500	123102	0.00	10.720	10.800	10.700	--  	0.00	0.93	0.080		--  	10.800	
03095	价值中国Ａ股	-0.24	1264520	8.230	8.250	500	153500	0.00	8.250	8.250	8.220	--  	0.00	0.36	-0.020		--  	8.230	
03115	安硕恒生指数	-0.19	1264335	104.300	104.500	10	12130	-0.10	104.900	104.900	104.000	--  	0.00	0.86	-0.200		--  	104.300	
82823	安硕Ａ５０　Ｒ	0.00	1236000	12.360	12.360	100	100000	0.00	12.360	12.360	12.360	--  	0.00	0.00	0.000		--  	12.360	
03161	易亚ＣＨＩＭＥＲ	-0.16	1153900	12.700	12.720	200	91000	0.00	12.680	12.700	12.680	--  	0.00	0.16	-0.020		--  	12.700	
03128	恒生Ａ股龙头	0.00	1138770	56.500	56.500	200	20200	0.00	56.450	56.500	56.300	--  	0.00	0.35	0.000		--  	56.500	
07205	ＦＬ二　三星恒指	-0.57	1134232	8.730	8.780	200	130000	0.00	8.720	8.730	8.720	--  	0.00	0.11	-0.050		--  	8.730	
03010	安硕亚洲除日	0.82	1020200	55.200	54.750	100	18522	0.27	54.800	55.250	54.800	385100	0.00	0.82	0.450		7000	55.200	
03049	ＸＤＢ沪深三百	0.00	975249	8.010	8.010	300	122100	0.00	7.980	8.020	7.950	--  	0.00	0.87	0.000		--  	8.010	
03140	领航标普５００	0.00	956073	18.360	18.360	100	52088	0.00	18.360	18.360	18.340	--  	0.00	0.11	0.000		--  	18.360	
83115	安硕恒生指数　Ｒ	-0.67	884000	88.550	89.150	10	10000	0.17	88.400	88.400	88.400	--  	0.00	0.00	-0.600		--  	88.550	
03147	南方中创业板	1.13	840004	8.060	7.970	200	104400	-0.12	8.020	8.080	8.010	--  	0.00	0.88	0.090		--  	8.060	
03092	ＤＢ泰国	0.74	757853	191.600	190.200	25	3950	-0.42	191.100	192.400	191.100	--  	0.00	0.68	1.400		--  	191.600	
07210	ＸＬ二易亚ＣＨＩ	-0.61	728348	16.220	16.320	200	45000	0.00	16.180	16.220	16.140	--  	0.00	0.49	-0.100		--  	16.220	
82828	恒生Ｈ股　Ｒ	-0.80	654080	99.100	99.900	200	6600	0.00	99.050	99.200	99.050	555030	0.00	0.15	-0.800		5600	99.100	
03099	ＸＤＢ印尼	0.50	633440	119.900	119.300	25	5300	0.00	119.500	119.900	119.300	--  	0.00	0.50	0.600		--  	119.900	
83012	东汇香港３５　Ｒ	-0.44	632150	18.100	18.180	500	35000	0.22	18.040	18.100	18.040	--  	0.00	0.33	-0.080		--  	18.100	
02802	安硕亚洲新兴	0.45	552500	55.250	55.000	200	10000	0.00	55.250	55.250	55.250	--  	0.00	0.00	0.250		--  	55.250	
07321	ＦＩ华夏恒指	0.31	520178	6.460	6.440	100	80400	-0.15	6.470	6.480	6.460	--  	0.00	0.31	0.020		--  	6.460	
07242	ＦＬ二易方达恒指	-0.45	415618	6.610	6.640	100	63100	-0.15	6.590	6.620	6.560	--  	0.00	0.90	-0.030		--  	6.610	
03118	嘉实明晟Ａ股	0.36	364780	16.660	16.600	100	22000	0.00	16.560	16.660	16.560	--  	0.00	0.60	0.060		--  	16.660	
07312	ＦＩ　三星恒指	0.21	340200	4.860	4.850	200	70000	0.00	4.860	4.860	4.860	--  	0.00	0.00	0.010		--  	4.860	
03170	安硕韩国二百	1.41	262960	11.500	11.340	100	23000	0.52	11.400	11.440	11.400	--  	0.00	0.35	0.160		--  	11.500	
03199	南方五年国债	0.17	250880	119.300	119.100	20	2100	0.00	119.500	119.500	119.300	--  	0.00	0.17	0.200		--  	119.300	
02821	沛富基金	0.75	247118	114.500	113.650	10	2164	0.04	113.800	114.500	113.800	--  	0.00	0.62	0.850		--  	114.500	
02801	安硕中国ＥＴＦ	0.00	191450	27.300	27.300	200	7000	0.00	27.500	27.500	27.300	--  	0.00	0.73	0.000		--  	27.300	
03141	ＢＭＯ亚洲投资债	0.32	188800	15.550	15.500	200	12176	0.00	15.500	15.550	15.500	--  	0.00	0.32	0.050		--  	15.550	
09115	安硕恒生指数　Ｕ	-0.45	180226	13.360	13.420	10	13490	0.00	13.360	13.360	13.360	--  	0.00	0.00	-0.060		--  	13.360	
02846	安硕沪深三百	0.81	167595	31.250	31.000	100	5400	0.00	31.000	31.250	31.000	--  	0.00	0.81	0.250		--  	31.250	
02811	海通沪深三百	0.12	155536	16.940	16.920	200	9200	0.00	16.920	16.940	16.900	--  	0.00	0.24	0.020		--  	16.940	
02805	领航富时亚洲	0.41	148105	24.350	24.250	100	6100	0.00	24.300	24.350	24.150	--  	0.00	0.82	0.100		--  	24.350	
03175	Ｆ三星原油期	0.00	136840	11.420	11.420	200	12000	0.00	11.400	11.420	11.400	--  	0.00	0.18	0.000		--  	11.420	
82843	东汇Ａ５０　Ｒ	0.00	127000	12.740	12.740	200	10000	0.31	12.700	12.700	12.700	--  	0.00	0.00	0.000		--  	12.740	
03101	领航富时发展欧洲	0.51	123709	19.540	19.440	100	6333	0.00	19.540	19.540	19.500	--  	0.00	0.21	0.100		--  	19.540	
03084	价值日本ＥＴＦ	-1.07	97914	14.800	14.960	300	6600	0.00	14.960	14.960	14.800	--  	0.00	1.07	-0.160		--  	14.800	
09074	安硕ＭＳ台湾　Ｕ	0.70	92304	1.440	1.430	100	64700	0.00	1.430	1.440	1.420	--  	0.00	1.40	0.010		--  	1.440	
03126	领航富时日本	0.19	85985	26.050	26.000	100	3300	0.00	26.150	26.150	26.050	--  	0.00	0.38	0.050		--  	26.050	
03020	ＸＤＢ美国	-0.19	79725	531.500	532.500	15	150	0.00	531.500	531.500	531.500	--  	0.00	0.00	-1.000		--  	531.500	
02825	标智香港１００	-0.19	76950	25.700	25.750	200	3000	0.19	25.650	25.650	25.650	--  	0.00	0.00	-0.050		--  	25.700	
03110	未来恒生高股息率	0.00	64290	29.200	29.200	100	2200	-0.17	29.250	29.250	29.100	--  	0.00	0.51	0.000		--  	29.200	
82811	海通沪深三百　Ｒ	-0.27	63952	14.560	14.600	200	4400	0.55	14.560	14.560	14.480	43680	0.00	0.55	-0.040		3000	14.560	
02834	安硕纳指一百	0.35	57960	11.600	11.560	100	5000	0.35	11.560	11.600	11.560	--  	0.00	0.35	0.040		--  	11.600	
03048	ＤＢ巴西	-2.05	57433	35.900	36.650	50	1600	0.42	35.900	35.900	35.750	--  	0.00	0.41	-0.750		--  	35.900	
83100	易方达中一百　Ｒ	-0.25	54025	40.000	40.100	100	1351	0.00	40.000	40.000	39.900	--  	0.00	0.25	-0.100		--  	40.000	
03012	东汇香港３５	0.00	53375	21.350	21.350	500	2500	0.00	21.350	21.350	21.350	--  	0.00	0.00	0.000		--  	21.350	
02832	博时ＦＡ５０	0.13	53040	7.590	7.580	100	7000	0.00	7.560	7.590	7.560	--  	0.00	0.40	0.010		--  	7.590	
83199	南方五年国债　Ｒ	-0.25	52882	101.600	101.850	20	520	0.00	101.700	101.700	101.600	--  	0.00	0.10	-0.250		--  	101.600	
07261	ＦＬ二华夏纳一百	0.61	49200	24.600	24.450	100	2000	0.00	24.600	24.600	24.600	--  	0.00	0.00	0.150		--  	24.600	
83170	安硕韩国二百　Ｒ	1.14	48600	9.790	9.680	100	5000	0.72	9.720	9.720	9.720	--  	0.00	0.00	0.110		--  	9.790	
03016	ＤＢ菲律宾	0.00	47400	15.820	15.820	200	3000	0.13	15.800	15.800	15.800	--  	0.00	0.00	0.000		--  	15.820	
03070	平安香港高息股	0.65	46200	30.900	30.700	100	1500	0.00	30.750	30.900	30.750	--  	0.00	0.49	0.200		--  	30.900	
03019	ＸＤＢ环球	-0.11	44125	44.100	44.150	125	1000	0.00	44.150	44.150	44.100	--  	0.00	0.11	-0.050		--  	44.100	
03143	ＢＭＯ香港银行股	-1.19	36640	9.160	9.270	200	4000	0.00	9.160	9.160	9.160	--  	0.00	0.00	-0.110		--  	9.160	
83168	恒生人币金ＥＴＦ	0.00	35475	23.700	23.700	100	1500	0.00	--  	23.700	--  	--  	0.00	0.00	0.000		--  	23.700	
03041	价值韩国ＥＴＦ	1.51	33650	33.650	33.150	100	1000	0.00	33.650	33.650	33.650	--  	0.00	0.00	0.500		--  	33.650	
03085	领航亚洲高股息率	0.22	28806	22.600	22.550	100	1278	0.00	22.550	22.600	22.550	--  	0.00	0.22	0.050		--  	22.600	
02819	ＡＢＦ港债指数	0.00	24197	102.600	102.600	100	237	0.00	102.000	102.600	102.000	--  	0.00	0.58	0.000		--  	102.600	
03027	ＸＤＢ俄罗斯	-0.72	24110	19.240	19.380	125	1250	0.00	19.400	19.400	19.240	--  	0.00	0.83	-0.140		--  	19.240	
07225	ＦＬ二未来东证	-0.12	23212	16.580	16.600	200	1400	0.00	16.580	16.580	16.580	--  	0.00	0.00	-0.020		--  	16.580	
03046	价值中国ＥＴＦ	-0.88	22575	45.150	45.550	100	500	0.00	45.150	45.150	45.150	--  	0.00	0.00	-0.400		--  	45.150	
83118	嘉实明晟Ａ股　Ｒ	-0.14	19740	14.160	14.180	100	1400	0.43	14.100	14.100	14.100	--  	0.00	0.00	-0.020		--  	14.160	
82832	博时ＦＡ５０　Ｒ	0.00	19300	6.440	6.440	100	3000	0.00	6.430	6.440	6.430	--  	0.00	0.16	0.000		--  	6.440	
03122	南方东英短债	0.26	17453	174.600	174.150	10	100	0.00	174.450	174.600	174.450	--  	0.00	0.09	0.450		--  	174.600	
09836	安硕印度　Ｕ	0.33	15000	3.000	2.990	200	5000	0.00	3.000	3.000	3.000	--  	0.00	0.00	0.010		--  	3.000	
83162	安硕ＭＡ中国　Ｒ	-0.53	11120	7.440	7.480	100	1500	0.40	7.420	7.420	7.410	--  	0.00	0.13	-0.040		--  	7.440	
83128	恒生Ａ股龙头　Ｒ	-0.10	9580	48.000	48.050	200	200	0.21	47.900	47.900	47.900	--  	0.00	0.00	-0.050		--  	48.000	
83132	添富中证医药　Ｒ	0.21	7556	18.940	18.900	200	400	0.00	18.840	18.940	18.840	--  	0.00	0.53	0.040		--  	18.940	
03162	安硕ＭＡ中国	-0.23	4380	8.770	8.790	100	500	0.11	8.760	8.760	8.760	--  	0.00	0.00	-0.020		--  	8.770	
03145	ＢＭＯ亚洲高息股	0.20	1960	9.810	9.790	200	200	0.10	9.800	9.800	9.800	--  	0.00	0.00	0.020		--  	9.810	
03021	南方东英ＭＴ５０	-0.39	1515	5.050	5.070	300	300	0.00	5.050	5.050	5.050	--  	0.00	0.00	-0.020		--  	5.050	
07315	ＦＩ未来东证	-0.14	1478	7.390	7.400	200	200	0.00	7.390	7.390	7.390	--  	0.00	0.00	-0.010		--  	7.390	
83136	嘉实明晟５０　Ｒ	0.00	0	13.840	13.840	200	0	0.00	--  	13.840	--  	--  	0.00	0.00	0.000		--  	13.840	
83129	南方三百精明　Ｒ	0.00	0	13.640	13.640	200	0	0.00	--  	13.640	--  	--  	0.00	0.00	0.000		--  	13.640	
83127	未来沪深三百　Ｒ	0.00	0	13.520	13.520	100	0	0.00	--  	13.520	--  	--  	0.00	0.00	0.000		--  	13.520	
83122	南方东英短债　Ｒ	0.00	0	147.950	147.950	10	0	0.00	--  	147.950	--  	--  	0.00	0.00	0.000		--  	147.950	
83120	易方达１２０　Ｒ	0.00	0	13.700	13.700	100	0	0.00	--  	13.700	--  	--  	0.00	0.00	0.000		--  	13.700	
83107	添富主要消费　Ｒ	0.00	0	17.440	17.440	200	0	0.00	--  	17.440	--  	--  	0.00	0.00	0.000		--  	17.440	
83095	价值中国Ａ股　Ｒ	0.00	0	7.040	7.040	500	0	0.00	--  	7.040	--  	--  	0.00	0.00	0.000		--  	7.040	
83081	价值黄金　Ｒ	0.00	0	26.450	26.450	100	0	0.00	--  	26.450	--  	--  	0.00	0.00	0.000		--  	26.450	
83074	安硕ＭＳ台湾　Ｒ	0.00	0	9.550	9.550	100	0	0.00	--  	9.550	--  	--  	0.00	0.00	0.000		--  	9.550	
83010	安硕亚洲除日　Ｒ	0.22	0	46.250	46.150	100	0	0.00	--  	46.250	--  	--  	0.00	0.00	0.100		--  	46.250	
83008	添富沪深三百　Ｒ	0.00	0	17.040	17.040	200	0	0.00	--  	17.040	--  	--  	0.00	0.00	0.000		--  	17.040	
82847	安硕富时一百　Ｒ	0.00	0	7.860	7.860	100	0	0.00	--  	7.860	--  	--  	0.00	0.00	0.000		--  	7.860	
82846	安硕沪深三百　Ｒ	0.00	0	26.350	26.350	100	0	0.00	--  	26.350	--  	--  	0.00	0.00	0.000		--  	26.350	
82836	安硕印度　Ｒ	0.00	0	19.860	19.860	200	0	0.00	--  	19.860	--  	--  	0.00	0.00	0.000		--  	19.860	
82834	安硕纳指一百　Ｒ	0.00	0	9.830	9.830	100	0	0.00	--  	9.830	--  	--  	0.00	0.00	0.000		--  	9.830	
82833	恒指ＥＴＦ　Ｒ	-0.41	0	245.800	246.800	100	0	0.00	--  	245.800	--  	--  	0.00	0.00	-1.000		--  	245.800	
82808	易方达国债　Ｒ	0.00	0	112.200	112.200	10	0	0.00	--  	112.200	--  	--  	0.00	0.00	0.000		--  	112.200	
09847	安硕富时一百　Ｕ	0.00	0	1.190	1.190	100	0	0.00	--  	1.190	--  	--  	0.00	0.00	0.000		--  	1.190	
09846	安硕沪深三百　Ｕ	0.00	0	3.960	3.960	100	0	0.00	--  	3.960	--  	--  	0.00	0.00	0.000		--  	3.960	
09834	安硕纳指一百　Ｕ	0.68	0	1.480	1.470	100	0	0.00	--  	1.480	--  	--  	0.00	0.00	0.010		--  	1.480	
09170	安硕韩国二百　Ｕ	1.38	0	1.470	1.450	100	0	0.00	--  	1.470	--  	--  	0.00	0.00	0.020		--  	1.470	
09155	安硕ＥＳ５０　Ｕ	0.00	0	1.350	1.350	100	0	0.00	--  	1.350	--  	--  	0.00	0.00	0.000		--  	1.350	
09146	安硕ＤＡＸ　Ｕ	0.00	0	1.390	1.390	100	0	0.00	--  	1.390	--  	--  	0.00	0.00	0.000		--  	1.390	
09081	价值黄金　Ｕ	0.00	0	4.050	4.050	100	0	0.00	--  	4.050	--  	--  	0.00	0.00	0.000		--  	4.050	
07336	ＦＩ未来恒指	0.33	0	12.160	12.120	100	0	0.00	--  	12.160	--  	--  	0.00	0.00	0.040		--  	12.160	
07335	ＦＩ南方Ｎ５０	0.00	0	13.000	13.000	100	0	0.00	--  	13.000	--  	--  	0.00	0.00	0.000		--  	13.000	
07331	ＦＩ华夏纳一百	0.00	0	11.820	11.820	100	0	0.00	--  	11.820	--  	--  	0.00	0.00	0.000		--  	11.820	
07328	ＦＩ　三星国指	0.60	0	5.070	5.040	200	0	0.00	--  	5.070	--  	--  	0.00	0.00	0.030		--  	5.070	
07322	ＸＩ未来标普	0.00	0	12.600	12.600	100	0	0.00	--  	12.600	--  	--  	0.00	0.00	0.000		--  	12.600	
07302	ＦＩ易方达恒指	0.19	0	5.150	5.140	100	0	0.00	--  	5.150	--  	--  	0.00	0.00	0.010		--  	5.150	
07202	ＦＬ二南方Ｎ５０	-0.10	0	19.180	19.200	100	0	0.00	--  	19.180	--  	--  	0.00	0.00	-0.020		--  	19.180	
04363	ＩＳ台湾基金ＴＲ	--  	0	36.500	36.500	50	0	--  	--  	--  	--  	--  	0.00	0.00	--  		--  	0.000	
04362	ＩＳ南韩基金ＴＲ	--  	0	70.450	70.450	50	0	--  	--  	--  	--  	--  	0.00	0.00	--  		--  	0.000	
03180	华夏中华八十	0.00	0	15.140	15.140	200	0	0.00	--  	15.140	--  	--  	0.00	0.00	0.000		--  	15.140	
03177	ＣＯＭＳ德高息股	0.00	0	166.900	166.900	20	0	0.00	--  	166.900	--  	--  	0.00	0.00	0.000		--  	166.900	
03171	ＣＯＭＳ德股	0.08	0	118.800	118.700	25	0	0.00	--  	118.800	--  	--  	0.00	0.00	0.100		--  	118.800	
03160	ＢＭＯ日股对冲	0.00	0	11.100	11.100	200	0	0.00	--  	11.100	--  	--  	0.00	0.00	0.000		--  	11.100	
03157	华夏港股通小型股	0.59	0	25.750	25.600	200	0	0.00	--  	25.750	--  	--  	0.00	0.00	0.150		--  	25.750	
03156	广发明晟Ａ国	0.00	0	10.040	10.040	200	0	0.00	--  	10.040	--  	--  	0.00	0.00	0.000		--  	10.040	
03155	安硕ＥＳ５０	0.19	0	10.520	10.500	100	0	0.00	--  	10.520	--  	--  	0.00	0.00	0.020		--  	10.520	
03153	未来亚洲医疗保健	0.00	0	11.660	11.660	200	0	0.00	--  	11.660	--  	--  	0.00	0.00	0.000		--  	11.660	
03150	嘉实中证五百	0.00	0	6.020	6.020	200	0	0.00	--  	6.020	--  	--  	0.00	0.00	0.000		--  	6.020	
03149	南方ＭＡ国际	0.00	0	13.880	13.880	200	0	0.00	--  	13.880	--  	--  	0.00	0.00	0.000		--  	13.880	
03146	安硕ＤＡＸ	0.00	0	10.840	10.840	100	0	0.00	--  	10.840	--  	--  	0.00	0.00	0.000		--  	10.840	
03137	南方中华８０	0.00	0	34.650	34.650	200	0	0.00	--  	34.650	--  	--  	0.00	0.00	0.000		--  	34.650	
03136	嘉实明晟５０	0.00	0	16.260	16.260	200	0	0.00	--  	16.260	--  	--  	0.00	0.00	0.000		--  	16.260	
03135	Ｆ南方东英原油	0.00	0	7.440	7.440	300	0	0.00	--  	7.440	--  	--  	0.00	0.00	0.000		--  	7.440	
03132	添富中证医药	0.00	0	21.950	21.950	200	0	0.00	--  	21.950	--  	--  	0.00	0.00	0.000		--  	21.950	
03129	南方三百精明	0.00	0	16.000	16.000	200	0	0.00	--  	16.000	--  	--  	0.00	0.00	0.000		--  	16.000	
03121	ＢＭＯ亚太房地产	0.00	0	10.800	10.800	200	0	0.00	--  	10.800	--  	--  	0.00	0.00	0.000		--  	10.800	
03120	易方达１２０	0.00	0	16.060	16.060	100	0	0.00	--  	16.060	--  	--  	0.00	0.00	0.000		--  	16.060	
03116	易亚富时黄金矿业	1.08	0	8.440	8.350	200	0	0.00	--  	8.440	--  	--  	0.00	0.00	0.090		--  	8.440	
03107	添富主要消费	0.00	0	20.700	20.700	200	0	0.00	--  	20.700	--  	--  	0.00	0.00	0.000		--  	20.700	
03102	易亚证券收益增长	0.19	0	10.500	10.480	200	0	0.00	--  	10.500	--  	--  	0.00	0.00	0.020		--  	10.500	
03100	易方达中一百	0.00	0	46.900	46.900	100	0	0.00	--  	46.900	--  	--  	0.00	0.00	0.000		--  	46.900	
03097	Ｆ未来原油	0.00	0	4.490	4.490	500	0	0.00	--  	4.490	--  	--  	0.00	0.00	0.000		--  	4.490	
03086	ＢＭＯ纳斯达克	0.32	0	12.620	12.580	200	0	0.00	--  	12.620	--  	--  	0.00	0.00	0.040		--  	12.620	
03082	ＤＢ马来西亚	0.00	0	92.500	92.500	30	0	0.00	--  	92.500	--  	--  	0.00	0.00	0.000		--  	92.500	
03074	安硕ＭＳ台湾	0.18	0	11.220	11.200	100	0	0.00	--  	11.220	--  	--  	0.00	0.00	0.020		--  	11.220	
03065	ＤＢ新加坡	0.55	0	10.920	10.860	500	0	0.00	--  	10.920	--  	--  	0.00	0.00	0.060		--  	10.920	
03060	价值台湾ＥＴＦ	0.00	0	40.200	40.200	100	0	0.00	--  	40.200	--  	--  	0.00	0.00	0.000		--  	40.200	
03056	未来标普国际消费	0.00	0	33.250	33.250	500	0	0.00	--  	33.250	--  	--  	0.00	0.00	0.000		--  	33.250	
03055	ＤＢ中国	0.00	0	143.600	143.600	50	0	0.00	--  	143.600	--  	--  	0.00	0.00	0.000		--  	143.600	
03054	未来标普亚洲消费	0.00	0	25.150	25.150	500	0	0.00	--  	25.150	--  	--  	0.00	0.00	0.000		--  	25.150	
03043	ＤＢ太平洋	0.00	0	45.750	45.750	100	0	0.00	--  	45.750	--  	--  	0.00	0.00	0.000		--  	45.750	
03040	未来ＭＳＣＩ中国	0.61	0	33.250	33.050	100	0	0.00	--  	33.250	--  	--  	0.00	0.00	0.200		--  	33.250	
03036	ＤＢ台湾	0.18	0	226.400	226.000	25	0	0.00	--  	226.400	--  	--  	0.00	0.00	0.400		--  	226.400	
03024	标智上证５０	0.00	0	26.650	26.650	100	0	0.00	--  	26.650	--  	--  	0.00	0.00	0.000		--  	26.650	
03015	ＸＤＢＮ５０印度	0.16	0	1244.000	1242.000	5	0	0.00	--  	1244.000	--  	--  	0.00	0.00	2.000		--  	1244.000	
03008	添富沪深三百	0.00	0	20.150	20.150	200	0	0.00	--  	20.150	--  	--  	0.00	0.00	0.000		--  	20.150	
03007	ＤＢ富时５０	-0.06	0	307.800	308.000	10	0	0.00	--  	307.800	--  	--  	0.00	0.00	-0.200		--  	307.800	
02847	安硕富时一百	0.33	0	9.250	9.220	100	0	0.00	--  	9.250	--  	--  	0.00	0.00	0.030		--  	9.250	
02843	东汇Ａ５０	0.13	0	14.980	14.960	200	0	0.00	--  	14.980	--  	--  	0.00	0.00	0.020		--  	14.980	
02839	标智港股内地地产	0.00	0	10.020	10.020	500	0	0.00	--  	10.020	--  	--  	0.00	0.00	0.000		--  	10.020	
02838	恒生富时中国５０	0.00	0	202.400	202.400	100	0	0.00	--  	202.400	--  	--  	0.00	0.00	0.000		--  	202.400	
02835	未来ＫＯＳＰＩ	1.38	0	25.650	25.300	500	0	0.00	--  	25.650	--  	--  	0.00	0.00	0.350		--  	25.650	
02824	力宝专选中港地产	0.35	0	71.900	71.650	100	0	0.00	--  	71.900	--  	--  	0.00	0.00	0.250		--  	71.900	
02817	标智港股内地消费	0.00	0	9.090	9.090	500	0	0.00	--  	9.090	--  	--  	0.00	0.00	0.000		--  	9.090	
02808	易方达国债	0.00	0	131.950	131.950	10	0	0.00	--  	131.950	--  	--  	0.00	0.00	0.000		--  	131.950	
01275	开元产业信托	0.00	0	2.380	2.380	1000	0	0.00	--  	2.380	--  	--  	0.00	0.00	0.000		--  	2.380	
00625	睿富房地产基金	0.00	0	4.350	4.350	1000	0	0.00	--  	4.350	--  	--  	0.00	0.00	0.000		--  	4.350	
83180	华夏中华八十　Ｒ	0.00	0	12.860	12.860	200	0	0.00	--  	12.860	--  	--  	0.00	0.00	0.000		--  	12.860	
83156	广发明晟Ａ国　Ｒ	0.00	0	8.600	8.600	200	0	0.00	--  	8.600	--  	--  	0.00	0.00	0.000		--  	8.600	
83155	安硕ＥＳ５０　Ｒ	0.34	0	8.950	8.920	100	0	0.00	--  	8.950	--  	--  	0.00	0.00	0.030		--  	8.950	
83150	嘉实中证五百　Ｒ	0.00	0	5.120	5.120	200	0	0.00	--  	5.120	--  	--  	0.00	0.00	0.000		--  	5.120	
83149	南方ＭＡ国际　Ｒ	0.00	0	11.840	11.840	200	0	0.00	--  	11.840	--  	--  	0.00	0.00	0.000		--  	11.840	
83147	南方中创业板　Ｒ	0.44	0	6.840	6.810	200	0	0.00	--  	6.840	--  	--  	0.00	0.00	0.030		--  	6.840	
83146	安硕ＤＡＸ　Ｒ	0.00	0	9.220	9.220	100	0	0.00	--  	9.220	--  	--  	0.00	0.00	0.000		--  	9.220	
83137	南方中华８０　Ｒ	0.00	0	29.550	29.550	200	0	0.00	--  	29.550	--  	--  	0.00	0.00	0.000		--  	29.550	
数据来源:通达信
