代码	名称	涨幅%%	总金额	现价	昨收	每手	总量	涨速%%	今开	最高	最低	抛空额	股息率%%	振幅%%	涨跌	细分行业	抛空量	按盘价	
08228	国艺娱乐	-21.00	119333744	0.395	0.500	20000	311121984	3.95	0.500	0.510	0.275	--  	0.00	47.00	-0.105	媒体及娱乐	--  	0.395	
08291	万成金属包装	4.84	76898152	4.330	4.130	5000	18850000	1.41	4.180	4.330	3.880	--  	0.00	10.90	0.200	工用支援	--  	4.330	
08226	树熊金融集团	-3.51	47335172	0.275	0.285	4000	177486000	-1.79	0.285	0.290	0.265	--  	0.00	8.77	-0.010	农业产品	--  	0.275	
08207	中新控股	0.00	38070280	1.010	1.010	4000	37928000	0.00	1.010	1.010	1.000	392000	0.00	0.99	0.000	其他金融	392000	1.010	
08257	靖洋集团	0.00	30365602	1.000	1.000	10000	30680000	1.01	1.000	1.060	0.940	--  	0.00	12.00	0.000	半导体	--  	1.000	
08059	朝威控股	0.00	27430452	0.590	0.590	5000	46425000	-1.67	0.590	0.600	0.580	--  	0.00	3.39	0.000	建筑	--  	0.590	
08022	永耀集团控股	2.30	24803704	0.890	0.870	3000	28417564	2.30	0.880	0.900	0.830	--  	0.00	8.05	0.020	酒店及消闲	--  	0.890	
08383	东骏控股	34.62	22496802	1.050	0.780	8000	24072000	1.94	0.780	1.080	0.780	--  	0.00	38.46	0.270	工用支援	--  	1.050	
08373	靛蓝星	25.00	19643100	1.500	1.200	5000	14285000	7.14	1.200	1.530	1.170	--  	0.00	30.00	0.300	建筑	--  	1.500	
08090	中国融保金融集团	6.36	18646440	1.170	1.100	2000	16274000	2.63	1.060	1.180	1.060	--  	0.00	10.91	0.070	其他金融	--  	1.170	
08227	西安海天天	1.23	18087200	6.600	6.520	4000	2744000	0.46	6.540	6.660	6.510	--  	0.00	2.30	0.080	信息器材	--  	6.600	
08471	新达控股	13.33	16229001	0.425	0.375	10000	39580000	1.19	0.375	0.460	0.375	--  	0.00	22.67	0.050	纺织服饰	--  	0.425	
08133	铸能控股	0.00	15024401	0.300	0.300	20000	50920000	0.00	0.300	0.300	0.295	--  	0.00	1.67	0.000	工业工程	--  	0.300	
08462	桥英控股	1.19	13636651	0.850	0.840	5000	15155000	-1.16	0.850	0.980	0.830	--  	0.00	17.86	0.010	支援服务	--  	0.850	
08275	永勤集团控股	24.10	13327101	1.030	0.830	10000	13950000	6.19	0.830	1.040	0.830	--  	0.00	25.30	0.200	建筑	--  	1.030	
08101	家梦控股	0.00	11959433	0.087	0.087	4000	130524000	-6.45	0.088	0.094	0.083	--  	0.00	12.64	0.000	家电及用品	--  	0.087	
08425	兴铭控股	0.79	10310560	1.270	1.260	4000	8328000	0.79	1.280	1.280	1.230	--  	0.00	3.97	0.010	建筑	--  	1.270	
08137	洪桥集团	1.76	10270900	1.730	1.700	2000	5984000	0.58	1.700	1.730	1.680	41020	0.00	2.94	0.030	工业工程	24000	1.730	
08325	中国支付通	10.99	9948200	1.010	0.910	10000	10090000	1.00	0.920	1.020	0.920	--  	0.00	10.99	0.100	软件服务	--  	1.010	
08118	濠亮环球	-1.56	8749520	0.630	0.640	8000	13936000	0.00	0.650	0.690	0.570	--  	0.00	18.75	-0.010	家电及用品	--  	0.630	
08413	亚洲杂货	-0.98	8633300	1.010	1.020	10000	7690000	-0.98	1.070	1.350	0.990	--  	0.00	35.29	-0.010	食物饮品	--  	1.010	
08392	舍图控股	-0.55	8050401	1.810	1.820	10000	4470000	2.84	1.860	1.870	1.670	--  	0.00	10.99	-0.010	家电及用品	--  	1.810	
08352	成安控股	0.00	7837051	0.335	0.335	10000	23540000	0.00	0.350	0.355	0.305	--  	0.00	14.93	0.000	建筑	--  	0.335	
08410	安领国际	-0.63	7778301	1.570	1.580	10000	5060000	-0.63	1.600	1.600	1.480	--  	0.00	7.59	-0.010	软件服务	--  	1.570	
08265	中国之信集团	-0.32	6909201	3.090	3.100	4000	2236000	0.00	3.090	3.100	3.080	--  	0.00	0.65	-0.010	工用支援	--  	3.090	
08376	方圆房服集团	5.71	6507361	0.740	0.700	4000	9212000	1.37	0.700	0.740	0.680	--  	0.00	8.57	0.040	地产	--  	0.740	
08370	智升集团控股	7.87	6476161	4.800	4.450	8000	1408000	14.01	4.810	4.810	4.190	38160	0.00	13.93	0.350	家电及用品	8000	4.800	
08469	盛业资本	4.36	6434901	5.990	5.740	2000	1110000	4.36	5.780	6.100	5.700	--  	0.00	6.97	0.250	其他金融	--  	5.990	
08156	众彩股份	2.53	5711301	0.810	0.790	5000	7270000	1.25	0.800	0.810	0.770	--  	0.00	5.06	0.020	酒店及消闲	--  	0.810	
08455	礼建德集团	-6.21	5172750	1.360	1.450	10000	3813000	-2.16	1.430	1.440	1.300	--  	0.00	9.66	-0.090	建筑	--  	1.360	
08129	云信投资控股	16.90	5121360	0.083	0.071	20000	60700000	-3.49	0.070	0.091	0.064	--  	0.00	38.03	0.012	软件服务	--  	0.083	
08283	正力控股	1.06	4716450	0.950	0.940	5000	4840000	0.00	0.970	1.060	0.860	--  	0.00	21.28	0.010	支援服务	--  	0.950	
08340	域高金融	-6.93	4571700	0.940	1.010	10000	4550000	0.00	1.020	1.100	0.920	--  	0.32	17.82	-0.070	其他金融	--  	0.940	
08402	GT STEEL GROUP	1.12	4406875	0.450	0.445	5000	10145000	3.45	0.450	0.455	0.420	--  	0.00	7.87	0.005	建筑	--  	0.450	
08261	海天能源	2.90	4316840	0.355	0.345	8000	12432000	1.43	0.345	0.355	0.345	--  	0.00	2.90	0.010	公用事业	--  	0.355	
08175	中国数码文化	6.00	4273000	0.530	0.500	10000	8362500	3.92	0.510	0.540	0.500	--  	0.00	8.00	0.030	酒店及消闲	--  	0.530	
08308	古兜控股	-1.12	4256840	1.770	1.790	4000	2440000	2.31	1.790	1.810	1.700	--  	0.00	6.15	-0.020	酒店及消闲	--  	1.770	
08008	新意网集团	-0.84	4172277	5.910	5.960	1000	704174	-0.34	5.940	5.980	5.910	41520	0.00	1.17	-0.050	软件服务	7000	5.910	
08292	盛良物流	-3.64	4119100	2.120	2.200	10000	1960000	0.00	2.150	2.160	2.090	--  	0.00	3.18	-0.080	工用运输	--  	2.120	
08260	银合控股	4.94	3851200	0.850	0.810	10000	5000000	14.86	0.790	0.880	0.720	--  	0.00	19.75	0.040	支援服务	--  	0.850	
08187	永骏国际控股	12.67	3807200	1.690	1.500	5000	2340000	0.00	1.450	1.730	1.450	--  	0.00	18.67	0.190	纺织服饰	--  	1.690	
08472	立高控股	-16.30	3395700	0.770	0.920	5000	4315000	-7.23	0.870	0.910	0.730	--  	0.00	19.57	-0.150	支援服务	--  	0.770	
08178	中国信息科技	0.00	3210840	0.172	0.172	24000	18720000	0.58	0.169	0.180	0.167	--  	0.00	7.56	0.000	软件服务	--  	0.172	
08083	中国创新支付	1.25	3086080	0.405	0.400	4000	7664000	1.25	0.400	0.410	0.400	43740	0.00	2.50	0.005	软件服务	108000	0.405	
08032	非凡中国	1.41	3084260	0.720	0.710	8000	4282000	0.00	0.690	0.740	0.680	40560	0.00	8.45	0.010	酒店及消闲	56000	0.720	
08279	亚博科技控股	3.70	2940285	1.400	1.350	4000	2146500	0.72	1.360	1.410	1.320	116520	0.00	6.67	0.050	酒店及消闲	84000	1.400	
08086	ＤＸ．ＣＯＭ控股	17.78	2903882	0.265	0.225	8000	10755400	0.00	0.229	0.310	0.229	--  	0.00	36.00	0.040	软件服务	--  	0.265	
08331	飞尚非金属	0.00	2837200	1.610	1.610	10000	1780000	1.26	1.650	1.650	1.550	--  	0.00	6.21	0.000	一般金属	--  	1.610	
08351	俊文宝石	8.24	2741150	0.460	0.425	20000	5870000	-1.08	0.500	0.500	0.425	--  	0.00	17.65	0.035	纺织服饰	--  	0.460	
08470	莹岚集团	-3.61	2705920	0.800	0.830	8000	3352000	0.00	0.830	0.840	0.780	--  	0.00	7.23	-0.030	建筑	--  	0.800	
08182	中国糖果	-0.74	2604880	0.134	0.135	10000	19200000	0.00	0.135	0.137	0.134	--  	0.00	2.22	-0.001	食物饮品	--  	0.134	
08138	同仁堂国药	-0.74	2530700	10.680	10.760	1000	237000	0.19	10.760	10.780	10.640	--  	0.00	1.30	-0.080	医药医疗	--  	10.680	
08007	环球战略集团	0.00	2392542	0.112	0.112	10000	21605820	0.90	0.111	0.112	0.109	--  	0.00	2.68	0.000	一般金属	--  	0.112	
08009	华夏能源控股	1.96	2357860	0.052	0.051	20000	45080000	0.00	0.051	0.054	0.051	--  	0.00	5.88	0.001	其他金融	--  	0.052	
08491	COOL LINK	4.71	2309050	0.445	0.425	5000	5180000	-1.11	0.415	0.470	0.415	--  	0.00	12.94	0.020	食物饮品	--  	0.445	
08232	CLASSIFIED GP	-0.60	2151000	1.670	1.680	5000	1290000	0.00	1.610	1.670	1.610	--  	0.00	3.57	-0.010	酒店及消闲	--  	1.670	
08170	KSL HOLDINGS	9.74	2149540	2.140	1.950	1000	1016000	0.94	2.000	2.200	2.000	--  	0.00	10.26	0.190	建筑	--  	2.140	
08102	利宝阁集团	0.00	2149426	0.590	0.590	10000	3661200	0.00	0.590	0.600	0.570	--  	0.00	5.08	0.000	酒店及消闲	--  	0.590	
08199	中国万桐园	13.79	2037000	0.330	0.290	10000	6480000	4.76	0.290	0.330	0.290	--  	0.00	13.79	0.040	支援服务	--  	0.330	
08437	德斯控股	0.00	2025040	0.620	0.620	8000	3256000	0.00	0.640	0.670	0.600	--  	0.00	11.29	0.000	医疗服务	--  	0.620	
08416	HM INTL HLDGS	6.52	1962900	0.980	0.920	5000	1955000	0.00	0.920	1.040	0.920	--  	0.00	13.04	0.060	工用支援	--  	0.980	
08427	瑞强集团	11.48	1960920	0.340	0.305	8000	6000000	3.03	0.310	0.350	0.310	--  	0.00	13.11	0.035	建筑	--  	0.340	
08181	港深联合	2.83	1956888	0.218	0.212	8000	9104000	1.40	0.218	0.219	0.211	--  	0.00	3.77	0.006	支援服务	--  	0.218	
08328	信义香港	0.98	1950796	2.070	2.050	4000	950040	0.00	2.030	2.080	2.000	--  	0.00	3.90	0.020		--  	2.070	
08221	PF GROUP	7.28	1793060	0.162	0.151	20000	12180000	4.52	0.149	0.162	0.145	--  	0.00	11.26	0.011	其他金融	--  	0.162	
08417	大地教育	-5.00	1769900	0.950	1.000	10000	1860000	3.26	0.990	1.010	0.880	--  	0.00	13.00	-0.050	支援服务	--  	0.950	
08217	联旺集团	1.37	1729900	0.370	0.365	10000	4700000	0.00	0.365	0.370	0.365	--  	0.00	1.37	0.005	建筑	--  	0.370	
08078	ＨＭＶ数码中国	0.00	1631583	0.247	0.247	20000	6610560	0.41	0.246	0.247	0.246	--  	0.00	0.40	0.000	媒体及娱乐	--  	0.247	
08231	节能元件	5.29	1614620	0.199	0.189	10000	8110000	0.00	0.199	0.201	0.194	--  	0.00	3.70	0.010	半导体	--  	0.199	
08400	亚洲先锋娱乐	0.00	1604950	0.285	0.285	10000	5710000	1.79	0.290	0.295	0.275	--  	0.00	7.02	0.000	酒店及消闲	--  	0.285	
08167	中国新电信	0.51	1588586	0.199	0.198	4000	8178000	0.51	0.207	0.207	0.184	--  	0.00	11.62	0.001	信息器材	--  	0.199	
08125	仁德资源	0.00	1509960	1.250	1.250	4000	1188000	0.00	1.270	1.350	1.230	--  	0.00	9.60	0.000	建筑	--  	1.250	
08039	KNK HOLDINGS	15.22	1497120	2.650	2.300	8000	600000	3.52	2.200	2.690	2.200	--  	0.00	21.30	0.350	建筑	--  	2.650	
08463	TOMO HOLDINGS	2.82	1469400	1.460	1.420	4000	928000	-0.68	1.530	1.610	1.470	--  	0.00	9.86	0.040	汽车	--  	1.460	
08366	浙江联合投资	-8.62	1386600	0.530	0.580	10000	2530000	0.00	0.560	0.570	0.520	--  	0.00	8.62	-0.050	建筑	--  	0.530	
08179	新煮意控股	0.00	1301008	0.330	0.330	12000	3920800	1.54	0.335	0.340	0.320	--  	0.00	6.06	0.000	酒店及消闲	--  	0.330	
08100	智易控股	4.17	1291230	0.500	0.480	6000	2964000	13.64	0.480	0.500	0.385	--  	0.00	23.96	0.020	软件服务	--  	0.500	
08430	春能控股	0.00	1248125	0.365	0.365	5000	3515000	0.00	0.370	0.400	0.350	--  	0.00	13.70	0.000	工用运输	--  	0.365	
08087	中国三三传媒	4.26	1185820	0.049	0.047	20000	25420000	0.00	0.046	0.049	0.044	--  	0.00	10.64	0.002	媒体及娱乐	--  	0.049	
08001	东方汇财证券	5.33	1160320	0.790	0.750	4000	1484000	0.00	0.750	0.900	0.750	--  	0.00	20.00	0.040	其他金融	--  	0.790	
08130	智城控股	2.56	1153738	0.200	0.195	20000	5780200	0.00	0.195	0.200	0.195	--  	0.00	2.56	0.005	媒体及娱乐	--  	0.200	
08465	高科桥	0.57	1099120	3.520	3.500	2000	314000	0.28	3.500	3.510	3.500	--  	0.00	0.29	0.020	信息器材	--  	3.520	
08158	中国再生医学	-0.98	1036010	0.202	0.204	5000	5125000	0.00	0.201	0.204	0.200	1010	0.00	1.96	-0.002	医药医疗	5000	0.202	
08055	中国网络信息科技	0.00	998160	0.250	0.250	8000	3968000	0.00	0.260	0.260	0.247	--  	0.00	5.20	0.000	软件服务	--  	0.250	
08200	修身堂	0.00	922992	0.053	0.053	40000	17612000	0.00	0.054	0.054	0.051	--  	0.00	5.66	0.000	医疗服务	--  	0.053	
08065	高萌科技	0.00	914725	0.500	0.500	5000	1825000	0.00	0.500	0.510	0.490	--  	0.00	4.00	0.000	软件服务	--  	0.500	
08120	国农金融投资	0.00	898980	0.095	0.095	20000	9054000	2.15	0.095	0.107	0.093	--  	0.00	14.74	0.000	综合企业	--  	0.095	
08073	兴业新材料	0.85	864160	1.180	1.170	4000	740000	3.51	1.180	1.190	1.140	--  	0.00	4.27	0.010	工业工程	--  	1.180	
08095	北大青鸟环宇	1.14	849290	1.770	1.750	1000	479000	0.00	1.800	1.800	1.740	--  	0.00	3.43	0.020	软件服务	--  	1.770	
08309	万成环球控股	-1.06	843800	0.465	0.470	10000	1820000	0.00	0.480	0.480	0.455	--  	0.00	5.32	-0.005	支援服务	--  	0.465	
08446	ITP HOLDINGS	-0.39	827700	5.130	5.150	10000	160000	2.60	5.620	5.620	4.910	--  	0.00	13.79	-0.020	媒体及娱乐	--  	5.130	
08307	密迪斯肌	3.64	822960	0.570	0.550	4000	1456000	0.00	0.550	0.590	0.550	--  	0.00	7.27	0.020	医疗服务	--  	0.570	
08299	大唐潼金	0.00	794904	0.017	0.017	12000	48012000	6.25	0.016	0.017	0.016	--  	0.00	5.88	0.000	黄金贵金属	--  	0.017	
08021	汇隆控股	0.00	756010	0.029	0.029	10000	25960000	0.00	0.029	0.030	0.028	--  	0.00	6.90	0.000	建筑	--  	0.029	
08321	泰锦控股	2.74	753500	0.375	0.365	10000	1990000	0.00	0.370	0.390	0.370	--  	0.00	5.48	0.010	建筑	--  	0.375	
08368	中国创意控股	6.56	742180	0.260	0.244	1000	2802000	0.00	0.250	0.280	0.250	--  	0.00	12.30	0.016	媒体及娱乐	--  	0.260	
08041	荟萃国际（控股）	4.17	741660	0.125	0.120	20000	6040000	1.63	0.120	0.126	0.119	--  	0.00	5.83	0.005	纺织服饰	--  	0.125	
08163	万德金融	1.18	711780	0.086	0.085	20000	8360000	0.00	0.086	0.086	0.084	--  	0.00	2.35	0.001	其他金融	--  	0.086	
08280	中国数字视频	1.01	686660	1.000	0.990	2000	638000	0.00	1.000	1.090	1.000	--  	0.00	9.09	0.010	媒体及娱乐	--  	1.000	
08049	吉林长龙药业	0.00	681520	1.580	1.580	4000	432000	0.00	1.570	1.600	1.570	--  	0.00	1.90	0.000	医药医疗	--  	1.580	
08142	德利机械	-2.74	673100	0.355	0.365	10000	1860000	-1.39	0.365	0.365	0.355	--  	0.00	2.74	-0.010	工业工程	--  	0.355	
08476	大洋环球控股	3.80	668100	0.820	0.790	2000	820000	0.00	0.790	0.840	0.790	--  	0.00	6.33	0.030	食物饮品	--  	0.820	
08029	太阳国际	-0.84	660800	1.180	1.190	5000	550000	0.00	1.190	1.220	1.180	--  	0.00	3.36	-0.010	农业产品	--  	1.180	
08026	长达健康	2.78	645230	0.370	0.360	1000	1772000	0.00	0.360	0.380	0.360	--  	0.00	5.56	0.010	医药医疗	--  	0.370	
08077	昆仑国际金融	1.32	636600	0.770	0.760	5000	830000	0.00	0.780	0.780	0.760	--  	0.00	2.63	0.010	其他金融	--  	0.770	
08071	中彩网通控股	-1.36	632685	0.217	0.220	5000	2935000	2.36	0.206	0.228	0.200	--  	0.00	12.73	-0.003	酒店及消闲	--  	0.217	
08426	雅居投资控股	0.00	626420	0.212	0.212	10000	2950000	0.00	0.213	0.220	0.210	--  	0.00	4.72	0.000	地产	--  	0.212	
08375	弘浩国际控股	3.24	616400	0.255	0.247	10000	2420000	2.00	0.255	0.270	0.250	--  	0.00	8.10	0.008	工业工程	--  	0.255	
08457	健升物流中国	0.93	592790	0.217	0.215	10000	2730000	0.00	0.213	0.220	0.210	--  	0.00	4.65	0.002	工用支援	--  	0.217	
08452	富银融资股份	0.00	571540	1.250	1.250	2000	460000	0.00	1.250	1.260	1.240	--  	0.00	1.60	0.000	其他金融	--  	1.250	
08113	扬宇科技	4.48	547226	0.700	0.670	10000	792160	0.00	0.660	0.720	0.650	--  	0.00	10.45	0.030	工业工程	--  	0.700	
08153	科地农业	-4.55	545641	0.231	0.242	5000	2349750	-0.43	0.242	0.242	0.228	--  	0.00	5.79	-0.011	工业工程	--  	0.231	
08346	创新电子控股	1.59	510100	0.320	0.315	10000	1620000	0.00	0.315	0.330	0.305	--  	0.00	7.94	0.005	工业工程	--  	0.320	
08193	汉华专业服务	0.00	480475	0.060	0.060	5000	8255000	3.45	0.059	0.060	0.058	--  	0.00	3.33	0.000	其他金融	--  	0.060	
08081	互娱中国	0.00	450253	0.037	0.037	10000	12166560	0.00	0.037	0.038	0.036	--  	0.00	5.41	0.000	医疗服务	--  	0.037	
08047	中国海洋捕捞	1.67	447640	0.610	0.600	4000	748000	1.67	0.600	0.610	0.590	--  	0.00	3.33	0.010	工用支援	--  	0.610	
08282	智傲控股	-2.97	444280	1.960	2.020	4000	232000	0.00	1.950	1.960	1.850	--  	0.00	5.45	-0.060	软件服务	--  	1.960	
08245	安悦国际控股	-1.32	436415	0.150	0.152	5000	2905000	0.00	0.151	0.156	0.146	--  	0.00	6.58	-0.002	信息器材	--  	0.150	
08252	泰和小贷	2.45	435920	3.340	3.260	2000	134000	4.38	3.250	3.340	3.100	--  	0.00	7.36	0.080	其他金融	--  	3.340	
08266	金达集团国际	-1.22	423624	0.081	0.082	16000	5224000	0.00	0.082	0.082	0.081	--  	0.00	1.22	-0.001	信息器材	--  	0.081	
08147	汇思太平洋	0.00	421120	0.164	0.164	4000	2580000	0.00	0.164	0.164	0.163	--  	0.00	0.61	0.000	电讯	--  	0.164	
08169	环康集团	-10.58	404540	0.169	0.189	10000	2170000	-3.98	0.198	0.300	0.167	--  	0.00	70.37	-0.020	工业工程	--  	0.169	
08225	中国医疗集团	5.91	404270	0.215	0.203	20000	1850000	0.00	0.210	0.230	0.210	--  	0.00	9.85	0.012	医药医疗	--  	0.215	
08188	骏杰集团控股	8.77	402000	0.310	0.285	4000	1336000	5.08	0.265	0.330	0.265	--  	0.00	22.81	0.025	建筑	--  	0.310	
08080	北亚策略	0.00	396266	0.135	0.135	8000	3044000	0.00	0.128	0.143	0.118	--  	0.00	18.52	0.000	工业工程	--  	0.135	
08247	中生北控生物科技	-2.33	389380	2.100	2.150	2000	188000	2.94	2.190	2.190	2.040	--  	0.00	6.98	-0.050	医药医疗	--  	2.100	
08089	华人策略控股	-1.20	388032	0.820	0.830	1800	476200	1.23	0.830	0.830	0.800	--  	0.00	3.61	-0.010	其他金融	--  	0.820	
08023	邝文记	1.82	382260	0.560	0.550	6000	672000	0.00	0.520	0.590	0.520	--  	0.00	12.73	0.010	建筑	--  	0.560	
08148	奥柏中国	1.46	374460	0.139	0.137	20000	2722000	0.00	0.137	0.139	0.137	--  	0.00	1.46	0.002	软件服务	--  	0.139	
08353	安科系统	0.00	361200	0.710	0.710	3000	528000	1.43	0.700	0.710	0.650	--  	0.00	8.45	0.000	软件服务	--  	0.710	
08160	GOLDWAY EDU	0.00	346560	0.770	0.770	12000	468000	0.00	0.780	0.780	0.720	--  	0.00	7.79	0.000	支援服务	--  	0.770	
08407	兴证国际	0.00	329100	1.180	1.180	2000	286000	0.00	1.140	1.180	1.140	--  	0.00	3.39	0.000	其他金融	--  	1.180	
08046	恒芯中国	2.56	325324	0.040	0.039	4000	8296000	2.56	0.040	0.040	0.039	--  	0.00	2.56	0.001	媒体及娱乐	--  	0.040	
08355	超智能控股	-1.35	321700	0.365	0.370	10000	870000	-1.35	0.370	0.370	0.365	--  	0.00	1.35	-0.005	软件服务	--  	0.365	
08157	象兴国际	1.45	315700	0.350	0.345	20000	900000	0.00	0.350	0.355	0.345	--  	0.00	2.90	0.005	工用运输	--  	0.350	
08159	辉煌科技	3.28	309200	0.630	0.610	5000	530000	-1.56	0.560	0.640	0.560	--  	0.00	13.11	0.020	信息器材	--  	0.630	
08027	吉辉控股	0.00	303160	0.104	0.104	5000	2890000	0.00	0.104	0.107	0.104	--  	0.00	2.88	0.000	支援服务	--  	0.104	
08005	裕兴科技	1.41	295820	0.720	0.710	2000	412000	0.00	0.710	0.740	0.700	--  	0.00	5.63	0.010	信息器材	--  	0.720	
08132	中油港燃	-1.25	291440	0.079	0.080	20000	3730000	1.28	0.079	0.079	0.078	--  	0.00	1.25	-0.001	信息器材	--  	0.079	
08431	浩柏国际	1.12	291070	0.180	0.178	10000	1620000	0.00	0.179	0.180	0.178	--  	0.00	1.12	0.002	酒店及消闲	--  	0.180	
08060	国联通信	3.39	276360	0.122	0.118	10000	2220000	0.00	0.117	0.144	0.117	--  	0.00	22.88	0.004	软件服务	--  	0.122	
08428	国茂控股	0.00	268440	0.166	0.166	12000	1644000	1.84	0.176	0.176	0.163	--  	0.00	7.83	0.000	酒店及消闲	--  	0.166	
08359	HYPEBEAST	-1.79	267400	0.275	0.280	20000	960000	0.00	0.285	0.285	0.275	--  	0.00	3.57	-0.005	媒体及娱乐	--  	0.275	
08052	陆庆娱乐	-2.17	262280	0.090	0.092	10000	2910000	0.00	0.091	0.092	0.089	--  	0.00	3.26	-0.002	酒店及消闲	--  	0.090	
08361	中国育儿网络	-2.11	258120	1.390	1.420	2000	182000	0.00	1.450	1.450	1.230	--  	0.00	15.49	-0.030	软件服务	--  	1.390	
08250	丝路能源	1.85	254180	0.055	0.054	20000	4680000	0.00	0.053	0.057	0.053	--  	0.00	7.41	0.001	煤炭	--  	0.055	
08062	俊盟国际	0.00	241825	0.465	0.465	5000	520000	0.00	0.465	0.470	0.465	--  	0.00	1.08	0.000	软件服务	--  	0.465	
08272	华人饮食集团	0.00	237090	0.021	0.021	20000	12010000	5.00	0.020	0.021	0.019	--  	0.00	9.52	0.000	酒店及消闲	--  	0.021	
08072	罗马集团	1.45	234946	0.140	0.138	20000	1673750	0.00	0.138	0.142	0.138	--  	0.00	2.90	0.002	其他金融	--  	0.140	
08423	CHI HO DEV	4.29	230200	0.730	0.700	10000	320000	0.00	0.730	0.750	0.690	--  	0.00	8.57	0.030	建筑	--  	0.730	
08409	海鑫集团	2.15	227700	0.475	0.465	10000	480000	1.06	0.445	0.495	0.445	--  	0.00	10.75	0.010	建筑	--  	0.475	
08152	明梁控股	3.57	227700	0.290	0.280	10000	800000	1.75	0.285	0.290	0.280	--  	0.00	3.57	0.010	工业工程	--  	0.290	
08415	乐嘉思控股	1.68	225890	0.182	0.179	10000	1260000	6.43	0.179	0.182	0.171	--  	0.00	6.15	0.003	建筑	--  	0.182	
08196	建禹集团	1.62	225240	3.130	3.080	4000	72000	0.00	3.150	3.150	3.120	--  	0.00	0.97	0.050	公用事业	--  	3.130	
08243	大贺传媒	-1.23	224050	0.400	0.405	5000	560000	0.00	0.410	0.410	0.400	--  	0.00	2.47	-0.005	媒体及娱乐	--  	0.400	
08030	汇联金融服务	-1.12	200950	0.880	0.890	5000	230000	0.00	0.890	0.890	0.860	--  	0.00	3.37	-0.010	其他金融	--  	0.880	
08242	宏创高科	-2.31	187590	0.127	0.130	10000	1470000	0.79	0.134	0.134	0.126	--  	0.00	6.15	-0.003	半导体	--  	0.127	
08085	香港生命科学	0.00	182124	0.108	0.108	4000	1704000	2.86	0.106	0.108	0.105	--  	0.00	2.78	0.000	家电及用品	--  	0.108	
08480	飞霓控股	7.89	181300	0.410	0.380	4000	460000	0.00	0.390	0.410	0.390	--  	0.00	5.26	0.030	纺织服饰	--  	0.410	
08270	中国煤层气	-10.29	179960	0.061	0.068	40000	3040000	1.67	0.065	0.065	0.054	--  	0.00	16.18	-0.007	石油天然气	--  	0.061	
08436	德宝集团控股	2.00	176550	0.510	0.500	5000	350000	0.00	0.500	0.510	0.500	--  	0.00	2.00	0.010	纺织服饰	--  	0.510	
08166	中国农业生态	-3.67	173340	0.105	0.109	20000	1680000	0.00	0.104	0.105	0.103	--  	0.00	1.83	-0.004	工用支援	--  	0.105	
08067	东方大学城控股	10.28	172270	2.360	2.140	1000	73000	0.00	2.280	2.400	2.280	--  	0.00	5.61	0.220	支援服务	--  	2.360	
08018	汇财金融投资	0.00	161310	0.207	0.207	10000	771000	0.00	0.208	0.210	0.207	--  	0.00	1.45	0.000	软件服务	--  	0.207	
08135	正美丰业	-12.75	161000	0.445	0.510	5000	330000	0.00	0.510	0.510	0.445	--  	0.00	12.75	-0.065	汽车	--  	0.445	
08420	NEXION TECH	-1.69	157400	0.580	0.590	5000	265000	0.00	0.600	0.600	0.580	--  	0.00	3.39	-0.010	软件服务	--  	0.580	
08369	立基工程控股	-0.99	156500	0.200	0.202	10000	780000	0.00	0.202	0.203	0.200	--  	0.00	1.49	-0.002	建筑	--  	0.200	
08112	FOCUS MEDIA	0.46	154872	0.219	0.218	24000	708000	0.46	0.216	0.220	0.216	--  	0.00	1.83	0.001	媒体及娱乐	--  	0.219	
08277	骏东控股	-10.13	151920	0.710	0.790	2000	208000	-1.39	0.800	0.800	0.680	--  	0.00	15.19	-0.080	原材料	--  	0.710	
08050	云博产业	3.33	143840	1.550	1.500	2000	94000	1.97	1.490	1.590	1.490	--  	0.00	6.67	0.050	信息器材	--  	1.550	
08202	汇创控股	0.00	141530	0.205	0.205	10000	700000	0.99	0.199	0.207	0.198	--  	0.00	4.39	0.000	媒体及娱乐	--  	0.205	
08365	建泉国际控股	1.35	139875	0.375	0.370	5000	385000	0.00	0.370	0.375	0.360	--  	0.00	4.05	0.005	其他金融	--  	0.375	
08329	海王英特龙	-2.44	139250	0.400	0.410	10000	360000	3.90	0.405	0.405	0.385	--  	0.00	4.88	-0.010	医药医疗	--  	0.400	
08281	中国金典集团	12.50	138480	0.315	0.280	8000	432000	-1.56	0.350	0.350	0.320	--  	0.00	10.71	0.035	纺织服饰	--  	0.315	
08123	华亿金控	-6.06	137172	0.093	0.099	6000	1494000	0.00	0.093	0.099	0.090	--  	0.00	9.09	-0.006	其他金融	--  	0.093	
08342	飞思达科技	0.00	130700	1.080	1.080	5000	120000	0.00	1.090	1.090	1.080	--  	0.00	0.93	0.000	软件服务	--  	1.080	
08206	神通机器人教育	-1.28	129415	0.385	0.390	1000	336000	0.00	0.440	0.440	0.385	--  	0.00	14.10	-0.005	软件服务	--  	0.385	
08296	中国生命集团	0.00	129336	0.136	0.136	4000	872000	-1.45	0.133	0.155	0.133	--  	0.00	16.18	0.000	支援服务	--  	0.136	
08411	K W NELSON GP	-3.35	129220	0.202	0.209	10000	630000	-1.94	0.207	0.207	0.202	--  	0.00	2.39	-0.007	建筑	--  	0.202	
08220	比高集团	-3.85	128760	0.075	0.078	20000	1680000	0.00	0.081	0.083	0.075	--  	0.00	10.26	-0.003	媒体及娱乐	--  	0.075	
08171	中国趋势	8.33	125800	0.013	0.012	160000	9920000	0.00	0.012	0.013	0.012	--  	0.00	8.33	0.001	信息器材	--  	0.013	
08037	锐康药业	-3.53	121950	0.820	0.850	20000	145000	0.00	0.870	0.870	0.820	--  	0.00	5.88	-0.030	医药医疗	--  	0.820	
08246	北方新能源	-1.64	121440	0.300	0.305	8000	424000	0.00	0.295	0.300	0.285	--  	0.00	4.92	-0.005	工业工程	--  	0.300	
08197	北斗嘉药业	-3.70	120600	0.520	0.540	10000	240000	0.00	0.510	0.520	0.495	--  	0.00	4.63	-0.020	医药医疗	--  	0.520	
08358	卓珈控股	1.42	119750	1.430	1.410	5000	85000	1.42	1.410	1.410	1.400	--  	0.00	0.71	0.020	医疗服务	--  	1.430	
08432	太平洋酒吧	-4.65	116690	0.164	0.172	10000	710000	0.00	0.165	0.165	0.162	--  	0.00	1.74	-0.008	酒店及消闲	--  	0.164	
08412	高门集团	-0.41	116450	0.244	0.245	10000	480000	3.83	0.245	0.245	0.230	--  	0.00	6.12	-0.001	酒店及消闲	--  	0.244	
08269	富誉控股	3.05	111960	0.169	0.164	10000	660000	-0.59	0.170	0.171	0.167	--  	0.00	2.44	0.005	农业产品	--  	0.169	
08109	麒麟集团控股	0.00	107410	0.020	0.020	15000	5540000	5.26	0.020	0.020	0.019	--  	0.00	5.00	0.000	软件服务	--  	0.020	
08230	中国宇天	0.00	105550	0.530	0.530	5000	200000	0.00	0.520	0.530	0.520	--  	0.00	1.89	0.000	建筑	--  	0.530	
08117	中国基础能源	0.00	105400	0.880	0.880	10000	120000	0.00	0.870	0.880	0.870	--  	0.00	1.14	0.000	公用事业	--  	0.880	
08165	华普智通	2.70	102880	0.038	0.037	10000	2730000	-2.56	0.037	0.039	0.037	--  	0.00	5.41	0.001	软件服务	--  	0.038	
08310	大丰港	-1.04	96000	0.950	0.960	10000	100000	-1.04	0.960	0.960	0.960	--  	0.00	0.00	-0.010	工用运输	--  	0.950	
08126	Ｇ．Ａ．控股	13.21	96000	0.600	0.530	4000	160000	0.00	0.600	0.600	0.600	--  	0.00	0.00	0.070	汽车	--  	0.600	
08013	ECI TECH	2.80	90540	0.110	0.107	20000	800000	0.00	0.114	0.117	0.110	--  	0.00	6.54	0.003	软件服务	--  	0.110	
08481	盛龙锦秀国际	-1.04	89300	0.475	0.480	5000	190000	0.00	0.470	0.475	0.465	--  	0.00	2.08	-0.005	工用支援	--  	0.475	
08121	超凡网络	0.00	88320	0.120	0.120	10000	740000	0.00	0.114	0.120	0.114	--  	0.00	5.00	0.000	媒体及娱乐	--  	0.120	
08189	泰达生物	-6.67	87500	0.350	0.375	5000	250000	2.94	0.370	0.370	0.340	--  	0.00	8.00	-0.025	原材料	--  	0.350	
08091	奥传思维控股	-4.52	85960	0.148	0.155	10000	580000	-0.67	0.150	0.150	0.148	--  	0.00	1.29	-0.007	媒体及娱乐	--  	0.148	
08195	L&A INTL HOLD	0.00	85417	0.051	0.051	24000	1702000	0.00	0.050	0.052	0.050	--  	0.00	3.92	0.000	纺织服饰	--  	0.051	
08460	基地锦标集团	-2.50	81760	0.195	0.200	10000	410000	0.00	0.201	0.201	0.195	--  	0.00	3.00	-0.005	建筑	--  	0.195	
08311	圆美光电	1.25	81650	0.405	0.400	10000	200000	0.00	0.405	0.415	0.405	--  	0.00	2.50	0.005	信息器材	--  	0.405	
08222	壹照明	-2.17	80592	0.225	0.230	4000	368000	0.00	0.213	0.225	0.213	--  	0.00	5.22	-0.005	家电及用品	--  	0.225	
08006	华泰瑞银	2.46	80360	0.250	0.244	10000	321500	0.00	0.250	0.250	0.250	--  	0.00	0.00	0.006	媒体及娱乐	--  	0.250	
08162	港银控股	-5.88	79000	0.320	0.340	10000	260000	0.00	0.300	0.320	0.290	--  	0.00	8.82	-0.020	黄金贵金属	--  	0.320	
08326	同景新能源	-0.48	75250	2.090	2.100	1000	37000	3.47	2.100	2.100	2.020	--  	0.00	3.81	-0.010	酒店及消闲	--  	2.090	
08155	南华资产控股	-2.33	74316	0.042	0.043	8000	1813872	0.00	0.042	0.042	0.038	--  	0.00	9.30	-0.001	地产	--  	0.042	
08053	比优集团	-3.23	73200	0.600	0.620	20000	120000	0.00	0.620	0.620	0.600	--  	0.50	3.23	-0.020	工用支援	--  	0.600	
08347	Ｆ８企业	3.64	70920	0.285	0.275	8000	256000	5.56	0.280	0.285	0.270	--  	0.00	5.45	0.010	石油天然气	--  	0.285	
08271	环球数码创意	0.00	67600	0.260	0.260	2000	260000	0.00	0.260	0.260	0.260	--  	0.00	0.00	0.000	媒体及娱乐	--  	0.260	
08445	怡康泰工程集团	-4.12	65750	0.465	0.485	10000	140000	-1.06	0.470	0.470	0.465	--  	0.00	1.03	-0.020	建筑	--  	0.465	
08300	皇玺餐饮集团	-0.82	65320	0.121	0.122	20000	520000	-0.82	0.124	0.127	0.122	--  	0.00	4.10	-0.001	酒店及消闲	--  	0.121	
08201	宝联控股	5.56	65220	0.380	0.360	20000	184000	-3.80	0.325	0.395	0.325	--  	0.00	19.44	0.020	支援服务	--  	0.380	
08019	皓文控股	2.56	60236	0.120	0.117	20000	529000	0.00	0.107	0.120	0.107	--  	0.00	11.11	0.003	工业工程	--  	0.120	
08312	中国瀚亚	0.00	60000	0.600	0.600	10000	100000	0.00	0.600	0.600	0.600	--  	0.00	0.00	0.000	纺织服饰	--  	0.600	
08145	电讯首科	0.47	59960	2.150	2.140	2000	28000	0.00	2.140	2.150	2.140	--  	0.93	0.47	0.010	信息器材	--  	2.150	
08088	汇友科技控股	-4.76	58090	0.040	0.042	8000	1458000	2.56	0.041	0.041	0.039	--  	0.00	4.76	-0.002	其他金融	--  	0.040	
08131	辰罡科技	6.55	56400	0.179	0.168	10000	320000	0.00	0.175	0.179	0.175	--  	0.00	2.38	0.011	软件服务	--  	0.179	
08186	同仁资源	-6.12	52248	0.092	0.098	20000	536000	0.00	0.098	0.098	0.092	--  	0.00	6.12	-0.006	原材料	--  	0.092	
08229	FUTURE DATA	-2.86	48250	0.340	0.350	5000	145000	3.03	0.355	0.355	0.330	--  	0.00	7.14	-0.010	软件服务	--  	0.340	
08033	爱达利网络	-1.75	44800	0.280	0.285	2000	160000	0.00	0.280	0.280	0.280	--  	0.00	0.00	-0.005	软件服务	--  	0.280	
08236	宝德科技集团	0.00	43140	2.700	2.700	1000	16000	0.00	2.700	2.700	2.690	--  	0.00	0.37	0.000	软件服务	--  	2.700	
08233	中国基建港口	2.04	43120	1.000	0.980	4000	44000	0.00	0.970	1.000	0.970	--  	0.00	3.06	0.020	工用运输	--  	1.000	
08198	乐透互娱	2.22	41224	0.230	0.225	4000	184000	3.60	0.225	0.225	0.222	--  	0.00	1.33	0.005	酒店及消闲	--  	0.230	
08256	金利通	2.50	41060	0.041	0.040	4000	1004000	0.00	0.041	0.041	0.040	--  	0.00	2.50	0.001	电讯	--  	0.041	
08075	寰亚传媒	1.40	40692	0.218	0.215	4000	188000	-0.91	0.215	0.220	0.215	--  	0.00	2.33	0.003	媒体及娱乐	--  	0.218	
08106	升华兰德	-2.47	40075	0.395	0.405	5000	105000	-4.82	0.380	0.415	0.380	--  	0.00	8.64	-0.010	软件服务	--  	0.395	
08249	瑞远智控	7.69	39450	0.280	0.260	5000	150000	0.00	0.255	0.280	0.250	--  	0.00	11.54	0.020	信息器材	--  	0.280	
08255	神州数字	3.77	37620	0.550	0.530	6000	72000	0.00	0.520	0.550	0.520	--  	0.00	5.66	0.020	软件服务	--  	0.550	
08045	南大苏富特	6.12	36630	0.260	0.245	6000	144000	0.00	0.245	0.260	0.245	--  	0.00	6.12	0.015	软件服务	--  	0.260	
08405	恒智控股	0.00	36000	0.860	0.860	4000	44000	4.88	0.820	0.860	0.810	--  	0.00	5.81	0.000	支援服务	--  	0.860	
08319	思博系统	-1.78	35860	0.166	0.169	10000	220000	0.00	0.161	0.166	0.160	--  	0.00	3.55	-0.003	软件服务	--  	0.166	
08278	CMON	4.19	35780	0.224	0.215	10000	160000	0.00	0.213	0.225	0.213	--  	0.00	5.58	0.009	家电及用品	--  	0.224	
08028	天时软件	0.00	31534	0.067	0.067	20000	478000	0.00	0.061	0.067	0.061	--  	0.00	8.96	0.000	黄金贵金属	--  	0.067	
08317	财华社集团	0.00	31420	0.790	0.790	2000	40000	0.00	0.790	0.790	0.780	--  	0.00	1.27	0.000	软件服务	--  	0.790	
08320	沛然环保	1.03	31260	0.196	0.194	10000	160000	4.26	0.194	0.200	0.188	--  	0.00	6.19	0.002	支援服务	--  	0.196	
08262	宏强控股	4.29	30500	0.365	0.350	10000	80000	-3.95	0.380	0.385	0.365	--  	0.00	5.71	0.015	建筑	--  	0.365	
08192	环球能源资源	1.41	29940	0.360	0.355	12000	84000	0.00	0.355	0.360	0.355	--  	0.00	1.41	0.005	一般金属	--  	0.360	
08239	首都金融控股	-2.37	29442	0.165	0.169	2000	180400	0.61	0.163	0.164	0.163	--  	0.00	0.59	-0.004	其他金融	--  	0.165	
08116	中国幸福投资	0.00	23700	0.079	0.079	20000	300000	0.00	0.079	0.079	0.079	--  	0.00	0.00	0.000	纺织服饰	--  	0.079	
08315	冠辉集团控股	0.00	22410	0.032	0.032	10000	720000	0.00	0.032	0.032	0.031	--  	0.00	3.13	0.000	支援服务	--  	0.032	
08056	饮食概念	-0.41	21690	0.241	0.242	5000	90000	0.00	0.241	0.241	0.241	--  	0.00	0.00	-0.001	酒店及消闲	--  	0.241	
08203	凯顺能源	0.00	20900	0.340	0.340	10000	62000	0.00	0.345	0.345	0.320	--  	0.00	7.35	0.000	工用支援	--  	0.340	
08035	骏高控股	0.00	20900	0.295	0.295	10000	70000	1.72	0.300	0.300	0.290	--  	0.00	3.39	0.000	工用运输	--  	0.295	
08301	明华科技	0.00	20640	0.860	0.860	8000	24000	0.00	--  	0.860	--  	--  	0.00	0.00	0.000	信息器材	--  	0.860	
08362	运兴泰集团	0.89	20340	0.113	0.112	20000	180000	0.00	0.113	0.113	0.113	--  	0.00	0.00	0.001	农业产品	--  	0.113	
08108	福泽集团	-1.90	19976	0.103	0.105	2000	192000	0.00	0.103	0.103	0.103	--  	0.00	0.00	-0.002	支援服务	--  	0.103	
08149	浩德控股	0.00	19500	0.325	0.325	10000	60000	0.00	0.325	0.325	0.325	--  	0.62	0.00	0.000	其他金融	--  	0.325	
08267	蓝港互动	0.00	18590	1.690	1.690	500	11000	0.00	1.690	1.690	1.690	--  	0.00	0.00	0.000	软件服务	--  	1.690	
08093	万星控股	-2.70	18250	1.800	1.850	5000	10000	0.00	1.850	1.850	1.800	--  	0.00	2.70	-0.050	纺织服饰	--  	1.800	
08268	迪臣建设	-0.56	16712	0.179	0.180	8000	96000	-0.56	0.173	0.180	0.173	--  	0.00	3.89	-0.001	建筑	--  	0.179	
08016	长虹佳华	1.30	14220	0.780	0.770	2000	18000	0.00	0.820	0.820	0.780	--  	0.00	5.19	0.010	信息器材	--  	0.780	
08066	品创控股	0.00	13900	0.139	0.139	5000	100000	0.00	0.139	0.139	0.139	--  	0.00	0.00	0.000	石油天然气	--  	0.139	
08191	鸿伟亚洲	1.43	12630	0.355	0.350	6000	36000	1.43	0.350	0.355	0.350	--  	0.00	1.43	0.005	原材料	--  	0.355	
08360	利骏集团香港	0.00	11832	0.174	0.174	4000	68000	0.00	0.174	0.174	0.174	--  	0.00	0.00	0.000	建筑	--  	0.174	
08363	SDM GROUP	-5.19	10945	0.365	0.385	2000	30000	0.00	0.375	0.375	0.365	--  	0.00	2.60	-0.020	支援服务	--  	0.365	
08003	世大控股	4.17	10300	0.050	0.048	2000	214000	0.00	0.048	0.052	0.048	--  	0.00	8.33	0.002	原材料	--  	0.050	
08051	讯智海	-0.50	9560	15.800	15.880	200	600	0.00	16.000	16.000	15.800	--  	0.00	1.26	-0.080	信息器材	--  	15.800	
08237	华星控股	2.78	8900	0.740	0.720	2000	12000	-1.33	0.740	0.750	0.740	--  	0.00	1.39	0.020	酒店及消闲	--  	0.740	
08128	中国地能	2.96	6552	0.139	0.135	8000	48000	0.00	0.135	0.140	0.135	--  	0.00	3.70	0.004	工业工程	--  	0.139	
08240	展程控股	-2.88	6030	0.202	0.208	10000	30000	0.50	0.201	0.201	0.201	--  	0.00	0.00	-0.006	农业产品	--  	0.202	
08139	长安仁恒	0.00	4950	3.300	3.300	500	1500	0.00	3.300	3.300	3.300	--  	0.00	0.00	0.000	原材料	--  	3.300	
08161	医汇集团	-5.04	4510	0.113	0.119	10000	40000	0.89	0.113	0.113	0.112	--  	0.00	0.84	-0.006	医疗服务	--  	0.113	
08218	毅高国际控股	-4.50	3116	0.191	0.200	4000	16000	0.00	0.196	0.196	0.191	--  	0.00	2.50	-0.009	工业工程	--  	0.191	
08143	华夏医疗	0.68	3098	0.149	0.148	4000	21014	0.00	0.148	0.149	0.146	--  	0.00	2.03	0.001	医药医疗	--  	0.149	
08205	交大慧谷	-2.78	2800	0.350	0.360	4000	8000	0.00	0.350	0.350	0.350	--  	0.00	0.00	-0.010	信息器材	--  	0.350	
08011	百田石油	0.00	2295	0.160	0.160	20000	15000	0.00	--  	0.160	--  	--  	0.00	0.00	0.000	石油天然气	--  	0.160	
08082	仁智国际集团	0.00	1790	0.179	0.179	5000	10000	0.00	0.179	0.179	0.179	--  	0.00	0.00	0.000	支援服务	--  	0.179	
08190	康佰控股	6.06	1400	0.070	0.066	10000	20000	0.00	0.070	0.070	0.070	--  	0.00	0.00	0.004	家电及用品	--  	0.070	
08025	亚洲资产	-2.78	340	0.175	0.180	2000	2000	2.94	0.170	0.170	0.170	--  	0.00	0.00	-0.005	其他金融	--  	0.175	
08079	易还财务投资	0.00	242	0.700	0.700	5000	373	0.00	--  	0.700	--  	--  	0.00	0.00	0.000	其他金融	--  	0.700	
08063	环球大通集团	0.00	11	0.137	0.137	50000	102	0.00	--  	0.137	--  	--  	0.00	0.00	0.000	酒店及消闲	--  	0.137	
08069	纵横游控股	0.00	0	0.810	0.810	5000	0	0.00	--  	0.810	--  	--  	0.00	0.00	0.000	酒店及消闲	--  	0.810	
08057	麦迪森控股	0.00	0	1.720	1.720	4000	0	0.00	--  	1.720	--  	--  	0.00	0.00	0.000	食物饮品	--  	1.720	
08048	御德国际控股	0.00	0	0.079	0.079	2000	0	0.00	--  	0.079	--  	--  	0.00	0.00	0.000	软件服务	--  	0.079	
08038	金力集团	--  	0	0.000	--  	0	0	--  	--  	--  	--  	--  	0.00	--  	--  		--  	0.000	
08031	易通讯集团	-1.04	0	0.950	0.960	2000	0	0.00	--  	0.950	--  	--  	0.00	0.00	-0.010	支援服务	--  	0.950	
08020	宏海控股集团	0.00	0	0.190	0.190	10000	0	0.00	--  	0.190	--  	--  	0.00	0.00	0.000	工用运输	--  	0.190	
08012	环宇物流（亚洲）	--  	0	0.000	--  	0	0	--  	--  	--  	--  	--  	0.00	--  	--  		--  	0.000	
08592	罗马集团股权	--  	0	0.000	--  	0	0	--  	--  	--  	--  	--  	0.00	--  	--  		--  	0.000	
08591	罗马集团（旧）	--  	0	0.000	--  	0	0	--  	--  	--  	--  	--  	0.00	--  	--  		--  	0.000	
08590	L&A INTL-OLD	--  	0	0.000	--  	0	0	--  	--  	--  	--  	--  	0.00	--  	--  		--  	0.000	
08442	桦欣控股	-0.44	0	9.150	9.190	500	0	0.00	--  	9.150	--  	--  	0.00	0.00	-0.040	纺织服饰	--  	9.150	
08439	新百利融资	0.00	0	1.930	1.930	2000	0	0.00	--  	1.930	--  	--  	0.00	0.00	0.000	其他金融	--  	1.930	
08421	永顺控股香港	0.00	0	0.355	0.355	5000	0	0.00	--  	0.355	--  	--  	0.00	0.00	0.000	支援服务	--  	0.355	
08356	中国新华电视	0.00	0	0.075	0.075	10000	0	0.00	--  	0.075	--  	--  	0.00	0.00	0.000	建筑	--  	0.075	
08349	美固科技控股	0.00	0	2.670	2.670	10000	0	0.00	--  	2.670	--  	--  	0.00	0.00	0.000	建筑	--  	2.670	
08348	滨海泰达物流	0.00	0	1.250	1.250	2000	0	0.00	--  	1.250	--  	--  	0.00	0.00	0.000	工用支援	--  	1.250	
08345	火岩控股	0.00	0	4.800	4.800	2000	0	0.00	--  	4.800	--  	--  	3.13	0.00	0.000	软件服务	--  	4.800	
08343	宏光照明	0.00	0	0.900	0.900	5000	0	0.00	--  	0.900	--  	--  	0.00	0.00	0.000	工业工程	--  	0.900	
08341	艾硕控股	0.00	0	2.700	2.700	5000	0	0.00	--  	2.700	--  	--  	0.00	0.00	0.000	建筑	--  	2.700	
08337	直通电讯	0.00	0	0.055	0.055	10000	0	0.00	--  	0.055	--  	--  	0.00	0.00	0.000	电讯	--  	0.055	
08333	阿仕特朗金融	0.00	0	0.360	0.360	5000	0	0.00	--  	0.360	--  	--  	1.39	0.00	0.000	其他金融	--  	0.360	
08316	柏荣集团控股	0.00	0	1.620	1.620	10000	0	0.00	--  	1.620	--  	--  	0.00	0.00	0.000	建筑	--  	1.620	
08306	中国有色金属	0.00	0	0.201	0.201	10000	0	0.00	--  	0.201	--  	--  	0.00	0.00	0.000	一般金属	--  	0.201	
08297	芭迪贝伊	0.00	0	0.255	0.255	5000	0	0.00	--  	0.255	--  	--  	0.00	0.00	0.000	纺织服饰	--  	0.255	
08295	中植资本国际	0.00	0	0.305	0.305	20000	0	0.00	--  	0.305	--  	--  	0.00	0.00	0.000	其他金融	--  	0.305	
08293	星亚控股	0.00	0	9.850	9.850	5000	0	0.00	--  	9.850	--  	--  	0.00	0.00	0.000	支援服务	--  	9.850	
08290	亚势备份	0.00	0	0.090	0.090	10000	0	0.00	--  	0.090	--  	--  	0.00	0.00	0.000	软件服务	--  	0.090	
08286	长城微光	0.00	0	0.350	0.350	5000	0	0.00	--  	0.350	--  	--  	0.00	0.00	0.000	信息器材	--  	0.350	
08273	浙江展望	0.00	0	1.510	1.510	2000	0	0.00	--  	1.510	--  	--  	0.00	0.00	0.000	汽车	--  	1.510	
08258	西北实业	0.00	0	0.295	0.295	10000	0	0.00	--  	0.295	--  	--  	0.00	0.00	0.000	工业工程	--  	0.295	
08251	优越集团控股	0.00	0	0.650	0.650	10000	0	0.00	--  	0.650	--  	--  	0.00	0.00	0.000	工用支援	--  	0.650	
08238	惠陶集团	0.00	0	0.047	0.047	8000	0	0.00	--  	0.047	--  	--  	0.00	0.00	0.000	媒体及娱乐	--  	0.047	
08235	赛迪顾问	0.00	0	0.305	0.305	10000	0	0.00	--  	0.305	--  	--  	0.00	0.00	0.000	软件服务	--  	0.305	
08215	FIRST CREDIT	0.00	0	0.108	0.108	20000	0	0.00	--  	0.108	--  	--  	0.00	0.00	0.000	其他金融	--  	0.108	
08213	新智控股	0.00	0	0.074	0.074	10000	0	0.00	--  	0.074	--  	--  	0.00	0.00	0.000	酒店及消闲	--  	0.074	
08212	誉满国际控股	0.00	0	0.160	0.160	8000	0	0.00	--  	0.160	--  	--  	0.00	0.00	0.000	其他金融	--  	0.160	
08211	浙江永安	0.00	0	0.246	0.246	10000	0	0.00	--  	0.246	--  	--  	0.00	0.00	0.000	纺织服饰	--  	0.246	
08183	尚捷集团控股	-1.05	0	0.470	0.475	5000	0	0.00	--  	0.470	--  	--  	0.00	0.00	-0.005	纺织服饰	--  	0.470	
08176	超人智能	0.13	0	7.620	7.610	5000	0	0.00	--  	7.620	--  	--  	0.00	0.00	0.010	医疗服务	--  	7.620	
08173	万亚企业控股	0.00	0	0.027	0.027	40000	0	0.00	--  	0.027	--  	--  	0.00	0.00	0.000	一般金属	--  	0.027	
08172	拉近网娱	0.00	0	0.385	0.385	20000	0	0.00	--  	0.385	--  	--  	0.00	0.00	0.000	媒体及娱乐	--  	0.385	
08150	无缝绿色	0.00	0	0.141	0.141	10000	0	0.00	--  	0.141	--  	--  	0.00	0.00	0.000	家电及用品	--  	0.141	
08122	德莱建业	--  	0	0.000	--  	0	0	--  	--  	--  	--  	--  	0.00	--  	--  		--  	0.000	
08119	即时科研	0.00	0	0.880	0.880	10000	0	0.00	--  	0.880	--  	--  	0.00	0.00	0.000	地产	--  	0.880	
08115	上海青浦消防	0.00	0	0.810	0.810	4000	0	0.00	--  	0.810	--  	--  	0.00	0.00	0.000	工业工程	--  	0.810	
08111	中科光电	0.00	0	0.089	0.089	5000	0	0.00	--  	0.089	--  	--  	0.00	0.00	0.000	软件服务	--  	0.089	
08103	万泰企业股份	-1.18	0	1.680	1.700	20000	0	0.00	--  	1.680	--  	--  	0.00	0.00	-0.020	软件服务	--  	1.680	
08098	昌利控股	0.00	0	0.179	0.179	10000	0	0.00	--  	0.179	--  	--  	0.00	0.00	0.000	其他金融	--  	0.179	
08092	ITE HOLDINGS	0.00	0	0.096	0.096	4000	0	0.00	--  	0.096	--  	--  	0.00	0.00	0.000	软件服务	--  	0.096	
08076	新利软件	-0.52	0	0.192	0.193	5000	0	0.00	--  	0.192	--  	--  	0.00	0.00	-0.001	软件服务	--  	0.192	
08070	侨洋国际控股	0.00	0	0.640	0.640	5000	0	0.00	--  	0.640	--  	--  	0.00	0.00	0.000	工业工程	--  	0.640	
数据来源:通达信
