代码	名称	涨幅%%	总金额	现价	买价	卖价	总量	现量	涨速%%	换手%%	
600460	士兰微	2.36	1964739200	16.46	16.50	16.51	1205868	225	0.24	          9.67	
603019	中科曙光	5.45	1856424832	45.46	45.46	45.47	417782	34	-0.08	          6.50	
000977	浪潮信息	9.99	1765288320	20.59	20.59	--  	886966	2024	0.00	          6.91	
600570	恒生电子	5.61	1595370240	50.42	50.43	50.44	322846	5	0.44	          5.23	
300017	网宿科技	2.74	1311034752	12.73	12.73	12.74	1045267	13703	0.08	          6.51	
600352	浙江龙盛	1.03	1308172416	12.79	12.78	12.79	1013112	309	0.08	          3.31	
601012	隆基股份	6.88	1247218688	36.82	36.82	36.83	342778	46	0.19	          1.74	
600588	用友网络	10.01	1236501120	36.05	36.05	--  	363332	2	0.00	          2.49	
300618	寒锐钴业	0.11	1107169152	290.05	290.05	290.10	37514	658	0.12	         12.50	
000738	航发控制	5.27	986510784	15.99	15.99	16.00	633605	10489	-0.36	          5.53	
002241	歌尔股份	0.51	972088000	15.64	15.64	15.65	625113	7544	0.13	          2.30	
300431	暴风集团	1.04	963162944	27.31	27.31	27.32	356260	6843	-0.14	         15.18	
300110	华仁药业	1.40	945296832	6.51	6.50	6.51	1456110	21033	-0.14	         12.32	
600584	长电科技	4.65	909417280	20.70	20.70	20.71	447285	14	-0.04	          4.54	
002008	大族激光	0.98	893523968	57.48	57.47	57.48	156761	1723	-0.02	          1.58	
000932	*ST华菱	4.58	878129984	10.74	10.73	10.74	833745	19096	0.28	          2.77	
600392	盛和资源	1.21	837227200	16.70	16.68	16.69	507764	11	0.00	          4.73	
300085	银之杰	3.58	831520896	16.77	16.77	16.78	508803	4747	-0.17	         12.97	
300367	东方网力	10.02	820355008	16.47	16.47	--  	514645	618	0.00	          9.38	
002176	江特电机	0.50	802749760	12.00	12.00	12.01	671487	8168	0.00	          4.86	
600271	航天信息	6.70	791919552	21.50	21.51	21.52	377346	185	0.70	          2.04	
300136	信维通信	0.55	789170176	40.33	40.32	40.33	197171	3475	0.10	          2.65	
601155	新城控股	0.89	777914816	34.19	34.20	34.22	226472	40	-0.14	          3.15	
002129	中环股份	0.99	770333504	9.19	9.18	9.19	845276	18369	0.33	          3.20	
300113	顺网科技	1.29	762843840	23.60	23.60	23.61	324958	9879	-0.24	          7.03	
00522	ASM PACIFIC	5.60	744193600	118.800	118.700	118.800	6360758	210700	0.17	          1.57	
601678	滨化股份	8.29	723110912	10.06	10.04	10.05	733759	148	-0.39	          6.18	
300271	华宇软件	6.07	674697664	19.22	19.22	19.23	360656	5148	0.21	          7.28	
300088	长信科技	3.11	656922752	7.63	7.63	7.64	873973	7494	0.00	          3.87	
300353	东土科技	9.99	647342400	15.74	15.74	--  	429476	536	0.00	         13.10	
002907	华森制药	9.99	644574528	37.32	37.32	--  	181397	376	0.00	         45.28	
600549	厦门钨业	0.72	616860480	25.21	25.21	25.22	247678	125	0.28	          2.29	
300182	捷成股份	2.75	615686336	10.48	10.47	10.48	592852	8453	0.38	          4.26	
300107	建新股份	2.74	613923904	9.76	9.76	9.77	631899	6172	0.31	         19.30	
300418	昆仑万维	1.59	594817536	24.85	24.85	24.86	241377	7829	0.08	          4.13	
002371	北方华创	5.85	569832576	35.65	35.65	35.66	164688	1349	0.03	          4.70	
300188	美亚柏科	5.03	558116544	24.45	24.45	24.46	232162	1504	0.25	          7.56	
000997	新 大 陆	10.03	551783616	18.87	18.87	--  	303727	11903	0.86	          3.27	
002638	勤上股份	4.92	547002496	5.54	5.54	5.55	969230	11799	0.91	          9.90	
002195	二三四五	2.81	544591232	6.22	6.22	6.23	892772	15526	0.16	          2.85	
000410	沈阳机床	10.05	544436096	10.51	10.51	--  	522602	152	0.00	          7.06	
600845	宝信软件	10.00	541779008	27.06	27.06	--  	207357	10	0.00	          3.96	
002396	星网锐捷	7.66	536378176	23.04	23.04	23.05	240586	1883	-0.29	          4.50	
603559	中通国脉	2.01	531575680	32.49	32.50	32.52	163175	20	0.03	         20.53	
002439	启明星辰	4.77	527996384	24.40	24.39	24.40	218800	1932	0.08	          3.80	
002229	鸿博股份	6.81	516591072	11.45	11.44	11.45	453098	3351	0.44	         12.29	
300083	劲胜智能	9.95	509967072	8.29	8.29	--  	642202	8995	0.00	          5.39	
300377	赢时胜	6.17	501176832	13.07	13.06	13.07	392183	5480	-0.22	          7.69	
300027	华谊兄弟	1.93	498350688	10.01	10.01	10.02	502292	7838	0.10	          2.62	
000517	荣安地产	0.43	497809856	4.65	4.65	4.66	1086041	22114	0.43	          3.58	
603505	金石资源	7.82	495541696	24.68	24.69	24.70	201805	5	0.28	         33.63	
300738	奥飞数据	6.86	490753536	60.40	60.39	60.40	81125	918	-0.06	         49.71	
300024	机器人	3.79	488939936	18.62	18.62	18.63	266600	3985	0.22	          1.76	
300315	掌趣科技	3.21	483887616	6.76	6.75	6.76	727230	22365	0.00	          2.75	
300287	飞利信	5.57	483848448	9.29	9.28	9.29	534067	7849	0.00	          5.06	
300133	华策影视	0.54	478179136	13.06	13.06	13.07	369939	7467	0.38	          3.03	
00868	信义玻璃	10.02	467834560	13.400	13.400	13.420	36398168	694000	0.00	          0.91	
300324	旋极信息	2.42	464049920	17.32	17.32	17.33	271129	2372	-0.05	          4.00	
300586	美联新材	0.26	449476800	41.89	41.89	41.90	106551	1377	0.36	         43.52	
300277	海联讯	9.97	447363072	11.25	11.25	--  	405604	51	0.00	         12.13	
300033	同花顺	4.72	443220288	50.80	50.79	50.80	88734	1603	0.51	          3.37	
002202	金风科技	0.45	438332448	17.75	17.75	17.76	245238	2192	0.00	          0.87	
300666	江丰电子	7.39	437263968	55.98	55.98	55.99	80212	1412	0.14	         14.67	
00823	领展房产基金	2.62	437042016	68.650	--  	--  	6433916	599500	0.07	--  	
300274	阳光电源	4.85	435681984	17.28	17.28	17.29	256344	2184	-0.28	          2.42	
300226	上海钢联	2.17	428469216	64.40	64.38	64.40	67581	2087	0.92	          4.48	
600158	中体产业	4.33	427064384	12.28	12.27	12.29	348225	50	0.08	          5.30	
000970	中科三环	2.57	421865632	12.35	12.34	12.35	347202	5144	-0.15	          3.26	
300044	赛为智能	2.78	418165312	17.73	17.73	17.74	239176	4638	0.17	          9.89	
300343	联创互联	3.37	416651680	15.66	15.66	15.67	270335	6566	-0.24	          7.15	
601086	国芳集团	1.92	404866272	10.07	10.08	10.09	403160	35	0.30	         25.20	
601108	财通证券	0.31	404138048	16.24	16.24	16.25	250366	90	0.25	          6.97	
002911	佛燃股份	10.02	403176672	27.35	27.35	--  	153478	365	0.00	         27.41	
002174	游族网络	0.66	399618272	24.28	24.27	24.28	166187	8487	0.58	          2.88	
300070	碧水源	0.24	397827808	16.60	16.59	16.60	239486	3412	0.06	          1.25	
00268	金蝶国际	0.18	392106208	5.650	5.640	5.650	69318000	954000	0.18	          2.39	
002410	广联达	1.94	387887296	22.08	22.08	22.09	176475	886	-0.08	          2.04	
002555	三七互娱	0.19	378805376	20.79	20.79	20.80	182798	883	0.10	          1.57	
002279	久其软件	10.04	377158144	13.04	13.04	--  	301926	1977	0.00	         11.02	
600760	中航沈飞	1.20	373038176	29.60	29.60	29.61	126160	28	0.24	          3.66	
002454	松芝股份	10.02	372684864	13.18	13.18	--  	285076	1502	0.00	          6.93	
000717	韶钢松山	0.89	371060288	7.91	7.90	7.91	470977	6274	0.13	          1.95	
002310	东方园林	0.88	369595808	19.47	19.46	19.47	189918	1263	-0.14	          1.17	
600260	凯乐科技	1.28	364734528	32.54	32.57	32.59	112642	42	0.09	          2.09	
600198	大唐电信	4.29	357585344	8.76	8.76	8.77	418165	25	-1.01	          4.81	
603108	润达医疗	9.48	356953344	14.21	14.20	14.22	256398	310	-0.41	         11.56	
600536	中国软件	10.02	354192352	14.27	14.27	--  	256413	5	0.00	          5.18	
300207	欣旺达	5.25	354016384	10.83	10.83	10.84	331587	1726	-0.08	          2.82	
002373	千方科技	3.96	348466176	14.96	14.96	14.97	236748	3150	0.13	          2.89	
002095	生 意 宝	5.49	345803872	45.13	45.12	45.13	76984	2281	0.24	          3.06	
002285	世联行	0.19	345465440	10.74	10.73	10.74	323614	2978	0.00	          1.90	
603058	永吉股份	7.45	345186464	18.60	18.61	18.69	195103	5	-2.30	          8.55	
600072	中船科技	1.53	344572224	12.59	12.59	12.60	277076	29	0.08	          4.61	
600756	浪潮软件	9.99	337736288	16.63	16.63	--  	210418	98	0.00	          6.49	
300433	蓝思科技	0.21	333277440	28.20	28.20	28.21	118989	933	-0.24	          2.69	
000670	盈方微	9.77	331287584	5.62	5.61	5.62	605688	11170	-0.17	         10.09	
300098	高新兴	3.45	329640960	13.19	13.18	13.19	254550	7572	0.30	          4.30	
002500	山西证券	0.64	325066176	7.90	7.90	7.91	415443	9560	0.25	          1.47	
300708	聚灿光电	0.93	324510816	27.24	27.24	27.25	119622	2381	0.15	         18.60	
300124	汇川技术	0.95	321828000	31.83	31.83	31.84	101356	1478	0.03	          0.83	
002606	大连电瓷	0.57	320179808	8.85	8.84	8.85	363115	12170	-0.10	          9.03	
600718	东软集团	7.39	319305856	13.80	13.81	13.82	236241	78	-0.06	          1.91	
600728	佳都科技	8.87	317063648	8.10	8.11	8.12	403337	129	0.87	          2.93	
000021	深科技	2.99	299553920	8.95	8.94	8.95	340519	6578	0.11	          2.32	
300725	药石科技	5.29	299526112	94.35	94.35	94.36	31909	986	0.54	         17.40	
600667	太极实业	0.92	296593440	7.72	7.71	7.72	386253	10	-0.12	          3.24	
603969	银龙股份	0.75	295312704	13.48	13.47	13.48	219968	84	0.22	          5.50	
002036	联创电子	0.95	294602336	17.00	16.99	17.00	174455	4039	0.06	          4.42	
300077	国民技术	1.55	293962080	8.52	8.51	8.52	348153	4148	0.24	          6.42	
300401	花园生物	5.00	293874528	48.30	48.30	48.32	61458	943	0.08	          3.60	
000768	中航飞机	1.89	291797600	15.07	15.06	15.07	194258	1760	0.07	          0.70	
300378	鼎捷软件	5.72	284084128	14.61	14.61	14.62	199342	1955	0.21	          7.64	
300542	新晨科技	3.36	283240128	35.10	35.10	35.11	83355	1010	0.06	         25.57	
300097	智云股份	6.37	279570624	25.40	25.40	25.41	109993	678	0.55	          7.12	
002650	加加食品	0.43	278750752	4.72	4.72	4.73	593141	13459	0.00	          6.27	
002178	延华智能	2.50	275137984	6.97	6.96	6.97	398339	6503	0.14	          6.56	
002354	天神娱乐	0.41	267660128	17.12	17.12	17.13	157982	3163	-0.05	          3.04	
002280	联络互动	6.01	265374176	6.70	6.70	6.71	408024	10953	0.30	          2.21	
300730	科创信息	6.23	264537552	33.95	33.95	33.96	79088	1520	0.53	         34.03	
600391	航发科技	0.28	264338560	17.98	17.97	17.98	149074	23	0.11	          4.52	
600206	有研新材	1.21	260101008	10.06	10.06	10.07	260786	315	0.20	          3.11	
600446	金证股份	6.11	257528592	15.62	15.61	15.62	168310	1	0.06	          2.10	
002668	奥马电器	0.81	257086848	25.00	24.99	25.00	104790	1378	-0.39	          2.68	
600038	中直股份	2.41	256540960	40.30	40.28	40.29	64014	5	0.07	          1.09	
603499	翔港科技	6.28	254679056	28.42	28.42	28.43	92100	5	-0.06	         36.84	
002649	博彦科技	2.15	253894608	11.41	11.40	11.41	227173	3647	0.00	          5.49	
002447	晨鑫科技	1.50	251878816	6.08	6.08	6.09	414817	3001	0.00	          4.30	
000823	超声电子	3.25	249263696	10.17	10.17	10.18	250489	4025	0.20	          4.67	
002138	顺络电子	1.87	249243392	17.47	17.46	17.47	142631	1131	-0.05	          2.22	
300296	利亚德	1.03	244717520	21.48	21.48	21.49	114169	805	-0.27	          1.17	
002640	跨境通	0.10	244192608	19.50	19.50	19.51	125398	1957	0.00	          1.00	
300348	长亮科技	4.01	244020464	20.23	20.22	20.23	121255	1476	0.20	          6.64	
600745	闻泰科技	5.48	241955664	28.89	28.87	28.89	83820	3	0.31	          1.73	
603080	新疆火炬	9.99	239708320	31.82	31.82	--  	79178	2	0.00	         22.30	
002327	富安娜	6.16	239045584	11.72	11.72	11.73	212096	2523	-0.08	          4.25	
300222	科大智能	4.22	238126592	21.00	21.00	21.01	114693	2438	0.29	          3.55	
300224	正海磁材	3.46	236928112	8.38	8.37	8.38	285029	3540	-0.23	          3.88	
002222	福晶科技	2.57	228455248	17.15	17.15	17.16	134678	1367	0.12	          3.20	
002054	德美化工	1.72	227909104	7.08	7.08	7.09	323772	4709	0.14	         10.28	
002654	万润科技	6.87	227016736	7.00	7.00	7.01	327442	2271	-0.13	          6.49	
300047	天源迪科	5.33	226782016	13.83	13.83	13.84	167370	1643	0.22	          6.14	
002081	金 螳 螂	0.28	224354784	14.20	14.19	14.20	158796	1744	0.28	          0.62	
000155	川化股份	1.24	224269280	6.52	6.51	6.52	343983	2193	0.00	          3.67	
300036	超图软件	4.84	223512864	15.39	15.38	15.39	146947	1764	0.07	          4.45	
002104	恒宝股份	6.39	222859024	7.99	7.99	8.00	278553	2614	0.00	          4.92	
002369	卓翼科技	9.99	221530336	8.59	8.59	--  	265951	318	0.00	          6.34	
300053	欧比特	2.00	220855504	13.77	13.77	13.78	162382	2698	0.22	          3.50	
603676	卫信康	3.97	220744656	15.97	15.96	15.97	139535	1	0.25	         22.15	
002760	凤形股份	2.65	220734896	22.84	22.83	22.84	97067	1563	-0.25	         21.23	
300520	科大国创	9.99	218932432	22.57	22.57	--  	100887	31	0.00	          8.96	
300252	金信诺	4.63	217066016	14.70	14.69	14.70	152438	2425	0.27	          5.04	
300052	中青宝	0.64	210640736	14.24	14.23	14.24	150272	3599	-0.27	          5.78	
601003	柳钢股份	0.91	209630064	7.80	7.79	7.80	269777	5	0.13	          1.05	
300678	中科信息	5.47	205800592	50.31	50.31	50.32	40960	520	0.06	         16.38	
000806	银河生物	2.56	205690176	6.80	6.80	6.81	306508	3259	-0.14	          4.39	
000728	国元证券	0.63	203507344	9.61	9.61	9.62	213627	3606	0.10	          0.73	
002194	武汉凡谷	0.11	203442960	9.13	9.13	9.14	221889	4005	-0.21	          4.18	
300020	银江股份	4.07	203294304	10.75	10.75	10.76	191205	2968	0.00	          3.09	
002813	路畅科技	6.80	200781088	29.69	29.68	29.69	68406	914	0.17	         22.80	
300474	景嘉微	4.22	199746000	49.39	49.39	49.40	41090	779	0.24	          6.13	
300407	凯发电气	1.17	195829376	12.12	12.11	12.12	164384	3454	0.17	          9.97	
002292	奥飞娱乐	4.75	194549376	12.13	12.13	12.14	162760	1194	0.00	          2.13	
002353	杰瑞股份	4.30	193327504	15.05	15.04	15.05	131156	2625	0.00	          1.97	
600520	文一科技	2.02	191803440	19.16	19.15	19.17	100855	65	-0.04	          6.37	
002470	金正大	2.71	187634064	8.71	8.71	8.72	217020	2187	-0.56	          0.80	
300288	朗玛信息	3.23	186900592	23.63	23.62	23.63	80768	1150	-0.12	          3.98	
01233	时代中国控股	10.33	186218960	9.930	--  	--  	19168200	1000	-0.40	          1.05	
300672	国科微	4.22	186130128	49.40	49.40	49.43	37901	863	0.41	         13.56	
300183	东软载波	6.82	183693568	16.28	16.27	16.28	116674	1252	0.12	          4.43	
603881	数据港	4.50	183414528	37.38	37.39	37.40	49528	37	0.21	          3.87	
002025	航天电器	1.77	182901680	23.00	22.99	23.00	79810	1359	-0.25	          1.86	
002544	杰赛科技	5.39	182763008	14.08	14.08	14.09	132588	1914	0.21	          2.59	
603980	吉华集团	4.51	182394624	20.16	20.15	20.16	90356	3	0.40	          9.04	
300352	北信源	3.77	181459584	4.13	4.13	4.14	445858	7940	0.00	          4.27	
300601	康泰生物	5.87	181160928	51.02	51.02	51.03	35877	623	-0.09	          2.24	
603160	汇顶科技	2.41	180086320	87.84	87.90	87.93	20720	1	-0.04	          0.90	
002067	景兴纸业	0.32	179272784	6.23	6.22	6.23	288452	3147	0.00	          3.00	
300203	聚光科技	0.45	179013920	27.08	27.08	27.09	66384	660	-0.21	          1.47	
603138	海量数据	5.02	178931200	39.55	39.55	39.59	46143	86	-0.27	         17.31	
300229	拓尔思	6.21	177768160	13.86	13.86	13.87	131634	1991	-0.13	          2.95	
002486	嘉麟杰	4.77	177583552	4.61	4.61	4.62	388105	1983	0.00	          4.81	
002409	雅克科技	6.22	177510256	23.06	23.05	23.06	78733	864	0.26	          4.30	
600372	中航电子	1.20	177096096	13.52	13.52	13.53	131718	2	0.30	          0.75	
000988	华工科技	2.49	175305408	15.67	15.66	15.67	113085	2832	0.26	          1.27	
002175	东方网络	3.96	173570400	7.61	7.61	7.62	229729	3212	-0.12	          4.33	
601231	环旭电子	2.25	173016560	14.52	14.51	14.52	119606	2	-0.13	          0.55	
002590	万安科技	0.17	172356016	11.59	11.58	11.59	147966	1586	0.17	          3.40	
603225	新凤鸣	1.13	171875648	38.39	38.38	38.39	44727	40	0.03	          5.79	
000915	山大华特	2.38	171517536	24.50	24.50	24.51	70131	1084	-0.07	          3.00	
000901	航天科技	1.75	171013008	20.30	20.29	20.30	85113	951	0.00	          2.25	
300152	科融环境	1.08	169912704	4.68	4.68	4.69	372317	9714	0.21	          5.22	
002644	佛慈制药	4.82	169807824	11.53	11.53	11.54	146883	2860	-0.16	          2.88	
300021	大禹节水	3.12	169665984	6.60	6.60	6.61	258768	3305	-0.14	          3.96	
300273	和佳股份	2.42	169482832	8.03	8.03	8.04	215489	3875	0.50	          3.85	
600141	兴发集团	2.23	168014544	16.05	16.03	16.04	105005	2	-0.11	          2.10	
600136	当代明诚	9.63	167299328	14.11	14.08	14.10	122093	5	-0.27	          3.97	
00354	中国软件国际	4.36	166825312	5.990	5.990	6.010	28096000	1058000	-0.33	          1.17	
002139	拓邦股份	4.31	166728400	10.64	10.64	10.65	158965	2280	0.00	          3.12	
002577	雷柏科技	10.03	166092496	15.14	15.14	--  	111657	549	0.00	          3.97	
002893	华通热力	5.59	166083408	25.69	25.69	25.70	65965	1597	-0.03	         21.99	
300213	佳讯飞鸿	10.00	166024576	8.03	8.03	--  	215020	416	0.00	          5.86	
603188	亚邦股份	3.60	165732480	14.38	14.37	14.38	114683	43	0.21	          1.99	
300302	同有科技	10.00	165727440	10.34	10.34	--  	164711	307	0.00	          6.73	
600528	中铁工业	1.25	165443840	11.34	11.33	11.34	145679	3	0.09	          1.00	
300148	天舟文化	3.32	164719120	8.09	8.09	8.10	207677	5378	0.12	          2.72	
603899	晨光文具	1.65	163755760	28.40	28.37	28.41	58688	24	-0.55	          0.64	
600373	中文传媒	0.49	163318064	16.52	16.53	16.54	99800	33	0.06	          0.72	
600109	国金证券	1.29	162374224	8.61	8.60	8.62	190449	96	0.00	          0.63	
300051	三五互联	3.03	162305408	10.20	10.19	10.20	160801	1789	-0.19	          6.55	
300081	恒信东方	5.47	162278992	11.37	11.36	11.37	145395	799	0.35	          5.93	
300299	富春股份	2.11	162254032	7.76	7.75	7.76	207415	3356	0.26	          4.94	
600563	法拉电子	2.21	162018368	46.69	46.63	46.68	34429	2	0.09	          1.53	
300276	三丰智能	3.93	161041440	14.03	14.02	14.03	116170	2101	0.14	          5.81	
300307	慈星股份	7.81	160417888	7.87	7.86	7.87	205573	2295	-0.12	          2.59	
603533	掌阅科技	10.01	159590336	37.80	37.80	--  	43068	10	0.00	         10.50	
300010	立思辰	5.52	158296368	10.33	10.32	10.33	156433	4175	0.00	          2.51	
002908	德生科技	5.07	157736480	28.62	28.62	28.63	55590	851	0.14	         16.67	
002624	完美世界	0.39	157493008	33.18	33.18	33.19	47895	504	0.03	          1.03	
600459	贵研铂业	5.49	154451232	19.80	19.79	19.80	78774	3	-0.09	          3.02	
600783	鲁信创投	10.03	154079824	12.73	12.73	--  	124626	1	0.00	          1.67	
002921	联诚精密	2.24	153939616	30.63	30.63	30.64	50802	1337	-0.48	         25.40	
600118	中国卫星	0.96	153919648	21.14	21.14	21.15	73155	5	0.09	          0.62	
00902	华能国际电力股份	1.85	152867360	4.950	4.950	4.960	31120400	5188000	0.00	          0.66	
300613	富瀚微	1.52	152611968	167.50	167.50	167.53	9055	149	0.02	          7.00	
600056	中国医药	0.79	151269712	22.87	22.87	22.88	66231	8	-0.08	          0.65	
600139	西部资源	1.19	151022208	5.93	5.93	5.94	258193	90	0.51	          3.90	
600621	华鑫股份	1.06	150907952	12.38	12.37	12.38	123340	3	0.16	          2.35	
002568	百润股份	4.67	150685568	13.00	13.00	13.01	116517	880	0.15	          3.06	
300078	思创医惠	3.00	149885168	9.27	9.26	9.27	163278	2127	0.00	          3.16	
600435	北方导航	0.78	149639584	10.29	10.28	10.29	146380	5	0.19	          0.98	
002297	博云新材	2.87	148299344	7.88	7.88	7.89	186952	3481	-0.12	          4.71	
300503	昊志机电	4.48	148281504	13.75	13.75	13.76	109541	2523	0.29	         10.62	
002430	杭氧股份	3.68	148067328	14.94	14.93	14.94	100132	1670	-0.06	          1.20	
00598	中国外运	5.52	143869216	4.590	4.580	4.590	31234000	439000	-0.22	          1.46	
002343	慈文传媒	1.24	142791904	35.82	35.82	35.83	40078	682	0.06	          1.72	
600770	综艺股份	3.10	142458768	6.65	6.64	6.65	215429	100	-0.29	          1.66	
600079	人福医药	0.26	140915200	15.70	15.71	15.72	90005	3	0.19	          0.85	
300109	新开源	4.25	139830480	37.50	37.41	37.50	38038	1493	0.27	          4.44	
000822	山东海化	0.23	139527200	8.64	8.64	8.65	161301	1717	-0.22	          1.80	
002131	利欧股份	1.52	138216272	2.68	2.67	2.68	519665	4786	0.00	          1.53	
603938	三孚股份	2.55	138138672	32.20	32.17	32.20	42823	3	-0.02	         11.40	
002183	怡 亚 通	2.84	137805504	6.88	6.87	6.88	202922	2625	0.29	          0.96	
600633	浙数文化	0.58	137220304	13.99	13.98	13.99	98629	362	0.14	          0.76	
300465	高伟达	1.23	136435760	9.02	9.01	9.02	153410	1918	0.11	          5.70	
600610	中毅达	2.21	136076976	5.08	5.07	5.08	271662	101	0.79	          7.23	
002563	森马服饰	1.21	134581680	10.01	10.00	10.01	135638	2615	0.20	          0.74	
600850	华东电脑	9.98	134558976	17.63	17.63	--  	78637	2	0.00	          1.87	
300468	四方精创	2.21	133640352	38.34	38.33	38.34	35645	586	-0.02	          5.33	
02362	金川国际	3.02	132794928	2.050	--  	--  	64562000	2000	0.00	          1.34	
300105	龙源技术	4.66	132306696	5.61	5.61	5.62	235287	3452	-0.17	          4.58	
300237	美晨生态	0.48	131930536	14.66	14.65	14.66	92083	1520	0.48	          1.42	
002013	中航机电	1.03	131376864	9.80	9.79	9.80	134401	2205	0.00	          0.64	
300336	新文化	2.51	131305560	11.42	11.41	11.42	116000	834	0.00	          2.56	
300161	华中数控	5.46	131000176	15.65	15.63	15.65	85102	2024	0.51	          5.15	
300295	三六五网	4.14	130486672	16.84	16.84	16.86	78866	1456	0.60	          4.46	
300671	富满电子	5.70	130199072	35.63	35.63	35.64	37142	257	0.34	         14.65	
000989	九 芝 堂	1.78	129956208	20.59	20.58	20.59	63967	836	0.15	          1.31	
600332	白云山	0.27	129795200	25.85	25.85	25.86	50289	51	-0.03	          0.47	
300310	宜通世纪	3.63	128291896	10.55	10.55	10.56	123568	2672	-0.08	          2.12	
002444	巨星科技	1.88	128286560	12.44	12.44	12.45	104608	1331	0.08	          1.03	
300419	浩丰科技	5.68	128135408	8.00	8.00	8.01	162163	1947	0.00	          7.15	
300459	金科文化	2.64	127965560	11.68	11.67	11.68	109826	757	0.17	          2.10	
002245	澳洋顺昌	1.44	126821584	9.15	9.14	9.15	139600	1653	0.11	          1.53	
002895	川恒股份	1.73	126142200	22.87	22.86	22.87	54915	1094	0.04	         13.73	
002582	好想你	6.02	125802808	11.98	11.97	11.98	106658	1596	-0.07	          4.52	
600698	湖南天雁	2.75	125040624	6.36	6.35	6.36	197934	49	0.63	          2.69	
300359	全通教育	1.96	125024024	9.36	9.35	9.36	135031	3076	0.43	          3.26	
603323	吴江银行	0.70	124411328	8.67	8.66	8.67	144086	237	0.23	          2.37	
600571	信雅达	5.16	124335984	9.57	9.56	9.57	132241	76	0.00	          3.12	
002334	英威腾	2.30	121497888	8.44	8.43	8.44	145050	554	0.00	          2.54	
002385	大北农	0.16	121320672	6.32	6.31	6.32	191705	2475	0.00	          0.85	
300426	唐德影视	2.35	121206680	20.00	19.99	20.00	60181	961	-0.69	          4.01	
603444	吉比特	1.37	120889104	158.32	158.32	158.39	7672	2	0.09	          1.87	
002191	劲嘉股份	3.52	120735136	8.52	8.51	8.52	143024	849	0.12	          1.10	
002115	三维通信	0.83	120538240	8.53	8.53	8.54	142656	1912	0.12	          4.14	
000009	中国宝安	0.83	120382168	6.09	6.09	6.10	197971	2647	0.00	          0.93	
300184	力源信息	4.03	119324152	11.37	11.36	11.37	106756	2609	0.09	          3.54	
600895	张江高科	3.88	119238168	12.58	12.56	12.57	95228	10	0.00	          0.61	
300311	任子行	4.15	119019056	13.55	13.55	13.56	89205	1612	0.00	          3.76	
601002	晋亿实业	1.18	118986376	8.55	8.54	8.55	140238	46	0.00	          1.77	
300366	创意信息	5.33	118813208	10.68	10.68	10.69	113287	1081	0.00	          4.38	
002677	浙江美大	2.29	118677376	16.99	16.99	17.00	69170	279	-0.05	          2.44	
603933	睿能科技	5.13	117349088	40.76	40.76	40.77	29377	5	0.12	         11.44	
600308	华泰股份	0.72	117010512	6.95	6.95	6.96	169599	20	0.43	          1.45	
300561	汇金科技	6.18	116379792	37.99	37.96	37.99	31789	1529	-0.28	          9.46	
002029	七 匹 狼	1.09	115181448	9.27	9.27	9.28	124387	665	-0.10	          1.65	
002022	科华生物	4.14	113374736	13.32	13.32	13.33	86191	1571	0.15	          1.89	
002625	光启技术	3.67	113129416	25.69	25.69	25.70	44490	482	0.04	          1.77	
000821	京山轻机	4.34	112972584	12.51	12.45	12.51	91910	2999	1.13	          2.66	
600855	航天长峰	2.60	112738840	13.01	13.00	13.02	87725	22	0.23	          2.66	
300297	蓝盾股份	2.97	112076264	9.70	9.70	9.72	117046	1432	-0.30	          1.59	
300365	恒华科技	3.01	111663488	36.60	36.58	36.60	30940	578	-0.24	          3.00	
002528	英飞拓	1.42	110274688	5.01	5.01	5.02	220035	3837	0.00	          2.62	
002769	普路通	10.01	109779344	16.92	16.92	--  	66501	344	0.00	          3.49	
300046	台基股份	3.99	109576872	16.95	16.95	16.96	65919	1134	-0.17	          4.64	
600416	湘电股份	0.31	109071344	9.84	9.83	9.84	111082	21	0.10	          1.26	
600316	洪都航空	2.48	108653744	12.00	12.01	12.02	91140	86	0.00	          1.27	
300247	乐金健康	2.88	107749040	5.36	5.36	5.37	202951	2923	0.00	          3.52	
300532	今天国际	2.58	107598136	25.42	25.42	25.45	43046	653	0.12	          6.53	
002007	华兰生物	0.82	106377016	27.08	27.08	27.09	39363	579	-0.06	          0.49	
600875	东方电气	0.11	106304496	9.50	9.50	9.51	112112	135	0.00	          0.56	
002412	汉森制药	5.29	106162136	16.53	16.51	16.53	65694	309	-0.11	          2.29	
600701	工大高新	2.69	105056200	8.40	8.40	8.41	126508	10	0.24	          1.63	
600227	赤天化	9.92	104076480	5.43	5.43	--  	191669	3	0.00	          1.54	
002479	富春环保	0.70	102979224	8.66	8.65	8.66	119269	3993	0.12	          1.63	
002382	蓝帆医疗	0.44	102877664	16.11	16.11	16.12	63667	615	0.19	          1.32	
300333	兆日科技	4.54	102370760	7.83	7.83	7.84	132112	1617	-0.12	          3.99	
300031	宝通科技	2.39	101207376	15.83	15.83	15.84	64454	592	0.06	          2.51	
600343	航天动力	0.44	100995344	11.45	11.43	11.44	88942	6	0.26	          1.39	
002484	江海股份	4.08	100809504	8.67	8.67	8.68	115812	873	0.12	          1.52	
300167	迪威迅	3.11	99727960	7.95	7.95	7.96	126747	2386	0.25	          4.22	
300034	钢研高纳	6.09	99469520	10.28	10.27	10.28	99829	1332	0.10	          2.37	
600603	广汇物流	0.61	99255192	8.19	8.18	8.19	121567	9	0.37	          4.46	
600366	宁波韵升	0.06	98433256	16.87	16.87	16.88	58639	20	0.18	          1.08	
600481	双良节能	6.91	98431384	4.18	4.18	4.19	237302	27	-0.23	          1.46	
002221	东华能源	1.33	97786640	11.47	11.47	11.48	85751	532	-0.08	          0.57	
300692	中环环保	1.06	97521432	35.29	35.29	35.30	27837	762	-0.16	         10.44	
300502	新易盛	1.36	97078360	26.16	26.16	26.17	37413	1335	-0.14	          3.00	
300527	华舟应急	7.51	97060744	24.19	24.18	24.19	40922	594	0.00	          2.85	
03306	江南布衣	4.15	96801352	16.060	--  	--  	6037500	500	0.38	          1.16	
300232	洲明科技	0.39	96734928	15.40	15.40	15.42	63181	455	0.07	          1.70	
600161	天坛生物	0.56	96529352	27.05	27.04	27.05	35856	9	0.15	          0.54	
603800	道森股份	0.76	95619160	14.64	14.64	14.65	66571	19	-0.06	          9.85	
600990	四创电子	3.62	95194736	51.18	51.15	51.16	18876	1	-0.13	          1.38	
00168	青岛啤酒股份	0.23	95168448	43.100	43.100	43.150	2210549	110000	0.35	          0.34	
002424	贵州百灵	1.24	94125424	13.10	13.10	13.11	72156	2616	0.23	          0.99	
300028	金亚科技	9.98	93419848	4.63	4.63	--  	203677	169	0.00	          5.92	
002429	兆驰股份	0.60	93104016	3.37	3.36	3.37	277156	1533	0.00	          0.70	
600750	江中药业	1.78	92726840	24.59	24.59	24.60	37987	50	0.04	          1.27	
300380	安硕信息	7.55	92396016	19.80	19.80	19.81	48235	2659	0.20	          7.16	
000710	贝瑞基因	3.93	92187536	44.68	44.67	44.68	20951	334	-0.03	          1.39	
300248	新开普	5.08	91708320	12.20	12.19	12.20	77090	1955	0.08	          3.77	
000801	四川九洲	2.37	91023408	6.05	6.04	6.05	151345	4355	0.83	          1.48	
600963	岳阳林纸	1.65	90885640	6.17	6.17	6.18	147643	9	0.00	          1.42	
002836	新宏泽	1.00	89789704	18.21	18.21	18.22	49508	880	-0.15	          8.78	
600355	精伦电子	2.71	89365112	5.30	5.30	5.31	167220	11	-0.37	          3.40	
000851	高鸿股份	2.89	89203704	7.83	7.82	7.83	115451	959	-0.12	          1.95	
00486	俄铝	1.48	88812848	5.480	--  	--  	16206000	6000	0.00	          0.11	
300347	泰格医药	0.25	88579864	39.38	39.38	39.39	22598	177	0.08	          0.74	
002558	巨人网络	1.79	88531920	33.56	33.54	33.56	26549	437	0.12	          0.76	
600503	华丽家族	0.17	87583184	5.90	5.89	5.90	149161	5	0.17	          0.93	
300687	赛意信息	5.39	87471936	48.13	48.13	48.14	18378	458	0.35	          9.19	
300554	三超新材	6.47	87226896	76.99	76.98	76.99	11596	346	0.03	          8.92	
300007	汉威科技	3.50	87171416	13.01	13.00	13.01	67902	1180	0.08	          3.03	
300543	朗科智能	4.00	87016864	24.17	24.17	24.18	36607	390	-0.07	          8.59	
000733	振华科技	3.70	85631816	12.88	12.88	12.89	67514	1194	0.08	          1.44	
603228	景旺电子	3.43	84855704	50.05	50.01	50.05	16996	1	-0.07	          2.10	
000627	天茂集团	0.40	83893800	7.55	7.55	7.56	110895	2048	0.00	          0.82	
300245	天玑科技	5.39	83722280	13.30	13.30	13.31	63342	869	0.00	          3.08	
300422	博世科	0.60	83436280	15.09	15.09	15.10	55491	814	-0.06	          2.11	
002028	思源电气	0.96	82721984	16.81	16.81	16.82	49512	492	0.24	          0.85	
603776	永安行	1.64	82272512	54.06	54.07	54.09	15318	6	0.00	          6.38	
300298	三诺生物	1.74	81931744	21.65	21.65	21.67	37510	290	-0.08	          1.25	
603000	人民网	0.65	81721344	10.85	10.83	10.84	75483	10	0.18	          0.68	
300230	永利股份	1.40	81639928	13.03	13.02	13.03	63290	1338	0.23	          2.40	
300440	运达科技	3.53	81621464	8.80	8.80	8.81	94011	1651	0.11	          4.65	
300566	激智科技	2.22	81374416	28.04	28.03	28.04	29346	424	-0.06	          4.03	
300099	精准信息	4.77	81175696	6.15	6.15	6.16	135530	3526	0.00	          3.46	
002383	合众思壮	1.14	80808096	18.56	18.55	18.56	43829	526	0.11	          0.93	
601005	*ST重钢	5.04	80036504	2.50	2.50	--  	325131	63	0.00	          0.39	
600820	隧道股份	1.05	79541792	7.68	7.68	7.69	103646	10	-0.12	          0.33	
300685	艾德生物	2.08	79536168	98.00	98.00	98.07	8148	104	-0.11	          4.07	
300617	安靠智电	6.39	79426376	46.28	46.28	46.29	17520	217	-0.03	          7.16	
002086	东方海洋	0.97	78581536	10.37	10.36	10.37	76060	3016	-0.28	          1.60	
002826	易明医药	1.96	78247288	16.62	16.61	16.62	47194	1536	0.00	          4.68	
002120	韵达股份	2.25	78081152	44.55	44.55	44.56	17503	23	0.22	          1.80	
603636	南威软件	4.04	77978256	10.55	10.54	10.55	74623	2	-0.37	          1.85	
300178	腾邦国际	3.89	77936424	13.63	13.62	13.63	57937	444	0.00	          1.09	
601882	海天精工	1.38	77516536	11.73	11.71	11.72	66481	3	0.26	          5.28	
601566	九牧王	1.89	77440368	15.06	15.06	15.07	51839	7	0.07	          0.90	
603803	瑞斯康达	10.00	77264664	17.27	17.27	--  	47205	9	3.97	          8.31	
603179	新泉股份	5.29	77020784	35.65	35.64	35.65	21759	32	0.00	          5.46	
08337	直通电讯	93.94	76859392	0.320	--  	--  	273969984	100000	1.59	          8.80	
300306	远方信息	2.89	75649072	15.69	15.69	15.70	49296	586	0.51	          3.64	
601198	东兴证券	0.22	75261176	13.82	13.81	13.82	54638	4	0.14	          0.20	
000690	宝新能源	1.14	75159576	7.96	7.96	7.97	94653	490	-0.12	          0.46	
000686	东北证券	0.37	74846008	8.10	8.09	8.10	92766	2149	0.00	          0.40	
000795	英洛华	0.18	74812944	5.69	5.69	5.70	132374	1958	-0.17	          1.93	
600491	龙元建设	0.89	73258664	10.17	10.16	10.17	72194	10	-0.09	          0.76	
300370	安控科技	3.24	73141920	3.82	3.82	3.83	195267	2420	0.26	          2.92	
600572	康恩贝	2.19	73002336	6.99	6.99	7.00	105090	1	0.00	          0.51	
300029	天龙光电	4.57	72973608	8.24	8.24	8.25	88597	1611	0.37	          4.58	
002602	世纪华通	0.76	72758504	33.05	33.05	33.08	22053	142	0.30	          0.21	
300379	东方通	2.94	72714304	11.90	11.89	11.90	61568	1050	0.08	          3.10	
000558	莱茵体育	1.90	72334576	4.28	4.27	4.28	169725	2309	0.00	          1.32	
002076	雪 莱 特	9.92	72211728	5.43	5.43	--  	133815	207	0.00	          3.18	
300096	易联众	3.70	71862288	11.20	11.19	11.20	64854	1006	0.00	          1.68	
002250	联化科技	1.57	71328944	10.37	10.37	10.38	69561	751	-0.09	          0.93	
600987	航民股份	1.67	71065200	11.57	11.57	11.58	61489	101	0.17	          0.97	
600305	恒顺醋业	0.19	71036680	10.34	10.33	10.34	68526	22	0.00	          1.14	
000936	华西股份	4.70	70463512	6.46	6.46	6.47	110471	1405	0.31	          1.48	
002448	中原内配	0.10	70461728	9.67	9.66	9.67	73470	1282	0.10	          1.59	
600175	美都能源	1.30	69826248	4.68	4.67	4.68	149334	20	0.00	          0.61	
600873	梅花生物	0.20	69781104	5.07	5.06	5.07	137950	12	0.20	          0.44	
002288	超华科技	0.79	69537368	5.10	5.10	5.11	137176	1272	0.00	          2.08	
603678	火炬电子	1.17	68955848	26.03	26.02	26.03	26534	31	0.19	          0.59	
300456	耐威科技	2.74	68639144	33.70	33.69	33.70	20426	518	-0.43	          2.83	
000837	秦川机床	4.33	68634336	5.54	5.53	5.54	125490	2062	0.36	          2.15	
300368	汇金股份	3.20	68601368	7.41	7.40	7.41	92571	2186	-0.26	          3.55	
002123	梦网集团	2.82	68228424	10.22	10.21	10.22	67648	847	0.29	          1.14	
000638	万方发展	1.12	67766240	8.99	8.99	9.00	75513	1053	-0.10	          2.44	
002569	步森股份	10.01	67686280	20.56	20.56	--  	33300	47	0.00	          2.40	
300012	华测检测	0.95	67447576	4.24	4.24	4.25	158551	885	0.00	          1.08	
002355	兴民智通	2.46	67361584	10.40	10.39	10.40	65366	1759	0.10	          2.21	
300214	日科化学	4.62	67307624	5.44	5.43	5.44	124919	2085	0.55	          4.10	
000626	远大控股	4.54	67015256	11.51	11.51	11.52	58993	1200	0.00	          1.46	
002759	天际股份	0.83	66438344	13.41	13.41	13.42	49126	1750	-0.36	          4.19	
300275	梅安森	1.86	66312608	14.26	14.25	14.26	47014	1179	0.14	          3.93	
000501	鄂武商Ａ	0.56	65670360	16.30	16.29	16.30	40335	164	-0.05	          0.60	
300494	盛天网络	3.76	65635568	15.46	15.45	15.46	43319	1776	0.78	          5.06	
600237	铜峰电子	10.02	64835880	4.72	4.72	--  	138891	10	0.00	          2.46	
600055	万东医疗	3.11	64645204	13.92	13.89	13.91	46783	182	0.07	          0.96	
000422	湖北宜化	2.27	64528504	3.15	3.15	3.16	203740	1172	-0.62	          2.27	
300577	开润股份	8.59	64042524	67.50	67.40	67.50	9689	245	1.35	          2.74	
603078	江化微	6.20	64002288	56.87	56.87	56.94	11593	2	-0.69	          7.73	
002747	埃斯顿	3.88	63830632	10.45	10.44	10.45	61824	1002	0.48	          2.19	
000953	*ST河化	5.01	63689020	7.97	7.97	--  	81272	78	0.00	          2.76	
000971	高升控股	2.38	63600612	12.04	12.03	12.04	53209	878	0.17	          1.83	
002658	雪迪龙	1.14	63228872	11.57	11.56	11.57	54630	838	0.09	          1.79	
600580	卧龙电气	1.04	63123876	7.79	7.79	7.80	81429	104	0.13	          0.73	
603638	艾迪精密	3.06	63061280	32.32	32.25	32.32	19721	40	0.00	          3.43	
300381	溢多利	10.01	62941724	11.87	11.86	11.87	53854	1197	0.17	          1.62	
002293	罗莱生活	1.40	62752932	15.25	15.25	15.28	41311	258	-0.32	          0.59	
000968	蓝焰控股	0.29	62664888	13.81	13.81	13.82	44940	731	-0.13	          0.87	
300536	农尚环境	1.23	62561364	14.87	14.86	14.87	42290	804	-0.33	          6.92	
603011	合锻智能	2.86	62328464	8.64	8.62	8.63	72461	10	0.12	          1.76	
002256	兆新股份	3.15	62132264	4.59	4.59	4.60	135714	2490	0.00	          1.08	
002332	仙琚制药	2.01	61891320	8.11	8.10	8.11	76804	255	0.00	          1.07	
600054	黄山旅游	2.17	61802344	13.67	13.66	13.67	45775	10	0.00	          0.89	
300094	国联水产	0.68	61478900	7.36	7.36	7.37	83565	217	0.14	          1.12	
603699	纽威股份	3.23	61440772	16.95	16.97	16.98	36364	2	0.12	          0.48	
002315	焦点科技	4.35	61132368	19.93	19.93	19.94	31319	1161	-0.09	          2.48	
300331	苏大维格	2.34	61021056	15.75	15.74	15.75	39089	800	0.06	          2.99	
03301	融信中国	1.96	61009784	11.440	11.380	11.440	5399500	74500	0.00	          0.36	
002766	索菱股份	0.99	60853544	13.25	13.24	13.25	46405	885	0.23	          2.68	
600027	华电国际	1.69	60512596	3.60	3.59	3.60	168969	3	0.28	          0.25	
002331	皖通科技	4.37	60436872	9.31	9.31	9.32	65694	294	-0.10	          2.25	
000553	沙隆达Ａ	0.28	60225012	14.49	14.49	14.50	41550	496	0.07	          1.14	
002380	科远股份	4.58	60202228	15.98	15.98	15.99	37908	78	0.13	          2.67	
000750	国海证券	0.65	60058884	4.62	4.61	4.62	130521	1452	0.22	          0.31	
002777	久远银海	8.84	60011708	33.99	33.99	34.00	17847	593	0.27	          2.97	
600618	氯碱化工	1.73	59645680	11.18	11.17	11.18	53458	4	0.00	          0.71	
300531	优博讯	9.99	59527516	14.97	14.97	--  	40335	14	0.00	          3.31	
600011	华能国际	1.13	59458980	6.26	6.26	6.27	95186	13	-0.15	          0.09	
300562	乐心医疗	0.57	59142228	17.66	17.66	17.68	33810	1277	0.51	          4.30	
300284	苏交科	1.60	58774344	15.89	15.88	15.89	37306	933	0.25	          1.06	
002021	中捷资源	0.25	58721848	3.97	3.96	3.97	148091	1424	-0.24	          2.15	
600862	中航高科	1.07	58538880	8.48	8.49	8.50	69149	72	-0.11	          0.87	
603766	隆鑫通用	1.37	58486524	6.68	6.68	6.69	87513	32	0.00	          0.42	
002522	浙江众成	2.46	58422156	9.17	9.16	9.17	64478	935	0.33	          0.77	
002775	文科园林	1.09	58313444	18.63	18.62	18.63	31477	238	-0.04	          2.69	
002265	西仪股份	3.30	57200064	11.90	11.89	11.90	48692	906	0.08	          1.61	
603118	共进股份	2.74	57192540	7.50	7.49	7.50	77352	4	-0.12	          1.00	
300398	飞凯材料	1.66	57163720	20.23	20.22	20.23	28220	198	0.00	          0.78	
600129	太极集团	4.96	57055352	15.45	15.41	15.44	37460	4	-0.05	          0.88	
300506	名家汇	1.71	56977536	20.17	20.16	20.17	28544	702	0.00	          2.16	
002091	江苏国泰	1.19	56949732	8.49	8.48	8.49	67469	803	0.12	          0.70	
00551	裕元集团	0.30	56814932	33.600	33.550	33.600	1697645	123500	-0.15	          0.10	
002051	中工国际	0.48	56656432	16.75	16.68	16.75	34008	596	0.42	          0.31	
002283	天润曲轴	1.52	56635160	5.36	5.35	5.36	105317	738	0.00	          0.94	
300350	华鹏飞	3.62	56367652	7.15	7.15	7.16	80068	1711	0.00	          3.41	
603838	四通股份	0.93	56050628	11.93	11.94	11.95	45910	8	-0.49	          4.72	
300427	红相电力	4.40	55921252	15.17	15.16	15.17	37163	457	0.07	          3.73	
000504	南华生物	0.44	55507848	25.14	25.13	25.14	22100	689	0.00	          0.71	
601689	拓普集团	0.32	55435016	21.97	21.95	21.96	25403	50	0.32	          1.49	
002322	理工环科	0.96	55019312	16.78	16.77	16.78	33122	473	0.30	          1.16	
002401	中远海科	3.14	54953336	10.51	10.51	10.52	52926	589	-0.09	          1.76	
300242	明家联合	2.09	54876528	7.33	7.33	7.34	75877	2556	0.27	          1.52	
300526	中潜股份	1.05	54875484	14.43	14.43	14.44	38034	725	-0.27	          6.36	
300326	凯利泰	0.98	54760812	8.27	8.26	8.27	66502	1505	0.12	          1.04	
300394	天孚通信	1.86	54729092	18.59	18.59	18.60	29722	527	0.05	          1.82	
600880	博瑞传播	4.38	54704292	4.77	4.76	4.77	115980	4	0.21	          1.58	
603929	亚翔集成	1.50	54601664	23.61	23.60	23.63	23366	5	0.04	          2.42	
600389	江山股份	1.26	54415724	19.30	19.31	19.33	28588	6	0.99	          0.96	
601901	方正证券	0.31	54168412	6.51	6.50	6.51	83401	88	0.00	          0.10	
600121	*ST郑煤	2.56	53751100	5.60	5.60	5.61	96651	52	0.36	          0.95	
002818	富森美	1.38	53695720	27.98	27.98	27.99	19275	541	0.18	          2.11	
300256	星星科技	1.92	53450408	6.91	6.91	6.92	77961	767	-0.13	          1.97	
300066	三川智慧	3.79	53398852	4.11	4.11	4.12	130469	857	-0.23	          1.37	
300397	天和防务	0.35	52835540	16.98	16.98	16.99	31406	426	-0.11	          1.33	
601717	郑煤机	0.95	52588628	6.36	6.35	6.36	82774	35	0.00	          0.60	
300258	精锻科技	2.39	52315296	15.44	15.43	15.44	34358	1088	0.13	          0.92	
002433	太安堂	2.62	52300520	8.22	8.22	8.23	63869	557	0.00	          0.92	
300163	先锋新材	2.10	51920228	4.87	4.86	4.87	106292	1348	0.62	          3.22	
002617	露笑科技	0.38	51892256	15.92	15.92	15.93	32737	1719	0.32	          0.47	
300005	探路者	0.40	51756036	5.06	5.06	5.07	103107	2774	0.20	          1.60	
002468	申通快递	0.54	51737376	24.40	24.39	24.40	21207	219	0.00	          0.64	
002630	华西能源	0.76	51698032	11.88	11.87	11.88	43658	299	-0.16	          0.72	
603365	水星家纺	0.65	51539188	23.35	23.35	23.36	22151	8	-0.12	          3.32	
000727	华东科技	0.86	51386516	2.35	2.34	2.35	220042	3878	0.43	          0.90	
300406	九强生物	0.96	51355140	15.79	15.79	15.80	32910	436	0.38	          1.04	
000028	国药一致	2.02	51304296	57.64	57.64	57.65	9003	141	0.26	          0.29	
601801	皖新传媒	1.64	51300840	9.28	9.27	9.28	55454	10	-0.21	          0.28	
300151	昌红科技	3.03	51268656	6.80	6.79	6.80	77597	4626	1.64	          2.70	
002846	英联股份	0.35	51246216	14.45	14.44	14.45	35586	668	0.21	          7.06	
603416	信捷电气	6.17	50906664	29.59	29.59	29.61	17538	6	0.37	          4.99	
002132	恒星科技	0.77	50902348	3.93	3.93	3.94	130220	2150	-0.24	          1.27	
002425	凯撒文化	1.33	50301964	7.60	7.60	7.61	66709	1347	0.13	          0.89	
601872	招商轮船	2.50	49870036	4.10	4.09	4.10	122586	1	0.00	          0.26	
002215	诺 普 信	0.74	49723828	6.77	6.77	6.78	73988	2712	0.30	          1.04	
300529	健帆生物	2.87	49559984	29.79	29.78	29.79	16899	97	0.20	          1.60	
300177	中海达	0.60	49545048	10.11	10.11	10.12	49374	705	-0.09	          1.56	
002557	洽洽食品	1.64	49025712	14.86	14.85	14.86	33166	2	-0.06	          0.65	
002672	东江环保	0.66	48959088	15.24	15.23	15.24	32135	321	0.00	          0.59	
603040	新坐标	1.70	48892632	61.62	61.50	61.66	7990	10	0.60	          3.33	
002564	天沃科技	1.95	48649688	7.86	7.85	7.86	62346	2311	0.00	          1.10	
000613	*ST东海A	5.05	48250584	8.73	8.72	8.73	56471	998	0.11	          2.13	
000881	中广核技	2.29	48230460	12.04	12.03	12.04	40575	802	-0.07	          1.32	
600729	重庆百货	0.56	47980188	25.26	25.31	25.32	19050	3	-0.35	          0.47	
002232	启明信息	9.95	47475876	9.61	9.61	--  	51538	193	0.00	          1.28	
600116	三峡水利	1.00	47283984	8.09	8.08	8.09	58549	358	0.25	          0.59	
600390	五矿资本	0.09	47205792	10.92	10.91	10.92	43307	50	0.00	          0.84	
000639	西王食品	1.55	47064408	16.39	16.39	16.40	28937	487	-0.05	          0.77	
00286	同佳健康	3.57	46904628	0.870	--  	--  	54670080	50000	0.00	          1.82	
300191	潜能恒信	1.91	46705456	19.78	19.78	19.79	23823	913	0.10	          1.15	
300485	赛升药业	1.56	46627896	26.11	26.10	26.11	17996	39	0.08	          2.13	
300250	初灵信息	9.98	46399288	14.55	14.55	--  	33286	60	0.00	          2.65	
002224	三 力 士	1.18	46372672	7.72	7.72	7.73	60716	2486	0.13	          1.29	
600293	三峡新材	1.35	46253304	7.49	7.49	7.50	61832	3	-0.26	          1.20	
002114	罗平锌电	0.25	46206376	15.93	15.92	15.93	29073	1238	0.06	          0.90	
300482	万孚生物	2.44	46101304	65.00	64.90	65.00	7171	190	0.42	          0.68	
600420	现代制药	0.18	46034956	11.42	11.42	11.43	40481	7	0.09	          0.70	
03339	中国龙工	0.92	45969716	3.300	3.300	3.310	13985820	3889000	0.30	          0.33	
002472	双环传动	2.41	45563504	8.93	8.93	8.94	51395	419	0.00	          0.94	
300329	海伦钢琴	3.83	45525048	8.13	8.13	8.14	55711	804	0.25	          2.22	
02868	首创置业	3.41	45020756	4.850	--  	--  	9401242	46000	0.00	          0.92	
002166	莱茵生物	0.28	44916332	10.60	10.59	10.60	42585	988	0.28	          1.22	
000969	安泰科技	0.51	44802324	7.83	7.83	7.84	57548	829	0.00	          0.65	
02005	石四药集团	4.04	44650172	6.180	6.170	6.180	7356080	68000	0.82	          0.25	
601016	节能风电	0.95	44570840	3.20	3.19	3.20	140294	188	0.00	          0.34	
603825	华扬联众	2.37	44559184	32.80	32.73	32.81	13743	5	-0.14	          3.44	
600479	千金药业	0.94	44462812	15.07	15.07	15.08	29666	1	0.00	          0.97	
300556	丝路视觉	3.50	44429296	19.50	19.48	19.50	22899	477	-0.09	          2.95	
600312	平高电气	1.50	44393160	8.81	8.81	8.82	50725	44	-0.10	          0.37	
002339	积成电子	3.17	44390276	8.45	8.44	8.45	53207	1055	0.24	          1.76	
600761	安徽合力	0.19	44363260	10.65	10.65	10.66	41779	9	0.09	          0.56	
002611	东方精工	1.23	44328856	12.39	12.38	12.39	35921	332	0.16	          1.02	
300013	新宁物流	1.21	44236324	13.42	13.42	13.43	33237	692	0.37	          1.42	
002896	中大力德	1.52	44188328	34.16	34.16	34.17	12996	280	0.03	          6.50	
000541	佛山照明	0.23	44171504	8.80	8.79	8.80	50299	436	0.00	          0.52	
603886	元祖股份	1.19	43972904	18.72	18.72	18.73	23692	10	0.32	          1.95	
600425	*ST青松	3.14	43579724	3.61	3.60	3.61	121254	100	0.28	          0.88	
600233	圆通速递	1.09	43444556	15.70	15.68	15.69	27844	723	0.45	          0.36	
000995	皇台酒业	1.75	42789868	9.32	9.31	9.32	46451	949	0.11	          2.62	
300294	博雅生物	0.99	42586240	32.79	32.78	32.79	13065	263	0.03	          0.40	
600143	金发科技	0.96	42552248	6.34	6.34	6.35	66873	10	-0.30	          0.26	
600200	江苏吴中	0.49	42413968	10.21	10.22	10.23	41705	66	0.10	          0.59	
002531	天顺风能	2.92	42198324	7.04	7.03	7.04	60309	369	0.14	          0.34	
600640	号百控股	1.34	41807856	13.60	13.60	13.61	30928	12	0.00	          0.58	
603322	超讯通信	1.65	41767784	39.52	39.51	39.53	10529	23	0.10	          3.25	
000990	诚志股份	0.89	41758056	15.94	15.93	15.94	26358	284	0.00	          0.68	
300332	天壕环境	1.56	41602580	5.86	5.85	5.86	71751	2799	0.17	          1.13	
603387	基蛋生物	2.49	41594280	54.39	54.39	54.40	7709	14	0.04	          2.34	
600624	复旦复华	0.82	41401880	6.13	6.12	6.13	67830	20	0.16	          0.99	
002680	长生生物	2.73	41229096	13.55	13.54	13.55	30482	230	0.07	          0.76	
600530	交大昂立	0.36	41161100	5.51	5.51	5.52	74984	75	0.00	          0.96	
300241	瑞丰光电	2.67	41151712	16.90	16.89	16.90	24681	281	-0.05	          1.35	
002838	道恩股份	1.57	40943784	46.72	46.69	46.72	8874	117	0.13	          2.36	
300039	上海凯宝	0.62	40817116	6.52	6.51	6.52	63020	918	0.00	          0.79	
600501	航天晨光	0.75	40694160	9.37	9.37	9.38	43788	20	0.00	          1.08	
300131	英唐智控	1.19	40491088	6.80	6.79	6.80	59989	1077	0.00	          0.96	
002375	亚厦股份	0.75	40448664	6.76	6.76	6.77	59993	485	-0.14	          0.51	
000676	智度股份	0.61	40376420	11.48	11.47	11.48	35303	525	0.00	          1.12	
002247	帝龙文化	0.88	40024668	12.63	12.62	12.63	31680	214	0.08	          0.60	
600331	宏达股份	0.44	39858600	4.56	4.55	4.56	87646	59	-0.21	          0.43	
300204	舒泰神	1.99	39647008	12.31	12.31	12.32	32834	582	0.00	          0.70	
600612	老凤祥	0.07	39554824	44.12	44.14	44.15	8958	1	-0.06	          0.28	
000780	*ST平能	1.38	39470664	5.14	5.14	5.15	76869	603	0.39	          0.76	
002316	键桥通讯	6.71	39026276	10.33	10.33	10.34	38616	509	0.10	          1.23	
000560	昆百大Ａ	0.35	39017336	8.52	8.51	8.52	46035	255	0.12	          1.35	
300399	京天利	3.32	38904648	16.81	16.81	16.82	23468	334	-0.05	          3.22	
601519	*ST智慧	2.66	38683388	4.25	4.25	4.26	91621	800	-0.22	          0.46	
08158	中国再生医学	3.47	38661408	0.179	--  	--  	231955008	275000	0.00	          1.32	
002849	威星智能	6.64	38480568	24.57	24.56	24.57	15737	198	-0.07	          4.15	
300420	五洋停车	2.93	38142068	6.68	6.67	6.68	57604	915	0.00	          2.31	
600236	桂冠电力	1.24	38054200	5.71	5.71	5.72	66753	4	-0.34	          0.19	
600576	祥源文化	2.18	38015076	6.57	6.57	6.58	58360	80	0.00	          1.22	
300388	国祯环保	0.79	37940404	21.66	21.65	21.66	17581	207	0.05	          0.59	
08359	HYPEBEAST	22.58	37813200	0.760	--  	--  	54080000	120000	0.00	          2.70	
603189	网达软件	4.10	37812688	14.47	14.47	14.48	26517	3	0.28	          2.41	
300589	江龙船艇	0.11	37798312	17.81	17.81	17.82	21366	434	-0.38	          6.41	
002231	奥维通信	0.88	37601316	8.07	8.07	8.08	46713	845	0.12	          1.62	
002064	华峰氨纶	1.20	37283908	5.05	5.04	5.05	73876	248	0.20	          0.48	
002703	浙江世宝	0.15	37136944	6.84	6.83	6.84	54625	620	0.15	          1.21	
603328	依顿电子	0.45	36790348	13.36	13.35	13.37	27604	200	-0.06	          0.28	
600469	风神股份	0.57	36763856	5.33	5.33	5.34	69112	74	0.38	          1.23	
002010	传化智联	0.19	36615988	15.53	15.53	15.54	23660	147	-0.05	          0.57	
000702	正虹科技	2.11	36584248	6.29	6.28	6.29	58797	1123	0.32	          2.21	
002571	*ST德力	2.37	36003684	6.92	6.91	6.92	51913	227	0.14	          2.05	
603906	龙蟠科技	1.85	35785552	14.34	14.34	14.35	25304	3	-0.06	          4.87	
600557	康缘药业	0.63	35666984	12.74	12.75	12.79	28107	6	-0.38	          0.47	
002403	爱仕达	3.66	35648508	11.34	11.33	11.34	31935	486	0.44	          1.10	
300642	透景生命	1.89	35527052	91.00	90.96	91.00	3929	29	-0.19	          2.62	
000409	山东地矿	2.84	35450992	5.80	5.80	5.81	61553	1041	0.17	          1.56	
300555	路通视信	5.03	35447024	10.45	10.44	10.45	34496	289	0.00	          3.72	
300437	清水源	0.61	35340628	14.94	14.94	14.95	23755	678	0.07	          2.41	
002119	康强电子	1.31	35334680	18.56	18.56	18.57	19207	212	-0.04	          0.95	
002492	恒基达鑫	1.52	34806952	6.03	6.03	6.04	58025	1136	0.33	          1.64	
002503	搜于特	3.24	34745736	5.42	5.42	5.43	64561	665	-0.72	          0.32	
300534	陇神戎发	0.12	34647476	8.32	8.31	8.32	41919	1762	0.48	          2.22	
300205	天喻信息	9.95	34536476	8.84	8.84	--  	39258	124	0.00	          0.92	
002159	三特索道	2.88	34513108	16.44	16.38	16.44	21544	569	0.49	          1.55	
300439	美康生物	2.91	34378360	18.37	18.37	18.38	18870	247	0.22	          1.71	
300249	依米康	3.82	34220196	6.79	6.78	6.79	51490	959	0.30	          1.70	
000756	新华制药	0.84	34155168	12.01	12.01	12.02	28534	690	0.00	          0.93	
600057	象屿股份	0.12	34014272	8.28	8.27	8.28	41134	11	0.24	          0.28	
002411	必康股份	0.54	33922572	26.20	26.20	26.21	13052	638	0.77	          0.45	
300220	金运激光	3.36	33825784	13.52	13.52	13.53	25391	323	0.15	          2.03	
000659	*ST中富	1.95	33676728	3.66	3.65	3.66	93085	554	0.27	          0.72	
300448	浩云科技	3.76	33485128	20.12	20.02	20.12	17089	390	0.95	          2.11	
300695	兆丰股份	0.53	33191214	79.42	79.42	79.44	4202	47	-0.02	          2.52	
603036	如通股份	1.00	33043508	14.17	14.17	14.19	23463	5	0.50	          4.62	
002388	新亚制程	3.96	32985140	7.62	7.62	7.63	44014	1644	0.26	          1.10	
300165	天瑞仪器	1.28	32657800	6.32	6.31	6.32	52057	453	0.00	          1.71	
300595	欧普康视	1.48	32616088	52.77	52.76	52.77	6163	26	0.00	          0.81	
002414	高德红外	0.87	32521236	15.02	15.02	15.03	21696	726	-0.32	          0.46	
600184	光电股份	2.22	32295000	16.12	16.11	16.12	20267	72	-0.18	          0.48	
000530	大冷股份	2.27	31939326	4.95	4.94	4.95	65367	1156	0.20	          1.10	
00178	莎莎国际	0.84	31923814	3.620	3.600	3.620	8848383	86000	0.28	          0.29	
300627	华测导航	1.74	31709920	41.55	41.53	41.55	7711	75	-0.06	          2.59	
002338	奥普光电	1.57	31622866	11.63	11.63	11.67	27356	434	-0.42	          1.14	
600284	浦东建设	1.17	31296552	8.62	8.62	8.63	36345	121	0.00	          0.52	
300190	维尔利	0.94	31265908	10.74	10.73	10.74	29351	893	0.28	          0.74	
300598	诚迈科技	4.33	31244014	22.66	22.65	22.66	13997	250	0.22	          2.89	
300045	华力创通	1.49	30936944	10.19	10.19	10.20	30618	501	0.10	          0.85	
300533	冰川网络	3.25	30897666	44.50	44.48	44.50	7050	153	0.00	          1.97	
002209	达 意 隆	3.58	30867704	8.97	8.96	8.97	33941	302	0.00	          1.78	
603113	金能科技	0.30	30840808	19.96	19.96	19.97	15468	59	0.20	          2.00	
002305	南国置业	0.25	30667826	3.98	3.98	3.99	77273	350	-0.24	          0.52	
300447	全信股份	0.62	30591954	16.31	16.31	16.32	18912	387	-0.05	          2.00	
002782	可立克	1.96	30552296	11.42	11.41	11.42	26692	239	0.00	          2.51	
000593	大通燃气	2.12	30541476	7.22	7.21	7.22	42645	616	0.14	          1.52	
300087	荃银高科	2.57	30453654	10.39	10.38	10.39	29654	127	0.00	          0.86	
000929	兰州黄河	2.17	30280228	8.48	8.47	8.48	35627	456	0.24	          1.92	
002884	凌霄泵业	1.68	30207544	50.72	50.71	50.72	5958	74	0.02	          3.08	
002026	山东威达	2.08	30180104	7.36	7.35	7.36	41491	1250	0.14	          1.14	
001696	宗申动力	1.59	30137710	5.76	5.75	5.76	52566	758	0.17	          0.59	
002504	*ST弘高	2.39	30093128	3.43	3.43	3.44	88053	1964	0.00	          2.12	
600475	华光股份	3.85	30090848	12.67	12.65	12.67	24291	28	0.80	          1.73	
603788	宁波高发	1.34	30044868	37.86	37.81	37.88	7963	59	-0.10	          0.57	
300346	南大光电	1.42	29788500	25.66	25.66	25.68	11686	156	-0.07	          0.96	
300607	拓斯达	2.60	29676458	63.19	63.17	63.19	4759	193	-0.01	          1.46	
000601	韶能股份	2.07	29610448	6.90	6.90	6.91	42971	656	-0.28	          0.40	
600777	新潮能源	0.31	29515144	3.20	3.19	3.20	92594	28	0.00	          0.39	
002552	宝鼎科技	3.25	29263542	8.89	8.89	8.90	32670	406	-0.33	          1.63	
603018	中设集团	1.45	29205604	27.91	27.91	27.92	10539	10	0.22	          0.51	
300172	中电环保	0.82	29032088	7.34	7.34	7.35	39896	904	0.14	          1.16	
002370	亚太药业	3.64	28626950	14.51	14.51	14.52	19884	560	-0.26	          0.49	
603166	福达股份	10.00	28610292	7.92	7.92	--  	36939	10	0.00	          0.62	
603658	安图生物	0.73	28371156	49.94	49.87	50.00	5705	2	-0.41	          0.42	
600211	西藏药业	5.07	28227212	32.95	32.94	32.96	8624	26	0.37	          0.59	
002066	瑞泰科技	0.93	28167148	8.66	8.65	8.66	32769	876	0.00	          1.42	
300655	晶瑞股份	1.34	28115968	24.90	24.88	24.90	11328	80	0.04	          5.13	
300023	宝德股份	2.79	28058622	9.22	9.21	9.22	30551	514	0.22	          2.33	
600400	红豆股份	3.55	28033208	6.71	6.71	6.72	42266	20	0.00	          0.29	
300293	蓝英装备	4.30	27640098	9.95	9.95	9.96	28046	347	0.00	          1.05	
603258	电魂网络	1.24	27639230	26.14	26.14	26.15	10654	10	0.04	          1.60	
002780	三夫户外	0.38	27636770	18.37	18.37	18.38	15092	638	-0.15	          2.33	
002184	海得控制	10.03	27485008	10.97	10.97	--  	26030	67	0.00	          1.92	
603010	万盛股份	1.86	27480800	22.50	22.49	22.50	12298	2	0.18	          0.56	
02326	新源万恒控股	2.94	27423492	0.175	0.175	0.178	150740000	10000	0.00	          0.71	
002502	骅威文化	1.62	27279162	7.51	7.50	7.51	36612	783	0.00	          0.68	
300391	康跃科技	9.99	27249186	13.54	13.54	--  	20267	10	0.00	          3.29	
300630	普利制药	0.07	27192138	71.15	71.14	71.15	3828	94	-0.06	          1.25	
601127	小康股份	0.72	27118646	18.14	18.12	18.14	14994	130	0.11	          0.83	
300414	中光防雷	4.58	27069618	17.80	17.79	17.80	15116	136	0.17	          1.81	
600936	广西广电	1.55	26932366	5.91	5.90	5.91	46004	10	0.17	          0.38	
000404	华意压缩	1.69	26831938	5.41	5.40	5.41	49838	729	0.19	          0.72	
300446	乐凯新材	2.30	26786938	20.50	20.48	20.50	13272	581	0.24	          1.75	
300150	世纪瑞尔	3.38	26535758	5.20	5.19	5.20	51930	725	0.39	          1.17	
002550	千红制药	0.18	26476626	5.50	5.50	5.51	48209	1010	0.18	          0.57	
00777	网龙	2.21	26387800	20.850	20.800	20.850	1280661	16000	0.72	          0.24	
300080	易成新能	1.76	26372752	5.79	5.78	5.79	45831	360	0.17	          0.91	
000700	模塑科技	1.63	26298388	4.98	4.97	4.98	53200	546	0.20	          0.76	
600556	ST慧球	3.76	26275344	5.24	5.24	5.25	50219	40	0.00	          1.27	
002529	海源机械	0.32	25880600	15.69	15.68	15.69	16574	260	0.00	          0.83	
300362	天翔环境	1.14	25672614	11.57	11.57	11.58	22383	417	0.00	          1.17	
600716	凤凰股份	1.66	25651292	4.29	4.28	4.29	59997	29	-0.22	          0.66	
300403	地尔汉宇	1.35	25521284	12.75	12.75	12.76	20074	387	-0.30	          0.93	
300092	科新机电	1.71	25481990	7.15	7.14	7.15	35842	650	-0.13	          2.15	
300265	通光线缆	3.44	25326078	7.51	7.51	7.52	33618	268	-0.12	          1.00	
300206	理邦仪器	2.79	25277440	6.99	6.99	7.00	36637	399	0.14	          1.07	
002003	伟星股份	0.09	25232462	11.72	11.71	11.72	21557	147	-0.08	          0.45	
000707	双环科技	2.95	25178922	4.19	4.18	4.19	60576	1328	0.48	          1.31	
002608	江苏国信	0.97	25147990	9.41	9.41	9.43	26785	114	-0.31	          0.50	
002843	泰嘉股份	0.41	25116476	17.17	17.16	17.17	14655	261	0.23	          1.74	
002116	中国海诚	1.50	24833162	8.78	8.77	8.78	28506	387	0.00	          0.69	
000810	创维数字	2.18	24792228	6.57	6.56	6.57	38075	1137	0.15	          0.38	
603136	天目湖	1.24	24686664	35.95	35.95	35.96	6889	5	0.14	          3.44	
300449	汉邦高科	1.52	24626914	18.76	18.75	18.76	13235	334	0.11	          1.45	
603421	鼎信通讯	2.31	24484996	21.22	21.21	21.24	11656	50	0.19	          2.69	
600458	时代新材	0.73	24483926	8.30	8.29	8.30	29661	161	0.24	          0.45	
300535	达威股份	1.61	24410752	29.71	29.71	29.72	8253	250	0.03	          2.60	
603326	我乐家居	2.00	24396976	17.85	17.83	17.85	13744	1	0.51	          3.44	
300620	光库科技	1.46	24348246	31.96	31.95	31.96	7653	140	0.13	          3.48	
000972	*ST中基	3.07	24290852	3.69	3.68	3.69	66314	280	0.00	          0.86	
000665	湖北广电	1.16	24236172	9.56	9.55	9.56	25512	680	0.21	          0.40	
002059	云南旅游	0.14	24069564	7.29	7.29	7.30	33134	724	0.00	          0.45	
600818	中路股份	0.75	24006794	17.47	17.48	17.49	13769	14	-0.16	          0.58	
002270	华明装备	2.00	23952604	9.19	9.19	9.20	26383	477	-0.10	          0.92	
300395	菲利华	1.05	23913946	14.48	14.46	14.48	16553	257	0.14	          0.62	
600732	ST新梅	1.39	23781996	6.57	6.56	6.57	36434	7	0.15	          0.82	
002620	瑞和股份	1.16	23706598	8.73	8.73	8.74	27206	330	-0.10	          0.90	
603027	千禾味业	0.34	23657014	17.83	17.82	17.86	13295	16	-0.16	          1.00	
002632	道明光学	0.99	23617336	8.13	8.12	8.13	29266	168	0.00	          0.53	
002360	同德化工	1.44	23496338	6.33	6.33	6.34	37388	355	0.16	          1.30	
603798	康普顿	1.98	23416256	14.97	14.99	15.00	15870	18	0.20	          1.86	
603015	弘讯科技	1.31	23321440	7.72	7.71	7.72	30506	18	0.92	          1.90	
000677	恒天海龙	3.74	23264872	3.33	3.33	3.34	69974	579	-0.59	          0.81	
300521	爱司凯	1.50	23218984	12.85	12.85	12.86	18217	480	0.16	          1.92	
300384	三联虹普	3.12	23140096	24.77	24.76	24.87	9420	46	-0.43	          1.33	
00991	大唐发电	0.80	23021886	2.520	2.500	2.520	9226359	214000	0.00	          0.28	
300488	恒锋工具	1.85	22934886	32.42	32.40	32.42	7174	65	0.06	          2.87	
600992	贵绳股份	1.19	22757870	9.36	9.35	9.36	24472	5	-0.10	          1.00	
600483	福能股份	1.30	22536264	7.01	7.01	7.02	32251	10	0.14	          0.26	
300546	雄帝科技	1.39	22487048	19.72	19.72	19.75	11547	197	0.10	          1.59	
002612	朗姿股份	0.85	22302900	11.89	11.88	11.89	18872	232	0.00	          0.89	
600178	东安动力	1.95	22283768	5.74	5.73	5.74	38919	4	0.17	          0.84	
300321	同大股份	2.79	22131794	17.29	17.29	17.30	12960	408	0.52	          1.57	
300358	楚天科技	2.31	21993188	11.50	11.49	11.50	19344	440	0.26	          1.30	
300464	星徽精密	1.19	21909550	8.52	8.52	8.53	25266	187	0.12	          2.76	
000813	德展健康	1.20	21896802	8.44	8.43	8.44	26060	145	0.24	          0.24	
300489	中飞股份	2.09	21749186	16.61	16.60	16.61	13220	439	0.48	          2.74	
000909	数源科技	1.62	21739582	10.01	10.00	10.01	22036	667	-0.09	          0.71	
600071	凤凰光学	0.70	21708316	17.30	17.29	17.30	12464	60	0.00	          0.52	
000862	银星能源	0.76	21530368	3.96	3.95	3.96	54918	426	0.00	          1.10	
600289	ST信通	5.04	21529640	4.17	4.17	--  	52439	30	0.00	          0.93	
600815	*ST厦工	3.93	21481492	3.97	3.97	3.98	54493	26	0.25	          0.57	
300319	麦捷科技	0.15	21417834	6.67	6.67	6.68	32083	221	-0.14	          0.69	
600225	*ST松江	2.91	21398784	4.24	4.24	4.25	50872	188	-0.23	          0.55	
000719	中原传媒	1.41	21386354	8.66	8.65	8.66	24891	187	0.00	          0.37	
300522	世名科技	1.09	21349484	17.70	17.69	17.70	12153	535	0.00	          2.33	
01929	周大福	0.23	21338346	8.630	8.620	8.630	2487200	98600	-0.12	          0.02	
002561	徐家汇	0.54	21220954	11.10	11.10	11.11	19179	364	-0.08	          0.48	
002667	鞍重股份	2.65	21104466	13.17	13.17	13.18	16156	223	-0.14	          1.73	
002266	浙富控股	0.25	21037926	4.01	4.00	4.01	52600	1225	0.25	          0.33	
000835	长城动漫	0.67	20615670	7.54	7.54	7.55	27470	977	0.00	          0.91	
600681	百川能源	0.25	20537600	12.11	12.08	12.10	17087	20	0.25	          0.52	
300354	东华测试	3.58	20461458	10.99	10.99	11.00	18738	194	-0.08	          2.58	
002591	恒大高新	1.88	20449006	10.28	10.28	10.29	19793	317	-0.09	          1.13	
06865	福莱特玻璃	6.27	20362720	2.710	--  	--  	7603000	1000	0.37	          1.69	
600203	福日电子	2.03	20287484	8.03	8.01	8.02	25264	200	0.25	          0.70	
002579	中京电子	1.20	20238366	8.43	8.43	8.44	24075	434	-0.11	          0.70	
600551	时代出版	0.93	20143384	11.91	11.91	11.92	17045	25	0.25	          0.34	
600468	百利电气	1.30	20130620	5.44	5.43	5.44	37317	20	0.00	          0.47	
002765	蓝黛传动	0.97	19878304	8.35	8.34	8.35	24115	1375	0.97	          1.48	
01089	乐游科技控股	4.79	19622950	1.750	--  	--  	11630000	80000	0.00	          0.38	
600825	新华传媒	0.36	19530460	5.63	5.63	5.64	34957	100	0.00	          0.33	
300633	开立医疗	0.04	19348648	23.61	23.61	23.64	8250	106	0.04	          2.06	
600721	百花村	1.28	19342036	7.94	7.93	7.95	24735	50	-0.37	          0.82	
002105	信隆健康	1.43	19306720	5.69	5.69	5.70	34199	768	0.00	          0.93	
03396	联想控股	1.49	19175216	27.200	27.100	27.200	711288	11800	0.37	          0.18	
600180	瑞茂通	0.39	19121126	10.30	10.29	10.31	18571	50	0.29	          0.21	
300264	佳创视讯	1.29	19077874	6.29	6.28	6.29	30449	552	0.00	          0.96	
002287	奇正藏药	0.50	19037666	30.35	30.35	30.36	6285	133	0.03	          0.15	
300516	久之洋	0.88	18825622	39.98	39.97	39.98	4744	260	0.15	          1.01	
002808	苏州恒久	4.67	18812498	11.42	11.40	11.42	16608	174	-0.16	          1.89	
300254	仟源医药	3.38	18672226	8.88	8.87	8.88	21250	251	0.23	          1.41	
000403	ST生化	0.43	18602720	30.13	30.13	30.14	6186	108	0.00	          0.24	
600744	华银电力	1.24	18569168	3.27	3.26	3.27	57272	400	0.00	          0.69	
603020	爱普股份	2.46	18427900	10.84	10.83	10.84	17118	8	0.00	          0.88	
002514	宝馨科技	1.03	18408840	6.85	6.85	6.86	26958	238	-0.14	          0.75	
603089	正裕工业	3.97	18388754	21.50	21.49	21.50	8666	19	0.19	          2.75	
601007	金陵饭店	1.77	18053840	10.34	10.34	10.35	17608	1	0.19	          0.59	
300112	万讯自控	3.19	18023790	9.39	9.38	9.39	19431	296	0.00	          1.11	
300525	博思软件	3.80	17992620	40.17	40.16	40.17	4534	114	0.02	          1.08	
000068	华控赛格	1.10	17872190	4.61	4.61	4.62	39171	1837	0.22	          0.39	
600975	新五丰	0.58	17822336	5.20	5.19	5.20	34414	20	0.00	          0.73	
002723	金莱特	2.01	17550812	18.79	18.79	18.80	9398	113	0.00	          0.75	
300404	博济医药	2.95	17359634	15.00	15.00	15.01	11641	180	0.20	          1.79	
603928	兴业股份	0.84	17339378	14.37	14.37	14.38	12171	9	-0.20	          1.94	
002752	N兴股份	0.24	17333488	8.40	8.39	8.40	20674	375	0.00	          1.29	
00708	恒大健康	2.93	17261350	3.160	--  	--  	5535000	20000	0.00	          0.06	
002679	福建金森	1.19	17038430	20.46	20.46	20.49	8383	64	0.05	          0.60	
603319	湘油泵	0.13	16832616	29.75	29.73	29.75	5673	1	0.17	          1.00	
600163	中闽能源	0.93	16787838	4.35	4.34	4.35	38899	17	0.93	          0.52	
601811	新华文轩	1.17	16675283	12.12	12.12	12.15	13794	1	-0.24	          0.69	
01717	澳优	2.66	16647191	6.550	--  	--  	2574000	1000	0.31	          0.20	
603779	威龙股份	0.83	16543293	15.86	15.85	15.86	10441	15	0.00	          1.13	
603721	中广天择	1.89	16382309	23.14	23.11	23.16	7142	46	-0.42	          2.86	
002786	银宝山新	2.06	16237232	7.92	7.91	7.92	20625	541	0.00	          1.49	
002633	申科股份	1.51	16157059	9.44	9.44	9.45	17199	63	0.00	          1.97	
603637	镇海股份	0.76	16043934	18.64	18.64	18.65	8562	5	-0.10	          2.58	
603226	菲林格尔	1.30	15970717	25.02	25.00	25.02	6432	36	-0.11	          2.97	
01166	星凯控股	1.49	15906387	0.680	--  	--  	23740612	40000	1.49	          1.01	
603233	大参林	0.13	15803776	45.14	45.11	45.15	3499	1	0.07	          0.87	
600461	洪城水业	0.81	15720555	6.22	6.22	6.23	25367	315	0.32	          0.43	
002683	宏大爆破	0.29	15646550	6.86	6.85	6.86	22816	207	0.15	          0.40	
601789	宁波建工	1.02	15610455	3.95	3.94	3.95	39784	20	0.25	          0.41	
01448	福寿园	0.58	15454321	6.940	6.890	6.940	2249000	31000	0.43	          0.10	
002646	青青稞酒	0.47	15386591	12.78	12.77	12.78	12073	347	0.00	          0.27	
300435	中泰股份	1.37	15296155	11.86	11.86	11.87	13064	424	0.00	          1.56	
300154	瑞凌股份	1.64	15268338	6.18	6.18	6.19	24925	370	0.16	          0.79	
000993	闽东电力	0.71	15156022	7.08	7.07	7.08	21464	829	0.14	          0.58	
600833	第一医药	0.27	15154782	11.31	11.31	11.33	13464	6	-0.43	          0.60	
603006	联明股份	3.34	15125771	12.99	12.98	12.99	11743	5	0.15	          1.68	
002490	*ST墨龙	2.52	15073639	4.47	4.46	4.47	33997	1482	0.22	          1.09	
02448	恒宇集团	13.95	14973501	1.470	--  	--  	10425000	2500	1.38	          1.37	
603908	牧高笛	0.34	14796630	32.40	32.36	32.42	4576	1	-0.33	          2.74	
002181	粤 传 媒	1.39	14755056	4.39	4.39	4.40	33810	597	0.00	          0.30	
300330	华虹计通	2.06	14629952	9.43	9.43	9.44	15650	50	-0.20	          0.93	
300673	佩蒂股份	0.75	14588654	44.58	44.52	44.58	3301	30	-0.03	          1.65	
300402	宝色股份	0.29	14498670	10.27	10.27	10.28	14202	372	0.49	          1.65	
600448	华纺股份	1.80	14467019	4.52	4.52	4.53	32137	2	0.00	          0.76	
000565	渝三峡Ａ	0.48	14459053	6.22	6.22	6.23	23400	776	0.16	          0.54	
600513	联环药业	0.88	14357175	7.99	7.98	7.99	18061	53	0.00	          0.63	
600680	*ST上普	3.00	14241869	6.52	6.51	6.52	22095	8	0.00	          0.86	
300490	华自科技	1.22	14183441	11.60	11.59	11.60	12299	334	0.09	          1.35	
000633	合金投资	1.20	14058942	8.43	8.42	8.43	16854	290	-0.11	          0.44	
603429	集友股份	2.03	14054404	33.75	33.66	33.68	4189	1	0.27	          1.23	
000416	民生控股	0.74	13964212	5.45	5.44	5.45	25609	667	0.00	          0.48	
603701	德宏股份	1.78	13855658	16.54	16.54	16.55	8410	3	0.00	          1.44	
300511	雪榕生物	2.06	13807550	20.85	20.85	20.86	6673	169	0.00	          0.67	
02198	中国三江化工	0.31	13775611	3.210	--  	--  	4326000	1000	-0.31	          0.36	
002820	桂发祥	10.02	13716864	24.16	24.16	--  	5678	19	0.00	          0.66	
600540	*ST新赛	2.16	13541428	4.26	4.26	4.27	31944	43	-0.22	          0.68	
01361	３６１度	0.70	13532193	2.890	2.890	2.900	4698800	24000	-0.69	          0.23	
01282	中国金洋	3.17	13425921	0.650	0.650	0.660	20816000	444000	-1.52	          0.08	
603617	君禾股份	0.67	13381733	19.64	19.68	19.71	6821	10	-0.75	          2.73	
300412	迦南科技	3.20	13363373	9.02	9.02	9.03	15083	182	0.00	          0.68	
603028	赛福天	1.73	13315765	9.43	9.41	9.42	14178	1	0.00	          1.23	
000722	湖南发展	0.91	13314086	8.84	8.83	8.84	15138	259	0.00	          0.33	
603067	振华股份	1.46	13307175	11.12	11.11	11.12	12060	7	-0.08	          1.09	
000782	美达股份	2.77	13143213	6.67	6.67	6.68	19762	142	-0.14	          0.44	
300610	晨化股份	2.23	13081839	14.67	14.67	14.68	9036	379	0.14	          1.82	
300596	利安隆	0.23	13033756	17.67	17.66	17.67	7399	232	-0.05	          0.60	
08292	盛良物流	13.38	12960351	1.610	--  	--  	8165000	10000	0.00	          1.02	
300557	理工光科	2.33	12957109	32.90	32.89	32.90	3985	79	-0.02	          1.19	
603630	拉芳家化	0.35	12950460	23.25	23.22	23.25	5594	13	0.13	          1.28	
000695	滨海能源	4.19	12620246	9.20	9.19	9.20	13863	159	0.33	          0.63	
300501	海顺新材	2.40	12481260	30.73	30.73	30.74	4095	19	0.13	          1.70	
300563	神宇股份	1.99	12459225	24.09	24.09	24.10	5211	83	0.17	          1.62	
603601	再升科技	0.54	12431935	13.02	13.03	13.04	9572	45	0.00	          0.25	
002778	高科石化	1.19	12296817	18.74	18.71	18.74	6593	140	-0.04	          1.19	
01061	亿胜生物科技	6.82	12224891	5.950	--  	--  	2097000	1000	0.51	          0.37	
600403	*ST大有	2.69	12221466	4.58	4.58	4.59	26861	10	-0.21	          0.11	
02002	阳光纸业	0.78	12157596	2.570	--  	--  	4765000	2000	0.00	          0.58	
002269	美邦服饰	0.34	12147726	2.91	2.90	2.91	41904	1511	0.34	          0.17	
600573	惠泉啤酒	2.14	11971512	7.64	7.62	7.64	15790	6	0.26	          0.63	
002801	微光股份	1.84	11887897	28.82	28.82	28.83	4164	71	0.03	          1.41	
601515	东风股份	1.99	11883885	9.73	9.73	9.74	12280	102	-0.09	          0.11	
002615	哈尔斯	0.54	11628165	7.40	7.39	7.40	15770	260	0.14	          0.67	
000966	长源电力	1.23	11621905	3.29	3.29	3.30	35563	2495	0.30	          0.32	
300421	力星股份	2.33	11578273	16.72	16.72	16.73	7003	93	-0.05	          0.58	
300445	康斯特	1.28	11567908	14.26	14.25	14.26	8232	158	0.42	          2.02	
600889	南京化纤	0.30	11447823	6.70	6.69	6.70	17109	74	0.00	          0.56	
002758	华通医药	0.70	11435840	8.64	8.64	8.65	13271	166	0.23	          1.07	
600883	博闻科技	1.26	11342421	8.04	8.03	8.04	14204	50	0.12	          0.60	
00821	汇盈控股	0.90	11096021	2.240	--  	--  	4994000	4000	0.90	          0.63	
600824	益民集团	0.23	10869551	4.37	4.36	4.37	24990	1	0.23	          0.24	
08300	皇玺餐饮集团	5.71	10763801	0.148	--  	--  	73680000	20000	0.68	          2.79	
002725	跃岭股份	1.45	10700474	14.04	13.97	14.04	7606	407	0.43	          1.11	
000790	泰合健康	0.80	10684115	6.30	6.29	6.30	17039	215	0.16	          0.40	
300169	天晟新材	1.84	10653934	6.08	6.08	6.09	17531	933	0.16	          0.68	
01176	珠光控股	0.72	10422000	1.400	--  	--  	7404000	2000	0.00	          0.12	
603029	天鹅股份	0.36	10154045	16.70	16.69	16.70	6096	20	0.12	          1.67	
000004	国农科技	0.92	10147098	20.79	20.79	20.85	4878	85	-0.37	          0.59	
01573	中国优质能源	2.35	10137920	12.180	--  	--  	844000	2000	0.66	          0.12	
300552	万集科技	2.24	9905722	22.80	22.80	22.81	4384	264	0.22	          1.10	
603017	中衡设计	2.35	9744802	13.48	13.47	13.48	7292	5	0.07	          0.27	
000428	华天酒店	1.88	9563745	3.79	3.78	3.79	25397	333	0.26	          0.35	
603536	惠发股份	1.40	9448561	18.06	18.04	18.07	5282	6	0.06	          1.76	
603266	天龙股份	2.86	9389618	23.01	22.99	23.00	4140	8	0.70	          1.66	
600099	林海股份	0.78	9273889	7.77	7.76	7.77	11968	3	0.00	          0.55	
000779	三毛派神	1.06	9143546	12.34	12.34	12.35	7434	163	-0.23	          0.40	
603665	康隆达	0.43	9058475	39.28	39.28	39.29	2306	2	0.31	          0.92	
603012	创力集团	0.88	8870684	6.89	6.89	6.90	12936	107	0.15	          0.31	
01381	粤丰环保	1.55	8792010	4.580	4.570	4.580	1930000	14000	0.00	          0.08	
603828	柯利达	0.85	8561070	8.28	8.26	8.29	10352	12	0.36	          0.32	
300416	苏试试验	0.49	8523847	24.60	24.58	24.60	3482	164	0.61	          0.46	
01565	成实外教育	1.42	8522190	5.010	--  	--  	1708000	3000	0.40	          0.06	
01608	伟能集团	2.19	8290101	5.130	5.120	5.130	1620000	1000	0.00	          0.06	
600891	秋林集团	0.47	8071499	6.42	6.41	6.42	12609	152	0.16	          0.33	
000037	深南电A	1.04	8022065	5.84	5.84	5.85	13798	458	0.34	          0.41	
603090	宏盛股份	1.45	7671548	16.14	16.14	16.15	4771	3	0.12	          1.17	
08479	金泰丰国际控股	16.43	7621281	1.630	--  	--  	5056000	4000	0.62	          1.20	
300658	延江股份	0.96	6858186	26.19	26.18	26.19	2637	67	0.08	          1.05	
00364	区块链集团（新）	7.14	6760377	0.225	--  	--  	30294200	8000	0.90	          2.56	
300538	同益股份	3.24	6754874	31.19	31.07	31.19	2200	166	1.93	          1.57	
00856	伟仕佳杰	0.23	6139151	4.450	--  	--  	1392000	8000	-0.89	          0.10	
300132	青松股份	1.49	6138295	7.48	7.48	7.49	8289	137	-0.12	          0.29	
00084	宝光实业	1.59	5981991	0.640	--  	--  	9271000	50000	0.00	          0.89	
000610	西安旅游	0.90	5627964	10.11	10.10	10.11	5582	138	0.10	          0.24	
000715	中兴商业	1.07	5348559	8.52	8.51	8.52	6314	40	0.35	          0.23	
603990	麦迪科技	1.57	5295197	34.98	34.98	34.99	1522	5	0.00	          0.25	
00564	郑煤机	0.66	5277282	4.600	4.600	4.620	1139000	1400	0.22	          0.47	
603208	江山欧派	0.03	5012151	37.01	36.96	37.01	1358	1	0.41	          0.44	
数据来源:通达信
