代码	名称	涨幅%%	总金额	现价	买价	卖价	总量	现量	涨速%%	换手%%	
600598	北大荒	7.31	1966580992	12.04	12.03	12.04	1644993	426	-1.14	          9.25	
000555	神州信息	0.36	1304466944	16.79	16.78	16.79	774084	11858	0.00	          8.46	
000935	四川双马	4.35	1241045248	22.30	22.30	22.31	568499	7170	-0.26	          9.03	
000768	中航飞机	2.65	1118410496	16.27	16.27	16.28	691280	6421	0.12	          2.50	
601116	三江购物	8.59	1085139840	23.64	23.20	23.52	463864	20	-1.28	         11.54	
300740	御家汇	0.13	925788288	53.25	53.24	53.25	165843	1994	0.40	         41.46	
002131	利欧股份	3.94	833328576	2.90	2.89	2.90	2880526	39838	0.35	          8.46	
601952	苏垦农发	3.06	809218112	12.79	12.80	12.81	629517	39	-0.53	         24.21	
300477	合纵科技	1.01	796717184	38.08	38.07	38.08	213895	2414	-0.30	         17.68	
002265	西仪股份	9.99	725702528	16.95	16.95	--  	437228	679	0.00	         14.42	
600343	航天动力	10.04	719409344	13.15	13.15	--  	567739	25	0.00	          8.90	
00006	电能实业	0.36	705609664	70.300	70.250	70.300	10091452	500000	0.00	          0.47	
300051	三五互联	1.42	661956352	11.41	11.41	11.42	576402	6190	-0.08	         23.50	
600838	上海九百	3.81	658212096	10.36	10.32	10.34	635035	11	-1.60	         15.84	
002428	云南锗业	1.51	639927936	12.79	12.78	12.79	503678	5553	0.31	          7.82	
002864	盘龙药业	6.13	639022592	39.50	39.44	39.50	162917	1053	-0.99	         75.18	
600520	文一科技	3.72	610956928	22.33	22.33	22.34	271815	8	0.00	         17.16	
300705	九典制药	3.18	581684992	33.70	33.70	33.71	169635	1395	-0.34	         57.82	
002477	雏鹰农牧	4.28	559743168	3.90	3.90	3.91	1428037	11227	-0.25	          7.65	
600662	强生控股	3.28	557875520	6.29	6.27	6.28	897377	47	0.00	          8.52	
600698	湖南天雁	3.47	547430336	7.15	7.15	7.16	774504	106	-0.41	         10.51	
300738	奥飞数据	2.75	521624192	70.70	70.70	70.72	74516	817	0.00	         45.66	
002190	成飞集成	5.64	519701536	24.93	24.93	24.94	217366	2694	-0.19	          6.30	
600316	洪都航空	2.89	518780480	13.87	13.92	13.94	380605	19	0.65	          5.31	
002910	庄园牧场	10.02	517786016	21.63	21.63	--  	247205	631	0.00	         52.78	
603363	傲农生物	10.02	514423648	19.22	19.22	--  	271513	1	0.00	         45.25	
600354	敦煌种业	10.04	497148640	7.67	7.67	--  	649279	26	0.00	         14.50	
600689	上海三毛	9.98	495575840	13.67	13.67	--  	366029	38	0.00	         24.05	
002041	登海种业	10.02	493109344	12.19	12.19	--  	407588	619	0.00	          4.66	
600108	亚盛集团	4.46	479293312	3.98	3.97	3.98	1199584	1	0.00	          6.16	
603501	韦尔股份	2.53	478512544	40.05	40.09	40.15	119221	31	-1.05	         28.66	
002919	名臣健康	4.08	454844960	37.78	37.77	37.78	125089	1395	3.20	         61.44	
000045	深纺织Ａ	7.72	438998752	9.91	9.90	9.91	443445	2633	-0.09	          9.70	
600313	农发种业	10.03	438911648	3.73	3.73	--  	1202946	100	0.00	         12.11	
600360	华微电子	1.44	438507232	7.06	7.06	7.07	624269	135	-0.13	          8.46	
000993	闽东电力	7.27	418857920	8.85	8.85	8.86	476769	4945	0.34	         12.78	
600536	中国软件	1.65	406545024	14.81	14.81	14.82	272879	17	0.27	          5.52	
600873	梅花生物	3.20	401360320	5.16	5.16	5.17	774425	20	0.19	          2.49	
300657	弘信电子	5.54	390696768	43.40	43.40	43.41	90259	708	-0.20	         34.71	
300140	中环装备	2.23	377399872	14.22	14.22	14.23	272461	7542	0.00	         11.10	
600359	新农开发	9.95	361575936	7.07	7.07	--  	520718	32	0.00	         13.65	
300686	智动力	5.27	344977088	24.15	24.15	24.16	142562	488	0.08	         45.55	
600800	天津磁卡	10.00	339588960	6.49	6.49	--  	523820	10	0.00	          8.57	
600517	置信电气	0.35	328613888	5.77	5.76	5.77	558661	10	0.17	          4.49	
300609	汇纳科技	1.98	327372544	36.58	36.57	36.58	86015	800	-0.04	         16.27	
300700	岱勒新材	0.24	307717184	66.66	66.66	66.70	45887	951	-0.81	         22.28	
000759	中百集团	3.12	307306976	8.92	8.92	8.93	344979	3206	-0.33	          5.07	
603609	禾丰牧业	9.62	307119264	9.91	9.91	9.92	314927	30	0.20	          3.79	
600981	汇鸿集团	7.00	296199680	6.42	6.41	6.42	458518	9	-1.07	         18.96	
002506	协鑫集成	2.10	289862752	4.38	4.37	4.38	668247	19037	0.69	          2.65	
600073	上海梅林	1.06	281910176	7.62	7.61	7.62	364641	20	-0.12	          3.89	
000985	大庆华科	0.80	278287232	21.47	21.46	21.47	124584	1874	-0.13	          9.61	
300696	爱乐达	10.00	273124800	63.69	63.69	--  	43569	83	0.00	         25.26	
600855	航天长峰	0.62	268282304	14.52	14.52	14.55	187391	60	0.62	          5.68	
002771	真视通	6.29	264712352	18.75	18.75	18.78	146874	2232	-0.99	         20.60	
07300	ＦＩ南方恒指	2.29	263327664	5.350	--  	--  	48930100	20000	0.00	--  	
000565	渝三峡Ａ	10.04	260374224	7.45	7.45	--  	353325	414	0.00	          8.15	
603060	国检集团	2.02	251409424	23.21	23.24	23.25	106976	30	-0.16	         16.76	
002748	世龙实业	0.21	245060320	14.33	14.33	14.34	165078	2171	-0.34	          6.88	
002824	和胜股份	9.99	242446352	17.28	17.28	--  	140828	169	0.00	         19.02	
000505	京粮控股	7.14	236659008	8.70	8.69	8.70	272458	4197	-0.56	          7.56	
300726	宏达电子	1.49	236073264	25.20	25.20	25.22	96410	1707	-1.01	         24.04	
00291	华润啤酒	0.43	219326304	34.850	34.800	34.850	6396943	332000	0.00	          0.20	
600975	新五丰	10.04	217440384	5.81	5.81	--  	375141	34	0.00	          8.00	
600262	北方股份	5.94	209362272	22.82	22.87	22.90	90627	30	-1.54	          5.33	
300101	振芯科技	0.83	207840400	14.50	14.49	14.50	145744	3897	-0.13	          2.65	
002786	银宝山新	3.08	206036304	9.37	9.37	9.38	223112	2114	0.21	         16.14	
002567	唐人神	4.98	204394224	6.75	6.74	6.75	302294	2556	0.45	          4.66	
603738	泰晶科技	2.42	198184320	27.47	27.48	27.50	72665	12	-1.35	         17.32	
000550	江铃汽车	0.31	193434160	19.70	19.70	19.71	99286	4279	0.00	          1.92	
603336	宏辉果蔬	10.00	192288624	22.56	22.56	--  	85980	2	0.00	         16.27	
603078	江化微	4.20	190842016	60.85	60.75	60.90	31420	30	0.25	         20.95	
300523	辰安科技	3.30	189720064	56.31	56.30	56.31	33858	260	-0.54	          3.34	
00101	恒隆地产	0.85	187714928	18.940	18.900	18.940	10096022	980000	0.96	          0.22	
600300	维维股份	3.76	186159136	4.42	4.40	4.41	422418	374	-0.44	          2.53	
300682	朗新科技	9.99	182953248	23.57	23.57	--  	77631	73	0.00	         17.25	
600096	云天化	2.75	176898320	7.11	7.10	7.11	248099	250	-0.41	          2.21	
000713	丰乐种业	9.97	175757824	7.28	7.28	--  	242195	202	0.00	          8.10	
002446	盛路通信	0.69	173163664	8.77	8.76	8.77	199778	2039	0.11	          4.71	
603069	海汽集团	9.99	163658208	11.67	11.67	--  	144005	15	0.00	          8.29	
002873	新天药业	0.74	159707888	42.14	42.14	42.25	37812	216	0.33	         21.96	
603878	武进不锈	1.80	152997008	16.97	16.98	16.99	89726	121	0.83	          8.88	
603970	中农立华	10.01	152264192	28.80	28.80	--  	52870	2	0.00	         15.86	
600021	上海电力	1.18	140921120	8.56	8.55	8.56	165314	43	-0.11	          0.77	
000702	正虹科技	2.07	140775808	6.91	6.90	6.91	204071	2671	-0.42	          7.65	
600127	金健米业	2.80	139387856	4.40	4.39	4.41	313287	356	0.23	          4.88	
600135	乐凯胶片	10.04	136654784	12.06	12.06	--  	113312	50	0.00	          3.08	
601038	一拖股份	1.94	134863360	7.37	7.37	7.38	184823	10	0.68	          3.11	
002852	道道全	4.75	132627600	29.80	29.79	29.80	45113	982	0.00	          6.12	
002772	众兴菌业	2.10	130626976	10.22	10.21	10.22	126854	985	0.20	          5.74	
600080	金花股份	0.31	128351824	9.66	9.66	9.67	134929	11	0.00	          4.42	
600819	耀皮玻璃	5.41	117746168	5.46	5.45	5.46	219451	44	-0.17	          2.94	
002746	仙坛股份	3.07	116575464	21.18	21.18	21.20	54628	869	0.28	          3.00	
603725	天安新材	2.77	115480032	17.81	17.83	17.84	63058	3	0.06	         17.19	
01660	善乐国际	4.09	111751768	3.560	--  	--  	31578000	8000	1.71	          2.55	
000695	滨海能源	0.66	110879512	10.70	10.69	10.70	100615	1417	0.09	          4.54	
000721	西安饮食	2.06	103370952	5.45	5.45	5.46	190869	3932	0.00	          4.38	
300598	诚迈科技	10.00	100237560	34.10	34.10	--  	29823	55	0.00	          6.17	
002840	华统股份	1.02	95790584	37.59	37.59	37.60	25650	413	0.05	          2.62	
000430	张家界	3.33	95102680	8.68	8.67	8.68	110417	1155	-0.22	          4.27	
03669	永达汽车	1.14	93174488	8.900	--  	--  	10690000	1000	-0.11	          0.58	
002679	福建金森	1.37	88211728	22.95	22.95	22.96	38647	460	0.22	          2.79	
000620	新华联	0.97	87212328	6.23	6.22	6.23	139282	1839	0.00	          0.76	
02098	卓尔集团	0.97	86856448	10.400	10.380	10.400	8465000	5000	0.00	          0.07	
000529	广弘控股	2.29	86150872	6.70	6.70	6.71	129609	1325	-0.29	          2.27	
002548	金新农	2.67	85770584	9.61	9.60	9.61	88197	1382	-0.20	          2.83	
600095	哈高科	10.02	83958152	6.92	6.92	--  	121327	2	0.00	          3.36	
002566	益盛药业	4.16	82672296	8.52	8.52	8.53	100106	3298	0.59	          4.73	
603022	新通联	3.36	81957840	11.69	11.69	11.70	71253	73	-0.16	         10.96	
002360	同德化工	1.98	77463136	6.71	6.70	6.71	114836	2000	0.30	          4.00	
600821	津劝业	1.49	76623256	6.81	6.81	6.82	114238	153	0.15	          2.74	
300087	荃银高科	1.30	75923064	10.94	10.93	10.94	69433	917	0.18	          2.01	
603330	上海天洋	3.73	75121208	31.95	31.90	31.97	24527	4	1.46	         10.11	
603081	大丰实业	0.92	71713768	25.30	25.28	25.33	29004	10	-0.15	          5.60	
300094	国联水产	0.14	70614552	7.20	7.20	7.21	98203	844	0.14	          1.32	
00171	银建国际	3.61	65973204	1.720	--  	--  	38822000	2000	0.58	          1.68	
02308	研祥智能	15.65	58725124	1.700	--  	--  	36060000	12000	1.19	         11.69	
600841	上柴股份	3.01	56537232	12.66	12.64	12.65	45630	108	0.08	          0.87	
002248	*ST东数	1.17	54511672	9.48	9.46	9.48	57710	820	0.00	          1.88	
00866	中国秦发	14.06	46239840	0.730	--  	--  	65910636	42000	0.00	          2.64	
01913	普拉达	0.98	45093588	35.900	--  	--  	1275457	4200	-0.28	          0.05	
603669	灵康药业	0.69	43875408	17.61	17.61	17.63	24864	50	0.69	          2.88	
300282	汇冠股份	0.30	42238452	16.99	16.98	16.99	25055	726	1.43	          1.22	
300640	德艺文创	10.02	41386968	23.39	23.39	--  	17694	155	0.00	          8.85	
600593	大连圣亚	0.22	37411692	32.02	32.08	32.10	11731	50	-0.39	          1.28	
01368	特步国际	0.93	34264200	4.350	4.350	4.370	7915500	98000	-0.46	          0.36	
07388	ＦＩ南方国指	2.35	33266102	5.660	--  	--  	5796800	4000	-0.35	--  	
300272	开能环保	0.65	30783386	9.25	9.25	9.26	33934	1216	0.98	          1.42	
08131	辰罡科技	24.56	30481654	0.355	--  	--  	80963488	220000	-1.39	         26.89	
07312	ＦＩ　三星恒指	2.52	29829748	4.480	--  	--  	6628400	400	-0.22	--  	
002523	天桥起重	10.04	27756218	6.25	6.25	--  	44410	838	0.00	          0.54	
02840	ＳＰＤＲ金ＥＴＦ	0.61	24664066	997.500	--  	--  	24750	80	-0.05	--  	
00658	中国高速传动	0.17	23401202	11.580	11.560	11.580	2027000	30000	0.17	          0.12	
01234	中国利郎	0.66	22726652	9.180	9.150	9.180	2528000	30000	0.22	          0.21	
01421	工盖有限公司	2.56	21603952	0.400	--  	--  	53365000	60000	1.27	          4.50	
03081	价值黄金	1.08	17592488	32.800	--  	--  	535566	7500	0.00	--  	
600882	广泽股份	0.12	15134283	8.62	8.62	8.63	17897	300	1.17	          0.45	
07362	ＦＩ未来国指	2.25	9529430	5.920	--  	--  	1608700	107400	-0.17	--  	
01630	建成控股	2.04	9382740	4.010	--  	--  	2394000	6000	0.00	          0.16	
08257	靖洋集团	28.57	9307850	0.360	--  	--  	29090000	60000	4.35	          2.91	
01706	双运控股	1.55	8413900	1.960	--  	--  	4335000	5000	0.00	          0.43	
00743	亚洲水泥（中国）	0.94	6952351	3.220	--  	--  	2164000	15000	0.00	          0.14	
01388	安莉芳控股	15.73	6448366	3.090	--  	--  	2142535	5000	0.32	          0.51	
00076	南海石油	3.08	4970098	0.067	--  	--  	74864032	272000	0.00	          1.50	
08470	莹岚集团	19.76	4798080	2.000	--  	--  	2560000	40000	0.00	          0.43	
07336	ＦＩ未来恒指	2.38	4682097	5.600	--  	--  	831400	20000	0.00	--  	
06830	华众车载	0.67	4057560	1.500	--  	--  	2707800	2000	0.00	          0.15	
00666	新工投资	14.58	3909620	0.275	--  	--  	14900000	40000	0.00	          0.36	
08479	金泰丰国际控股	0.75	3697138	2.700	--  	--  	1388300	4000	2.27	          0.33	
08463	TOMO HOLDINGS	2.41	3628560	1.700	--  	--  	2228000	40000	0.00	          0.50	
01533	庄园牧场	0.61	3579150	8.300	8.160	8.300	432000	4500	0.00	          1.23	
01559	均安控股	8.08	3475621	1.070	--  	--  	3291185	20000	-0.93	          0.30	
01341	昊天国际建投	13.43	3276600	0.380	--  	--  	9272000	96000	2.70	          0.39	
01252	中国天瑞水泥	2.14	3124940	5.250	--  	--  	602000	8000	0.00	          0.02	
01130	中国环境资源	1.33	2978720	0.380	--  	--  	7964000	40000	0.00	          0.47	
00313	裕田中国	1.12	2930050	0.090	--  	--  	33250000	50000	1.12	          0.14	
08462	桥英控股	1.01	2924000	2.000	--  	--  	1495000	30000	0.50	          0.25	
01426	春泉产业信托	1.18	2823430	3.430	--  	--  	833000	1000	0.29	--  	
07341	ＦＩ华夏国指	2.28	2719622	6.280	--  	--  	431500	5100	-0.48	--  	
08048	御德国际控股	6.86	2425526	0.109	--  	--  	19973996	40000	0.00	          1.12	
02700	格林国际控股	1.69	2340300	0.300	--  	--  	7960000	1000000	0.00	          0.35	
00901	鹰力投资	0.86	2325920	0.235	--  	--  	10040000	240000	-0.42	          0.56	
08186	同仁资源	5.13	2234037	0.082	--  	--  	26343000	20000	0.00	          3.17	
00343	文化传信	1.25	1865908	0.405	--  	--  	4572226	20000	-1.22	          0.33	
08226	树熊金融集团	0.70	1823268	0.144	--  	--  	12832000	12000	0.00	          0.52	
07328	ＦＩ　三星国指	2.38	1612686	4.730	--  	--  	338800	200	-0.42	--  	
08247	中生北控生物科技	7.00	1509160	2.600	--  	--  	610000	4000	0.00	          0.95	
07322	ＸＩ未来标普	2.33	1493188	12.280	--  	--  	121200	700	0.00	--  	
02300	澳科控股	1.00	1461140	2.030	--  	--  	726000	20000	1.00	          0.08	
00397	君阳金融	1.36	1415002	0.224	--  	--  	6520500	2850000	3.23	          0.21	
00727	皇冠环球集团	0.78	1094420	1.300	--  	--  	846000	16000	0.00	          0.02	
08309	万成环球控股	1.41	744950	0.360	--  	--  	2200000	10000	-2.70	          0.37	
00653	卓悦控股	0.84	708980	0.240	--  	--  	2993800	2000	1.27	          0.09	
07331	ＦＩ华夏纳一百	3.02	684058	10.920	--  	--  	62500	5000	0.18	--  	
00094	绿心集团	1.16	632000	0.870	--  	--  	742000	22000	0.00	          0.04	
08170	KSL HOLDINGS	1.71	549680	3.560	--  	--  	158000	30000	-0.28	          0.04	
08039	中国卓银	0.44	540000	2.290	--  	--  	248000	32000	4.09	          0.06	
02028	映美控股	2.53	530860	0.810	--  	--  	662000	4000	0.00	          0.10	
07302	ＦＩ易方达恒指	2.15	522294	4.760	--  	--  	109300	200	-0.21	--  	
01101	华荣能源	1.96	520047	0.260	--  	--  	2049800	100000	1.96	          0.09	
08006	华泰瑞银	2.88	484050	0.214	--  	--  	2230000	190000	-2.73	          0.58	
00929	国际精密	1.29	426350	1.570	--  	--  	275000	5000	0.00	          0.03	
01253	中国绿地博大绿泽	0.92	380000	1.100	1.000	1.140	372000	4000	0.92	          0.01	
01159	星光文化	1.02	341370	2.980	--  	--  	114500	1000	-0.33	          0.02	
00223	易生活控股	2.36	309644	0.130	--  	--  	2442000	1400000	0.00	          0.05	
01150	米兰站	0.59	306416	0.170	--  	--  	1810000	50000	0.00	          0.22	
08411	K W NELSON GP	1.69	266600	0.300	--  	--  	950000	10000	9.09	          0.10	
08076	新利软件	2.78	225805	0.185	--  	--  	1215000	5000	-7.04	          0.14	
83168	恒生人币金ＥＴＦ	0.20	222400	24.600	--  	--  	9000	1000	0.00	--  	
08093	万星控股	1.62	217350	1.880	--  	--  	115000	30000	-0.53	          0.03	
02307	锦兴国际控股	1.47	187460	0.690	--  	--  	274000	28000	0.00	          0.03	
02083	大自然家居	1.00	153880	1.010	--  	--  	155000	3000	1.00	          0.01	
08020	宏海控股集团	3.94	126390	0.132	--  	--  	960000	70000	0.00	          0.04	
01069	中国农林低碳	6.06	109200	0.070	--  	--  	1620000	140000	-1.41	          0.04	
07315	ＦＩ未来东证	3.07	86606	7.720	--  	--  	11200	2000	0.00	--  	
01192	泰山石化	2.30	76500	0.089	--  	--  	889357	180000	0.00	          0.02	
00495	PALADIN	3.31	27485	0.250	--  	--  	110000	50000	0.00	          0.01	
00413	南华集团控股	3.03	24358	0.340	--  	--  	75441	16000	0.00	          0.00	
07335	ＦＩ南方Ｎ５０	1.80	10848	13.560	--  	--  	800	800	0.00	--  	
000900	现代投资	--  	0	6.25	--  	--  	0	0	--  	          0.00	
000796	凯撒旅游	--  	0	12.90	--  	--  	0	0	--  	          0.00	
000779	三毛派神	--  	0	13.47	--  	--  	0	0	--  	          0.00	
000757	浩物股份	--  	0	7.03	--  	--  	0	0	--  	          0.00	
000703	恒逸石化	--  	0	26.01	--  	--  	0	0	--  	          0.00	
000666	经纬纺机	--  	0	18.29	--  	--  	0	0	--  	          0.00	
000547	航天发展	--  	0	10.83	--  	--  	0	0	--  	          0.00	
000540	中天金融	--  	0	7.35	--  	--  	0	0	--  	          0.00	
000534	万泽股份	--  	0	13.05	--  	--  	0	0	--  	          0.00	
000516	国际医学	--  	0	4.89	--  	--  	0	0	--  	          0.00	
000031	中粮地产	--  	0	8.00	--  	--  	0	0	--  	          0.00	
000029	深深房Ａ	--  	0	11.17	--  	--  	0	0	--  	          0.00	
82808	易方达国债－Ｒ	0.14	0	107.950	--  	--  	0	0	0.00	--  	
04362	ＩＳ南韩基金ＴＲ	--  	0	0.000	--  	--  	0	0	--  	--  	
03060	价值台湾ＥＴＦ	-0.90	0	44.200	--  	--  	0	0	0.00	--  	
02839	标智港股内地地产	--  	0	0.000	--  	--  	0	0	--  	--  	
02817	标智港股内地消费	--  	0	0.000	--  	--  	0	0	--  	--  	
02808	易方达国债	0.00	0	134.000	--  	--  	0	0	0.00	--  	
08591	罗马集团（旧）	--  	0	0.000	--  	--  	0	0	--  	--  	
08369	立基工程控股	--  	0	0.000	--  	--  	0	0	--  	--  	
02999	中国集成控股　旧	--  	0	0.000	--  	--  	0	0	--  	--  	
00963	华熙生物科技	--  	0	0.000	--  	--  	0	0	--  	--  	
00170	中国资本	--  	0	0.000	--  	--  	0	0	--  	--  	
603887	城地股份	0.00	0	29.63	--  	--  	0	0	0.00	          0.00	
603690	至纯科技	0.00	0	18.29	--  	--  	0	0	0.00	          0.00	
603667	五洲新春	0.00	0	22.04	--  	--  	0	0	0.00	          0.00	
603520	司太立	0.00	0	28.95	--  	--  	0	0	0.00	          0.00	
603508	思维列控	0.00	0	36.37	--  	--  	0	0	0.00	          0.00	
603393	新天然气	0.00	0	32.39	--  	--  	0	0	0.00	          0.00	
603309	维力医疗	0.00	0	17.85	--  	--  	0	0	0.00	          0.00	
603033	三维股份	0.00	0	18.85	--  	--  	0	0	0.00	          0.00	
603032	德新交运	0.00	0	54.26	--  	--  	0	0	0.00	          0.00	
600962	国投中鲁	0.00	0	13.52	--  	--  	0	0	0.00	          0.00	
600798	宁波海运	0.00	0	5.02	--  	--  	0	0	0.00	          0.00	
600777	新潮能源	0.00	0	3.25	--  	--  	0	0	0.00	          0.00	
600751	天海投资	0.00	0	6.49	--  	--  	0	0	0.00	          0.00	
600729	重庆百货	0.00	0	29.45	--  	--  	0	0	0.00	          0.00	
600378	天科股份	0.00	0	13.65	--  	--  	0	0	0.00	          0.00	
600270	外运发展	0.00	0	17.28	--  	--  	0	0	0.00	          0.00	
600165	新日恒力	0.00	0	16.51	--  	--  	0	0	0.00	          0.00	
600113	浙江东日	0.00	0	13.42	--  	--  	0	0	0.00	          0.00	
600084	中葡股份	0.00	0	7.52	--  	--  	0	0	0.00	          0.00	
600051	宁波联合	0.00	0	9.75	--  	--  	0	0	0.00	          0.00	
300688	创业黑马	--  	0	71.98	--  	--  	0	0	--  	          0.00	
300656	民德电子	--  	0	56.67	--  	--  	0	0	--  	          0.00	
300562	乐心医疗	--  	0	20.35	--  	--  	0	0	--  	          0.00	
300491	通合科技	--  	0	20.52	--  	--  	0	0	--  	          0.00	
300455	康拓红外	--  	0	11.24	--  	--  	0	0	--  	          0.00	
300301	长方集团	--  	0	5.77	--  	--  	0	0	--  	          0.00	
300207	欣旺达	--  	0	11.69	--  	--  	0	0	--  	          0.00	
300146	汤臣倍健	--  	0	16.93	--  	--  	0	0	--  	          0.00	
300067	安诺其	--  	0	5.96	--  	--  	0	0	--  	          0.00	
300056	三维丝	--  	0	7.02	--  	--  	0	0	--  	          0.00	
002857	三晖电气	--  	0	20.01	--  	--  	0	0	--  	          0.00	
002770	科迪乳业	--  	0	4.31	--  	--  	0	0	--  	          0.00	
002765	蓝黛传动	--  	0	9.08	--  	--  	0	0	--  	          0.00	
002607	亚夏汽车	--  	0	4.06	--  	--  	0	0	--  	          0.00	
002584	西陇科学	--  	0	17.12	--  	--  	0	0	--  	          0.00	
002580	圣阳股份	--  	0	8.37	--  	--  	0	0	--  	          0.00	
002578	闽发铝业	--  	0	4.97	--  	--  	0	0	--  	          0.00	
002520	日发精机	--  	0	10.32	--  	--  	0	0	--  	          0.00	
002515	金字火腿	--  	0	7.84	--  	--  	0	0	--  	          0.00	
002423	中原特钢	--  	0	14.39	--  	--  	0	0	--  	          0.00	
002263	大 东 南	--  	0	2.96	--  	--  	0	0	--  	          0.00	
002252	上海莱士	--  	0	19.54	--  	--  	0	0	--  	          0.00	
002147	新光圆成	--  	0	14.76	--  	--  	0	0	--  	          0.00	
002098	浔兴股份	--  	0	16.33	--  	--  	0	0	--  	          0.00	
002082	万邦德	--  	0	13.97	--  	--  	0	0	--  	          0.00	
002018	华信国际	--  	0	5.39	--  	--  	0	0	--  	          0.00	
000962	东方钽业	--  	0	7.19	--  	--  	0	0	--  	          0.00	
数据来源:通达信
