代码	名称	涨幅%%	总金额	涨跌	买价	卖价	总量	现量	涨速%%	换手%%	今开	
00700	腾讯控股	0.61	8515214336	2.800	462.600	462.800	18501646	1963900	0.43	          0.19	460.000	
00939	建设银行	1.06	4489319936	0.090	8.580	8.590	523052704	33152000	0.35	          0.22	8.500	
601288	农业银行	2.48	4270441728	0.10	4.12	4.13	10351930	357	0.00	          0.35	4.08	
603993	洛阳钼业	5.08	3447947520	0.45	9.30	9.31	3817095	104	0.11	          2.95	8.85	
01398	工商银行	1.13	3108299008	0.080	7.130	7.140	435297504	22054000	0.14	          0.50	7.040	
01288	农业银行	5.37	3089963264	0.240	4.700	4.710	662269312	13184000	0.86	          2.15	4.500	
002460	赣锋锂业	1.33	2905505536	1.04	79.23	79.24	370773	5162	-0.04	          7.14	77.56	
600887	伊利股份	1.39	2694474752	0.43	31.30	31.31	858114	14	0.16	          1.42	30.98	
000830	鲁西化工	1.78	2135355648	0.36	20.58	20.59	1038786	12438	-0.04	          7.10	20.08	
03988	中国银行	1.83	2070493056	0.080	4.430	4.440	466472736	32063000	0.45	          0.56	4.350	
002129	中环股份	5.19	1894447872	0.51	10.33	10.34	1847102	18472	0.19	          6.99	10.12	
002340	格林美	1.31	1630769024	0.10	7.71	7.72	2120363	20011	0.00	          6.81	7.63	
603986	兆易创新	2.10	1530979072	4.05	196.70	196.71	76875	2	-0.06	          5.22	196.00	
600585	海螺水泥	0.74	1403475072	0.24	32.72	32.73	427837	68	0.09	          1.07	32.47	
300618	寒锐钴业	1.70	1282698624	5.50	328.90	328.95	39275	379	0.07	          5.51	326.96	
601939	建设银行	0.37	1225102720	0.03	8.17	8.18	1493108	123	0.25	          1.56	8.14	
300377	赢时胜	4.74	1182839936	0.70	15.47	15.48	764589	7272	0.00	         15.00	15.03	
300431	暴风集团	0.07	1176170368	0.02	29.46	29.47	393611	3566	-0.09	         16.77	29.80	
300476	胜宏科技	1.11	1156694400	0.35	31.95	31.96	357877	4265	0.22	         19.19	31.31	
300251	光线传媒	3.65	1150945024	0.48	13.63	13.64	848713	8870	0.00	          3.08	13.27	
002606	大连电瓷	9.98	1127719936	0.90	9.92	--  	1159167	5157	0.00	         28.84	9.07	
002839	张家港行	1.21	1086603648	0.12	10.02	10.03	1077253	12458	0.40	         12.91	9.91	
300418	昆仑万维	1.94	1063112128	0.53	27.82	27.83	377933	3957	0.00	          6.46	27.02	
600690	青岛海尔	0.20	1052411904	0.04	20.49	20.50	512264	10	-0.23	          0.84	20.50	
002694	顾地科技	3.54	1036451776	0.43	12.56	12.57	825619	9905	-0.23	         16.69	12.00	
300115	长盈精密	5.89	1007728960	1.22	21.93	21.94	466168	2864	-0.13	          5.19	20.72	
002268	卫 士 通	2.93	1006356864	0.81	28.49	28.50	352378	5149	0.32	          5.10	28.11	
300104	乐视网	10.00	978012992	0.56	6.16	--  	1637459	13429	0.00	          5.38	5.75	
300073	当升科技	2.11	919829760	0.59	28.55	28.56	318594	3948	0.18	          9.56	29.16	
000792	盐湖股份	2.40	890032896	0.32	13.64	13.65	643246	8776	-0.06	          2.34	13.37	
601233	桐昆股份	3.41	889563072	0.83	25.16	25.18	354942	26	0.44	          2.95	24.80	
002226	江南化工	6.62	875133696	0.47	7.56	7.57	1167749	10658	0.66	         12.81	7.54	
000672	上峰水泥	0.63	854164992	0.08	12.77	12.78	665701	6627	0.16	          8.18	12.64	
603516	淳中科技	1.21	841439232	0.72	60.13	60.20	137534	64	-0.21	         58.81	61.10	
000806	银河生物	5.76	787482688	0.43	7.89	7.90	1005301	7045	0.00	         14.39	7.71	
000789	万年青	3.44	777830592	0.39	11.73	11.74	670774	12246	0.34	         10.94	11.33	
300226	上海钢联	2.62	775095168	1.80	70.55	70.56	110689	2149	0.36	          7.34	67.82	
601988	中国银行	0.48	771540672	0.02	4.19	4.20	1832753	130	-0.23	          0.09	4.18	
300078	思创医惠	2.30	767138944	0.24	10.66	10.67	698626	4157	0.76	         13.53	11.00	
002302	西部建设	4.29	752051840	0.72	17.49	17.50	434238	6136	-0.27	          4.21	16.60	
600804	鹏博士	10.02	750760832	1.38	15.15	--  	497253	30	0.00	          3.47	15.15	
300027	华谊兄弟	0.80	735313536	0.08	10.13	10.14	725690	8734	0.10	          3.78	9.99	
00799	IGG	8.32	703292672	0.920	11.940	11.980	59950028	607000	0.17	          4.50	11.200	
02800	盈富基金	0.16	697584448	0.050	--  	--  	21880880	841500	0.00	--  	31.850	
600348	阳泉煤业	1.83	678692928	0.16	8.87	8.88	771601	62	-0.44	          3.21	8.60	
02828	恒生中国企业	0.55	678184320	0.700	--  	--  	5275848	156600	0.23	--  	128.000	
03993	洛阳钼业	3.32	662613376	0.210	6.530	6.540	102895248	2649000	0.00	          2.62	6.320	
601636	旗滨集团	1.06	653843968	0.07	6.70	6.71	968959	219	0.30	          3.86	6.67	
600740	山西焦化	0.08	646772032	0.01	12.50	12.51	513112	242	0.00	          7.81	12.30	
601699	潞安环能	0.52	640369984	0.06	11.63	11.64	550615	254	0.26	          1.84	11.47	
000665	湖北广电	2.41	632891008	0.28	11.89	11.90	522014	6733	0.59	          8.21	11.83	
000868	安凯客车	5.37	632385600	0.38	7.45	7.46	855632	9894	0.00	         12.30	7.05	
603056	德邦股份	0.24	623783808	0.06	25.32	25.35	249425	9	0.24	         24.94	25.08	
603356	华菱精工	3.03	619293696	0.86	29.37	29.40	207517	97	-2.88	         62.24	29.77	
002175	东方网络	9.96	615326592	0.79	8.72	--  	725260	1112	0.00	         13.68	7.88	
000877	天山股份	3.58	615129856	0.40	11.57	11.58	531904	9398	-0.25	          6.04	11.18	
02628	中国人寿	0.43	608442432	0.100	23.450	23.500	25896752	1823000	0.21	          0.35	23.350	
600720	祁连山	0.78	589359552	0.09	11.70	11.71	503593	32	-0.16	          6.49	11.60	
000519	中兵红箭	1.93	586069568	0.17	8.96	8.97	644375	5020	0.11	          8.76	9.00	
002054	德美化工	3.57	558393856	0.28	8.11	8.12	678046	6906	0.00	         21.54	8.04	
000936	华西股份	3.28	557041408	0.25	7.87	7.88	696613	6798	0.00	          9.32	7.58	
002877	智能自控	10.01	554507840	2.81	30.87	--  	180216	331	0.00	         58.97	30.87	
000786	北新建材	0.04	550096896	0.01	25.02	25.03	219891	2255	-0.11	          1.56	24.98	
300699	光威复材	3.79	541928512	2.04	55.84	55.85	96183	657	0.07	         10.45	53.75	
300459	金科文化	5.69	519309440	0.70	13.00	13.01	402303	3313	0.00	          7.70	12.52	
002178	延华智能	3.68	513492384	0.28	7.89	7.90	651356	6319	-0.12	         10.73	7.63	
300684	中石科技	2.11	510852736	1.26	61.10	61.15	81854	969	0.15	         37.69	60.96	
002508	老板电器	0.15	495719168	0.06	39.78	39.79	124784	2050	0.10	          1.34	39.75	
002095	生 意 宝	0.72	494481184	0.38	52.87	52.88	94081	1340	-0.12	          3.74	51.98	
00011	恒生银行	0.84	491781984	1.600	191.200	191.300	2564635	223000	0.00	          0.13	190.500	
000717	韶钢松山	1.36	455756128	0.10	7.47	7.48	605025	5217	0.13	          2.50	7.34	
600060	海信电器	1.99	455465472	0.33	16.95	16.96	270267	108	0.18	          2.07	16.56	
300340	科恒股份	1.85	447342272	0.93	51.19	51.20	86441	967	0.08	         10.17	49.91	
002273	水晶光电	1.32	446854208	0.29	22.34	22.35	199968	2066	0.04	          3.25	21.96	
300066	三川智慧	3.50	446696224	0.17	5.02	5.03	866529	7422	0.40	          9.13	5.09	
002666	德联集团	10.05	440230496	0.64	7.01	--  	649300	411	0.00	         14.63	6.34	
002307	北新路桥	8.04	436988256	0.88	11.82	11.83	376099	7171	-1.16	          6.75	10.90	
603871	嘉友国际	2.54	419224832	1.95	78.60	78.68	54212	9	-0.22	         27.11	76.80	
600426	华鲁恒升	1.31	403984320	0.24	18.55	18.56	218269	18	-0.21	          1.35	18.29	
601069	西部黄金	2.79	382514432	0.43	15.84	15.85	243598	211	0.57	          3.83	15.27	
601117	中国化学	5.28	381388672	0.36	7.18	7.19	540397	37	-0.41	          1.10	6.87	
002012	凯恩股份	5.03	375785568	0.39	8.14	8.15	468317	4543	0.00	         10.01	7.66	
002638	勤上股份	3.30	375310688	0.18	5.64	5.65	661485	10287	-1.22	          6.75	5.54	
600346	恒力股份	1.15	373063648	0.18	15.83	15.84	235626	24	0.51	          2.56	15.57	
002760	凤形股份	3.08	372381696	0.77	25.75	25.76	146753	1943	0.12	         32.09	24.65	
600409	三友化工	0.31	369815136	0.03	9.85	9.86	377798	91	0.00	          2.04	9.83	
300498	温氏股份	1.03	366063328	0.23	22.59	22.60	162061	1400	0.18	          0.46	22.36	
300672	国科微	0.72	365046528	0.44	61.16	61.18	60400	1212	0.49	         21.62	60.50	
300314	戴维医疗	3.04	359209312	0.44	14.88	14.89	230651	1870	-0.79	         12.20	14.40	
01211	比亚迪股份	0.46	358685600	0.350	76.500	76.550	4711568	251000	0.20	          0.51	76.450	
000996	中国中期	1.54	354703104	0.25	16.44	16.45	215057	4127	-0.47	          6.23	16.20	
00066	港铁公司	1.50	344618880	0.650	43.750	43.850	7877697	573500	0.23	          0.13	43.400	
300296	利亚德	1.04	339637920	0.25	24.18	24.19	140362	916	-0.24	          1.38	23.81	
600801	华新水泥	0.35	339268512	0.05	14.16	14.18	238200	20	-0.06	          2.45	14.09	
002716	金贵银业	0.94	338329248	0.18	19.38	19.39	174597	3057	-0.04	          5.61	19.17	
000155	川化股份	4.26	334350368	0.30	7.34	7.35	453020	3214	0.14	          4.83	7.05	
002376	新北洋	1.95	325242400	0.30	15.70	15.71	208928	2729	0.13	          3.64	15.33	
002018	华信国际	1.70	324842080	0.09	5.38	5.39	602858	10585	0.19	          2.65	5.25	
600338	西藏珠峰	3.51	323680192	1.35	39.75	39.76	81026	12	0.84	          5.12	39.45	
00823	领展房产基金	0.66	323303008	0.450	--  	--  	4732329	1008000	0.22	--  	68.200	
002569	步森股份	5.60	323086464	1.15	21.68	21.70	150274	1791	-0.27	         10.84	20.41	
002486	嘉麟杰	0.59	320174304	0.03	5.11	5.12	616981	3789	0.00	          7.65	5.08	
300560	中富通	4.51	320037504	1.49	34.49	34.50	92637	929	0.61	         22.42	34.77	
02388	中银香港	0.38	317155712	0.150	39.950	40.000	7946332	826500	0.25	          0.08	39.750	
600446	金证股份	0.12	313079584	0.02	16.42	16.44	187107	50	-0.05	          2.33	16.30	
002069	獐子岛	10.02	310964704	0.46	5.05	--  	633587	1198	0.00	          9.23	4.59	
300208	恒顺众N	4.92	310091328	0.59	12.58	12.59	243542	2718	-0.07	          4.21	12.50	
002271	东方雨虹	2.78	305234336	1.25	46.16	46.17	66681	379	-0.03	          1.17	44.95	
00998	中信银行	0.70	302630272	0.040	5.750	5.760	52216088	1668000	0.35	          0.35	5.730	
300706	阿石创	0.54	299639840	0.39	72.99	73.00	40508	525	0.14	         20.67	72.40	
000009	中国宝安	1.42	298634816	0.09	6.42	6.43	459226	2832	0.00	          2.17	6.46	
601958	金钼股份	2.66	295964608	0.20	7.71	7.72	386135	153	0.00	          1.20	7.52	
002714	牧原股份	1.02	293372064	0.51	50.36	50.38	58021	293	0.02	          0.97	49.56	
600565	迪马股份	6.20	289277440	0.25	4.28	4.29	684603	484	-0.22	          2.89	4.02	
002879	长缆科技	3.86	287483328	1.42	38.20	38.21	75850	1198	0.00	         21.67	36.77	
002192	融捷股份	1.38	287051744	0.41	30.21	30.22	95023	911	0.03	          4.99	29.66	
000426	兴业矿业	0.09	283615072	0.01	10.85	10.86	261137	2176	0.09	          1.96	10.82	
002458	益生股份	3.76	282753824	0.53	14.62	14.63	195435	2033	0.21	         11.18	13.97	
000979	中弘股份	3.14	281416640	0.05	1.63	1.64	1712450	10335	0.61	          2.04	1.59	
300157	恒泰艾普	2.55	276921280	0.18	7.22	7.23	377318	5164	-0.54	          6.15	7.03	
00806	惠理集团	6.65	272098208	0.510	8.160	8.180	33587096	394000	0.25	          1.81	7.800	
300248	新开普	3.13	269276928	0.43	14.18	14.19	189381	1534	0.07	          9.27	13.76	
300485	赛升药业	2.50	268296704	0.76	31.20	31.21	84883	722	-0.21	         10.05	31.49	
600202	哈空调	5.20	268233504	0.42	8.49	8.50	313136	125	0.71	          8.17	8.36	
000762	西藏矿业	0.28	268087680	0.04	14.41	14.42	184421	2229	0.14	          3.87	14.29	
000957	中通客车	10.00	260050672	0.97	10.67	--  	247782	2394	0.00	          5.19	9.67	
600535	天士力	0.43	257428496	0.17	39.27	39.29	65479	6	-0.17	          0.63	39.05	
00002	中电控股	0.25	255361216	0.200	78.650	78.700	3246946	401000	0.00	          0.13	78.650	
002401	中远海科	1.07	249277744	0.13	12.32	12.33	203547	2635	0.00	          6.76	12.08	
300063	天龙集团	3.97	248636448	0.22	5.76	5.77	435982	6486	0.70	         10.63	5.46	
000800	一汽轿车	0.63	248521392	0.07	11.11	11.12	222965	2054	0.18	          1.58	11.00	
600822	上海物贸	3.16	247159808	0.42	13.70	13.71	182512	47	0.44	          4.61	13.24	
002570	贝因美	5.00	244574752	0.27	5.67	5.68	429620	3402	-0.17	          4.20	5.37	
002648	卫星石化	0.46	242077536	0.08	17.38	17.39	138371	1406	-0.10	          1.73	17.00	
600139	西部资源	1.11	240912464	0.07	6.35	6.36	380451	16	0.47	          5.75	6.26	
603026	石大胜华	1.55	239775392	0.33	21.56	21.58	109774	3	0.05	          7.82	22.30	
002251	步 步 高	1.83	239069776	0.29	16.10	16.11	148998	1937	-0.05	          1.96	15.80	
300144	宋城演艺	0.68	235131504	0.14	20.63	20.64	113055	545	0.10	          0.98	20.63	
600523	贵航股份	9.98	234918016	1.48	16.31	--  	145949	3	0.00	          5.06	15.37	
600326	西藏天路	0.75	232818496	0.07	9.35	9.37	247703	10	0.00	          2.86	9.32	
600691	阳煤化工	6.12	231933168	0.20	3.47	3.48	672444	163	-0.28	          3.83	3.30	
600651	飞乐音响	0.95	226871152	0.09	9.52	9.55	234614	1	0.32	          2.38	9.74	
01055	中国南方航空股份	1.56	226113920	0.160	10.400	10.420	21857800	428000	0.77	          0.71	10.320	
600208	新湖中宝	0.66	224060832	0.03	4.58	4.59	485431	282	0.00	          0.56	4.56	
600602	云赛智联	1.49	222614704	0.11	7.51	7.52	287826	101	0.00	          3.27	7.72	
002727	一心堂	2.62	219573824	0.65	25.43	25.44	86379	530	-0.15	          3.23	24.70	
300267	尔康制药	1.64	218894480	0.11	6.80	6.81	324470	4078	0.29	          2.79	6.70	
600074	ST保千里	4.87	217499296	0.11	2.37	--  	930676	51	0.00	          9.14	2.25	
300722	新余国科	0.89	217453984	0.31	35.10	35.12	60619	785	-0.36	         30.31	34.80	
02020	安踏体育	0.24	217009120	0.100	41.750	41.850	5214246	468000	0.24	          0.19	41.850	
000980	众泰汽车	2.96	216263072	0.32	11.12	11.13	195929	1502	0.09	          3.71	10.78	
300532	今天国际	2.41	214054736	0.66	28.09	28.10	76453	303	-0.03	         11.60	27.30	
603578	三星新材	3.37	213356928	1.28	39.09	39.12	54492	80	0.75	         17.08	38.00	
00123	越秀地产	5.08	212231376	0.090	1.850	1.860	115833472	6004000	0.54	          0.93	1.780	
601212	白银有色	0.65	211178352	0.04	6.24	6.25	338170	659	0.16	          1.72	6.19	
600569	安阳钢铁	0.62	210100512	0.03	4.87	4.88	430218	89	0.41	          1.80	4.81	
300333	兆日科技	5.19	209567072	0.43	8.71	8.72	243525	3937	-0.10	          7.36	8.24	
000408	藏格控股	0.06	208757024	0.01	16.86	16.89	121747	459	-0.05	          2.73	16.86	
300221	银禧科技	1.37	208309264	0.23	16.98	16.99	122516	966	0.18	          3.04	16.76	
000756	新华制药	4.60	207118576	0.59	13.40	13.41	153674	1024	0.30	          5.00	12.84	
002367	康力电梯	3.86	206985840	0.35	9.40	9.41	217067	1745	-0.20	          4.17	9.35	
600779	水井坊	0.90	206703824	0.40	44.81	44.84	46163	15	0.11	          0.94	44.54	
603305	旭升股份	0.88	206288064	0.30	34.15	34.24	58765	25	0.71	         14.13	34.46	
01988	民生银行	0.62	206095456	0.050	8.170	8.180	25131300	1405500	0.37	          0.36	8.130	
002481	双塔食品	3.69	205216480	0.16	4.50	4.51	458204	4887	-0.21	          4.07	4.32	
600418	江淮汽车	1.48	204524064	0.12	8.25	8.26	247851	137	0.00	          1.71	8.11	
600686	金龙汽车	2.33	203518176	0.32	14.00	14.01	144586	21	-0.20	          3.27	13.80	
002847	盐津铺子	0.27	202594800	0.08	29.24	29.25	70189	1183	0.90	         19.88	28.95	
603499	翔港科技	0.10	201694240	0.03	30.12	30.14	68069	16	0.97	         27.23	29.72	
01658	邮储银行	1.00	200673648	0.050	5.030	5.040	39683048	1390000	0.60	          0.20	5.000	
002382	蓝帆医疗	1.64	200357264	0.28	17.36	17.37	114257	970	-0.05	          2.35	17.30	
03328	交通银行	0.78	199691376	0.050	6.420	6.430	31036644	1821000	0.16	          0.09	6.350	
002850	科达利	4.21	198305984	2.32	57.45	57.49	33943	233	0.42	          5.48	59.42	
002276	万马股份	3.69	197936864	0.30	8.41	8.42	240818	6068	0.36	          2.57	8.06	
603612	索通发展	0.63	195313904	0.30	48.20	48.21	40366	4	-0.09	          6.71	47.62	
600489	中金黄金	0.23	194149808	0.02	8.87	8.88	218910	3	0.11	          0.63	8.85	
02331	李宁	1.85	190031488	0.150	8.260	8.270	23393128	986000	0.73	          1.07	8.000	
600571	信雅达	2.12	189454096	0.21	10.12	10.13	186209	32	-0.09	          4.39	9.86	
600459	贵研铂业	3.12	189326400	0.62	20.49	20.50	93348	82	0.29	          3.58	19.80	
002358	森源电气	0.80	189264784	0.13	16.38	16.39	115730	275	0.06	          1.27	16.30	
002400	省广股份	1.14	188726608	0.06	5.32	5.33	351279	1609	0.00	          2.13	5.24	
300068	南都电源	0.43	187859040	0.07	16.37	16.38	115002	1721	0.12	          1.97	16.30	
002477	雏鹰农牧	1.28	183665888	0.05	3.94	3.95	463411	2887	0.25	          2.48	3.89	
601718	际华集团	3.59	182557536	0.20	5.77	5.78	319998	43	0.17	          0.83	5.55	
600477	杭萧钢构	0.21	182397200	0.02	9.59	9.60	189428	83	0.10	          1.50	9.53	
002856	美芝股份	0.19	181479536	0.06	32.22	32.23	55929	806	-0.05	         22.07	31.86	
002261	拓维信息	1.28	180847776	0.09	7.12	7.13	253323	2087	0.14	          2.61	7.03	
300620	光库科技	5.06	180489824	1.81	37.59	37.60	47299	589	-0.41	         21.50	35.98	
02313	申洲国际	1.02	180275440	0.800	79.250	79.400	2260299	177000	-0.06	          0.15	79.550	
06060	众安在线	1.64	178752896	1.150	71.300	71.350	2513717	82900	0.42	          0.54	70.300	
601238	广汽集团	0.22	177445216	0.05	22.90	22.91	76878	7	-0.38	          0.18	22.85	
002326	永太科技	2.39	176062352	0.23	9.86	9.87	177992	2842	-0.09	          3.31	9.69	
601222	林洋能源	0.95	174757456	0.08	8.45	8.46	204160	14	-0.23	          1.17	8.43	
01113	长实集团	0.51	173956272	0.350	68.800	68.850	2531742	528500	0.22	          0.07	68.950	
300019	硅宝科技	0.40	173143584	0.04	10.13	10.14	169769	749	0.00	          8.28	10.13	
300112	万讯自控	0.55	171897696	0.06	10.90	10.91	153888	1298	0.00	          8.82	11.40	
300184	力源信息	1.35	171891248	0.16	11.99	12.00	142394	914	0.00	          4.72	11.79	
300230	永利股份	0.86	171674736	0.12	14.06	14.07	122430	1325	-0.49	          4.64	14.01	
600816	安信信托	0.86	171065008	0.11	12.93	12.94	131803	3	0.08	          0.53	12.79	
00270	粤海投资	2.30	169531696	0.280	12.440	12.480	13793081	882000	0.48	          0.21	12.220	
000151	中成股份	10.04	169023360	1.11	12.17	--  	140697	664	0.00	          5.28	11.18	
300718	长盛轴承	0.71	169022016	0.30	42.62	42.63	39127	345	-0.13	         15.65	42.08	
600449	宁夏建材	0.72	167650704	0.09	12.50	12.51	134574	66	0.24	          2.81	12.45	
603128	华贸物流	0.59	167381008	0.05	8.47	8.48	197853	189	0.00	          2.17	8.38	
300167	迪威迅	2.21	166654528	0.19	8.78	8.79	189757	2243	-0.56	          6.32	8.53	
01208	五矿资源	0.54	165942496	0.030	5.560	5.580	29932192	620000	0.36	          0.38	5.510	
002112	三变科技	3.71	165911680	0.44	12.29	12.30	136296	1679	0.49	          7.46	11.80	
601200	上海环境	0.27	165323952	0.06	22.02	22.03	74998	11	0.18	          1.12	22.00	
002684	猛狮科技	9.94	165212656	1.43	15.81	15.82	111682	3496	1.22	          3.34	14.45	
002729	好利来	1.07	165049104	0.43	40.66	40.67	40957	764	-0.11	          6.14	39.99	
600146	商赢环球	1.59	164050688	0.42	26.87	26.88	61888	20	0.34	          3.09	26.40	
002297	博云新材	0.12	163930896	0.01	8.27	8.28	197088	3074	0.12	          4.96	8.20	
600256	广汇能源	1.11	163401504	0.05	4.54	4.55	360709	60	-0.21	          0.69	4.47	
300359	全通教育	1.13	162086624	0.11	9.85	9.88	163078	2257	0.51	          3.94	9.71	
600823	世茂股份	0.95	159761088	0.05	5.29	5.30	303586	1	0.38	          0.81	5.23	
600533	栖霞建设	6.39	159661456	0.28	4.65	4.66	341694	866	-0.42	          3.25	4.36	
002643	万润股份	0.35	158551664	0.04	11.32	11.33	138745	1692	-0.17	          1.69	11.17	
01030	新城发展控股	0.15	157929680	0.010	6.790	6.810	23348000	1442000	0.29	          0.39	6.750	
300368	汇金股份	4.67	157687952	0.36	8.07	8.08	195673	1410	0.12	          7.50	7.71	
002474	榕基软件	2.44	156630928	0.21	8.81	8.82	178244	2333	-0.67	          3.83	8.53	
300304	云意电气	0.74	156204816	0.05	6.83	6.84	227062	1224	-0.14	          2.71	6.78	
300352	北信源	0.70	155685008	0.03	4.32	4.33	358916	2374	-0.22	          3.44	4.26	
000893	东凌国际	6.33	155118080	0.36	6.05	6.06	263329	12514	2.20	          6.57	5.64	
002766	索菱股份	0.83	154714256	0.12	14.55	14.56	106816	899	-0.26	          6.16	14.29	
600525	长园集团	0.47	153418192	0.08	17.22	17.29	88419	100	0.23	          0.71	17.20	
601127	小康股份	4.62	152327872	0.87	19.71	19.73	77188	10	-0.34	          4.29	19.05	
01888	建滔积层板	2.58	152270592	0.400	15.880	15.900	9672100	226000	0.00	          0.31	15.500	
002127	南极电商	0.79	152250224	0.12	15.28	15.29	99944	1106	-0.19	          1.03	15.17	
603557	起步股份	4.76	151065168	0.78	17.15	17.16	88612	7	0.23	         18.85	16.45	
00017	新世界发展	0.50	148853104	0.060	12.160	12.180	12286034	1776000	0.16	          0.12	12.080	
002479	富春环保	0.11	148382352	0.01	9.18	9.19	161440	1525	0.44	          2.21	9.15	
600166	福田汽车	0.75	148341744	0.02	2.67	2.68	557448	57	0.00	          0.84	2.65	
002359	北讯集团	0.46	148274096	0.12	26.23	26.24	56493	723	0.19	          0.80	26.01	
300693	盛弘股份	3.36	147107232	1.15	35.33	35.34	42182	904	0.09	         18.49	33.62	
002089	新 海 宜	0.48	146170320	0.03	6.32	6.33	232835	4085	0.00	          2.50	6.27	
601599	鹿港文化	2.02	145486608	0.13	6.55	6.56	222751	12	0.31	          2.55	6.36	
600213	亚星客车	10.02	145365056	0.91	9.99	--  	147872	1	0.00	          6.72	9.05	
002675	东诚药业	1.65	145110640	0.18	11.12	11.13	131015	1224	-0.08	          2.26	10.92	
000559	万向钱潮	0.77	143829168	0.07	9.21	9.22	155856	1094	0.00	          0.57	9.17	
002130	沃尔核材	2.79	141360896	0.16	5.89	5.90	239545	1950	0.17	          2.46	5.70	
600705	中航资本	0.36	140876400	0.02	5.50	5.51	255637	45	0.00	          0.34	5.48	
00148	建滔化工	5.12	140758736	2.100	43.050	43.100	3327278	200500	0.35	          0.31	41.700	
02607	上海医药	1.24	139774048	0.250	20.400	20.450	6854811	219300	0.00	          0.75	20.350	
002431	棕榈股份	0.13	139769696	0.01	7.66	7.67	181581	2027	0.00	          1.57	7.66	
002560	通达股份	2.48	137541968	0.18	7.42	7.43	180652	3288	-0.66	          6.56	7.27	
01966	中骏置业	3.54	136184832	0.140	4.090	4.100	33535800	252000	0.00	          0.88	3.960	
300291	华录百纳	2.85	135714032	0.34	12.25	12.26	111941	1925	-0.07	          1.88	11.90	
600716	凤凰股份	2.02	133557456	0.10	5.05	5.06	266303	30	-0.19	          2.93	4.98	
03898	中车时代电气	0.34	131589648	0.150	43.600	43.750	3019131	207300	0.23	          0.55	43.950	
01347	华虹半导体	0.34	131572120	0.060	17.820	17.840	7388000	138000	0.79	          0.71	18.000	
600754	锦江股份	0.34	130980824	0.13	38.62	38.63	34151	11	0.10	          0.53	38.30	
000829	天音控股	2.57	130309184	0.25	9.96	9.97	133966	1776	-0.39	          1.41	9.70	
002476	宝莫股份	7.63	129867304	0.39	5.49	5.50	239968	2470	0.18	          4.15	5.11	
603088	宁波精达	3.26	129691704	0.90	28.50	28.51	45795	2	-0.16	          5.72	27.65	
300534	陇神戎发	10.00	128978992	0.89	9.79	--  	132738	108	0.00	          7.02	8.92	
600137	浪莎股份	5.02	128604880	1.15	24.08	24.09	54505	4	-0.65	          5.61	22.88	
000910	大亚圣象	1.64	127863320	0.36	22.35	22.36	57559	658	-0.03	          1.09	22.13	
300241	瑞丰光电	1.73	125532728	0.32	18.78	18.79	67738	1743	0.43	          3.70	18.47	
300571	平治信息	2.24	125515168	1.60	72.88	72.90	17383	196	-0.04	          4.98	72.99	
300121	阳谷华泰	0.76	124849600	0.11	14.50	14.52	85910	1919	0.28	          2.33	14.25	
603678	火炬电子	2.23	124696464	0.60	27.57	27.58	45258	25	-0.10	          1.00	26.93	
002776	柏堡龙	9.05	124014248	1.54	18.54	18.55	68772	601	0.11	          6.53	17.09	
600630	龙头股份	2.71	122498480	0.27	10.24	10.25	120525	74	0.49	          2.84	9.96	
002203	海亮股份	0.90	121938752	0.08	9.01	9.02	136209	7808	0.22	          0.92	8.91	
600186	莲花健康	1.17	121271552	0.03	2.60	2.61	460253	38	0.39	          4.33	2.55	
601015	陕西黑猫	1.18	120765152	0.10	8.58	8.59	140428	2	0.35	          1.51	8.45	
300691	联合光电	1.03	119832416	0.68	66.82	66.83	17712	173	-0.21	          8.28	66.51	
603515	欧普照明	0.10	117519824	0.05	48.10	48.11	24295	5	0.02	          2.48	48.05	
00010	恒隆集团	1.46	117372936	0.400	27.750	27.850	4278633	215000	0.36	          0.31	27.400	
300380	安硕信息	1.33	116873392	0.27	20.54	20.55	56031	622	-0.09	          8.32	20.06	
000887	中鼎股份	0.06	116265064	0.01	17.77	17.80	65256	164	-0.16	          0.54	17.71	
002472	双环传动	10.05	113627880	0.92	10.07	--  	113044	1017	0.00	          2.08	10.00	
600075	新疆天业	1.81	113432376	0.14	7.85	7.86	144903	60	0.00	          1.74	7.73	
300093	金刚玻璃	0.11	113313360	0.01	9.40	9.41	120345	1344	0.11	          5.59	9.28	
002853	皮阿诺	3.17	113009720	0.91	29.61	29.62	38858	1282	0.24	          7.30	28.63	
002040	南 京 港	6.14	112815584	0.74	12.78	12.79	89148	919	-0.38	          2.91	12.05	
300043	星辉娱乐	1.20	112676432	0.07	5.91	5.92	192046	6030	0.51	          2.33	5.90	
300005	探路者	0.57	112481752	0.03	5.27	5.28	214413	2214	0.38	          3.33	5.20	
600240	华业资本	2.52	111217504	0.21	8.55	8.56	129831	15	-0.11	          0.91	8.35	
600355	精伦电子	0.49	110781800	0.03	6.10	6.11	182452	32	0.00	          3.71	6.09	
000905	厦门港务	1.50	110683184	0.16	10.81	10.82	102864	1525	0.00	          1.94	10.58	
600195	中牧股份	1.77	108643456	0.39	22.45	22.46	48510	10	-0.12	          1.13	21.88	
07228	ＦＬ二　三星国指	0.65	108348952	0.060	--  	--  	11548600	1200	0.21	--  	9.270	
000733	振华科技	0.53	108236976	0.07	13.31	13.32	80994	557	0.08	          1.73	13.24	
002697	红旗连锁	0.86	107259264	0.05	5.84	5.85	183629	2039	0.00	          2.13	5.80	
002521	齐峰新材	0.87	107086224	0.08	9.26	9.27	115944	1929	0.32	          2.69	9.10	
00665	海通国际	1.38	106487408	0.070	5.160	5.170	20664782	318000	0.00	          0.38	5.090	
300028	金亚科技	2.29	106468040	0.11	4.91	4.92	216646	2575	-0.40	          6.30	4.74	
000810	创维数字	10.01	106198008	0.69	7.58	--  	141422	285	0.00	          1.43	6.90	
300022	吉峰农机	1.52	106100144	0.08	5.33	5.34	194909	3078	-0.18	          6.07	5.23	
00916	龙源电力	3.15	105869568	0.170	5.550	5.560	19114044	1345000	0.00	          0.57	5.500	
601388	怡球资源	0.26	105587360	0.01	3.81	3.82	277343	44	0.26	          1.37	3.79	
000702	正虹科技	3.34	104776280	0.22	6.79	6.80	154655	1596	0.00	          5.80	6.59	
002070	*ST众和	0.24	104397864	0.01	4.14	4.15	249007	3011	0.00	          4.39	4.20	
300601	康泰生物	0.02	104153656	0.01	53.90	53.91	19336	758	-0.06	          1.21	53.80	
300467	迅游科技	1.45	103938328	0.63	44.08	44.14	23537	277	-0.13	          2.36	43.44	
000561	烽火电子	4.48	103609776	0.34	7.92	7.93	131318	1517	-0.74	          2.21	7.58	
002254	泰和新材	0.08	102707584	0.01	12.33	12.34	83261	786	0.08	          1.36	12.32	
600555	海航创新	0.49	102426288	0.02	4.13	4.14	246469	51	0.49	          2.53	4.03	
600597	光明乳业	0.07	102295160	0.01	13.70	13.71	74352	18	0.15	          0.61	13.65	
601858	中国科传	4.23	102263248	0.41	10.10	10.11	100783	40	-0.09	          7.72	9.68	
000973	佛塑科技	2.03	102138824	0.11	5.51	5.52	186243	4093	-0.17	          1.93	5.41	
01660	善乐国际	10.83	101611056	0.130	--  	--  	78464008	8000	-2.21	          6.33	1.210	
300242	明家联合	1.92	101443400	0.15	7.95	7.96	126494	542	0.13	          2.53	7.75	
300696	爱乐达	0.88	101318864	0.50	57.06	57.10	17320	195	-0.16	         10.04	57.74	
002530	金财互联	0.42	101112968	0.11	26.60	26.61	38121	184	-0.18	          1.80	26.50	
002631	德尔未来	2.27	101108920	0.21	9.44	9.45	108997	2579	0.21	          1.69	9.14	
600363	联创光电	0.09	101105560	0.01	11.56	11.57	86764	22	-0.16	          1.96	11.56	
002188	ST巴士	5.01	101006520	0.37	7.75	--  	131280	19	0.00	          7.12	7.38	
600303	曙光股份	1.48	100632608	0.12	8.22	8.23	122686	21	0.00	          1.98	8.11	
002386	天原集团	1.31	100056608	0.10	7.71	7.72	130226	1229	0.00	          1.94	7.60	
600054	黄山旅游	0.45	99497072	0.06	13.35	13.36	74048	15	-0.06	          1.44	13.29	
002011	盾安环境	1.14	99356752	0.08	7.10	7.11	139947	1248	-0.13	          1.67	7.03	
002603	以岭药业	1.36	98985160	0.20	14.94	14.95	66113	342	0.13	          0.73	14.99	
002639	雪人股份	2.31	98587152	0.18	7.96	7.97	124378	1391	-0.12	          2.84	7.75	
06823	香港电讯－ＳＳ	0.20	98326992	0.020	--  	--  	10004556	13000	0.00	          0.13	9.890	
002489	浙江永强	1.97	97771168	0.09	4.66	4.67	210457	3439	0.22	          1.12	4.56	
002505	大康农业	1.54	97661792	0.04	2.63	2.64	370939	4829	0.00	          0.68	2.59	
300492	山鼎设计	1.43	97522312	0.52	36.99	37.00	26809	427	0.19	         10.85	36.59	
600339	中油工程	1.33	96868376	0.06	4.56	4.57	213461	200	0.22	          1.38	4.51	
002759	天际股份	3.43	96788704	0.48	14.46	14.47	67385	1261	0.14	          5.74	14.05	
000700	模塑科技	3.86	94982616	0.20	5.37	5.38	177685	1325	-0.54	          2.55	5.18	
000815	美利云	0.52	94973560	0.07	13.53	13.54	70432	569	0.07	          2.22	13.46	
601008	连云港	3.14	94963736	0.14	4.59	4.60	207342	89	-0.21	          2.04	4.46	
601038	一拖股份	0.41	93963736	0.03	7.28	7.29	126486	18	-0.40	          2.13	7.30	
00868	信义玻璃	1.26	93928656	0.160	12.840	12.880	7334362	468000	0.31	          0.18	12.820	
000791	甘肃电投	1.80	93858376	0.13	7.34	7.35	127937	2610	0.14	          1.32	7.22	
300096	易联众	0.08	93794600	0.01	12.31	12.32	75813	1240	-0.07	          1.97	12.33	
300143	星普医科	1.61	93667168	0.40	25.25	25.26	36863	202	-0.15	          2.68	25.00	
002155	湖南黄金	0.11	93477024	0.01	8.74	8.75	106837	1943	0.34	          1.00	8.72	
000407	胜利股份	4.36	93122744	0.27	6.46	6.47	143382	1354	-0.30	          1.94	6.22	
601717	郑煤机	0.30	93068128	0.02	6.75	6.76	137372	59	0.00	          1.00	6.72	
603816	顾家家居	0.45	92969800	0.29	64.59	64.65	14418	1	0.45	          1.62	64.49	
01515	华润凤凰医疗	1.12	92794208	0.110	9.920	9.940	9344000	168000	0.61	          0.72	9.780	
002733	雄韬股份	1.23	92201792	0.18	14.86	14.87	62133	1618	-0.19	          1.99	14.60	
00817	中国金茂	1.91	91828112	0.090	4.780	4.800	19348118	1418000	0.63	          0.17	4.720	
002503	搜于特	2.12	91534384	0.12	5.78	5.79	157373	4567	-0.33	          0.78	5.70	
002741	光华科技	2.98	91399936	0.50	17.25	17.26	53217	466	0.12	          1.72	16.56	
002618	丹邦科技	2.53	91042456	0.28	11.32	11.33	79368	513	-0.08	          1.45	11.08	
00696	中国民航信息网络	4.94	90971112	1.250	26.500	26.550	3512824	189000	0.38	          0.38	25.750	
00020	会德丰	1.59	90823712	0.950	60.750	60.800	1498199	225000	0.16	          0.07	61.000	
300507	苏奥传感	1.35	90814848	0.37	27.69	27.70	33013	388	0.58	          5.60	27.04	
600939	重庆建工	2.08	90304288	0.14	6.88	6.89	129740	3	-0.14	          3.17	6.71	
300379	东方通	0.38	90284088	0.05	13.23	13.24	67917	731	0.23	          3.42	13.10	
000062	深圳华强	2.03	90173816	0.43	21.61	21.62	41548	305	0.14	          0.62	21.23	
00570	中国中药	0.56	88600744	0.030	5.410	5.420	16488000	304000	0.74	          0.37	5.390	
002706	良信电器	2.90	88585608	0.31	10.99	11.00	80685	1204	-0.44	          2.20	10.66	
600595	中孚实业	0.89	88541624	0.04	4.51	4.52	195769	4	0.22	          1.12	4.45	
300025	华星创业	0.55	87247088	0.03	5.50	5.51	156682	2040	-0.53	          4.62	5.48	
002891	中宠股份	3.23	87180496	1.15	36.80	36.82	23947	285	0.27	          9.58	35.42	
300342	天银机电	1.47	86967152	0.21	14.49	14.50	60688	795	0.21	          1.53	14.20	
00656	复星国际	0.47	86741328	0.080	17.100	17.120	5080968	908500	0.35	          0.06	17.100	
002751	易尚展示	1.36	86621008	0.49	36.57	36.60	23510	438	-0.48	          3.07	36.49	
300631	久吾高科	5.79	86575544	1.44	26.30	26.31	32388	257	0.08	         12.57	24.92	
000890	法 尔 胜	10.08	86565000	0.65	7.10	--  	125429	472	0.00	          3.30	6.45	
300331	苏大维格	0.36	86365808	0.06	16.85	16.86	50832	585	0.06	          3.89	16.80	
002086	东方海洋	0.58	85934088	0.06	10.47	10.48	82153	1120	0.00	          1.73	10.41	
002762	金发拉比	4.59	85512464	0.71	16.16	16.17	52848	1303	-0.30	          7.60	15.32	
600261	阳光照明	2.04	85313608	0.10	4.97	4.98	172345	6	0.40	          1.19	4.89	
600307	酒钢宏兴	0.38	85232352	0.01	2.66	2.67	319336	306	0.38	          0.51	2.66	
600476	湘邮科技	5.51	84670808	0.81	15.50	15.51	55435	22	0.52	          3.44	14.68	
00522	ASM PACIFIC	0.42	84451688	0.500	120.000	120.500	702935	113500	0.33	          0.17	121.000	
600500	中化国际	0.39	83917688	0.03	7.81	7.82	107072	118	-0.12	          0.51	7.75	
002189	利达光电	9.98	83181944	1.62	17.85	--  	46873	85	0.00	          2.36	17.59	
002087	新野纺织	1.63	82804656	0.09	5.60	5.61	147764	1160	0.18	          1.81	5.49	
300351	永贵电器	2.16	81840672	0.29	13.70	13.71	59259	485	0.22	          2.49	13.42	
600838	上海九百	0.89	81260208	0.08	9.01	9.02	89895	18	0.67	          2.24	8.92	
02343	太平洋航运	4.11	80892440	0.090	2.270	2.280	35520636	491000	-0.44	          0.80	2.230	
603883	老百姓	1.51	80880952	1.02	68.46	68.48	11834	1	0.01	          1.41	67.10	
603085	天成自控	4.33	80823424	1.22	29.50	29.57	28004	183	-0.13	          3.55	28.21	
600975	新五丰	0.19	80648192	0.01	5.36	5.37	146285	40	0.00	          3.12	5.61	
300452	山河药辅	1.75	80599976	0.40	23.28	23.30	33879	125	-0.03	          8.03	24.21	
603818	曲美家居	5.18	80296400	0.69	13.98	14.00	58141	62	0.07	          4.42	13.30	
00267	中信股份	1.38	79509592	0.160	11.700	11.720	6802085	1479000	0.17	          0.02	11.600	
600681	百川能源	3.73	78813824	0.46	12.77	12.78	61836	24	-0.07	          1.89	12.36	
300529	健帆生物	0.06	78767176	0.02	33.21	33.22	23501	130	0.00	          2.22	33.36	
002531	天顺风能	0.29	78196792	0.02	7.03	7.04	110065	702	-0.41	          0.62	7.14	
300370	安控科技	1.50	78050328	0.06	4.05	4.06	192252	3693	0.00	          2.87	4.00	
600351	亚宝药业	1.45	77968224	0.11	7.67	7.68	101297	100	0.26	          1.46	7.54	
600654	*ST中安	2.08	77310656	0.07	3.43	3.44	224866	20	-0.28	          2.98	3.37	
600251	冠农股份	0.27	77145968	0.02	7.38	7.39	103653	38	0.00	          1.32	7.37	
300193	佳士科技	0.64	76819856	0.05	7.85	7.86	97006	827	-0.24	          2.13	7.78	
600367	红星发展	0.55	76493584	0.06	10.88	10.89	69871	4	-0.08	          2.40	10.89	
002117	东港股份	0.35	76461968	0.06	17.31	17.32	44271	390	0.06	          1.22	17.21	
000585	东北电气	3.65	75755720	0.13	3.69	3.70	207962	3820	0.00	          3.41	3.52	
600626	申达股份	2.83	75755376	0.19	6.93	6.94	110347	50	0.73	          1.55	6.72	
00958	华能新能源	1.49	75662224	0.040	2.720	2.730	27847868	716000	0.74	          0.55	2.690	
600959	江苏有线	0.65	75653168	0.05	7.81	7.82	97337	725	0.00	          0.70	7.73	
300440	运达科技	0.96	74953704	0.09	9.41	9.42	79554	523	0.00	          3.93	9.30	
603096	新经典	3.61	74778968	2.72	78.00	78.02	9614	54	-0.02	          2.88	75.01	
00059	天誉置业	4.32	74001440	0.240	--  	--  	12803920	6000	0.35	          0.49	5.620	
600694	大商股份	1.09	73896544	0.39	36.21	36.22	20487	10	0.03	          0.70	35.81	
603535	嘉诚国际	0.63	73853432	0.15	23.99	24.00	30635	44	0.17	          8.15	24.18	
603987	康德莱	2.31	73768216	0.27	11.93	11.94	61597	14	0.00	          3.24	11.62	
002277	友阿股份	1.58	73727216	0.08	5.14	5.15	144695	1186	0.19	          1.02	5.05	
300350	华鹏飞	1.18	73397856	0.09	7.73	7.74	94578	1851	0.26	          4.02	7.60	
000718	苏宁环球	0.69	72155520	0.03	4.37	4.38	164825	4661	0.23	          0.72	4.33	
600469	风神股份	3.61	72107800	0.19	5.44	5.45	132127	19	0.18	          2.35	5.28	
06038	信越控股	15.00	71687704	0.060	--  	--  	153520000	80000	0.00	         15.35	0.400	
002284	亚太股份	0.37	71529152	0.03	8.05	8.06	88839	905	0.00	          1.30	8.05	
600112	*ST天成	2.96	71386872	0.14	4.87	4.88	147682	157	-0.40	          2.90	4.73	
002052	同洲电子	0.61	71007056	0.03	4.92	4.93	144139	1666	-0.19	          2.31	4.89	
300580	贝斯特	0.15	70999504	0.03	20.61	20.62	34007	198	-0.18	          5.14	20.61	
600576	祥源文化	0.74	70945208	0.05	6.82	6.83	103035	10	-0.28	          2.15	6.75	
002480	新筑股份	0.73	70593600	0.05	6.87	6.88	102466	946	-0.28	          1.60	6.80	
603118	共进股份	0.13	70569992	0.01	7.95	7.96	88470	199	0.13	          1.14	7.88	
00323	马鞍山钢铁股份	1.32	70321712	0.050	3.820	3.830	18397824	374000	0.00	          1.06	3.780	
002242	九阳股份	0.68	70209704	0.12	17.66	17.67	39606	295	0.11	          0.52	17.53	
002771	真视通	1.20	70087088	0.20	16.88	16.89	41459	557	0.24	          5.81	16.60	
00365	紫光控股	11.71	70060960	0.480	--  	--  	15228252	10000	1.10	          1.05	4.110	
300174	元力股份	7.63	70042056	2.23	31.45	31.47	22684	240	-0.02	          1.03	29.24	
300279	和晶科技	1.55	70009008	0.20	13.07	13.08	54260	1691	0.85	          1.86	12.90	
000582	北部湾港	1.74	69804552	0.16	9.33	9.34	74994	1642	0.11	          2.85	9.17	
002546	新联电子	1.27	69712976	0.06	4.77	4.78	145125	1542	0.42	          1.86	4.73	
000669	金鸿控股	1.47	69672232	0.18	12.45	12.46	55872	756	-0.07	          1.17	12.27	
000628	高新发展	4.91	69562736	0.41	8.76	8.77	79833	1322	-0.56	          4.25	8.35	
07288	ＦＬ二南方国指	0.72	68942936	0.080	--  	--  	6158400	6000	0.36	--  	11.100	
00316	东方海外国际	0.27	68601952	0.200	72.950	73.000	938967	35000	-0.07	          0.15	72.800	
000546	金圆股份	2.47	68483376	0.38	15.76	15.77	43609	222	0.00	          0.77	15.38	
002707	众信旅游	0.53	68452672	0.07	13.39	13.40	50884	403	-0.14	          1.08	13.25	
603133	碳元科技	0.21	68186432	0.06	28.67	28.68	23731	10	0.60	          4.56	28.40	
600358	国旅联合	1.23	68175008	0.08	6.59	6.60	103815	5	0.15	          2.40	6.47	
01313	华润水泥控股	0.65	68012856	0.040	6.220	6.230	10916383	620000	0.32	          0.17	6.200	
300566	激智科技	1.17	67786200	0.35	30.33	30.34	22377	348	-0.12	          3.08	29.98	
00023	东亚银行	1.04	67688608	0.350	34.050	34.150	1987045	300200	0.29	          0.07	33.650	
603039	泛微网络	1.49	67493128	1.22	83.17	83.24	8018	5	-0.15	          2.97	82.28	
03900	绿城中国	2.40	66719192	0.300	12.780	12.800	5236500	95500	0.47	          0.24	12.520	
601777	力帆股份	0.62	65963824	0.04	6.51	6.52	101388	10	0.31	          0.82	6.46	
002099	海翔药业	0.35	65863004	0.02	5.74	5.75	114305	1236	-0.16	          0.72	5.72	
08011	百田石油	160.0	65313952	0.240	--  	--  	176100352	100000	0.00	          5.99	0.162	
300486	东杰智能	2.05	64544628	0.40	19.95	19.97	31761	310	0.10	          3.77	19.70	
002819	东方中科	1.45	64411856	0.41	28.61	28.62	22288	266	-0.13	          5.04	27.91	
01999	敏华控股	1.45	63249856	0.110	7.720	7.730	8228079	80000	-0.39	          0.21	7.680	
06818	中国光大银行	1.26	63215912	0.050	4.020	4.030	15616622	381000	0.00	          0.12	3.970	
300616	尚品宅配	0.79	62572904	1.55	197.39	197.40	3185	11	-0.04	          0.86	195.85	
000620	新华联	3.27	62252856	0.20	6.31	6.32	98752	1137	-0.31	          0.54	6.10	
01828	大昌行集团	5.01	62034704	0.200	4.180	4.190	15082185	196000	0.48	          0.82	3.990	
300151	昌红科技	1.09	61945240	0.08	7.39	7.40	85520	2290	0.96	          2.98	7.27	
00241	阿里健康	1.23	61630792	0.050	4.100	4.110	14953864	732000	0.00	          0.15	4.090	
000061	农 产 品	2.72	61377912	0.19	7.17	7.18	85815	794	0.28	          0.51	6.99	
000731	四川美丰	0.13	61178164	0.01	7.72	7.73	79428	1167	0.13	          1.34	7.68	
000004	国农科技	7.59	61116024	1.65	23.38	23.40	27124	500	0.34	          3.27	21.68	
06886	HTSC	0.24	61114856	0.040	16.560	16.580	3700056	505600	0.36	          0.22	16.600	
002441	众业达	3.18	60967356	0.30	9.74	9.75	63831	3723	0.21	          1.63	9.41	
002296	辉煌科技	0.87	60697896	0.06	6.92	6.93	86747	1656	0.00	          2.74	6.88	
601106	*ST一重	1.09	60488156	0.04	3.71	3.72	162111	30	0.27	          0.25	3.68	
600687	刚泰控股	1.46	60168008	0.16	11.10	11.13	54285	70	0.27	          0.50	10.97	
000952	广济药业	3.11	59924192	0.42	13.91	13.92	43027	321	-0.06	          1.71	13.53	
03301	融信中国	5.22	59859908	0.640	12.860	12.900	4652693	18000	0.31	          0.31	12.300	
002557	洽洽食品	1.92	59698132	0.30	15.90	15.91	37569	45	-0.05	          0.74	15.63	
000927	一汽夏利	1.64	59635648	0.07	4.33	4.34	136798	1784	-0.22	          0.86	4.26	
300329	海伦钢琴	1.66	59013176	0.14	8.57	8.58	67874	660	-0.11	          2.71	8.40	
603008	喜临门	0.99	58548476	0.17	17.41	17.42	33517	13	0.06	          1.06	17.30	
000656	金科股份	0.19	58110212	0.01	5.27	5.28	110549	3170	0.38	          0.21	5.26	
002132	恒星科技	0.25	58020288	0.01	4.09	4.10	141981	3444	0.49	          1.38	4.07	
300189	神农基因	2.51	57968164	0.09	3.67	3.68	159226	12347	0.82	          1.81	3.58	
002825	纳尔股份	1.78	57911188	0.40	22.84	22.85	25434	450	-0.08	          8.70	22.40	
002780	三夫户外	2.63	57671624	0.49	19.10	19.11	30500	538	0.68	          4.71	18.85	
002338	奥普光电	0.95	57542664	0.12	12.69	12.70	45011	552	-0.07	          1.88	12.55	
00574	百信国际	23.26	56903132	0.100	--  	--  	116358000	30000	0.00	         10.93	0.430	
603801	志邦股份	3.30	56901632	2.17	68.01	68.03	8438	10	0.25	          2.11	65.83	
300449	汉邦高科	1.02	56836712	0.20	19.82	19.85	28853	673	0.15	          3.15	19.51	
300690	双一科技	0.93	56739968	0.50	54.30	54.33	10348	101	0.00	          5.97	53.48	
002066	瑞泰科技	2.35	56661460	0.21	9.15	9.16	61303	1601	-0.10	          2.65	8.97	
603859	能科股份	4.22	56533640	0.81	19.98	19.99	28645	17	0.10	          5.74	19.02	
000662	天夏智慧	0.15	56471572	0.02	13.44	13.45	42066	920	0.07	          1.46	13.43	
002200	云投生态	3.67	56023780	0.36	10.18	10.19	54942	839	-0.19	          3.90	9.84	
300084	海默科技	1.23	55942680	0.08	6.58	6.59	84768	1120	0.00	          2.73	6.50	
600227	赤天化	0.18	55881000	0.01	5.71	5.72	97471	4	-0.16	          0.78	5.75	
01212	利福国际	0.49	55757128	0.060	12.360	12.380	4531826	43000	0.49	          0.28	12.300	
300319	麦捷科技	0.85	55402240	0.06	7.16	7.17	77512	2293	-0.27	          1.64	7.04	
600851	海欣股份	0.87	55256168	0.10	11.59	11.61	47487	2	0.09	          0.64	11.48	
600017	日照港	0.26	55069416	0.01	3.84	3.85	143362	122	0.26	          0.47	3.83	
600841	上柴股份	3.15	54989956	0.39	12.76	12.77	43659	2	0.08	          0.84	12.35	
03800	保利协鑫能源	1.64	54840124	0.020	1.230	1.240	44522936	2028000	0.00	          0.24	1.220	
000889	茂业通信	0.66	54595508	0.09	13.81	13.82	39182	288	0.07	          0.63	13.79	
000995	皇台酒业	3.14	54057656	0.28	9.19	9.20	58961	1689	0.00	          3.32	8.97	
00659	新创建集团	0.26	54054260	0.040	15.520	15.540	3486428	912000	0.13	          0.09	15.400	
002783	凯龙股份	0.38	53966232	0.07	18.67	18.68	28941	524	0.00	          2.70	18.48	
601566	九牧王	0.13	53489288	0.02	15.40	15.42	34787	4	0.26	          0.61	15.38	
000597	东北制药	0.67	53365168	0.07	10.47	10.48	51003	294	-0.09	          1.08	10.41	
000070	特发信息	1.06	52993400	0.10	9.50	9.55	55551	1034	0.53	          1.03	9.41	
600738	兰州民百	2.76	52881728	0.24	8.94	8.96	59226	100	-0.21	          1.61	8.76	
000811	冰轮环境	1.05	52551140	0.08	7.72	7.73	67449	334	-0.12	          1.12	7.72	
600096	云天化	0.28	52455880	0.02	7.06	7.07	73814	8	0.14	          0.66	7.04	
603738	泰晶科技	4.56	52240036	1.16	26.58	26.59	19930	21	0.34	          4.75	25.20	
000913	钱江摩托	0.45	52126324	0.08	17.87	17.88	29146	394	-0.10	          0.64	17.79	
600766	园城黄金	3.01	51892012	0.26	8.90	8.91	58680	12	0.34	          2.62	8.68	
601608	中信重工	0.54	51635088	0.02	3.69	3.70	139619	2	0.00	          0.32	3.68	
000667	美好置业	0.33	51498980	0.01	3.06	3.07	167386	1373	-0.31	          0.66	3.07	
600039	四川路桥	0.26	51198676	0.01	3.91	3.92	130382	83	0.00	          0.43	3.93	
601969	海南矿业	0.77	51097872	0.06	7.81	7.82	65535	26	0.51	          0.34	7.73	
002344	海宁皮城	0.15	50841280	0.01	6.55	6.56	77726	1499	0.15	          0.61	6.53	
002109	兴化股份	0.14	50784012	0.01	6.96	6.97	72454	669	-0.13	          3.45	6.98	
02768	佳源国际控股	3.51	50678004	0.330	9.730	9.740	5230000	42000	-0.41	          0.21	9.450	
600193	创兴资源	1.84	50521688	0.09	4.96	4.97	103240	103	0.81	          2.43	4.87	
001896	豫能控股	2.47	50259688	0.13	5.39	5.40	94701	7033	0.56	          1.11	5.27	
603688	石英股份	2.32	50240064	0.34	15.01	15.02	33619	40	-0.06	          1.00	14.58	
601366	利群股份	9.96	50150160	1.07	11.81	--  	42464	37	0.00	          2.41	11.81	
000530	大冷股份	10.02	50112416	0.57	6.26	--  	80052	505	0.00	          1.35	6.26	
01628	禹洲地产	1.16	50109256	0.060	5.230	5.250	9524000	281000	0.00	          0.23	5.250	
00754	合生创展集团	7.20	50107784	0.630	9.370	9.380	5428000	112000	0.64	          0.24	8.750	
002499	科林环保	1.39	50023888	0.27	19.70	19.71	25427	563	0.05	          1.56	19.37	
002865	钧达股份	1.45	49997608	0.27	18.84	18.85	26710	638	0.00	          8.90	18.50	
600526	菲达环保	0.11	49796304	0.01	9.06	9.07	54706	2	0.11	          1.34	8.99	
603861	白云电器	2.95	49679380	0.44	15.34	15.35	32300	2	0.52	          2.67	14.84	
002375	亚厦股份	0.14	49578712	0.01	7.00	7.01	70508	325	0.00	          0.60	6.98	
000862	银星能源	3.21	49456220	0.13	4.17	4.18	119170	1848	0.24	          2.38	4.05	
300099	精准信息	10.00	49444460	0.68	7.48	--  	66102	414	0.00	          1.69	7.48	
000631	顺发恒业	0.71	49029988	0.03	4.22	4.23	116182	1893	0.00	          0.48	4.20	
000990	诚志股份	0.12	48957768	0.02	16.85	16.90	28938	513	-0.34	          0.75	16.88	
600278	东方创业	1.46	48765876	0.16	11.10	11.11	44018	12	0.09	          0.84	10.95	
002875	安奈儿	0.75	48744596	0.18	24.15	24.16	20059	223	-0.11	          8.02	23.98	
603601	再升科技	1.97	48231696	0.28	14.52	14.53	33518	3	0.07	          0.87	14.24	
00272	瑞安房地产	2.23	48205612	0.050	2.280	2.290	21218668	1223000	0.44	          0.26	2.240	
600896	览海投资	4.88	47697856	0.30	6.44	6.45	75107	1	0.31	          1.30	6.14	
600151	航天机电	0.33	47461908	0.02	6.05	6.06	78727	103	0.33	          0.57	6.07	
300210	森远股份	4.01	47199396	0.22	5.70	5.71	84341	6586	0.18	          2.40	5.47	
603517	绝味食品	0.13	47171588	0.05	39.05	39.08	12021	1	0.00	          2.40	38.98	
002374	丽鹏股份	1.72	46798724	0.08	4.71	4.72	99364	658	0.00	          1.37	4.65	
002453	天马精化	2.05	46793120	0.15	7.47	7.48	63097	864	0.00	          1.17	7.28	
603996	中新科技	1.53	46696168	0.26	17.27	17.28	27044	19	0.00	          2.62	17.03	
300300	汉鼎宇佑	10.01	46469916	1.98	21.77	--  	21346	108	0.00	          0.78	21.77	
002169	智光电气	1.01	46404068	0.05	5.01	5.02	92175	646	-0.19	          1.40	4.95	
02799	中国华融	0.55	46152560	0.020	3.640	3.650	12675533	1528000	0.27	          0.05	3.620	
01302	先健科技	2.86	45802404	0.060	2.150	2.160	21446000	326000	0.47	          0.50	2.100	
603611	诺力股份	3.91	45732308	0.82	21.82	21.85	21133	10	0.55	          1.32	21.38	
300572	安车检测	1.31	45710824	0.97	74.70	75.17	6101	26	-0.11	          1.98	74.00	
600889	南京化纤	3.00	45307620	0.22	7.57	7.59	61263	12	1.34	          2.00	7.30	
02888	渣打集团	0.06	44543500	0.050	85.000	85.300	522449	50	0.06	          0.02	85.000	
00207	大悦城地产	5.19	44262992	0.070	1.410	1.420	31827000	62000	0.71	          0.22	1.360	
600962	国投中鲁	9.98	44164068	0.87	9.59	--  	46294	10	0.00	          1.82	9.48	
600697	欧亚集团	0.85	44161680	0.21	25.00	25.04	17605	6	0.16	          1.13	24.85	
02877	神威药业	0.16	43748116	0.020	12.240	12.300	3567582	106000	0.33	          0.43	11.760	
600463	空港股份	1.61	43602976	0.18	11.34	11.35	38839	54	-0.17	          1.29	11.18	
600064	南京高科	0.29	43324292	0.04	13.86	13.87	31344	20	0.07	          0.41	13.84	
000040	东旭蓝天	0.64	43272756	0.08	12.57	12.58	34388	187	0.16	          0.32	12.51	
300399	京天利	1.60	43271308	0.28	17.76	17.78	24064	308	0.17	          3.30	17.59	
600058	五矿发展	0.73	43262052	0.08	10.99	11.00	39496	10	-0.08	          0.37	10.85	
000639	西王食品	1.27	43193196	0.21	16.80	16.81	25542	99	-0.11	          0.68	16.60	
00535	金地商置	0.99	43192444	0.010	1.010	1.020	41974000	16000	0.99	          0.26	1.020	
603628	清源股份	1.07	43168756	0.13	12.22	12.23	35473	2	0.66	          3.99	12.20	
600821	津劝业	1.91	43017564	0.12	6.41	6.42	65919	30	0.00	          1.58	6.30	
300313	天山生物	0.58	42971764	0.06	10.46	10.47	40405	579	0.10	          2.22	10.37	
03618	重庆农村商业银行	0.90	42968652	0.060	6.690	6.700	6387777	1142000	0.15	          0.25	6.660	
603729	龙韵股份	0.20	42926384	0.10	49.25	49.29	8782	5	0.08	          2.43	49.15	
600408	安泰集团	1.56	42722768	0.04	2.60	2.61	164675	50	0.00	          1.64	2.56	
300430	诚益通	1.76	42614592	0.36	20.79	20.80	20488	138	0.43	          3.10	20.43	
01168	百仕达控股	2.63	42271372	0.030	--  	--  	36088700	30000	0.86	          1.02	1.130	
000655	金岭矿业	1.28	42091456	0.07	5.55	5.56	76473	1366	0.18	          1.28	5.47	
000819	岳阳兴长	1.20	41972928	0.12	10.14	10.15	40944	407	0.10	          1.51	10.04	
002752	N兴股份	2.31	41971332	0.20	8.84	8.85	47584	540	0.34	          2.91	8.67	
002193	如意集团	2.80	41896544	0.46	16.89	16.90	25191	2375	0.00	          1.09	16.43	
600653	申华控股	0.41	41409004	0.01	2.42	2.43	172047	2	0.00	          0.99	2.40	
03606	福耀玻璃	1.52	41192060	0.500	33.250	33.300	1248700	110400	0.76	          0.25	32.900	
300062	中能电气	0.63	41029684	0.04	6.36	6.37	64887	1384	0.16	          3.43	6.32	
600592	龙溪股份	0.11	41008432	0.01	8.96	8.97	45650	50	-0.10	          1.14	8.97	
603701	德宏股份	0.79	40998536	0.14	17.80	17.82	22692	2	0.11	          3.88	18.14	
002734	利民股份	0.25	40976328	0.06	24.52	24.53	16734	514	0.00	          1.37	24.48	
01778	彩生活	9.04	40831920	0.480	5.770	5.790	7267000	86000	0.52	          0.55	5.290	
002406	远东传动	0.14	40691292	0.01	7.14	7.15	56396	487	-0.13	          1.44	7.10	
002399	海普瑞	2.13	40123164	0.37	17.77	17.78	22707	827	0.00	          0.18	17.42	
000544	中原环保	0.07	39853644	0.01	14.34	14.35	27663	473	0.21	          0.80	14.44	
600152	维科精华	2.25	39755512	0.15	6.82	6.84	58249	5	-0.28	          1.98	6.62	
603326	我乐家居	1.88	39681396	0.35	18.97	18.98	21051	19	0.00	          5.26	18.50	
002164	宁波东力	0.72	39555844	0.06	8.35	8.36	46747	368	-0.23	          1.13	8.30	
600249	两面针	0.69	39499912	0.04	5.85	5.86	67842	6445	0.34	          1.23	5.77	
002616	长青集团	0.24	39146700	0.02	8.36	8.37	46092	736	0.00	          1.00	8.34	
01061	亿胜生物科技	7.05	39108252	0.530	--  	--  	4904000	14000	-0.37	          0.87	7.720	
601588	北辰实业	0.21	38936636	0.01	4.68	4.69	82949	338	0.00	          0.31	4.67	
002231	奥维通信	0.57	38516724	0.05	8.79	8.80	43674	302	0.00	          1.51	8.76	
02868	首创置业	2.68	37748320	0.140	--  	--  	7084000	214000	0.00	          0.69	5.230	
000409	山东地矿	2.64	37733332	0.15	5.83	5.84	65366	2084	0.52	          1.65	5.71	
000785	武汉中商	1.89	37717344	0.18	9.70	9.71	39216	453	-0.09	          1.56	9.52	
002761	多喜爱	1.29	37456012	0.48	37.60	37.61	10030	85	0.19	          1.79	36.99	
603958	哈森股份	0.17	37407928	0.02	11.84	11.85	31474	68	-0.16	          4.77	11.82	
00576	浙江沪杭甬	0.23	37358704	0.020	8.690	8.700	4312609	852000	-0.11	          0.30	8.660	
300385	雪浪环境	1.79	37345052	0.41	23.33	23.34	15980	270	0.04	          2.51	23.03	
002324	普利特	2.80	37331240	0.65	23.84	23.85	15783	123	0.00	          0.99	23.30	
02669	中海物业	0.74	37317284	0.020	2.710	2.730	13727331	50000	0.00	          0.42	2.690	
01478	丘钛科技	1.60	37032500	0.180	11.400	11.420	3247000	31000	0.18	          0.29	11.240	
600149	*ST坊展	0.34	36492164	0.03	8.80	8.82	41398	66	0.23	          1.09	8.72	
002679	福建金森	0.97	36491172	0.21	21.85	21.88	16626	388	-0.45	          1.20	21.64	
600844	丹化科技	0.16	36132236	0.01	6.24	6.25	58467	18	0.16	          0.71	6.19	
300517	海波重科	1.26	35856352	0.22	17.65	17.66	20334	207	-0.16	          4.96	17.45	
300414	中光防雷	0.56	35612720	0.11	19.63	19.64	17963	185	0.05	          2.15	19.58	
600321	正源股份	1.68	35321652	0.06	3.62	3.63	97971	198	-0.54	          0.83	3.56	
300499	高澜股份	3.51	34990968	0.61	17.96	17.97	19404	121	0.06	          2.90	17.48	
002291	星期六	0.90	34829152	0.06	6.70	6.71	52342	902	0.00	          1.44	6.65	
600218	全柴动力	0.31	34527840	0.02	6.52	6.53	52795	20	-0.30	          1.43	6.49	
06182	乙德投资控股	3.23	34521880	0.020	--  	--  	54148000	8000	1.59	          6.77	0.620	
601058	赛轮金宇	0.62	34375288	0.02	3.26	3.27	105360	5	0.31	          0.46	3.25	
01777	花样年控股	5.71	34302016	0.080	1.470	1.480	23417500	270000	0.00	          0.41	1.400	
02098	卓尔集团	0.45	34264832	0.040	8.880	8.930	3851000	1000	0.34	          0.03	8.890	
00338	上海石油化工股份	0.86	33765120	0.040	4.690	4.700	7221028	826000	0.21	          0.21	4.660	
603339	四方冷链	0.98	33197484	0.22	22.66	22.69	14622	7	0.00	          2.57	22.47	
600106	重庆路桥	0.24	33056924	0.01	4.18	4.19	79162	30	0.24	          0.79	4.16	
300402	宝色股份	1.18	33030240	0.13	11.16	11.17	29575	191	0.27	          3.43	10.95	
300106	西部牧业	1.31	32529206	0.09	6.95	6.96	46561	646	-0.13	          2.21	6.84	
603345	安井食品	0.08	32307608	0.02	26.00	26.01	12405	10	-0.11	          1.01	25.80	
600517	置信电气	0.37	32114972	0.02	5.45	5.46	59272	74	0.37	          0.48	5.40	
600375	华菱星马	0.39	31645556	0.02	5.09	5.10	62046	27	-0.19	          1.12	5.08	
002088	鲁阳节能	0.29	31618150	0.04	13.61	13.62	23370	694	-0.06	          1.12	13.58	
03360	远东宏信	1.28	31553668	0.100	7.890	7.900	3997404	587000	0.00	          0.10	7.810	
002786	银宝山新	2.86	31095848	0.24	8.61	8.62	36754	3087	1.17	          2.66	8.34	
002526	山东矿机	1.01	30859576	0.06	5.99	6.00	51581	1360	0.00	          1.12	5.88	
600730	中国高科	0.16	30132488	0.01	6.20	6.21	48223	8	0.00	          0.82	6.21	
002360	同德化工	0.91	30089070	0.06	6.64	6.65	45286	693	0.15	          1.58	6.57	
600178	东安动力	1.69	29814216	0.10	6.02	6.03	49520	10	0.50	          1.07	5.92	
000595	*ST宝实	2.47	29452882	0.11	4.55	4.56	64697	664	0.22	          0.87	4.45	
002637	赞宇科技	0.65	29232958	0.06	9.35	9.36	31431	1027	0.11	          1.31	9.30	
002495	佳隆股份	1.73	29150854	0.06	3.53	3.54	82881	375	0.00	          1.27	3.47	
01690	立基工程控股	12.82	29050702	0.050	--  	--  	68760000	300000	2.33	          5.37	0.390	
600077	宋都股份	1.37	29026790	0.05	3.71	3.72	78315	9	0.00	          0.58	3.63	
300611	美力科技	0.56	28901714	0.07	12.49	12.50	22881	518	0.08	          3.38	12.35	
002810	山东赫达	2.28	28722516	0.51	22.92	22.93	12626	701	0.35	          2.47	22.40	
300515	三德科技	0.92	28625976	0.10	10.92	10.93	26181	637	0.00	          2.87	10.84	
002598	山东章鼓	3.24	28438318	0.28	8.92	8.93	32453	1232	1.48	          1.22	8.66	
03320	华润医药	1.34	28280300	0.140	10.580	10.600	2673152	437500	0.00	          0.04	10.520	
300023	宝德股份	1.15	28238536	0.11	9.69	9.70	29234	927	0.21	          2.23	9.55	
300264	佳创视讯	0.62	28174500	0.04	6.53	6.54	43206	1275	0.15	          1.36	6.50	
600397	安源煤业	1.35	27945528	0.04	3.01	3.02	93248	50	0.00	          0.94	2.97	
03339	中国龙工	0.59	27700272	0.020	3.390	3.400	8188736	512000	0.29	          0.19	3.370	
000922	*ST佳电	0.70	27581292	0.05	7.15	7.16	38491	528	0.28	          0.84	7.11	
300265	通光线缆	0.38	27467646	0.03	7.94	7.96	34212	630	-0.49	          1.02	8.00	
01528	红星美凯龙	1.36	27310098	0.130	9.660	9.680	2856900	38400	0.73	          0.27	9.550	
600337	美克家居	0.35	27150128	0.02	5.71	5.72	47270	10	0.18	          0.32	5.68	
603023	威帝股份	3.27	27092946	0.25	7.89	7.90	34249	6	0.00	          2.70	7.65	
07267	ＦＬ二华夏国指	0.49	26778460	0.060	--  	--  	2158200	30000	0.33	--  	12.260	
07230	ＦＬ二未来国指	0.52	26674218	0.060	--  	--  	2298500	3000	0.35	--  	11.500	
000691	亚太实业	2.48	26661968	0.15	6.19	6.20	43325	1436	0.16	          1.49	6.06	
000721	西安饮食	0.60	26307622	0.03	5.06	5.07	51824	523	-0.19	          1.19	5.03	
000502	绿景控股	1.08	26300932	0.10	9.36	9.37	28002	40	0.00	          1.53	9.24	
600665	天地源	0.47	26232024	0.02	4.30	4.31	61130	153	0.00	          0.71	4.29	
603227	雪峰科技	0.74	26221656	0.04	5.46	5.47	47943	20	0.37	          1.14	5.45	
02303	恒兴黄金	2.70	26131462	0.300	--  	--  	2316000	2000	0.88	          0.25	11.200	
08469	盛业资本	0.65	26073582	0.050	--  	--  	3408000	2000	0.00	          0.46	7.650	
600275	*ST昌鱼	0.99	26014870	0.05	5.08	5.10	51090	234	0.00	          1.00	5.05	
002571	*ST德力	1.02	25952882	0.08	7.93	7.94	32903	396	0.13	          1.30	7.86	
603069	海汽集团	0.36	25932900	0.04	11.05	11.08	23366	66	0.45	          1.34	10.91	
000678	襄阳轴承	0.15	25781572	0.01	6.70	6.71	38429	494	0.15	          0.90	6.70	
300513	恒泰实达	4.10	25770288	1.33	33.73	33.74	7750	442	0.06	          1.27	32.45	
00405	越秀房产信托基金	0.57	25651592	0.030	--  	--  	4871175	111000	0.19	--  	5.230	
002540	亚太科技	0.28	25585718	0.02	7.24	7.25	35318	603	0.00	          0.50	7.25	
600131	岷江水电	2.17	25487964	0.13	6.12	6.13	41899	35	0.16	          1.05	5.95	
002740	爱迪尔	0.75	25274852	0.06	8.09	8.10	31232	327	0.00	          2.05	8.01	
300092	科新机电	0.26	25061304	0.02	7.58	7.59	33257	470	-0.12	          1.99	7.55	
00777	网龙	1.64	25032260	0.350	21.600	21.650	1161553	28500	0.46	          0.22	21.150	
002708	光洋股份	0.86	24986308	0.05	5.87	5.88	42584	499	0.00	          1.77	5.78	
00950	李氏大药厂	0.31	24970202	0.040	--  	--  	1926500	47500	0.00	          0.33	13.200	
002170	芭田股份	1.94	24812086	0.11	5.79	5.80	43244	2289	0.35	          0.62	5.69	
603757	大元泵业	0.16	24667508	0.09	57.25	57.30	4299	17	0.21	          2.05	57.37	
300511	雪榕生物	0.94	24579590	0.22	23.68	23.69	10486	275	0.13	          1.05	23.47	
300254	仟源医药	0.32	24545324	0.03	9.45	9.46	25731	434	-0.10	          1.70	9.39	
600719	大连热电	2.75	24480092	0.15	5.58	5.60	43725	20	-0.52	          1.08	5.45	
01383	太阳城集团	3.49	24340952	0.030	--  	--  	27911000	10000	1.14	          0.46	0.860	
00081	中国海外宏洋集团	0.49	24087728	0.020	4.120	4.140	5841626	146000	0.24	          0.17	4.130	
01052	越秀交通基建	1.00	24081682	0.060	6.080	6.090	3964000	92000	0.00	          0.24	6.040	
00778	置富产业信托	0.75	23654672	0.070	--  	--  	2533000	346000	0.00	--  	9.330	
00755	上海证大	14.67	23567146	0.022	--  	--  	140530000	5000	0.00	          0.94	0.150	
000529	广弘控股	0.76	23555472	0.05	6.63	6.64	35669	1067	-0.29	          0.63	6.55	
01929	周大福	0.68	23502798	0.060	8.850	8.860	2664469	158800	0.00	          0.03	8.780	
600706	曲江文旅	0.55	23501204	0.10	18.20	18.21	12965	4	0.17	          0.73	18.02	
000993	闽东电力	0.14	23342512	0.01	7.40	7.41	31548	910	0.00	          0.85	7.37	
00604	深圳控股	0.29	23130910	0.010	3.390	3.400	6837872	770000	0.00	          0.08	3.380	
601579	会稽山	2.11	22998016	0.24	11.60	11.62	20033	521	0.52	          0.50	11.35	
002667	鞍重股份	0.72	22833580	0.10	13.97	13.98	16345	66	-0.06	          1.75	13.83	
300235	方直科技	0.09	22821210	0.01	11.45	11.46	19831	158	-0.08	          2.06	11.44	
300283	温州宏丰	0.19	22774066	0.01	5.18	5.19	43879	283	0.00	          2.11	5.17	
300042	朗科科技	0.12	22481600	0.03	25.80	25.83	8642	105	0.00	          0.77	25.95	
000720	新能泰山	0.46	22349022	0.02	4.36	4.37	50924	153	0.00	          0.59	4.35	
600992	贵绳股份	1.29	22258128	0.13	10.24	10.25	21930	73	0.29	          0.89	10.02	
300538	同益股份	0.43	22202982	0.15	34.87	34.88	6371	118	-0.02	          4.03	34.64	
002295	精艺股份	0.42	22202216	0.04	9.62	9.63	23041	320	0.31	          1.18	9.65	
601900	南方传媒	0.09	22178836	0.01	10.67	10.68	20709	4	-0.08	          1.18	10.75	
600192	长城电工	0.35	22149796	0.02	5.70	5.71	38932	7	0.18	          0.88	5.68	
601028	玉龙股份	0.87	22073938	0.07	8.09	8.10	27156	78	0.12	          0.35	8.00	
00451	协鑫新能源	1.96	21936922	0.010	0.510	0.520	42182000	1730000	1.96	          0.22	0.510	
01421	工盖有限公司	15.62	21806052	0.050	--  	--  	60825000	50000	0.00	          5.13	0.320	
00153	中国赛特	5.45	21756042	0.030	--  	--  	38386000	344000	0.00	          1.65	0.550	
603778	乾景园林	10.02	21442556	0.64	7.03	--  	30502	10	0.00	          1.35	7.03	
000159	国际实业	0.21	21343308	0.01	4.71	4.72	45299	307	0.00	          0.94	4.72	
002533	金杯电工	0.34	21168258	0.02	5.97	5.98	35529	652	0.00	          0.69	5.94	
002269	美邦服饰	1.01	20874114	0.03	3.00	3.01	69851	2626	0.00	          0.28	2.96	
600370	三房巷	0.31	20446812	0.01	3.25	3.26	62658	60	0.00	          0.79	3.24	
600543	莫高股份	0.11	20284806	0.01	9.06	9.07	22296	149	0.11	          0.69	9.07	
600833	第一医药	0.34	20228040	0.04	11.88	11.89	16975	3	0.08	          0.76	11.84	
002790	瑞尔特	9.99	20035980	2.46	27.09	--  	7396	10	0.00	          1.85	27.09	
00368	中外运航运	2.50	19798590	0.060	2.450	2.460	8167000	172000	0.41	          0.20	2.400	
600302	标准股份	2.31	19742288	0.13	5.76	5.77	34398	20	-0.16	          0.99	5.62	
00956	新天绿色能源	0.51	19608650	0.010	--  	--  	9926588	19000	1.03	          0.54	1.960	
603158	腾龙股份	2.06	19208268	0.38	18.80	18.81	10321	27	0.37	          1.00	18.38	
01124	沿海家园	2.63	19196440	0.010	--  	--  	48841000	4000	0.00	          1.17	0.385	
000948	南天信息	10.01	19181334	1.09	11.98	--  	16011	16	0.00	          0.65	11.98	
000611	天首发展	1.37	19115752	0.10	7.39	7.40	26050	724	0.14	          0.82	7.30	
600248	延长化建	0.93	19024038	0.05	5.43	5.44	34895	10	0.18	          0.57	5.37	
00173	嘉华国际	0.75	18944748	0.040	5.400	5.410	3512120	490000	0.00	          0.11	5.360	
01893	中材股份	0.90	18696044	0.060	--  	--  	2765020	5000	0.90	          0.24	6.710	
300169	天晟新材	0.32	18427404	0.02	6.30	6.31	29324	232	0.00	          1.14	6.24	
300321	同大股份	0.33	18407856	0.06	18.17	18.18	10120	113	-0.37	          1.22	18.10	
300525	博思软件	0.21	18232290	0.09	43.31	43.33	4205	114	-0.15	          1.00	43.24	
08040	ＤＣＢ控股	4.32	18125900	0.060	--  	--  	11730000	50000	1.40	          3.67	1.410	
002290	中科新材	0.17	18088596	0.02	11.50	11.51	15623	231	-0.08	          0.95	11.56	
300417	南华仪器	0.18	17993900	0.04	22.02	22.06	8171	46	-0.17	          2.85	22.00	
000565	渝三峡Ａ	0.31	17903038	0.02	6.54	6.55	27368	325	-0.29	          0.63	6.53	
002779	中坚科技	2.02	17561226	0.37	18.65	18.66	9459	182	0.05	          2.34	18.32	
03358	荣威国际	6.25	17462996	0.250	--  	--  	4153500	500	-0.23	          0.39	4.010	
300637	扬帆新材	0.05	17442978	0.01	19.55	19.57	8872	35	-0.04	          2.96	19.58	
300490	华自科技	10.00	17381480	1.24	13.64	--  	12743	21	0.00	          1.40	13.64	
603828	柯利达	1.99	17225388	0.17	8.72	8.73	19642	20	-0.56	          0.61	8.58	
600272	开开实业	0.21	17221450	0.02	9.55	9.56	17916	21	-0.20	          1.12	9.54	
600883	博闻科技	1.65	16958436	0.14	8.64	8.65	19816	39	0.58	          0.84	8.48	
600083	博信股份	0.05	16899064	0.01	19.65	19.66	8625	3	0.61	          0.38	19.64	
01665	槟杰科达	5.41	16789400	0.060	--  	--  	14340000	8000	-1.68	          0.90	1.100	
01003	欢喜传媒	5.49	16750153	0.100	--  	--  	8853698	10000	0.52	          0.32	1.840	
06158	正荣地产	3.80	16615191	0.180	--  	--  	3420000	7000	0.41	          0.08	4.760	
02298	都市丽人	5.94	16547192	0.230	4.080	4.100	4093619	21000	0.49	          0.19	3.970	
300445	康斯特	0.73	16223826	0.11	15.08	15.09	10701	186	-0.12	          2.63	14.79	
000416	民生控股	0.52	16155819	0.03	5.77	5.78	28001	343	0.00	          0.53	5.74	
600696	ST匹凸	1.05	16122210	0.06	5.76	5.77	27913	1	0.00	          0.82	5.75	
00196	宏华集团	2.33	15775211	0.020	--  	--  	17820000	5000	0.00	          0.33	0.880	
600680	*ST上普	1.21	15674514	0.08	6.71	6.72	23238	90	0.00	          0.90	6.55	
02128	中国联塑	0.18	15648791	0.010	5.620	5.650	2779000	111000	0.18	          0.09	5.670	
601798	蓝科高新	1.92	15624391	0.16	8.50	8.52	18416	9	-0.57	          0.52	8.29	
03983	中海石油化学	0.42	15583361	0.010	--  	--  	6552000	158000	0.42	          0.37	2.390	
002412	汉森制药	0.06	15237859	0.01	16.65	16.66	9097	38	0.12	          0.32	16.64	
08522	德益控股	3.79	15163761	0.050	--  	--  	10764000	8000	0.74	          2.89	1.340	
600052	浙江广厦	0.27	15106900	0.01	3.74	3.75	40477	171	0.00	          0.46	3.73	
02633	雅各臣科研制药	1.57	14949201	0.030	--  	--  	7734000	2000	-0.51	          0.43	1.930	
603909	合诚股份	0.10	14067328	0.03	29.35	29.36	4763	14	0.00	          1.91	29.10	
00826	天工国际	1.99	13587641	0.030	--  	--  	8936000	10000	0.65	          0.40	1.500	
300647	超频三	9.99	13566140	1.98	21.80	--  	6223	38	0.00	          2.07	21.80	
002090	金智科技	0.15	13518694	0.03	20.35	20.36	6677	123	0.20	          0.32	20.40	
600714	金瑞矿业	0.98	13494318	0.08	8.25	8.27	16349	60	-0.11	          0.57	8.13	
603208	江山欧派	1.27	13202737	0.51	40.56	40.58	3270	1	0.10	          1.06	40.53	
002473	*ST圣莱	3.30	13071156	0.27	8.45	8.46	15616	176	0.00	          0.98	8.18	
300460	惠伦晶体	1.51	13013105	0.18	12.11	12.12	10797	173	0.00	          1.13	12.03	
601500	通用股份	9.99	12707914	0.80	8.81	--  	14424	30	0.00	          0.82	8.81	
600099	林海股份	1.91	12707343	0.16	8.50	8.52	15063	23	-0.22	          0.69	8.41	
00530	高银金融	1.02	12344921	0.040	3.940	3.960	3118000	2000	0.25	          0.04	3.900	
002173	创新医疗	0.71	12041104	0.09	12.75	12.76	9382	79	0.00	          0.46	12.73	
00297	中化化肥	0.93	11995261	0.010	1.070	1.080	11100000	184000	0.00	          0.16	1.080	
600792	云煤能源	0.77	11985350	0.03	3.93	3.94	30732	60	0.51	          0.31	3.90	
00853	微创医疗	1.07	11956961	0.080	7.580	7.600	1576000	5000	0.13	          0.11	7.410	
08479	金泰丰国际控股	3.88	11956566	0.100	--  	--  	4556002	4000	2.29	          1.08	2.700	
600097	开创国际	0.55	11916510	0.08	14.74	14.75	8100	3	0.20	          0.40	14.52	
600767	*ST运盛	0.47	11877051	0.03	6.34	6.35	18703	83	0.16	          0.55	6.27	
06865	福莱特玻璃	2.39	11532606	0.070	--  	--  	3834000	1000	0.00	          0.85	2.930	
01137	香港电视	3.87	11343639	0.130	--  	--  	3311510	10000	-0.57	          0.41	3.350	
002420	毅昌股份	0.21	11267890	0.01	4.68	4.69	23964	211	0.00	          0.61	4.68	
01982	南旋控股	2.55	11257561	0.070	--  	--  	4016000	2000	-0.35	          0.18	2.730	
01382	互太纺织	1.17	11123413	0.090	7.790	7.800	1433700	29000	-0.13	          0.10	7.700	
00787	利标品牌	1.92	10977744	0.010	0.520	0.530	20988048	228000	0.00	          0.25	0.520	
00627	福晟国际	5.37	10970304	0.080	--  	--  	7090096	40000	0.00	          0.07	1.530	
300606	金太阳	0.76	10961127	0.20	26.48	26.49	4135	60	-0.10	          1.26	26.33	
300125	易世达	1.21	10935542	0.30	25.02	25.08	4398	72	0.40	          0.49	24.72	
000526	*ST紫学	1.35	10682428	0.39	29.21	29.22	3640	68	0.14	          0.38	28.82	
01963	重庆银行	0.89	10409915	0.060	6.820	6.830	1518500	10500	0.00	          0.10	6.770	
02233	西部水泥	0.75	10323240	0.010	1.340	1.350	7688000	330000	0.00	          0.14	1.340	
01263	柏能集团	2.38	9831740	0.140	--  	--  	1650000	8000	0.33	          0.37	5.840	
603333	明星电缆	0.16	9619847	0.01	6.13	6.14	15666	10	0.00	          0.30	6.14	
03329	交银国际	1.33	9501066	0.030	2.280	2.290	4167565	2000	0.00	          0.15	2.270	
01470	富一国际控股	1.63	9016080	0.020	--  	--  	7180000	20000	0.81	          0.90	1.250	
600769	祥龙电业	0.74	8994980	0.04	5.48	5.49	16356	6	0.00	          0.44	5.46	
01138	中远海能	0.69	8648438	0.030	4.330	4.350	1993147	52000	0.46	          0.15	4.320	
01308	海丰国际	0.24	8623430	0.020	8.500	8.510	1014000	18000	0.12	          0.04	8.450	
00800	Ａ８新媒体	2.00	8609250	0.010	--  	--  	16886000	2000	0.00	          0.62	0.495	
603223	恒通股份	0.10	8364582	0.02	19.11	19.13	4378	6	0.21	          0.55	19.16	
02448	恒宇集团	6.67	7842776	0.100	--  	--  	5012500	2500	0.00	          0.66	1.500	
02198	中国三江化工	1.47	6976941	0.050	--  	--  	2043000	1000	0.00	          0.17	3.380	
02280	慧聪集团	0.20	6821181	0.010	5.090	5.110	1341000	148500	0.39	          0.12	5.100	
08047	中国海洋捕捞	1.59	6760361	0.010	--  	--  	10680000	16000	3.23	          0.32	0.640	
02678	天虹纺织	0.75	6702226	0.080	10.780	10.900	621000	16000	-0.74	          0.07	10.820	
600301	ST南化	1.20	6590111	0.08	6.74	6.75	9797	14	-0.14	          0.42	6.66	
08073	兴业新材料	10.63	6024281	0.170	--  	--  	3500000	4000	-1.67	          0.73	1.610	
08275	永勤集团控股	5.83	5921151	0.120	--  	--  	2775000	10000	0.46	          0.46	2.120	
08238	惠陶集团	8.82	5765141	0.006	--  	--  	80764000	80000	1.37	          0.93	0.067	
01636	中国金属利用	0.78	5748961	0.040	5.120	5.150	1128000	8000	0.00	          0.05	5.100	
02255	海昌海洋公园	1.44	5461101	0.030	2.110	2.120	2592000	8000	0.00	          0.06	2.100	
00419	华谊腾讯娱乐	2.67	5144100	0.010	0.380	0.385	13585000	20000	1.32	          0.10	0.380	
数据来源:通达信
