代码	名称	涨幅%%	总金额	现价	买价	卖价	总量	现量	涨速%%	换手%%	
603993	洛阳钼业	7.36	4219532800	8.61	8.61	8.62	5056329	452	0.35	          3.90	
00175	吉利汽车	6.49	3931180288	25.450	25.400	25.450	153820752	6333000	0.20	          1.71	
603799	华友钴业	0.54	3721688320	114.53	114.49	114.50	324425	5	0.00	          5.54	
002236	大华股份	9.96	3173217536	29.15	29.14	29.15	1110402	4471	0.52	          6.52	
002415	海康威视	4.93	2669265152	43.00	43.00	43.01	624765	3696	0.09	          0.85	
600460	士兰微	9.24	2495694848	15.85	15.83	15.84	1619709	1184	0.06	         12.99	
002049	紫光国芯	3.37	1875542144	42.32	42.32	42.33	445496	4881	0.33	          7.39	
300136	信维通信	9.27	1501132288	40.09	40.08	40.09	384243	3045	0.35	          5.16	
002340	格林美	3.50	1486772480	7.09	7.08	7.09	2109852	15994	0.28	          6.77	
002497	雅化集团	6.32	1374076288	13.12	13.11	13.12	1069947	10058	-0.52	         13.13	
603019	中科曙光	6.36	1358759808	41.64	41.63	41.64	331246	64	0.31	          5.15	
002241	歌尔股份	8.98	1313043456	14.93	14.92	14.93	896134	8423	-0.26	          3.29	
002916	深南电路	4.95	1258228608	73.15	73.14	73.15	173817	2157	0.05	         24.83	
600282	南钢股份	0.89	1252575232	5.69	5.69	5.70	2193574	72	0.53	          5.66	
000816	智慧农业	9.92	1238369152	4.32	4.32	--  	2971444	901	0.00	         22.24	
02333	长城汽车	4.61	1102698240	9.300	9.290	9.300	116173584	4381000	0.32	          3.75	
300431	暴风集团	4.01	1086656896	26.44	26.44	26.45	413010	4929	0.04	         17.60	
00006	电能实业	2.28	1081607808	67.200	67.200	67.250	16401540	162000	0.07	          0.77	
002027	分众传媒	3.36	1035850112	14.46	14.46	14.47	722037	6312	-0.40	          1.24	
002594	比亚迪	3.36	1015836672	64.91	64.91	64.92	156114	1003	0.08	          1.37	
300487	蓝晓科技	9.99	990040128	29.28	29.28	--  	347267	1605	0.00	         41.05	
600160	巨化股份	9.99	976963968	12.00	12.00	--  	850196	37	2.21	          4.16	
000100	TCL 集团	7.00	959513920	3.67	3.66	3.67	2675778	36121	0.00	          2.28	
600584	长电科技	6.95	943490304	19.39	19.38	19.40	493748	103	0.00	          5.01	
002405	四维图新	4.53	929270912	21.90	21.90	21.91	426728	3113	0.00	          4.16	
600392	盛和资源	4.10	867206400	15.73	15.71	15.72	556658	11	-0.31	          5.19	
600490	鹏欣资源	10.01	823246848	9.34	9.34	--  	890843	16	0.00	          5.99	
600596	新安股份	6.27	816258176	14.23	14.24	14.25	580962	40	0.57	          8.55	
600183	生益科技	7.03	805971712	17.36	17.36	17.37	473342	51	-0.22	          3.25	
600111	北方稀土	1.33	793391488	13.00	13.00	13.01	611651	45	0.08	          1.68	
000423	东阿阿胶	0.65	765270592	61.60	61.60	61.63	127335	721	0.00	          1.95	
000636	风华高科	6.35	749053056	12.22	12.22	12.23	624735	5202	0.08	          7.14	
300418	昆仑万维	6.52	685168512	23.86	23.86	23.87	291193	1735	-0.03	          4.98	
002073	软控股份	10.00	677542144	9.13	9.13	--  	761518	2004	0.11	         10.14	
600549	厦门钨业	2.53	630332416	24.73	24.76	24.77	257402	18	0.12	          2.38	
300115	长盈精密	8.68	611852288	18.79	18.79	18.80	332852	2807	-0.10	          3.71	
300676	华大基因	10.00	602565824	166.89	166.89	--  	37481	226	0.00	          9.35	
002600	江粉磁材	6.23	598152896	8.01	8.00	8.01	755608	6217	0.00	          5.69	
000528	柳 工	5.21	596062656	9.69	9.68	9.69	623275	8054	0.31	          5.54	
603516	淳中科技	4.84	592159616	47.87	47.85	47.87	122531	7	0.80	         52.39	
600673	东阳光科	5.84	590521088	9.25	9.25	9.26	651607	287	0.11	          2.65	
600009	上海机场	6.04	583627968	49.69	49.68	49.69	118712	40	-0.09	          1.09	
600623	华谊集团	4.64	581198336	10.60	10.61	10.62	556574	1	-0.08	          5.96	
603559	中通国脉	10.01	579166336	30.87	30.87	--  	191517	1	0.00	         24.09	
002185	华天科技	5.19	575616064	7.70	7.69	7.70	754945	12429	0.39	          3.54	
600868	梅雁吉祥	1.54	559532416	4.62	4.62	4.63	1205588	40	-0.42	          6.35	
300088	长信科技	5.74	556806336	7.19	7.18	7.19	786360	11879	0.14	          3.48	
002081	金 螳 螂	1.15	545320064	14.06	14.06	14.07	401973	1797	0.00	          1.58	
002635	安洁科技	10.00	540532480	21.78	21.78	--  	257693	362	0.00	          8.08	
002493	荣盛石化	7.75	539007424	17.10	17.10	17.11	322007	6563	0.41	          0.94	
300168	万达信息	4.12	532832608	14.90	14.89	14.90	360636	8023	-0.06	          3.58	
002281	光迅科技	10.02	510470912	26.25	26.25	--  	201693	352	0.00	          3.24	
002371	北方华创	10.02	510060608	32.40	32.40	--  	161644	1248	0.03	          4.62	
300684	中石科技	3.09	509349824	52.10	52.09	52.10	99235	1297	-0.49	         45.69	
300271	华宇软件	9.70	507143840	17.87	17.82	17.87	295703	10412	0.68	          5.97	
002285	世联行	5.82	493573760	10.18	10.17	10.18	489822	4463	-0.19	          2.88	
600171	上海贝岭	6.50	484751520	13.28	13.27	13.28	373394	27	0.00	          5.54	
300124	汇川技术	4.32	482377408	30.44	30.44	30.45	161245	4108	0.23	          1.31	
300408	三环集团	5.81	472132896	22.75	22.74	22.75	211646	1457	0.22	          1.29	
002273	水晶光电	7.92	471319584	20.84	20.83	20.84	231315	2495	-0.13	          3.76	
300355	蒙草生态	2.95	469210784	11.50	11.50	11.51	412910	5593	0.00	          3.56	
601678	滨化股份	4.53	446757312	9.47	9.47	9.48	480142	40	0.11	          4.04	
002907	华森制药	9.99	446349728	31.16	31.16	--  	147820	143	0.00	         36.90	
600699	均胜电子	3.09	437988512	30.66	30.67	30.68	144013	2	0.10	          1.52	
300274	阳光电源	10.03	419663232	16.46	16.46	--  	265339	1283	0.00	          2.51	
600810	神马股份	2.27	410612320	10.79	10.80	10.81	380193	50	0.19	          8.60	
002210	飞马国际	0.23	405264736	13.03	13.03	13.04	311213	7806	0.08	          2.42	
603616	韩建河山	10.00	404649472	14.74	14.74	--  	289045	10	0.00	         19.61	
300044	赛为智能	3.56	396872736	17.18	17.17	17.18	233672	2666	0.12	          9.66	
300188	美亚柏科	5.24	381013632	22.28	22.28	22.29	173808	1577	0.18	          5.66	
600313	农发种业	8.71	377998944	3.87	3.86	3.87	1000840	150	0.78	         10.07	
002192	融捷股份	0.11	375438496	27.69	27.69	27.70	135499	1858	-0.06	          7.11	
01099	国药控股	5.72	374880832	35.100	35.100	35.150	10822211	628000	-0.71	          0.91	
300409	道氏技术	2.31	374104352	52.36	52.36	52.37	71052	549	-0.16	          5.41	
002449	国星光电	5.28	374031520	18.34	18.34	18.35	207216	1566	0.22	          5.09	
002156	通富微电	4.67	370774016	10.30	10.30	10.31	361143	8163	-0.47	          3.71	
002352	顺丰控股	7.79	366970080	51.50	51.50	51.51	70953	707	0.10	          1.37	
600499	科达洁能	0.78	363221504	10.36	10.36	10.37	350096	11	-0.18	          2.48	
300367	东方网力	6.90	357987840	14.88	14.88	14.89	245382	1567	0.07	          4.47	
300433	蓝思科技	7.17	357851008	26.89	26.88	26.89	134627	1097	-0.40	          3.04	
002920	德赛西威	3.97	354618688	37.43	37.43	37.44	95218	1118	-0.04	          9.52	
601633	长城汽车	4.43	353463744	12.74	12.73	12.74	275248	54	-0.15	          0.46	
300075	数字政通	3.96	351173248	16.26	16.26	16.27	215074	2598	0.25	          7.85	
600433	冠豪高新	9.95	346192832	4.86	4.85	--  	724702	525	0.00	          6.09	
600100	同方股份	5.11	345386528	10.28	10.27	10.28	337401	40	0.00	          1.14	
600893	航发动力	4.27	340326848	24.42	24.40	24.41	140746	147	0.12	          0.72	
300450	先导智能	6.04	339438304	61.40	61.40	61.44	55447	367	0.16	          3.28	
601228	广州港	7.87	338785184	6.03	6.02	6.03	558188	14	0.00	          7.99	
002711	欧浦智网	7.74	336727392	10.16	10.16	10.17	354756	2426	-0.77	          3.39	
000517	荣安地产	5.17	334779776	4.27	4.26	4.27	819849	11668	0.23	          2.70	
002911	佛燃股份	9.12	331794848	26.20	26.20	26.21	129304	2901	0.77	         23.09	
600354	敦煌种业	4.56	331175264	7.33	7.32	7.33	459829	69	0.27	         10.27	
600198	大唐电信	6.25	329478816	7.82	7.81	7.82	434884	2	0.13	          5.00	
002589	瑞康医药	4.19	321474432	14.19	14.18	14.19	224853	1628	0.14	          1.91	
300725	药石科技	8.26	321200608	92.18	92.17	92.18	35615	504	-0.01	         19.43	
600206	有研新材	5.68	318635808	9.86	9.86	9.87	330052	49	0.20	          3.93	
002709	天赐材料	0.62	317515904	47.29	47.29	47.30	68110	761	0.02	          3.61	
300666	江丰电子	10.00	313610048	50.37	50.37	--  	64473	367	0.00	         11.79	
002153	石基信息	0.91	311199808	27.65	27.64	27.65	112210	1763	-0.03	          2.32	
00136	恒腾网络	7.25	307147488	0.370	0.370	0.375	839888000	2324000	0.00	          1.13	
300476	胜宏科技	3.56	291968320	25.91	25.91	25.92	113811	846	0.31	          6.10	
600967	内蒙一机	6.85	291825152	12.64	12.64	12.65	234154	4	0.48	          2.44	
002223	鱼跃医疗	4.34	287921984	22.35	22.35	22.36	131021	2934	0.59	          1.53	
600667	太极实业	4.94	284922976	7.43	7.42	7.43	389523	3	0.54	          3.27	
002179	中航光电	6.07	282858496	37.04	37.04	37.05	77031	236	-0.12	          0.98	
300496	中科创达	6.10	272116416	28.69	28.69	28.70	96808	1270	-0.13	          4.34	
300296	利亚德	6.67	269016288	20.16	20.15	20.16	136191	581	0.20	          1.40	
300377	赢时胜	5.75	259904896	11.96	11.96	11.97	219137	3353	0.08	          4.30	
02331	李宁	8.62	243019904	7.180	7.150	7.180	34990024	594000	0.42	          1.61	
000860	顺鑫农业	6.23	240771904	19.60	19.60	19.61	125498	2030	0.36	          2.20	
000049	德赛电池	5.54	239182272	35.82	35.82	35.83	67794	659	-0.07	          3.30	
02020	安踏体育	1.00	238224848	40.550	40.450	40.550	5865012	310000	0.62	          0.22	
600525	长园集团	1.93	236345072	15.83	15.80	15.83	149066	2	0.32	          1.19	
002009	天奇股份	4.85	234209024	16.20	16.15	16.20	149152	3768	0.87	          5.30	
002299	圣农发展	9.49	233671968	14.77	14.77	14.78	161650	859	-0.06	          4.00	
000525	红 太 阳	0.51	233623728	23.58	23.58	23.59	98908	889	0.26	          1.95	
300706	阿石创	6.73	232601216	62.65	62.65	62.66	37751	494	-0.18	         19.26	
300069	金利华电	3.39	232226256	32.05	32.05	32.07	78333	2047	0.38	          8.54	
002354	天神娱乐	5.74	229255040	16.04	16.04	16.05	145829	2236	0.00	          2.81	
300083	劲胜智能	4.51	224577696	7.19	7.18	7.19	317519	1876	-0.13	          2.67	
603505	金石资源	4.78	223427264	22.82	22.81	22.82	99614	7	1.24	         16.60	
00019	太古股份公司Ａ	2.45	222925392	79.400	79.300	79.400	2829793	204000	0.25	          0.31	
002707	众信旅游	3.38	219497184	13.17	13.16	13.17	168787	1509	0.00	          3.60	
002095	生 意 宝	6.30	218962208	41.03	41.03	41.05	55164	1716	1.01	          2.19	
300207	欣旺达	6.41	216438080	9.79	9.79	9.80	224888	1031	0.00	          1.91	
002645	华宏科技	10.02	215791168	24.04	24.04	--  	92815	186	0.00	          6.24	
600422	昆药集团	3.36	215707552	9.23	9.22	9.23	237591	60	0.22	          3.50	
300223	北京君正	5.66	213199280	27.09	27.09	27.10	80176	778	0.52	          8.14	
002279	久其软件	5.66	212042960	11.58	11.57	11.58	187357	2144	0.35	          6.84	
002745	木林森	4.72	209871936	40.60	40.60	40.61	52918	743	0.15	          3.26	
002737	葵花药业	0.85	208805872	35.65	35.64	35.65	58295	496	-0.02	          4.43	
300098	高新兴	8.02	204634896	12.25	12.24	12.25	168884	1166	0.25	          2.85	
300474	景嘉微	10.01	199545104	46.93	46.93	--  	44037	281	0.00	          6.57	
600172	黄河旋风	7.87	195771120	7.81	7.78	7.80	257067	10	0.77	          2.20	
300558	贝达药业	3.33	194505824	54.03	54.03	54.05	37002	125	0.06	          2.18	
603005	晶方科技	5.06	190967008	27.81	27.80	27.82	69792	11	0.07	          4.07	
002488	金固股份	7.50	190780032	13.47	13.47	13.48	145019	2281	0.60	          3.77	
000989	九 芝 堂	0.81	190656336	19.88	19.87	19.88	97012	1908	0.30	          1.98	
603648	畅联股份	5.14	189751776	18.62	18.62	18.63	103016	46	0.05	         11.18	
600698	湖南天雁	4.02	185026176	6.21	6.21	6.22	305321	13	0.00	          4.14	
002036	联创电子	9.99	184210496	15.19	15.19	--  	124529	168	0.00	          3.15	
601555	东吴证券	2.86	182793696	8.64	8.64	8.65	214544	2	0.12	          0.74	
002837	英维克	7.81	182390736	21.53	21.53	21.54	87107	2221	-0.13	         12.93	
600520	文一科技	3.15	181083008	18.31	18.32	18.33	100000	8	0.38	          6.31	
600822	上海物贸	5.46	174470800	12.75	12.74	12.75	139987	12	0.95	          3.53	
01478	丘钛科技	7.86	172935872	11.800	11.780	11.800	14979000	123000	-0.17	          1.34	
300429	强力新材	10.02	163663968	27.13	27.13	--  	61796	302	0.00	          6.16	
603458	勘设股份	5.17	161637152	64.72	64.68	64.70	24772	7	-0.04	          7.98	
000605	渤海股份	1.78	159175536	16.55	16.55	16.56	98452	2199	-0.29	          5.05	
600360	华微电子	5.49	158045248	6.72	6.71	6.72	239667	32	0.30	          3.25	
300693	盛弘股份	3.70	154388128	32.26	32.25	32.26	47868	682	0.44	         20.99	
603896	寿仙谷	10.00	152740384	46.65	46.65	--  	33386	107	0.00	          9.55	
300613	富瀚微	10.00	152698800	158.62	158.62	--  	9950	14	0.00	          7.69	
603138	海量数据	4.95	151982688	38.13	38.17	38.18	40812	81	0.63	         15.31	
300041	回天新材	4.40	151858640	9.97	9.97	9.98	154015	1762	0.10	          6.00	
002468	申通快递	3.61	151085440	24.40	24.39	24.40	62070	854	0.04	          1.87	
002658	雪迪龙	1.94	150743056	11.58	11.57	11.58	134221	1662	0.17	          4.41	
002061	浙江交科	0.19	147295024	15.56	15.55	15.56	94965	811	0.32	          2.10	
002139	拓邦股份	5.61	147016352	9.98	9.97	9.98	149723	675	0.10	          2.94	
300502	新易盛	7.98	146403392	25.18	25.18	25.20	59543	1238	0.32	          4.77	
002138	顺络电子	5.10	144324784	16.07	16.06	16.07	91653	896	0.44	          1.37	
00023	东亚银行	3.06	143739376	35.400	35.350	35.400	4106473	382600	0.28	          0.15	
600848	上海临港	3.02	141880736	23.53	23.52	23.53	60985	62	-0.07	          1.53	
002792	通宇通讯	4.75	140220352	27.34	27.33	27.34	53503	307	0.26	          7.57	
300002	神州泰岳	3.47	139256560	6.56	6.55	6.56	214715	1303	-0.14	          1.55	
600305	恒顺醋业	1.90	138829664	10.20	10.18	10.19	138588	111	0.30	          2.30	
600330	天通股份	3.86	138778560	8.61	8.60	8.61	163490	20	0.00	          1.99	
002029	七 匹 狼	6.26	138663856	9.00	8.99	9.00	157003	2731	0.33	          2.08	
300672	国科微	10.00	137812032	45.19	45.19	--  	31414	17	0.00	         11.24	
600478	科力远	7.67	136297536	6.32	6.31	6.33	217299	400	0.16	          1.70	
000818	方大化工	6.16	135330352	12.75	12.74	12.75	109593	2383	0.63	          1.59	
002842	翔鹭钨业	2.14	134757728	43.50	43.50	43.57	31202	640	-0.04	          7.39	
601388	怡球资源	1.86	134065232	3.84	3.83	3.84	353520	166	0.26	          1.75	
01316	耐世特	3.56	133728232	18.060	18.060	18.080	7435154	479000	0.11	          0.30	
300327	中颖电子	4.29	132531504	25.50	25.49	25.50	52307	806	0.20	          2.52	
002919	名臣健康	9.06	132238288	29.50	29.50	29.51	46142	1403	1.86	         22.66	
300336	新文化	4.16	132233272	10.77	10.77	10.78	124213	440	-0.08	          2.74	
002020	京新药业	1.81	131674024	10.69	10.69	10.70	124786	1198	-0.08	          2.44	
002368	太极股份	3.46	131201840	22.15	22.14	22.15	59989	1070	0.05	          1.53	
002079	苏州固锝	5.01	129922520	7.13	7.13	7.14	184784	2103	0.00	          2.55	
000519	中兵红箭	1.95	129818664	7.83	7.82	7.83	167763	1438	-0.12	          2.28	
300376	易事特	2.52	129018536	7.33	7.33	7.34	177552	4897	0.27	          0.77	
002025	航天电器	5.13	128928840	21.94	21.93	21.94	59917	266	0.00	          1.40	
000710	贝瑞基因	7.70	128526544	43.35	43.30	43.35	30617	348	-0.52	          2.02	
603128	华贸物流	3.17	127808520	8.13	8.12	8.13	157873	117	0.25	          1.73	
000893	东凌国际	1.78	127163400	5.16	5.16	5.17	248393	4274	-0.18	          6.20	
300639	凯普生物	4.47	126164896	50.99	50.99	51.00	24986	613	0.30	         11.13	
300141	和顺电气	2.34	125987544	10.49	10.48	10.49	120811	2832	0.10	          7.43	
01347	华虹半导体	9.64	125935112	15.920	15.900	15.920	8120163	67000	-0.13	          0.78	
300046	台基股份	9.99	124858616	16.51	16.51	--  	77864	44	0.00	          5.48	
300232	洲明科技	5.45	124755632	14.70	14.70	14.71	86410	507	0.00	          2.32	
603025	大豪科技	0.29	123554120	35.06	35.07	35.10	35352	29	0.89	          6.93	
002892	科力尔	2.65	122949600	38.70	38.70	38.71	32344	622	0.65	         18.38	
300458	全志科技	5.77	122733880	20.18	20.18	20.19	62058	874	0.10	          4.11	
002028	思源电气	0.13	115727528	15.93	15.93	15.94	73599	278	0.06	          1.27	
002491	通鼎互联	4.19	115725752	12.68	12.68	12.69	93209	2097	0.24	          0.81	
600037	歌华有线	4.21	114614736	12.37	12.35	12.36	94583	34	0.41	          0.81	
002501	利源精制	2.12	113719336	9.17	9.17	9.18	124627	3246	0.00	          1.33	
002087	新野纺织	0.76	113414008	5.30	5.29	5.30	217014	1963	0.00	          2.66	
300231	银信科技	3.73	113258424	10.02	10.02	10.03	114430	1854	0.20	          4.28	
300050	世纪鼎利	3.36	112484912	8.31	8.31	8.32	136831	2174	0.00	          4.11	
300520	科大国创	10.02	112250688	20.21	20.21	--  	57542	111	0.00	          5.11	
603083	剑桥科技	3.55	110099584	37.88	37.89	37.91	29166	1	0.37	         11.92	
002519	银河电子	10.00	109610432	6.82	6.82	--  	167978	1981	0.00	          2.11	
002055	得润电子	3.67	109425640	18.34	18.34	18.35	60282	1660	0.11	          1.50	
600562	国睿科技	5.04	108104960	18.56	18.54	18.56	58772	30	0.16	          1.79	
300621	维业股份	9.00	106571976	19.99	19.98	19.99	53412	1102	0.15	         15.71	
600933	爱柯迪	3.05	106566832	14.52	14.51	14.52	73736	4	0.28	          5.33	
300691	联合光电	5.41	106402888	53.81	53.81	53.87	19936	539	-0.14	          9.32	
603890	春秋电子	4.24	106043048	32.24	32.26	32.27	33301	2	0.12	          9.72	
002537	海联金汇	5.08	105686632	10.34	10.33	10.34	103862	1359	0.10	          0.89	
00293	国泰航空	2.76	105582056	13.400	13.360	13.400	7924541	213000	0.00	          0.20	
002815	崇达技术	6.48	105556304	29.40	29.40	29.41	36570	273	-0.33	          3.45	
603776	永安行	3.73	105060464	52.05	52.03	52.07	20345	2	0.10	          8.48	
002486	嘉麟杰	1.67	103508840	4.25	4.24	4.25	242939	3478	0.00	          3.01	
603111	康尼机电	4.21	102452496	11.89	11.88	11.89	87382	5	0.17	          1.82	
300310	宜通世纪	3.83	102411376	9.48	9.47	9.48	109474	1274	-0.20	          1.88	
603305	旭升股份	5.13	102047976	29.49	29.48	29.50	34998	1	-0.02	          8.41	
000711	京蓝科技	0.63	101622416	12.80	12.79	12.80	79830	1704	0.00	          2.37	
600119	长江投资	3.01	100382816	11.28	11.27	11.28	89787	20	0.09	          2.92	
603716	塞力斯	4.25	99992784	54.72	54.74	54.76	18555	10	-0.04	          4.83	
002887	绿茵生态	1.50	98839304	68.97	68.96	68.97	14462	200	0.28	          7.23	
603186	华正新材	1.56	98149584	22.13	22.12	22.14	44912	13	0.05	          6.09	
600193	创兴资源	3.55	98129944	4.96	4.96	4.98	200220	50	0.81	          4.71	
603933	睿能科技	10.00	97125728	38.84	38.84	--  	25888	5	0.00	         10.08	
600439	瑞贝卡	3.70	95975096	5.89	5.92	5.93	166455	90	0.68	          1.47	
300081	恒信东方	3.09	95160792	10.35	10.34	10.35	93475	1131	-0.18	          3.81	
603888	新华网	9.99	93691568	23.01	23.01	--  	41817	2	0.00	          2.37	
603357	设计总院	3.29	92205688	20.10	20.13	20.14	46402	3	0.05	          5.71	
300567	精测电子	4.59	91609880	116.60	116.59	116.60	7977	88	0.01	          1.94	
603936	博敏电子	1.15	91512368	21.04	21.03	21.04	45100	4	0.19	          8.04	
600761	安徽合力	4.14	91104376	10.57	10.57	10.58	87835	182	-0.08	          1.19	
600618	氯碱化工	2.04	89274048	11.00	10.99	11.00	82477	67	0.09	          1.10	
002818	富森美	3.84	88961056	27.33	27.33	27.34	33160	254	0.00	          3.62	
603078	江化微	9.76	87117672	54.87	54.85	54.87	16486	56	1.16	         10.99	
600686	金龙汽车	0.76	87073024	11.97	11.97	11.98	73107	49	0.00	          1.65	
600917	重庆燃气	1.78	86955168	8.59	8.59	8.60	100714	30	0.00	          0.65	
300709	精研科技	4.09	83674320	58.05	58.05	58.08	14563	144	0.03	          6.62	
300180	华峰超纤	3.33	83526856	24.80	24.80	24.88	34510	1733	-0.19	          0.91	
002859	洁美科技	4.98	83472632	31.18	31.18	31.20	26871	200	-0.02	          4.62	
300597	吉大通信	5.82	83282056	15.45	15.45	15.46	54863	800	0.26	          7.46	
603031	安德利	2.25	83167792	23.15	23.14	23.19	36362	23	1.54	          9.11	
300252	金信诺	3.68	81811944	12.40	12.40	12.41	67060	475	0.16	          2.22	
000088	盐 田 港	3.76	81688144	7.73	7.72	7.73	105856	995	0.13	          0.55	
300393	中来股份	4.78	81231648	36.61	36.60	36.61	22612	221	0.03	          1.25	
600391	航发科技	3.92	79581168	15.65	15.63	15.65	51362	32	0.19	          1.56	
002022	科华生物	4.14	79344592	12.58	12.58	12.59	63450	507	-0.07	          1.39	
300295	三六五网	3.42	78675792	15.72	15.72	15.73	50375	337	-0.05	          2.85	
300683	海特生物	10.00	78486912	46.11	46.11	--  	17547	33	0.00	          6.79	
603177	德创环保	4.52	77551400	17.11	17.11	17.12	46051	20	0.12	          7.46	
00860	奥立仕控股	4.21	76526472	1.980	--  	--  	38599500	20000	0.00	          0.65	
03306	江南布衣	9.89	74868992	14.440	--  	--  	5452500	500	-0.28	          1.05	
08392	舍图控股	26.67	74541400	0.570	--  	--  	138140000	20000	0.00	         13.81	
002215	诺 普 信	1.22	73409376	6.66	6.65	6.66	110476	1317	0.30	          1.56	
002346	柘中股份	4.72	73332232	17.32	17.32	17.33	42933	438	-0.11	          1.10	
300609	汇纳科技	2.30	72646392	29.36	29.36	29.37	25081	185	0.03	         10.03	
300378	鼎捷软件	2.34	70232960	12.23	12.23	12.24	57700	550	0.00	          2.21	
002246	北化股份	2.25	69471632	9.99	9.99	10.00	70291	963	-0.09	          1.70	
300233	金城医药	2.18	69092368	18.29	18.26	18.29	37806	225	1.72	          1.63	
600116	三峡水利	1.83	68856144	7.79	7.78	7.79	88817	11	0.00	          0.89	
300623	捷捷微电	10.00	68798504	58.61	58.61	--  	12252	15	0.00	          5.19	
002773	康弘药业	3.14	68703728	48.00	47.76	48.00	14347	122	0.00	          2.04	
002334	英威腾	5.01	68695936	7.97	7.96	7.97	87222	882	0.00	          1.53	
01666	同仁堂科技	2.36	67786664	13.000	12.940	13.000	5231000	11000	0.00	          0.83	
603387	基蛋生物	5.29	67647048	53.15	53.13	53.15	12901	8	-0.05	          3.91	
300638	广和通	10.01	67576712	35.60	35.60	--  	19698	1	0.00	          9.85	
300570	太辰光	4.57	67331496	18.08	18.08	18.09	37562	498	0.17	          4.33	
002326	永太科技	3.15	67289320	9.50	9.50	9.51	71622	2464	0.53	          1.33	
600136	当代明诚	3.33	66311296	12.42	12.43	12.44	54072	16	0.40	          1.97	
000733	振华科技	3.19	65865868	12.28	12.27	12.28	54154	693	0.08	          1.15	
300661	圣邦股份	6.88	65596028	87.60	87.56	87.61	7638	51	0.10	          5.12	
300100	双林股份	1.87	64983200	13.62	13.62	13.63	47894	414	-0.14	          1.24	
300526	中潜股份	6.14	64964360	14.00	13.95	14.00	47077	883	0.21	          7.87	
300721	怡达股份	4.79	64739572	28.87	28.87	28.88	22662	283	-0.06	         11.30	
002120	韵达股份	3.23	63480652	41.55	41.54	41.55	15311	99	0.14	          1.57	
300227	光韵达	2.43	62648520	18.54	18.53	18.54	34167	550	0.00	          2.51	
002141	贤丰控股	9.31	61237136	5.99	5.99	6.00	104731	1259	-0.16	          1.65	
000659	*ST中富	4.86	61014968	3.45	3.45	--  	179586	10	0.00	          1.40	
002414	高德红外	8.09	60675932	14.57	14.55	14.57	42541	875	0.55	          0.89	
002448	中原内配	3.92	60478176	9.28	9.27	9.28	66368	1696	0.11	          1.43	
600850	华东电脑	4.88	60431112	15.69	15.69	15.70	39169	15	-0.05	          0.93	
002821	凯莱英	3.12	59531248	54.17	54.13	54.17	11123	72	-0.03	          0.93	
002746	仙坛股份	9.98	59498312	19.40	19.40	--  	31754	81	0.00	          1.75	
002436	兴森科技	3.52	59429224	5.30	5.30	5.31	113171	501	-0.37	          1.15	
300619	金银河	4.17	59230992	34.50	34.50	34.51	17387	179	0.09	          9.31	
300671	富满电子	10.01	58462760	32.08	32.08	--  	18901	2	0.00	          7.46	
603535	嘉诚国际	4.96	57825824	22.84	22.84	22.85	25041	3	0.00	          6.66	
002830	名雕股份	10.01	57029232	18.14	18.14	--  	33010	154	0.00	          8.29	
300353	东土科技	3.23	56979968	11.83	11.83	11.84	48627	1696	0.17	          1.48	
603929	亚翔集成	5.87	56533892	22.55	22.55	22.56	25539	5	0.13	          2.64	
002775	文科园林	3.33	56282984	18.02	18.01	18.02	31698	559	0.06	          2.71	
002631	德尔未来	5.73	55366644	8.49	8.48	8.49	65397	526	0.00	          1.01	
603788	宁波高发	5.43	54646632	37.31	37.30	37.31	14677	6	1.22	          1.05	
603042	华脉科技	5.53	54204520	24.25	24.22	24.23	22744	1	0.17	          6.69	
000888	峨眉山Ａ	0.87	54059024	10.49	10.48	10.49	51864	771	0.10	          0.98	
002860	星帅尔	4.68	53970604	38.45	38.45	38.46	14487	544	0.89	          9.53	
600469	风神股份	1.57	53001280	5.18	5.19	5.20	101807	2	-0.18	          1.81	
603320	迪贝电气	4.27	52576312	21.24	21.24	21.26	25136	5	0.28	         10.05	
300419	浩丰科技	3.24	52097676	7.33	7.32	7.33	71888	1268	0.14	          3.17	
300302	同有科技	4.31	51593228	9.20	9.19	9.20	56295	1100	0.00	          2.30	
300394	天孚通信	10.01	51494944	18.03	18.03	--  	29525	2	0.00	          1.80	
01685	博耳电力	34.76	51371072	2.210	2.230	2.240	25123000	5000	1.84	          3.25	
300311	任子行	2.78	51342752	12.55	12.55	12.56	41068	457	0.00	          1.73	
300307	慈星股份	3.44	50822412	7.21	7.21	7.22	71295	1925	0.00	          0.90	
300595	欧普康视	4.45	50570832	51.18	51.17	51.18	9972	5	-0.03	          1.31	
300687	赛意信息	4.90	50482824	43.24	43.23	43.24	11756	44	-0.01	          5.88	
002586	围海股份	0.50	50382772	8.04	8.03	8.04	63545	1584	-0.36	          0.92	
002492	恒基达鑫	3.48	49525444	5.95	5.94	5.95	83863	973	0.17	          2.37	
00139	中国软实力	7.30	48629140	0.147	--  	--  	351702880	210000	0.00	          2.77	
01727	河北建设	12.55	46921364	5.290	--  	--  	8899000	2000	-1.31	          1.93	
002335	科华恒盛	3.52	46835960	26.76	26.76	26.77	17692	318	0.11	          0.79	
002446	盛路通信	3.85	46679620	7.56	7.56	7.57	62583	802	-0.25	          1.48	
603133	碳元科技	2.86	46093672	27.36	27.36	27.37	16932	8	0.04	          3.26	
603136	天目湖	4.01	46019036	36.09	36.03	36.05	12871	9	-0.07	          6.44	
300536	农尚环境	3.12	45907540	14.23	14.23	14.24	32672	817	0.21	          5.35	
300602	飞荣达	2.14	45772652	54.90	54.89	54.90	8446	127	-0.06	          2.74	
603690	至纯科技	6.70	45680500	15.60	15.59	15.60	29838	6	0.06	          3.26	
300515	三德科技	7.25	45098164	10.35	10.34	10.35	43285	694	-0.18	          4.75	
603717	天域生态	3.85	44967160	21.57	21.57	21.58	21233	13	0.56	          4.92	
300127	银河磁体	2.46	44115744	15.39	15.39	15.40	28796	208	-0.12	          1.27	
002652	扬子新材	2.23	42828608	7.32	7.32	7.33	58981	1053	-0.13	          1.37	
300548	博创科技	5.14	42803824	39.08	39.08	39.10	11092	76	-0.19	          3.25	
600211	西藏药业	8.51	42309316	32.01	31.89	31.90	13552	5	-0.05	          0.93	
00440	大新金融	2.50	42109556	53.300	53.300	53.350	793891	56000	0.19	          0.24	
603826	坤彩科技	1.85	41093448	13.73	13.72	13.73	30136	38	0.15	          3.35	
600962	国投中鲁	4.64	40853820	8.35	8.34	8.35	48449	10	0.00	          1.91	
300493	润欣科技	3.81	40776724	11.73	11.72	11.73	35099	291	0.34	          2.27	
002351	漫步者	3.65	40694360	7.96	7.96	7.97	51424	533	0.00	          1.72	
002813	路畅科技	3.88	40601088	25.19	25.18	25.19	16291	272	-0.03	          5.43	
01110	金活医药集团	25.00	40370004	1.450	--  	--  	25552200	20000	3.57	          4.10	
002885	京泉华	5.73	40181900	30.08	30.08	30.10	13337	193	0.00	          6.67	
000755	*ST三维	4.76	39953588	6.60	6.60	6.61	61357	774	-0.14	          1.31	
002554	惠博普	1.01	39566320	4.01	4.01	4.02	98872	379	0.00	          1.51	
300529	健帆生物	2.93	39376728	28.77	28.77	28.78	13829	125	0.42	          1.31	
002869	金溢科技	3.31	38743284	27.49	27.48	27.49	14068	89	-0.06	          4.77	
002798	帝王洁具	1.87	38533296	45.80	45.78	45.80	8330	91	-0.19	          2.58	
00821	汇盈控股	14.04	38461620	2.030	--  	--  	19340000	4000	-0.49	          2.43	
300346	南大光电	6.47	38324620	25.01	25.01	25.02	15642	185	0.04	          1.28	
002119	康强电子	4.22	38259296	18.27	18.25	18.27	21193	291	0.50	          1.05	
002880	卫光生物	3.95	37236448	47.59	47.59	47.60	7919	43	-0.18	          2.93	
300187	永清环保	0.09	37125388	10.71	10.71	10.72	34954	485	-0.27	          0.59	
300440	运达科技	3.70	36373692	8.41	8.40	8.41	43780	291	0.00	          2.16	
300690	双一科技	4.81	36130576	48.18	48.15	48.18	7592	88	-0.18	          4.38	
603955	大千生态	3.46	35962064	33.46	33.46	33.48	10846	5	0.18	          4.99	
002397	梦洁股份	2.39	35514928	6.00	6.00	6.01	59029	210	-0.16	          1.43	
02768	佳源国际控股	4.71	35075180	8.220	8.220	8.250	4308000	158000	-0.48	          0.18	
000061	农 产 品	2.02	34330796	6.58	6.57	6.58	52603	968	0.15	          0.31	
300701	森霸股份	3.89	34213800	30.70	30.69	30.70	11208	158	-0.12	          5.60	
300546	雄帝科技	7.36	33927972	19.41	19.40	19.41	17545	255	-0.14	          2.42	
300606	金太阳	9.98	33364972	24.68	24.68	--  	13956	87	0.00	          4.24	
600833	第一医药	5.35	32757832	11.03	11.04	11.05	30067	1	0.09	          1.35	
600980	北矿科技	1.96	32681616	13.03	13.04	13.05	25388	72	0.00	          1.77	
300622	博士眼镜	4.97	32440522	21.55	21.53	21.55	15290	135	0.14	          7.13	
002205	国统股份	0.98	32197008	15.52	15.51	15.52	20882	194	0.19	          1.80	
300592	华凯创意	3.00	32119198	14.08	14.07	14.08	23149	285	0.00	          2.80	
300620	光库科技	5.89	32051544	31.28	31.28	31.29	10427	230	0.58	          4.74	
300596	利安隆	1.86	31988034	16.41	16.41	16.43	19559	217	-0.17	          1.60	
300537	广信材料	4.73	31882884	15.94	15.94	15.95	20419	950	0.57	          2.95	
300507	苏奥传感	4.86	31699522	23.07	23.07	23.08	13900	90	0.09	          2.36	
300056	三维丝	10.06	31502152	5.80	5.80	--  	56340	35	0.00	          2.08	
300660	江苏雷利	3.00	31421302	59.83	59.82	59.83	5274	26	0.05	          2.09	
002026	山东威达	1.98	31420192	7.21	7.20	7.21	44377	453	0.14	          1.22	
603496	恒为科技	5.59	31278180	29.48	29.47	29.49	10791	91	-0.06	          4.32	
01581	进升集团控股	19.57	30977476	0.550	--  	--  	59325000	5000	1.85	          5.72	
300382	斯莱克	0.16	30916656	12.90	12.87	12.90	24211	1800	0.39	          1.15	
300437	清水源	1.54	30615598	14.51	14.51	14.52	21217	400	-0.06	          2.15	
300189	神农基因	0.56	30514434	3.60	3.59	3.60	85245	2009	0.28	          0.97	
300667	必创科技	5.81	30233982	33.70	33.68	33.70	9078	109	0.18	          5.34	
300665	飞鹿股份	3.53	29792620	22.87	22.85	22.87	13204	232	0.18	          6.95	
603336	宏辉果蔬	2.31	29639200	19.03	19.04	19.05	15610	15	-0.09	          2.95	
002116	中国海诚	2.65	29218776	8.52	8.52	8.53	34617	484	0.24	          0.83	
002868	绿康生化	0.61	28728010	21.31	21.31	21.40	13526	427	0.05	          4.51	
300190	维尔利	2.47	28299952	10.37	10.37	10.38	27517	272	0.10	          0.69	
002363	隆基机械	7.19	28011314	7.60	7.60	7.61	37950	2364	0.80	          0.98	
002877	智能自控	4.31	27932460	18.38	18.38	18.39	15254	329	0.05	          4.99	
300655	晶瑞股份	6.68	27456586	23.64	23.64	23.65	11860	129	0.34	          5.38	
300617	安靠智电	3.70	26415628	41.20	41.18	41.20	6467	122	0.12	          3.88	
603229	奥翔药业	5.89	25664136	16.36	16.35	16.37	15891	20	-0.17	          3.97	
300535	达威股份	3.47	25629010	29.26	29.26	29.27	8816	197	0.03	          2.78	
603339	四方冷链	1.52	25401312	21.31	21.25	21.33	12002	3	0.14	          2.11	
002667	鞍重股份	1.67	24884274	12.82	12.79	12.82	19484	345	0.00	          2.08	
01415	高伟电子	5.60	24572892	2.640	--  	--  	9516000	5000	1.15	          1.14	
300615	欣天科技	3.42	24204412	22.99	22.98	22.99	10587	237	-0.08	          4.73	
600356	恒丰纸业	1.55	23967914	7.86	7.84	7.85	30765	80	0.38	          1.03	
300600	瑞特股份	4.63	23854942	37.06	37.06	37.07	6506	109	0.16	          1.58	
300565	科信技术	3.83	23792170	17.63	17.63	17.64	13564	151	0.06	          2.48	
300399	京天利	3.03	23550032	15.98	15.95	15.98	14881	231	0.19	          2.04	
300589	江龙船艇	2.71	23488204	16.65	16.64	16.65	14194	468	0.18	          4.26	
603908	牧高笛	8.41	23069116	31.46	31.48	31.49	7530	5	-0.15	          4.51	
603968	醋化股份	2.69	22733868	18.73	18.72	18.76	12223	100	0.00	          0.89	
300473	德尔股份	3.20	21960058	39.70	39.70	39.71	5578	67	0.00	          1.20	
000068	华控赛格	1.61	21717586	4.41	4.40	4.41	49346	129	-0.22	          0.49	
002165	红 宝 丽	1.74	21525214	5.27	5.26	5.27	41055	1309	0.00	          0.78	
00709	佐丹奴国际	1.57	21489766	3.880	3.870	3.880	5542000	298000	-0.26	          0.35	
603421	鼎信通讯	3.15	21442424	20.65	20.66	20.67	10434	3	-0.18	          2.40	
002653	海思科	2.60	21419282	10.26	10.25	10.26	21045	480	-0.09	          0.44	
300611	美力科技	4.86	20955064	11.44	11.43	11.44	18479	132	0.26	          2.73	
01778	彩生活	10.15	20675640	5.100	5.100	5.190	4162000	27000	-0.97	          0.38	
300499	高澜股份	3.45	20142362	15.90	15.85	15.90	12788	175	-0.43	          1.91	
002735	王子新材	1.69	19439000	33.05	33.04	33.05	5913	305	0.09	          1.41	
603656	泰禾光电	5.77	19132852	25.68	25.68	25.69	7531	1	0.23	          2.83	
600629	华建集团	0.71	18853900	14.11	14.12	14.13	13424	5	-0.13	          0.39	
300576	容大感光	4.47	18765212	14.72	14.72	14.73	12963	240	0.27	          3.25	
603023	威帝股份	4.43	18689672	7.30	7.29	7.30	25437	7	0.00	          2.00	
300643	万通智控	3.08	18651886	10.71	10.70	10.71	17554	468	-0.18	          3.51	
300421	力星股份	4.23	18512472	16.26	16.26	16.27	11464	143	0.18	          0.94	
603227	雪峰科技	3.91	18473108	5.32	5.31	5.32	35099	4	0.00	          0.83	
300314	戴维医疗	2.51	18459434	13.90	13.89	13.90	13436	608	0.14	          0.71	
300669	沪宁股份	4.75	18160404	20.50	20.50	20.52	8987	195	0.15	          4.27	
603668	天马科技	1.18	17403488	10.29	10.29	10.30	16996	19	-0.09	          0.91	
300405	科隆股份	3.20	17007990	13.85	13.83	13.85	12408	167	0.65	          1.24	
002778	高科石化	3.48	16938840	18.46	18.46	18.47	9202	27	-0.31	          1.66	
603089	正裕工业	3.43	16436753	20.52	20.53	20.54	8061	8	0.00	          2.56	
600983	惠而浦	4.92	16426670	6.61	6.60	6.61	25157	5	0.61	          0.47	
002452	长高集团	2.34	16360146	5.68	5.68	5.69	29148	135	-0.17	          0.76	
603701	德宏股份	3.31	15716690	16.21	16.21	16.22	9777	10	0.06	          1.67	
300539	横河模具	3.26	15424332	9.19	9.19	9.20	16902	90	0.00	          2.62	
600403	*ST大有	4.71	15395803	4.45	4.44	4.45	34873	4	-0.21	          0.15	
300632	光莆股份	3.79	15301536	18.37	18.36	18.37	8396	118	0.05	          2.90	
603819	神力股份	2.17	15107629	14.62	14.63	14.64	10423	10	-0.19	          1.86	
01020	赛伯乐国际控股	3.45	14382601	0.300	--  	--  	48992000	4000	1.69	          1.17	
603266	天龙股份	3.78	14240462	22.23	22.21	22.23	6468	25	0.09	          2.59	
603038	华立股份	4.61	13729220	35.66	35.61	35.71	3899	10	0.14	          1.46	
603838	四通股份	2.66	13495321	11.57	11.56	11.58	11714	100	-0.08	          1.20	
300647	超频三	3.75	13336857	15.75	15.75	15.76	8539	165	0.25	          2.85	
600605	汇通能源	2.15	13275911	12.83	12.82	12.85	10378	100	-0.30	          0.70	
300610	晨化股份	4.06	13190941	14.37	14.37	14.38	9289	70	0.14	          1.87	
00084	宝光实业	10.91	12971411	0.610	--  	--  	22150000	20000	1.67	          2.12	
00467	联合能源集团	3.03	12250201	0.680	0.670	0.680	18250000	210000	1.49	          0.07	
600265	ST景谷	0.11	12015436	18.00	17.97	18.00	6557	20	0.17	          0.51	
01029	铁货	3.68	11759535	0.197	--  	--  	59748000	4000	0.51	          0.84	
603679	华体科技	6.31	10994201	22.25	22.01	22.26	5085	11	1.23	          2.03	
01985	美高域	9.22	9711000	1.540	--  	--  	6386000	2000	0.65	          2.13	
300416	苏试试验	3.19	9379076	23.26	23.23	23.26	4034	15	0.22	          0.53	
02662	承兴国际控股	0.52	8075001	5.820	--  	--  	1386000	2000	0.17	          0.13	
300538	同益股份	3.17	7671987	30.25	30.22	30.25	2555	52	0.23	          1.83	
数据来源:通达信
