代码	名称	涨幅%%	总金额	现价	买价	卖价	总量	现量	涨速%%	换手%%	
603799	华友钴业	7.70	3586906368	121.01	121.18	121.20	305777	3	0.33	          5.22	
603993	洛阳钼业	4.25	3225319936	8.58	8.58	8.59	3849782	302	1.06	          2.97	
002466	天齐锂业	4.25	2332862464	61.51	61.50	61.51	384346	3274	0.05	          3.38	
01299	友邦保险	0.00	1916725120	65.550	65.550	65.600	29107828	4893400	-0.30	          0.24	
600460	士兰微	1.39	1841296896	16.08	16.09	16.10	1151982	98	0.44	          9.24	
002497	雅化集团	9.84	1708409600	14.07	14.06	14.07	1253065	8295	-0.06	         15.38	
002340	格林美	4.39	1626852864	7.37	7.37	7.38	2227799	40331	0.00	          7.15	
002230	科大讯飞	0.18	1622274816	55.19	55.18	55.19	292704	3810	-0.10	          2.47	
600507	方大特钢	5.28	1534919680	19.54	19.57	19.58	808457	378	0.57	          6.10	
300618	寒锐钴业	3.12	1056073088	289.72	289.72	289.75	36832	780	0.00	         12.28	
002024	苏宁易购	0.16	1000177344	12.50	12.50	12.51	789171	5213	-0.15	          1.58	
002241	歌尔股份	2.03	984885696	15.56	15.56	15.57	635270	6521	0.13	          2.34	
000807	云铝股份	0.93	982920576	8.67	8.66	8.67	1144489	15328	0.23	          5.08	
300085	银之杰	4.52	868070720	16.19	16.19	16.20	538413	8773	0.43	         13.72	
02689	玖龙纸业	1.58	825685568	14.120	14.100	14.120	58511008	4073000	0.57	          1.25	
000503	海虹控股	2.72	747395648	35.90	35.89	35.90	210405	2777	-0.16	          2.34	
300418	昆仑万维	0.87	745859200	24.46	24.45	24.46	303209	1715	-0.03	          5.18	
300133	华策影视	0.85	745452544	12.99	12.99	13.00	581938	6906	0.00	          4.77	
300182	捷成股份	7.37	731376256	10.20	10.20	10.21	729166	7357	-0.28	          5.24	
000100	TCL 集团	0.81	701238976	3.75	3.74	3.75	1880031	16939	0.27	          1.60	
300170	汉得信息	0.21	700942784	14.50	14.49	14.50	481235	3559	0.90	          7.25	
300070	碧水源	2.67	697643200	16.56	16.56	16.57	419791	3637	0.06	          2.19	
300364	中文在线	1.58	683339392	11.57	11.57	11.58	587697	6934	1.22	         13.03	
002156	通富微电	1.50	682896832	11.50	11.50	11.51	586118	5978	-0.08	          6.03	
300236	上海新阳	1.20	625856000	31.10	31.10	31.11	199662	2463	-0.31	         11.26	
002174	游族网络	9.99	610610240	24.12	24.12	--  	257735	92	0.00	          4.47	
300226	上海钢联	0.51	605071296	63.03	63.03	63.06	97111	1032	-0.57	          6.44	
00607	丰盛控股	2.09	602689792	4.400	4.390	4.400	139075840	10580000	3.04	          0.70	
600172	黄河旋风	0.23	579347200	8.61	8.60	8.61	660574	22	0.47	          5.65	
002371	北方华创	2.84	573711488	33.68	33.67	33.68	168795	1442	0.48	          4.82	
600260	凯乐科技	6.53	567587200	32.13	32.11	32.12	177558	27	0.00	          3.29	
300355	蒙草生态	2.61	559581824	11.81	11.80	11.81	477365	8635	0.34	          4.12	
300124	汇川技术	1.71	553478976	31.53	31.53	31.54	174420	839	0.35	          1.42	
600579	天华院	4.42	540508096	11.82	11.84	11.85	441969	386	0.00	         10.76	
300271	华宇软件	0.00	535877248	18.12	18.12	18.13	292193	4286	0.11	          5.89	
300315	掌趣科技	0.00	530000224	6.55	6.54	6.55	800950	7079	-0.29	          3.03	
300188	美亚柏科	4.63	522041280	23.28	23.27	23.28	225062	1296	-0.08	          7.33	
300088	长信科技	1.09	521666336	7.40	7.39	7.40	704778	9301	0.14	          3.12	
000738	航发控制	9.99	520708736	15.19	15.19	--  	354869	4814	0.00	          3.10	
002310	东方园林	3.71	518381152	19.30	19.29	19.30	271129	4450	0.05	          1.67	
002285	世联行	2.19	517351488	10.72	10.71	10.72	485656	4310	0.09	          2.85	
002410	广联达	9.45	513100192	21.66	21.65	21.66	243615	917	-0.13	          2.81	
002640	跨境通	7.15	484503808	19.48	19.47	19.48	254888	1995	-0.09	          2.04	
002555	三七互娱	4.27	471470688	20.75	20.74	20.75	229713	804	-0.13	          1.97	
000768	中航飞机	0.07	469893888	14.79	14.78	14.79	314222	1822	0.07	          1.13	
002050	三花智控	2.71	458376192	20.10	20.09	20.10	229288	2355	0.05	          1.47	
002354	天神娱乐	6.23	447932960	17.05	17.05	17.06	264543	2376	-0.52	          5.09	
002195	二三四五	3.24	443312704	6.05	6.04	6.05	740955	6196	0.00	          2.36	
002138	顺络电子	7.73	433131232	17.15	17.14	17.15	254407	2279	0.00	          3.81	
600845	宝信软件	2.80	425102080	24.60	24.60	24.62	173704	21	0.12	          3.32	
002019	亿帆医药	1.11	423241472	20.89	20.88	20.89	200678	1567	0.19	          2.84	
002867	周大生	3.96	420657184	30.97	30.96	30.97	135718	1172	-0.12	         17.66	
600667	太极实业	3.66	411920384	7.65	7.64	7.65	534703	68	0.00	          4.49	
600391	航发科技	4.12	391188000	17.93	17.95	17.96	218133	2	0.62	          6.61	
300663	科蓝软件	5.08	390703328	27.72	27.72	27.73	138379	926	0.33	         42.11	
002668	奥马电器	7.36	385674272	24.80	24.80	24.81	159059	870	-0.11	          4.07	
00658	中国高速传动	4.65	369363680	13.500	13.480	13.500	27463000	7323000	0.60	          1.68	
300176	鸿特精密	4.55	368681024	133.40	133.38	133.40	27343	307	0.04	          2.56	
300377	赢时胜	1.48	366715616	12.31	12.31	12.32	297335	3048	-0.07	          5.83	
002056	横店东磁	5.04	365519936	10.00	10.00	10.01	369472	3093	0.10	          2.25	
002439	启明星辰	1.61	363715072	23.29	23.28	23.29	156477	1202	0.13	          2.72	
002343	慈文传媒	1.11	356152288	35.38	35.37	35.38	101135	245	0.03	          4.33	
300077	国民技术	3.07	353552512	8.39	8.38	8.39	419812	4332	0.36	          7.75	
002036	联创电子	5.78	352503904	16.84	16.83	16.84	213440	1403	0.24	          5.40	
300542	新晨科技	2.51	340421568	33.96	33.96	33.97	99751	968	0.32	         30.60	
002396	星网锐捷	4.44	339012448	21.40	21.40	21.41	158935	1559	0.09	          2.98	
002447	晨鑫科技	1.70	337441952	5.99	5.98	5.99	562733	5183	0.17	          5.84	
002192	融捷股份	3.43	334821120	28.05	28.05	28.06	119210	1760	0.11	          6.26	
600372	中航电子	0.45	328408512	13.36	13.37	13.38	242658	100	0.53	          1.38	
300152	科融环境	2.66	321821088	4.63	4.62	4.63	689074	4253	-0.21	          9.67	
002470	金正大	4.69	315615488	8.48	8.48	8.49	365280	1569	0.36	          1.34	
002649	博彦科技	8.24	306017824	11.17	11.16	11.17	276749	4666	0.72	          6.69	
600967	内蒙一机	0.39	305485792	12.92	12.91	12.93	233621	102	0.16	          2.43	
603969	银龙股份	10.03	303279872	13.38	13.38	--  	229677	5	0.00	          5.74	
300340	科恒股份	1.16	302547520	46.09	46.09	46.10	65387	822	0.04	          7.69	
600482	中国动力	3.05	299555424	25.70	25.69	25.71	117147	41	0.08	          1.29	
000836	鑫茂科技	1.92	295670720	5.32	5.31	5.32	559279	5351	-0.18	          4.73	
300101	振芯科技	0.00	295475104	14.35	14.34	14.35	204431	2201	0.28	          3.72	
300232	洲明科技	3.16	290683808	15.34	15.33	15.34	188157	1118	0.07	          5.05	
002067	景兴纸业	0.32	289915776	6.21	6.20	6.21	462869	5958	0.00	          4.82	
002491	通鼎互联	4.81	284280704	13.73	13.72	13.73	211003	2378	-0.14	          1.82	
002373	千方科技	2.86	280971232	14.39	14.39	14.40	195974	1961	0.00	          2.39	
002178	延华智能	0.00	272817824	6.80	6.80	6.81	402047	14936	1.19	          6.62	
300450	先导智能	3.53	270258112	63.38	63.38	63.39	42899	316	0.02	          2.54	
603730	岱美股份	9.03	264015104	37.08	37.07	37.08	72936	23	-0.26	         15.20	
002821	凯莱英	8.97	262913344	59.28	59.28	59.29	44496	240	-0.16	          3.73	
002419	天虹股份	2.52	260218928	19.49	19.48	19.49	134444	1648	-0.19	          1.68	
600343	航天动力	0.00	258687568	11.40	11.39	11.41	224376	82	0.62	          3.52	
600388	龙净环保	2.73	257025920	15.41	15.41	15.42	168368	227	-0.25	          1.57	
000301	东方市场	5.73	256691328	6.64	6.63	6.64	391896	6718	0.00	          3.22	
000901	航天科技	1.53	256356912	19.95	19.95	19.96	127999	1248	-0.19	          3.39	
002624	完美世界	4.16	251515952	33.05	33.01	33.05	76702	550	-0.11	          1.64	
002013	中航机电	2.00	242597376	9.70	9.70	9.71	249696	1138	0.00	          1.19	
002222	福晶科技	1.64	238536560	16.72	16.72	16.73	141661	964	0.24	          3.36	
300197	铁汉生态	3.01	237780160	10.96	10.96	10.97	217405	1573	-0.08	          2.19	
300252	金信诺	3.01	235748208	14.05	14.04	14.05	168047	1402	-0.13	          5.56	
300237	美晨生态	10.03	235263072	14.59	14.59	--  	165451	7	0.00	          2.56	
300008	天海防务	4.38	234082464	6.68	6.68	6.69	354533	4148	0.15	          6.11	
300083	劲胜智能	1.75	232315152	7.54	7.54	7.55	307652	2105	-0.12	          2.58	
002471	中超控股	3.98	227474704	4.18	4.18	4.19	535955	2536	-0.23	          4.26	
300098	高新兴	2.49	223959168	12.75	12.74	12.75	173730	774	-0.22	          2.93	
000806	银河生物	2.47	223934656	6.63	6.63	6.64	339036	5515	0.00	          4.85	
000935	四川双马	3.80	223411664	16.93	16.93	16.94	134196	1867	0.18	          2.13	
300207	欣旺达	3.63	221648192	10.29	10.28	10.29	216048	1462	0.10	          1.83	
002422	科伦药业	2.51	215539904	25.69	25.69	25.70	83842	403	0.08	          0.82	
300353	东土科技	9.99	212923728	14.31	14.31	--  	151634	365	0.00	          4.63	
002479	富春环保	0.23	211982592	8.60	8.59	8.60	245538	2872	0.35	          3.36	
002638	勤上股份	10.00	207766576	5.28	5.28	--  	408797	1128	0.00	          4.17	
002025	航天电器	1.89	206212912	22.60	22.59	22.60	90146	557	-0.21	          2.10	
002341	新纶科技	2.04	201502464	24.54	24.54	24.55	82566	650	0.29	          2.76	
600621	华鑫股份	0.00	200911136	12.25	12.24	12.25	164035	4	0.00	          3.13	
300407	凯发电气	10.01	198531344	11.98	11.98	--  	167686	212	0.00	         10.17	
000882	华联股份	10.03	195721248	3.40	3.40	--  	590947	5774	0.00	          2.65	
002279	久其软件	1.37	193677072	11.85	11.84	11.85	162495	907	0.17	          5.93	
002488	金固股份	1.10	190192416	13.75	13.75	13.76	137576	1090	0.36	          3.57	
000989	九 芝 堂	2.33	186666784	20.23	20.22	20.23	93775	1934	0.05	          1.91	
601231	环旭电子	0.42	185790880	14.20	14.20	14.21	129631	99	0.07	          0.60	
300426	唐德影视	0.41	184319552	19.54	19.53	19.54	94137	1001	-0.09	          6.27	
300097	智云股份	4.05	179884192	23.88	23.88	23.89	76749	862	0.21	          4.97	
600416	湘电股份	3.37	175880032	9.81	9.80	9.81	180919	8	-0.29	          2.05	
600373	中文传媒	2.24	174813936	16.44	16.42	16.43	107490	44	-0.11	          0.78	
300468	四方精创	2.94	174632640	37.51	37.51	37.52	46589	326	0.03	          6.97	
300352	北信源	3.65	167277184	3.98	3.98	3.99	416954	3344	-0.24	          3.99	
002240	威华股份	0.19	166275024	16.04	16.04	16.05	102989	839	-0.11	          2.10	
002717	岭南园林	4.12	159047024	25.54	25.53	25.54	61962	490	-0.15	          2.75	
300310	宜通世纪	2.62	155016240	10.18	10.18	10.19	151177	1792	-0.09	          2.60	
00582	蓝鼎国际	0.00	154784816	0.345	--  	--  	454590496	12480000	0.00	          0.31	
07300	ＦＩ南方恒指	1.54	150977664	5.290	--  	--  	28621500	300	0.00	--  	
600141	兴发集团	1.42	150672544	15.70	15.70	15.71	95758	10	0.00	          1.91	
002737	葵花药业	1.28	148703872	37.05	37.04	37.05	40469	865	0.14	          3.08	
002044	美年健康	0.61	146413744	23.04	23.04	23.05	63513	496	0.13	          0.60	
300502	新易盛	1.18	145953952	25.81	25.81	25.82	56472	630	0.00	          4.53	
603813	原尚股份	1.81	144504352	28.08	28.03	28.04	51083	22	0.14	         23.15	
300051	三五互联	1.96	144213744	9.90	9.89	9.90	146059	3258	0.41	          5.95	
00551	裕元集团	1.36	139436752	33.500	33.500	33.550	4140199	674000	-0.59	          0.25	
300020	银江股份	0.98	139146480	10.33	10.32	10.33	133987	1134	-0.09	          2.17	
002842	翔鹭钨业	2.44	137240384	43.30	43.29	43.30	31941	523	0.14	          7.56	
603288	海天味业	0.55	136337456	55.30	55.35	55.37	24559	5	-0.17	          0.09	
300422	博世科	5.93	135961488	15.00	15.00	15.01	91099	720	-0.06	          3.46	
000821	京山轻机	4.26	135450496	11.99	11.99	12.00	113520	681	-0.07	          3.29	
002614	奥佳华	5.00	134961904	21.19	21.19	21.20	64580	1436	0.09	          2.24	
002448	中原内配	2.44	134829296	9.66	9.65	9.66	139854	1579	0.00	          3.02	
300050	世纪鼎利	1.33	134070640	8.38	8.37	8.38	158659	1499	0.00	          4.77	
300465	高伟达	4.82	133514136	8.91	8.91	8.92	152916	2469	-0.10	          5.69	
600139	西部资源	9.94	133329304	5.86	5.86	--  	233058	18	0.00	          3.52	
300378	鼎捷软件	10.03	133062064	13.82	13.82	--  	100428	139	0.00	          3.85	
000887	中鼎股份	3.02	133058288	16.69	16.69	16.70	80789	1007	0.12	          0.66	
600873	梅花生物	3.69	132864696	5.06	5.06	5.07	264468	12	-0.19	          0.85	
002428	云南锗业	1.24	132775120	11.40	11.40	11.41	116464	1156	0.00	          1.81	
002020	京新药业	1.77	132416016	10.94	10.93	10.94	120802	694	0.09	          2.36	
002353	杰瑞股份	1.26	131028264	14.43	14.42	14.43	91373	1330	0.00	          1.37	
300093	金刚玻璃	7.19	130522112	8.95	8.94	8.95	148255	2492	-0.77	          6.89	
002007	华兰生物	0.56	129760432	26.86	26.85	26.86	48253	258	0.04	          0.60	
300145	中金环境	0.91	128630784	11.10	11.10	11.11	114865	552	-0.08	          1.55	
600500	中化国际	1.33	128403848	7.63	7.63	7.64	167374	38	0.00	          0.80	
002742	三圣股份	0.23	126729536	21.52	21.52	21.53	58880	2092	0.51	          2.76	
600536	中国软件	1.65	126002160	12.97	12.97	12.98	97310	41	-0.14	          1.97	
601890	亚星锚链	4.48	124807040	6.07	6.07	6.08	207991	74	0.17	          2.17	
02357	中航科工	1.40	122874320	4.360	4.360	4.370	27989158	2933000	0.00	          1.19	
002334	英威腾	4.43	122126696	8.25	8.24	8.25	148990	804	0.00	          2.61	
002522	浙江众成	2.05	120735808	8.95	8.95	8.96	136576	3554	-0.21	          1.64	
002293	罗莱生活	4.74	120505000	15.04	15.04	15.05	80299	534	0.13	          1.15	
002234	民和股份	2.36	119524008	11.30	11.29	11.30	107051	677	0.44	          5.19	
603899	晨光文具	9.14	117685328	27.94	27.94	27.97	44031	1	3.33	          0.48	
002537	海联金汇	1.36	117186480	10.42	10.41	10.42	111614	512	0.00	          0.95	
002445	中南文化	3.06	114879432	13.47	13.46	13.47	85954	1503	0.07	          1.14	
002568	百润股份	10.01	114618488	12.42	12.42	--  	94201	395	0.00	          2.48	
603800	道森股份	9.99	112762832	14.53	14.53	--  	79029	2	0.00	         11.69	
002544	杰赛科技	0.38	111949536	13.36	13.36	13.37	83539	2331	0.00	          1.63	
300685	艾德生物	3.17	111830056	96.00	96.00	96.01	11578	124	0.10	          5.79	
600677	航天通信	0.00	110316384	9.83	9.83	9.84	111524	4	-0.09	          2.68	
300335	迪森股份	0.13	110095584	15.53	15.52	15.53	70717	467	0.13	          2.69	
300229	拓尔思	0.85	110031720	13.05	13.05	13.06	84194	388	0.15	          1.89	
300081	恒信东方	3.16	109948104	10.78	10.78	10.79	102597	891	0.00	          4.18	
300311	任子行	3.01	108223512	13.01	13.00	13.01	83234	1304	0.08	          3.51	
002666	德联集团	0.16	108165104	6.19	6.18	6.19	174278	1443	0.16	          3.93	
002148	北纬科技	1.40	106903424	7.95	7.94	7.95	133381	1358	0.13	          3.01	
300036	超图软件	2.51	106427240	14.68	14.66	14.68	72622	775	0.62	          2.20	
603678	火炬电子	2.02	106124816	25.73	25.73	25.77	41056	1	0.67	          0.91	
002481	双塔食品	2.66	105633240	4.25	4.25	4.26	246212	3065	-0.22	          2.18	
000982	*ST 中绒	3.43	105479040	3.32	3.31	3.32	316014	5631	-0.29	          1.75	
000801	四川九洲	0.85	104682896	5.91	5.91	5.92	174990	2437	-0.16	          1.71	
002836	新宏泽	4.76	104052752	18.03	18.03	18.04	58220	761	-0.05	         10.33	
002519	银河电子	0.14	102953216	7.13	7.13	7.14	145023	2833	1.13	          1.82	
002101	广东鸿图	1.88	102638240	18.97	18.97	18.98	54584	1196	0.37	          2.20	
002322	理工环科	2.15	101899600	16.62	16.61	16.62	61065	483	0.06	          2.13	
600456	宝钛股份	0.42	101304400	18.98	18.97	18.98	53575	50	0.00	          1.25	
300263	隆华节能	1.22	99171624	5.81	5.80	5.81	170039	2973	-0.16	          3.30	
000592	平潭发展	0.91	98384560	4.44	4.44	4.45	222277	2574	-0.21	          1.16	
002149	西部材料	3.73	97340560	8.90	8.89	8.90	110222	1970	0.00	          2.59	
002486	嘉麟杰	0.92	95582136	4.40	4.40	4.41	218924	3960	0.23	          2.71	
300230	永利股份	0.08	95248056	12.85	12.84	12.85	74359	757	0.16	          2.82	
002654	万润科技	10.08	94966688	6.55	6.55	--  	147236	258	0.00	          2.92	
002029	七 匹 狼	0.55	94681728	9.17	9.16	9.17	103890	1136	-0.10	          1.38	
300397	天和防务	2.92	94596080	16.92	16.92	16.93	55958	512	-0.23	          2.37	
300467	迅游科技	5.96	93807392	40.70	40.65	40.70	23267	64	-0.14	          2.33	
002323	雅百特	1.50	93790072	6.09	6.09	6.10	150496	3609	-0.64	          4.68	
002076	雪 莱 特	10.02	91652016	4.94	4.94	--  	191186	8	0.00	          4.54	
600622	光大嘉宝	7.78	91174128	14.96	14.96	14.98	62943	87	0.13	          0.94	
300456	耐威科技	0.00	89996328	32.80	32.72	32.80	27742	564	0.46	          3.84	
002284	亚太股份	2.79	89177064	7.75	7.74	7.75	114297	1740	0.13	          1.67	
300298	三诺生物	4.21	87811928	21.28	21.28	21.29	41662	166	-0.04	          1.39	
300031	宝通科技	3.14	87573680	15.46	15.45	15.46	56944	786	0.13	          2.22	
601005	*ST重钢	3.93	86947888	2.38	2.37	2.38	367696	50	0.00	          0.44	
002766	索菱股份	2.82	85607608	13.12	13.12	13.13	65008	734	-0.22	          3.75	
300297	蓝盾股份	2.95	84908096	9.42	9.42	9.43	90460	826	0.11	          1.23	
300306	远方信息	1.60	84247056	15.25	15.25	15.26	54806	322	-0.25	          4.04	
002115	三维通信	10.01	82892920	8.46	8.46	--  	99367	142	0.00	          2.88	
300006	莱美药业	1.02	82758856	5.92	5.92	5.93	138399	642	0.17	          2.37	
300012	华测检测	0.00	81568072	4.20	4.20	4.21	193352	3197	0.24	          1.31	
002813	路畅科技	10.01	79459408	27.80	27.80	--  	29361	282	0.00	          9.79	
600491	龙元建设	2.65	79444320	10.08	10.09	10.10	78959	10	0.10	          0.83	
002590	万安科技	9.98	79184800	11.57	11.57	--  	69896	1408	0.00	          1.61	
002332	仙琚制药	4.47	79058896	7.95	7.94	7.95	99944	258	0.00	          1.39	
002582	好想你	5.41	78847056	11.30	11.30	11.31	70493	791	-0.08	          2.99	
000043	中航地产	5.13	78747768	9.22	9.21	9.22	86490	1069	0.22	          1.30	
300034	钢研高纳	2.11	78004224	9.69	9.69	9.70	81027	1104	-0.20	          1.93	
00178	莎莎国际	5.59	77753048	3.590	3.580	3.590	21944156	812000	0.84	          0.72	
603977	国泰集团	1.92	77517424	12.77	12.75	12.76	59855	13	-0.07	          4.76	
002617	露笑科技	0.38	77426840	15.86	15.86	15.87	48595	809	0.63	          0.70	
300554	三超新材	3.20	76642432	72.31	72.30	72.31	10676	112	0.03	          8.21	
600175	美都能源	2.90	75561504	4.62	4.61	4.62	165889	16	0.43	          0.68	
300469	信息发展	2.20	75207472	33.87	33.86	33.87	21537	372	0.06	          7.53	
600195	中牧股份	1.14	74602784	20.36	20.34	20.36	36536	2	0.25	          0.85	
000048	康达尔	10.00	74167680	25.73	25.73	--  	29693	868	0.00	          0.77	
002141	贤丰控股	0.31	73464256	6.57	6.56	6.57	111900	771	-0.29	          1.76	
600593	大连圣亚	2.44	73294728	33.65	33.63	33.64	21807	12	0.00	          2.37	
002841	视源股份	5.14	73029000	73.21	73.18	73.21	10120	53	-0.13	          2.50	
00279	民众金融科技	5.75	72839032	1.840	1.830	1.840	40714480	1980000	0.55	          0.26	
002846	英联股份	1.05	72475584	14.40	14.39	14.40	50566	911	-0.20	         10.03	
300370	安控科技	0.54	72085320	3.70	3.70	3.71	194779	1362	0.00	          2.91	
600636	*ST爱富	0.53	70621968	15.21	15.20	15.21	46234	10	0.07	          1.08	
600389	江山股份	6.01	70348528	19.06	19.07	19.08	37772	18	-0.04	          1.27	
03339	中国龙工	2.83	70223776	3.270	3.270	3.290	21528000	3994000	-0.61	          0.50	
002812	创新股份	0.18	69722368	103.30	103.21	103.30	6767	35	0.19	          1.08	
300007	汉威科技	0.56	68078400	12.57	12.57	12.58	53960	397	-0.07	          2.41	
300333	兆日科技	0.00	68058160	7.49	7.49	7.50	90310	498	-0.52	          2.73	
600793	宜宾纸业	4.66	67764552	23.38	23.34	23.38	28995	9	0.17	          2.75	
00308	香港中旅	2.80	67194440	2.940	2.940	2.950	23027092	596000	0.00	          0.42	
002474	榕基软件	1.25	67108912	8.12	8.11	8.12	83079	1320	0.00	          1.79	
002166	莱茵生物	1.44	67035828	10.57	10.57	10.58	63343	779	0.09	          1.82	
002224	三 力 士	2.42	65617288	7.63	7.63	7.64	85176	508	-0.12	          1.81	
600420	现代制药	2.89	64611516	11.40	11.39	11.40	57467	44	0.00	          1.00	
300056	三维丝	10.03	63374824	7.02	7.02	--  	91720	396	0.00	          3.39	
300284	苏交科	1.89	63329776	15.64	15.63	15.64	40462	313	0.13	          1.15	
002132	恒星科技	1.30	62753396	3.90	3.89	3.90	161817	2583	-0.25	          1.58	
300099	精准信息	2.44	62397520	5.87	5.87	5.88	106741	517	0.00	          2.72	
000995	皇台酒业	0.33	61996908	9.16	9.16	9.17	67393	851	0.55	          3.80	
300039	上海凯宝	0.93	60952304	6.48	6.48	6.49	94283	805	0.15	          1.18	
002104	恒宝股份	0.13	60697284	7.51	7.50	7.51	80729	411	0.00	          1.43	
002411	必康股份	3.45	60652504	26.06	26.05	26.06	23503	70	0.08	          0.82	
300589	江龙船艇	3.31	60623536	17.79	17.79	17.80	34418	1145	-0.16	         10.32	
002703	浙江世宝	3.80	60372056	6.83	6.83	6.84	88624	985	0.15	          1.97	
603096	新经典	5.53	60235152	69.26	69.24	69.26	8824	7	-0.34	          2.65	
603133	碳元科技	1.75	59681968	27.84	27.84	27.85	21326	5	-0.21	          4.10	
000676	智度股份	3.54	59345872	11.41	11.41	11.42	52197	596	0.18	          1.65	
300379	东方通	2.03	58785208	11.56	11.55	11.56	51378	567	-0.08	          2.59	
300532	今天国际	3.25	58645208	24.78	24.78	24.80	23805	314	0.04	          3.61	
002247	帝龙文化	2.71	58536820	12.52	12.51	12.52	46855	97	-0.15	          0.89	
002042	华孚时尚	1.53	58439236	12.60	12.59	12.60	46651	726	0.08	          0.56	
300485	赛升药业	4.47	57724876	25.71	25.70	25.71	22452	90	-0.15	          2.66	
300094	国联水产	1.39	57128100	7.31	7.31	7.32	78637	2098	0.14	          1.05	
300534	陇神戎发	0.97	57093656	8.31	8.30	8.31	69298	1555	-0.11	          3.67	
300294	博雅生物	2.66	57020188	32.47	32.47	32.48	17624	262	0.00	          0.54	
000546	金圆股份	4.20	56991784	14.38	14.37	14.38	40069	762	0.21	          0.71	
600692	亚通股份	2.02	56726284	9.08	9.07	9.09	62165	30	-0.21	          2.44	
300338	开元股份	3.79	56348056	19.45	19.43	19.45	29281	185	0.15	          1.73	
03326	保发集团	7.62	55015744	3.390	--  	--  	16539000	24000	-0.29	          1.23	
300302	同有科技	0.21	54460176	9.40	9.38	9.40	57817	707	0.21	          2.36	
000687	华讯方舟	0.30	54074888	9.95	9.94	9.95	54180	463	0.10	          1.02	
300257	开山股份	0.55	53895052	16.58	16.57	16.58	32393	488	0.30	          0.40	
002630	华西能源	1.46	53642460	11.79	11.78	11.79	45815	937	0.17	          0.76	
002091	江苏国泰	2.07	52779568	8.39	8.38	8.39	63470	1766	0.12	          0.66	
08275	永勤集团控股	21.05	52543104	1.150	--  	--  	45260000	10000	0.88	          7.54	
300687	赛意信息	2.74	52333072	45.67	45.67	45.68	11683	198	-0.06	          5.84	
002687	乔治白	2.30	52227640	6.66	6.65	6.66	78091	1348	0.30	          2.44	
603011	合锻智能	0.72	52182732	8.40	8.41	8.42	62008	554	0.12	          1.50	
300258	精锻科技	1.14	51702348	15.08	15.06	15.08	34097	292	-0.12	          0.91	
600530	交大昂立	1.67	51690028	5.49	5.47	5.49	95128	193	0.18	          1.22	
600532	宏达矿业	2.71	51446900	9.08	9.05	9.06	57783	30	0.44	          1.46	
000777	中核科技	0.44	51373808	13.74	13.74	13.75	37513	339	0.07	          0.98	
600987	航民股份	1.70	51142432	11.38	11.37	11.38	45117	71	-0.08	          0.71	
000953	*ST河化	4.98	50777680	7.59	7.59	--  	67579	41	0.00	          2.30	
600289	ST信通	2.58	50599672	3.97	3.96	3.97	129067	99	-0.24	          2.28	
002120	韵达股份	2.40	50395460	43.57	43.56	43.57	11572	38	-0.06	          1.19	
002564	天沃科技	1.72	50394932	7.71	7.70	7.71	65410	276	0.13	          1.15	
600984	建设机械	0.60	50146352	6.70	6.70	6.71	74659	13	0.00	          1.39	
002586	围海股份	3.56	49980604	8.15	8.14	8.15	61985	1149	0.25	          0.89	
300393	中来股份	0.95	49769620	37.00	37.00	37.06	13447	329	-0.26	          0.75	
000881	中广核技	1.20	49374572	11.77	11.76	11.77	42214	311	-0.16	          1.37	
002180	纳思达	0.40	49097860	27.58	27.57	27.58	17725	154	0.22	          0.26	
02278	海蓝控股	1.87	48985304	4.900	--  	--  	9997000	9989000	0.00	          3.33	
600612	老凤祥	0.46	48874740	44.09	43.84	44.07	11195	1	0.73	          0.35	
002265	西仪股份	0.09	47992432	11.52	11.52	11.53	41650	589	-0.25	          1.37	
300214	日科化学	2.16	47539716	5.20	5.19	5.20	92219	1535	0.19	          3.03	
002064	华峰氨纶	1.42	47509668	4.99	4.99	5.00	95296	447	0.00	          0.62	
002416	爱施德	1.05	46192368	8.67	8.66	8.67	52819	312	0.12	          0.54	
03789	御佳控股	6.00	46093284	0.530	--  	--  	85052000	20000	0.00	          7.09	
00142	第一太平	1.45	46001568	4.890	4.880	4.890	9514197	1538000	0.20	          0.22	
00996	嘉年华国际	5.26	45560304	0.400	0.395	0.400	116260000	2240000	2.56	          0.49	
600479	千金药业	0.20	45503016	14.93	14.93	14.95	30599	6	0.07	          1.00	
01929	周大福	0.94	45371848	8.610	8.610	8.620	5300318	163000	0.00	          0.05	
600998	九州通	0.23	45059384	17.07	17.07	17.08	26309	8	0.00	          0.16	
300177	中海达	2.97	45016300	10.05	10.04	10.05	45459	829	0.10	          1.44	
603989	艾华集团	2.16	44914496	37.38	37.37	37.40	12130	4	-0.36	          1.44	
300178	腾邦国际	0.61	44523184	13.12	13.11	13.12	33799	465	0.15	          0.64	
002528	英飞拓	10.02	43795716	4.94	4.94	--  	91380	647	0.00	          1.09	
300600	瑞特股份	4.28	43707984	39.50	39.50	39.53	11214	110	-0.19	          2.72	
300617	安靠智电	5.10	43295704	43.50	43.49	43.50	10214	336	0.05	          6.13	
300596	利安隆	0.40	43160644	17.63	17.62	17.63	24602	89	-0.16	          2.01	
603027	千禾味业	3.68	42892332	17.77	17.76	17.77	24326	30	-0.10	          1.83	
600293	三峡新材	0.14	42700844	7.39	7.38	7.40	58063	41	0.54	          1.12	
002795	永和智控	1.34	42410268	12.87	12.86	12.87	33126	563	0.31	          5.20	
300432	富临精工	1.23	42188996	16.40	16.40	16.41	25723	270	0.12	          1.51	
300061	康旗股份	5.59	41650680	16.99	16.98	16.99	25077	306	0.00	          1.26	
300642	透景生命	0.65	41544908	89.31	89.31	89.32	4630	53	-0.06	          3.09	
002159	三特索道	6.68	41529772	15.98	15.96	15.98	26686	173	-0.05	          1.93	
300427	红相电力	2.25	41521732	14.53	14.53	14.55	28677	356	-0.54	          2.88	
002339	积成电子	0.49	41180580	8.19	8.19	8.20	50054	635	-0.11	          1.65	
300242	明家联合	2.13	41174580	7.18	7.18	7.19	57760	458	0.00	          1.16	
002567	唐人神	1.26	41034400	6.45	6.45	6.46	63536	789	0.00	          1.01	
300123	亚光科技	2.34	40906772	11.35	11.35	11.36	36264	825	0.27	          1.31	
002577	雷柏科技	0.44	40761544	13.76	13.75	13.76	29553	327	0.22	          1.05	
600143	金发科技	0.64	40584672	6.28	6.28	6.29	64758	30	0.16	          0.25	
002557	洽洽食品	2.09	40502020	14.62	14.62	14.63	27809	589	0.14	          0.55	
600844	*ST丹科	4.55	40327260	6.20	6.19	6.20	65951	146	0.32	          0.80	
000613	*ST东海A	5.06	39351180	8.31	8.31	--  	48179	1884	0.00	          1.81	
300661	圣邦股份	0.09	39262932	87.09	87.09	87.20	4448	46	-0.34	          2.98	
02005	石四药集团	4.58	39071576	5.940	5.920	5.940	6683101	532000	0.00	          0.22	
603997	继峰股份	0.09	38920780	10.76	10.76	10.77	36017	5	-0.18	          2.11	
300357	我武生物	1.86	38618040	48.16	48.12	48.16	8051	29	-0.07	          0.57	
600107	美尔雅	1.52	37955768	12.73	12.72	12.74	29871	8	0.16	          0.83	
600011	华能国际	0.00	37883048	6.19	6.18	6.19	61236	25	-0.63	          0.06	
002399	海普瑞	0.17	37758496	17.41	17.41	17.42	21592	182	-0.10	          0.17	
002377	国创高新	2.35	37326732	7.85	7.84	7.85	47881	689	-0.50	          1.11	
600469	风神股份	0.95	37068640	5.30	5.31	5.33	70764	463	-1.11	          1.26	
002232	启明信息	2.58	36899648	8.74	8.74	8.75	42567	662	-0.10	          1.06	
600283	钱江水利	0.71	36790512	12.78	12.78	12.79	28862	1	-0.07	          0.86	
002749	国光股份	3.65	36763976	63.33	63.30	63.33	5835	37	-0.23	          3.11	
300584	海辰药业	4.59	36364288	44.40	44.36	44.40	8324	84	-0.19	          2.59	
000403	ST生化	3.81	36025236	30.00	29.96	30.00	12144	149	0.23	          0.46	
01633	上谕集团	25.42	35615912	0.740	--  	--  	49629000	420000	-1.33	          7.25	
600114	东睦股份	0.00	35044752	14.62	14.61	14.63	23983	65	-0.13	          0.57	
600894	广日股份	1.51	34944084	8.73	8.72	8.73	40083	44	0.00	          0.47	
08479	金泰丰国际控股	11.11	34740056	1.400	--  	--  	23927500	4000	0.00	          5.70	
000659	*ST中富	0.84	34238924	3.59	3.59	3.60	96117	1666	0.56	          0.75	
002031	巨轮智能	0.75	34161100	2.70	2.70	2.71	126826	1991	0.00	          0.66	
603959	百利科技	1.08	34136512	31.96	31.89	31.97	10678	2	0.63	          1.00	
002566	益盛药业	3.75	33772896	8.03	8.02	8.03	42433	1503	-0.24	          2.00	
300673	佩蒂股份	1.17	33754892	44.25	44.25	44.27	7570	89	0.16	          3.78	
603615	茶花股份	1.49	33605456	12.25	12.20	12.28	27696	20	-0.23	          3.70	
603658	安图生物	0.38	33536772	49.58	49.55	49.64	6780	1	0.06	          0.50	
002403	爱仕达	0.64	33516910	10.94	10.93	10.94	30605	132	0.09	          1.06	
002838	道恩股份	0.46	33163408	46.00	45.98	46.00	7321	38	0.00	          1.94	
603416	信捷电气	4.42	32868346	27.87	27.87	27.88	11869	50	0.25	          3.38	
603368	柳州医药	0.44	32664588	45.75	45.73	45.86	7163	100	0.04	          0.49	
603377	东方时尚	1.61	32478642	39.83	39.70	39.86	8220	1	0.08	          0.70	
300633	开立医疗	1.51	32342296	23.60	23.60	23.61	13685	161	-0.16	          3.42	
002207	*ST准油	0.00	32064408	8.30	8.29	8.30	38179	419	0.12	          1.73	
002314	南山控股	1.52	31953354	6.02	6.02	6.03	53305	705	0.00	          0.72	
300045	华力创通	1.31	31916882	10.04	10.04	10.05	31850	245	0.20	          0.89	
002682	龙洲股份	3.05	31810262	10.15	10.14	10.15	31452	312	-0.09	          1.63	
000976	华铁股份	0.60	31662940	8.37	8.36	8.37	37974	95	0.24	          0.65	
600557	康缘药业	0.80	31344804	12.66	12.65	12.66	24704	3	-0.23	          0.41	
002338	奥普光电	0.53	31337278	11.45	11.45	11.46	27497	306	0.26	          1.15	
01826	丰展控股	27.81	31234602	1.930	--  	--  	17230000	50000	0.52	          1.40	
01581	进升集团控股	16.36	30704352	0.640	--  	--  	50540000	15000	0.00	          4.87	
02002	阳光纸业	0.79	30363172	2.550	--  	--  	11734000	14500	-0.39	          1.43	
300087	荃银高科	2.63	30238600	10.13	10.12	10.13	30016	171	0.00	          0.87	
300522	世名科技	1.98	30101022	17.51	17.50	17.51	17099	231	-0.05	          3.28	
002380	科远股份	0.79	29922120	15.28	15.27	15.28	19539	278	0.13	          1.37	
002193	如意集团	1.01	29183144	17.01	17.00	17.01	17185	198	0.47	          0.74	
600105	永鼎股份	0.55	29076112	5.50	5.49	5.50	52975	41	0.18	          0.70	
600576	祥源文化	0.94	29075900	6.43	6.42	6.43	45629	3	-0.15	          0.95	
002608	江苏国信	2.98	28733058	9.32	9.32	9.33	31136	431	0.11	          0.58	
002571	*ST德力	4.97	27923100	6.76	6.76	--  	42064	166	0.00	          1.66	
603319	湘油泵	1.05	27657376	29.71	29.70	29.72	9331	21	0.00	          1.65	
601519	*ST智慧	1.22	27272666	4.14	4.13	4.14	65925	58	-0.23	          0.33	
001696	宗申动力	0.00	27070668	5.67	5.67	5.68	47671	437	-0.34	          0.53	
300130	新国都	1.20	26819692	22.68	22.66	22.68	11885	252	-0.03	          0.76	
02006	锦江酒店	2.71	26794302	3.410	--  	--  	7916000	430000	0.59	          0.57	
603429	集友股份	3.41	26640060	33.08	33.07	33.09	8125	7	0.85	          2.39	
000417	合肥百货	1.97	26610364	7.77	7.76	7.77	34421	239	0.13	          0.44	
600091	ST明科	4.90	25822024	4.71	4.71	--  	55096	30	0.00	          1.64	
000737	*ST南风	1.87	25788458	4.35	4.35	4.36	59160	610	-0.22	          1.08	
601010	文峰股份	1.11	25699420	3.63	3.63	3.64	70463	2	0.00	          0.38	
002765	蓝黛传动	6.16	25473826	8.27	8.26	8.27	31601	1185	0.61	          1.94	
000633	合金投资	4.65	24555750	8.33	8.31	8.33	30103	1532	-0.11	          0.78	
002753	永东股份	0.39	24524922	18.07	18.07	18.08	13573	129	-0.10	          1.58	
002266	浙富控股	0.76	24457954	4.00	4.00	4.01	61060	1167	0.00	          0.38	
08337	直通电讯	302.4	24079832	0.165	--  	--  	144794000	120000	6.45	          4.65	
002454	松芝股份	10.01	23687372	11.98	11.98	--  	19772	56	0.00	          0.48	
002275	桂林三金	1.87	23538146	15.28	15.28	15.29	15460	28	0.07	          0.29	
002006	精功科技	1.28	23408122	6.31	6.31	6.32	37012	126	0.00	          0.81	
002872	天圣制药	0.83	23357214	29.31	29.31	29.32	7933	77	-0.02	          1.50	
002034	旺能环境	3.87	23332728	46.70	46.70	46.71	5036	123	0.02	          0.81	
07388	ＦＩ南方国指	2.38	23275730	5.590	--  	--  	4194400	8000	0.18	--  	
00821	汇盈控股	9.36	23143082	2.220	--  	--  	10864000	20000	0.91	          1.37	
02198	中国三江化工	4.58	23133566	3.200	--  	--  	7234000	4000	0.00	          0.61	
002119	康强电子	0.83	23029744	18.32	18.31	18.32	12594	108	-0.10	          0.62	
002723	金莱特	2.22	22972410	18.42	18.42	18.43	12592	59	0.00	          1.00	
300395	菲利华	0.35	22952356	14.33	14.32	14.33	15984	220	0.56	          0.60	
00777	网龙	2.93	22935070	20.400	20.350	20.400	1150080	16000	0.99	          0.22	
603968	醋化股份	0.63	22622914	19.30	19.26	19.30	11794	35	1.47	          0.86	
600458	时代新材	0.37	22602156	8.24	8.24	8.25	27453	3	0.12	          0.42	
603677	奇精机械	0.14	22508420	21.38	21.35	21.37	10155	4	-0.82	          2.57	
600163	中闽能源	1.65	22252802	4.31	4.30	4.31	51927	1	0.23	          0.69	
000785	武汉中商	1.74	22184528	9.37	9.36	9.37	23629	166	0.00	          0.94	
300029	天龙光电	10.06	21972382	7.88	7.88	--  	28592	173	0.00	          1.48	
603189	网达软件	1.02	21947108	13.90	13.84	13.93	15826	8	0.07	          1.44	
002620	瑞和股份	1.41	21781302	8.63	8.63	8.64	25293	506	0.12	          0.83	
600775	南京熊猫	0.14	21672756	6.96	6.95	6.96	30991	25	0.14	          0.46	
603698	航天工程	1.59	21442636	17.85	17.86	17.87	12106	23	0.11	          0.29	
300416	苏试试验	4.21	21419008	24.48	24.47	24.48	8880	95	-0.11	          1.17	
300488	恒锋工具	4.84	20750498	31.83	31.70	31.83	6608	133	0.09	          2.64	
300572	安车检测	3.31	20323274	67.07	67.07	67.10	3068	23	-0.11	          0.99	
002205	国统股份	0.64	20106974	15.65	15.63	15.65	12920	328	0.32	          1.11	
300105	龙源技术	10.06	19880722	5.36	5.36	--  	37806	333	0.00	          0.74	
08292	盛良物流	23.48	19498200	1.420	--  	--  	15890000	100000	1.43	          1.99	
300546	雄帝科技	0.67	19109306	19.45	19.44	19.45	9880	205	0.26	          1.36	
603806	福斯特	1.22	19049724	33.92	33.90	33.94	5651	9	0.12	          0.14	
01013	伟俊集团控股	9.09	18992394	0.060	--  	--  	333646016	400000	0.00	          1.56	
002361	神剑股份	0.86	18763424	4.68	4.67	4.68	40173	429	0.21	          0.67	
002552	宝鼎科技	1.29	18736028	8.61	8.61	8.62	21775	241	-0.45	          1.09	
000611	天首发展	0.75	18603068	6.73	6.73	6.77	27657	597	-0.58	          0.87	
600732	ST新梅	2.53	18552630	6.48	6.48	6.49	28841	20	0.47	          0.65	
002208	合肥城建	1.38	18527782	8.80	8.79	8.80	20989	182	-0.10	          0.66	
002135	东南网架	1.10	18384636	6.41	6.41	6.42	28693	230	0.00	          0.43	
300516	久之洋	0.00	18238788	39.63	39.63	39.64	4624	161	-0.02	          0.98	
300445	康斯特	2.92	18153818	14.08	14.08	14.10	12839	177	0.50	          3.16	
002549	凯美特气	0.00	17820960	5.72	5.72	5.73	30795	462	-0.34	          0.50	
01547	IBI GROUP HLDGS	12.00	17734124	0.560	--  	--  	31896008	56000	1.82	          3.99	
08422	ＷＴ集团	11.54	17699300	1.450	--  	--  	12460000	20000	-1.36	          1.25	
600423	*ST柳化	2.30	17658756	4.90	4.90	4.91	36311	26	0.41	          0.91	
603601	再升科技	2.21	17571596	12.95	12.94	12.95	13628	6	0.15	          0.35	
000862	银星能源	1.29	17010646	3.93	3.92	3.93	43643	754	0.26	          0.87	
300435	中泰股份	4.84	17006812	11.70	11.70	11.71	14782	620	1.30	          1.76	
300330	华虹计通	3.01	16835608	9.24	9.24	9.25	18343	141	-0.10	          1.09	
08300	皇玺餐饮集团	6.87	16693921	0.140	--  	--  	126940000	100000	1.45	          4.80	
002478	常宝股份	0.80	16632073	5.01	5.01	5.02	33282	933	0.40	          0.55	
600225	*ST松江	0.73	16613404	4.12	4.10	4.12	40523	1	0.24	          0.43	
002633	申科股份	0.76	16475047	9.30	9.29	9.30	17793	184	0.22	          2.04	
603029	天鹅股份	0.67	16355969	16.64	16.64	16.65	9897	50	0.42	          2.71	
300523	辰安科技	0.05	16196171	43.15	43.06	43.15	3746	106	-0.11	          0.37	
600461	洪城水业	0.33	16103698	6.17	6.17	6.18	26144	10	0.16	          0.44	
03969	中国通号	0.99	15995792	6.140	6.120	6.140	2614314	25000	0.33	          0.13	
603908	牧高笛	1.89	15675545	32.29	32.23	32.24	4936	6	0.50	          2.96	
603630	拉芳家化	0.43	15582403	23.17	23.16	23.18	6746	3	-0.03	          1.55	
600468	百利电气	0.37	15418264	5.37	5.37	5.38	28821	18	0.19	          0.36	
600071	凤凰光学	1.96	15047007	17.18	17.11	17.20	8757	9	-0.11	          0.37	
600841	上柴股份	0.74	15022603	12.25	12.25	12.26	12252	6	0.00	          0.23	
600243	青海华鼎	1.11	15015672	6.35	6.34	6.35	23663	2	0.00	          1.00	
600152	维科精华	0.66	14934880	6.14	6.14	6.15	24372	30	-0.15	          0.83	
002469	三维工程	0.19	14732589	5.35	5.34	5.35	27672	1304	0.19	          0.60	
01269	首控集团	5.28	14482881	3.390	--  	--  	4450000	44000	4.95	          0.09	
000722	湖南发展	0.34	14410322	8.76	8.75	8.76	16479	149	0.00	          0.36	
02326	新源万恒控股	13.33	14377041	0.170	0.169	0.170	86980000	20000	-0.58	          0.41	
00064	结好控股	0.00	14299581	0.315	--  	--  	44744000	34000	0.00	          0.46	
01717	澳优	7.05	14257401	6.380	--  	--  	2299000	1000	0.47	          0.18	
300555	路通视信	1.02	14084848	9.95	9.94	9.95	14283	370	0.00	          1.54	
002827	高争民爆	0.18	14074670	16.73	16.73	16.74	8440	303	-0.23	          1.34	
600857	宁波中百	0.92	13946123	9.89	9.90	9.92	13970	147	-0.39	          0.62	
600540	*ST新赛	0.97	13224292	4.17	4.17	4.18	31782	8	-0.23	          0.67	
01057	浙江世宝	12.98	12806521	2.350	2.340	2.350	5565000	30000	-0.84	          2.57	
002800	天顺股份	0.97	12556257	25.03	25.03	25.04	4997	104	-0.27	          1.43	
300313	天山生物	1.30	12459591	9.37	9.36	9.37	13351	442	0.21	          0.73	
600769	祥龙电业	1.19	12260298	5.11	5.10	5.11	24162	55	0.39	          0.64	
002591	恒大高新	2.44	12235708	10.09	10.08	10.09	12287	208	0.00	          0.70	
300279	和晶科技	0.08	12234986	12.27	12.27	12.28	9985	161	-0.15	          0.34	
600099	林海股份	0.39	12200817	7.71	7.71	7.72	15905	10	0.00	          0.73	
000985	大庆华科	0.31	11964179	16.25	16.25	16.26	7371	21	-0.11	          0.57	
000790	泰合健康	0.97	11498150	6.25	6.24	6.25	18630	290	0.32	          0.43	
002438	江苏神通	0.56	11466069	7.13	7.13	7.14	16122	276	0.00	          0.45	
002490	*ST墨龙	1.87	11375101	4.36	4.36	4.37	26115	603	0.00	          0.84	
300525	博思软件	0.99	11319250	38.70	38.69	38.70	2919	92	0.08	          0.69	
002485	希努尔	0.42	10907733	26.05	26.05	26.08	4199	138	-0.71	          0.13	
603067	振华股份	0.18	10849839	10.96	10.95	10.96	9948	13	0.09	          0.90	
000972	*ST中基	2.29	10677711	3.58	3.57	3.58	30098	278	-0.27	          0.39	
07321	ＦＩ华夏恒指	1.91	10608828	5.880	--  	--  	1813500	4000	0.00	--  	
600767	*ST运盛	0.00	9900865	6.13	6.13	6.14	16168	3	0.00	          0.47	
600965	福成股份	0.00	9576385	10.21	10.19	10.20	9393	9	0.20	          0.18	
00286	同佳健康	5.00	9303260	0.840	--  	--  	11184025	10000	0.00	          0.37	
00680	南海控股	4.17	9266700	0.250	0.247	0.250	37950000	100000	0.81	          0.06	
600400	红豆股份	0.62	9214959	6.48	6.47	6.48	14335	2	0.47	          0.10	
01573	中国优质能源	2.23	9161960	11.900	--  	--  	778000	4000	0.00	          0.11	
000880	潍柴重机	0.22	8962258	9.01	9.01	9.02	9953	122	0.00	          0.74	
01143	华夏健康产业	1.64	8595720	0.310	--  	--  	27668000	40000	0.00	          0.47	
000590	启迪古汉	0.98	8561812	11.38	11.36	11.38	7507	145	0.18	          0.34	
06865	福莱特玻璃	4.94	8552340	2.550	--  	--  	3373000	1000	0.00	          0.75	
02662	承兴国际控股	0.69	7510681	5.860	--  	--  	1284000	2000	0.00	          0.12	
06830	华众车载	12.70	7487735	1.420	--  	--  	5522200	26000	0.71	          0.31	
07341	ＦＩ华夏国指	2.49	7221523	6.180	--  	--  	1175100	5000	-0.16	--  	
02225	KAKIKO GROUP	3.89	7192751	1.870	--  	--  	3810000	5000	-0.53	          0.31	
03773	年年卡	3.91	7078621	1.330	--  	--  	5210000	12000	0.76	          1.26	
01979	天宝集团	5.93	7036201	1.430	--  	--  	5004000	32000	0.70	          0.50	
06168	中国优通	4.12	6779851	1.010	--  	--  	6880000	70000	1.00	          0.35	
002134	*ST普林	1.98	6545613	7.20	7.19	7.20	9124	29	0.14	          0.37	
07312	ＦＩ　三星恒指	1.38	6487159	4.420	--  	--  	1469800	10000	0.23	--  	
08170	KSL HOLDINGS	6.19	6096651	3.600	--  	--  	1735000	6000	0.00	          0.42	
02255	海昌海洋公园	0.51	6010561	1.980	1.980	1.990	3027000	212000	-0.50	          0.08	
00558	力劲科技	2.67	6000751	1.540	--  	--  	3930000	2500	-0.65	          0.33	
数据来源:通达信
