代码	名称	涨幅%%	总金额	涨跌	买价	卖价	总量	现量	涨速%%	换手%%	今开	
00700	腾讯控股	-0.73	7584356864	-3.400	461.800	462.000	16287008	1023600	-0.17	          0.17	465.000	
00388	香港交易所	-1.77	2864676096	-5.000	277.000	277.200	10276314	666500	-0.29	          0.83	281.000	
000830	鲁西化工	-8.24	2154576384	-1.63	18.13	18.14	1195104	12740	0.50	          8.16	19.45	
002340	格林美	-0.73	2016380416	-0.06	8.12	8.13	2498290	28377	-0.11	          8.02	8.17	
600887	伊利股份	-1.07	1975818752	-0.33	30.63	30.65	645340	150	-0.12	          1.07	31.00	
000651	格力电器	-0.92	1953196672	-0.49	52.93	52.94	369998	4213	0.17	          0.62	53.32	
600048	保利地产	-3.70	1685857280	-0.54	14.05	14.06	1191869	27	0.14	          1.02	14.56	
600585	海螺水泥	-3.83	1638106368	-1.31	32.92	32.93	495453	82	-0.20	          1.24	34.32	
002460	赣锋锂业	-0.61	1493892736	-0.48	78.51	78.52	190202	2149	0.15	          3.63	78.00	
000063	中兴通讯	-0.84	1482154624	-0.27	31.73	31.74	465494	4066	0.16	          1.36	31.88	
600728	佳都科技	-3.18	1324359296	-0.35	10.64	10.65	1238442	395	-0.27	          8.98	11.14	
000333	美的集团	-0.20	1260029824	-0.12	59.56	59.57	211598	1149	0.12	          0.33	59.69	
03988	中国银行	-0.68	1257833728	-0.030	4.370	4.380	287498688	17020000	-0.23	          0.34	4.360	
601088	中国神华	-5.34	1232446080	-1.24	21.97	21.98	552829	59	-0.08	          0.34	23.06	
601899	紫金矿业	-2.97	1196628736	-0.14	4.58	4.59	2611328	76	0.00	          1.65	4.66	
000002	万 科Ａ	-3.22	1166386304	-1.05	31.58	31.59	366968	3694	0.00	          0.38	32.57	
601600	中国铝业	-0.96	1081172736	-0.05	5.17	5.18	2091000	1	0.19	          1.91	5.20	
600029	南方航空	-3.18	1055483264	-0.36	10.97	10.98	957547	69	-0.08	          1.36	11.28	
01398	工商银行	-0.14	1047435392	-0.010	6.910	6.920	151659376	6303000	0.14	          0.17	6.870	
600570	恒生电子	-0.45	972743936	-0.24	52.53	52.55	184563	11	-0.09	          2.99	52.00	
601111	中国国航	-5.60	965515392	-0.72	12.14	12.15	781603	19	-0.24	          0.83	12.70	
601699	潞安环能	-7.11	957760320	-0.82	10.70	10.71	872761	7	-0.73	          2.92	11.22	
600516	方大炭素	-1.59	936639744	-0.43	26.58	26.59	351292	54	0.11	          2.04	26.88	
600340	华夏幸福	-2.52	862667648	-0.89	34.51	34.52	248961	3	-0.02	          0.84	35.06	
600019	宝钢股份	-3.08	818884160	-0.29	9.12	9.13	895297	12	-0.21	          0.41	9.28	
002236	大华股份	-0.22	818202944	-0.06	27.12	27.13	301839	2177	0.11	          1.77	27.16	
000825	太钢不锈	-6.12	805044352	-0.40	6.14	6.15	1289739	20053	-0.31	          2.26	6.43	
601360	三六零	-2.25	800371712	-1.08	46.96	46.98	169667	12	0.11	          4.27	47.51	
300618	寒锐钴业	-0.98	761519552	-3.09	311.80	311.85	24794	462	0.26	          3.48	306.89	
600507	方大特钢	-5.37	746226496	-0.93	16.39	16.40	451263	64	0.00	          3.40	17.05	
002129	中环股份	-2.08	728418752	-0.21	9.88	9.89	725786	12834	-0.09	          2.74	9.95	
600606	绿地控股	-2.48	720643712	-0.19	7.46	7.47	959747	34	-0.12	          2.98	7.62	
000732	泰禾集团	-5.42	716376576	-1.58	27.54	27.55	253976	6794	-0.39	          2.04	28.74	
002466	天齐锂业	-0.40	713170240	-0.25	61.55	61.56	115410	1175	0.07	          1.02	61.28	
000735	罗 牛 山	-7.18	712053952	-0.66	8.53	8.54	834444	9979	0.12	          7.88	9.13	
00001	长和	-1.87	691971328	-1.850	97.000	97.050	7114665	406500	0.15	          0.18	97.900	
000672	上峰水泥	-3.28	680797696	-0.45	13.26	13.27	515145	10118	0.23	          6.33	13.60	
002694	顾地科技	-5.64	675813888	-0.78	13.06	13.07	505419	9248	0.15	         10.22	13.40	
601225	陕西煤业	-3.81	664134080	-0.31	7.81	7.82	840695	181	0.00	          0.84	8.07	
601636	旗滨集团	-6.38	663143680	-0.44	6.45	6.46	1014847	18	0.31	          4.04	6.82	
601668	中国建筑	-0.23	658619328	-0.02	8.84	8.85	744687	129	-0.10	          0.25	8.86	
600392	盛和资源	-2.05	626145216	-0.36	17.20	17.21	366462	28	0.47	          3.41	17.35	
002927	泰永长征	-3.71	615776448	-2.01	52.20	52.21	118622	2082	0.77	         50.58	51.51	
002226	江南化工	-6.67	613136704	-0.51	7.14	7.15	864877	9337	0.28	          9.49	7.31	
000786	北新建材	-3.55	611186176	-0.90	24.45	24.46	247676	2820	0.08	          1.75	25.49	
600348	阳泉煤业	-5.51	594304000	-0.48	8.22	8.23	712504	102	0.37	          2.96	8.59	
600188	兖州煤业	-4.72	589055744	-0.67	13.50	13.51	433421	10	0.37	          1.46	14.02	
000789	万年青	-3.20	582078784	-0.40	12.10	12.11	483071	10963	0.25	          7.88	12.44	
002497	雅化集团	-1.12	579388288	-0.16	14.10	14.11	412591	5734	-0.06	          5.06	13.83	
600111	北方稀土	-1.41	578383616	-0.19	13.32	13.33	434741	10	0.00	          1.20	13.35	
601155	新城控股	-1.69	569006784	-0.63	36.69	36.70	154643	6	0.00	          2.15	37.46	
000932	华菱钢铁	-5.29	557957056	-0.46	8.23	8.24	671554	6865	0.12	          2.23	8.58	
600362	江西铜业	-1.56	541069184	-0.28	17.71	17.72	306271	17	-0.10	          1.48	17.79	
601688	华泰证券	-0.35	540603392	-0.06	17.26	17.27	311968	502	0.00	          0.57	17.34	
600740	山西焦化	-4.52	536263488	-0.57	12.03	12.04	443718	833	-0.16	          6.76	12.24	
600581	八一钢铁	-4.24	526462496	-0.65	14.67	14.70	358344	345	0.07	          4.68	14.98	
01918	融创中国	-4.59	524031040	-1.450	30.150	30.200	17059116	480000	-0.17	          0.39	31.800	
300136	信维通信	-1.32	511139296	-0.53	39.64	39.65	127999	1310	-0.22	          1.72	40.05	
01548	金斯瑞生物科技	-4.57	506192864	-1.250	26.100	26.150	18962408	1192000	-1.14	          1.09	26.700	
002320	海峡股份	-0.64	505765216	-0.18	27.88	27.90	189856	1850	-0.84	          9.17	28.10	
002110	三钢闽光	-5.91	504571936	-1.25	19.91	19.92	250341	6329	-0.14	          2.53	20.78	
01113	长实集团	-0.57	501961568	-0.400	69.500	69.600	7270490	322500	0.14	          0.20	68.500	
002146	荣盛发展	-3.10	500751840	-0.33	10.31	10.32	481268	5350	0.00	          1.24	10.58	
600050	中国联通	-0.16	495323712	-0.01	6.15	6.16	803053	70	0.33	          0.42	6.19	
300740	御家汇	-0.28	494295776	-0.14	50.47	50.48	97128	2500	0.22	         24.28	50.15	
601012	隆基股份	-2.11	492086144	-0.76	35.35	35.38	138496	16	-0.24	          0.70	36.10	
600549	厦门钨业	-1.78	478834208	-0.45	24.84	24.85	192474	12	-0.07	          1.78	25.01	
002027	分众传媒	-2.39	476813440	-0.34	13.87	13.88	337599	8561	-0.06	          0.58	14.25	
600782	新钢股份	-5.67	476613216	-0.39	6.49	6.50	725591	30	0.00	          2.60	6.70	
600660	福耀玻璃	-2.55	475455008	-0.68	26.01	26.02	182872	75	-0.07	          0.91	26.60	
002769	普路通	-4.70	472956672	-0.94	19.04	19.05	249888	4517	0.42	         13.12	19.55	
300134	大富科技	-9.97	472190336	-1.64	--  	14.81	312854	634	0.00	          4.39	14.81	
600207	安彩高科	-6.46	471172096	-0.65	9.41	9.42	499764	114	0.21	          7.24	9.73	
000983	西山煤电	-5.84	470397216	-0.53	8.54	8.55	537522	9991	-0.11	          1.71	9.01	
002241	歌尔股份	-0.13	466931264	-0.02	15.05	15.06	308922	2543	0.00	          1.14	15.03	
002268	卫 士 通	-0.86	466400384	-0.24	27.76	27.78	166109	1403	0.33	          2.40	27.60	
300300	汉鼎宇佑	-3.02	457110048	-0.65	20.85	20.86	220602	3076	0.97	          5.75	21.18	
300115	长盈精密	-0.60	454080128	-0.13	21.40	21.41	211162	2378	0.00	          2.35	21.32	
300433	蓝思科技	-1.96	450255936	-0.54	27.02	27.03	165528	683	0.11	          3.74	27.14	
600115	东方航空	-2.17	445007520	-0.16	7.21	7.22	613788	46	-0.13	          0.63	7.40	
000936	华西股份	-5.02	441358624	-0.42	7.93	7.94	554179	7373	-0.12	          7.41	8.10	
001979	招商蛇口	-1.96	434156192	-0.44	22.02	22.03	196895	1379	-0.08	          1.04	22.38	
002512	达华智能	-4.36	431676000	-0.55	12.05	12.06	353445	6125	0.08	          5.53	12.49	
300113	顺网科技	-1.07	425211424	-0.24	22.26	22.27	188227	3074	-0.21	          4.07	22.26	
01336	新华保险	-1.52	425131296	-0.700	45.300	45.350	9344695	124600	-0.11	          0.90	46.000	
002596	海南瑞泽	-4.43	420746016	-0.51	11.00	11.01	378424	4442	-0.17	          5.21	11.75	
300058	蓝色光标	-2.63	420665472	-0.20	7.41	7.42	560659	11119	0.00	          3.33	7.50	
600282	南钢股份	-3.82	420256512	-0.19	4.79	4.80	871425	88	0.00	          2.25	4.91	
000100	TCL 集团	-0.79	420122880	-0.03	3.78	3.79	1103161	8464	0.00	          0.94	3.80	
600596	新安股份	-3.79	415069568	-0.52	13.19	13.20	314342	20	0.38	          4.63	13.60	
002001	新 和 成	-0.68	413636736	-0.25	36.39	36.40	113444	2218	0.11	          1.06	36.70	
600176	中国巨石	-1.73	412087136	-0.29	16.50	16.51	248694	7	0.30	          0.85	16.79	
01038	长江基建集团	-1.49	409327392	-1.000	65.850	65.900	6195636	142000	0.08	          0.23	66.750	
01088	中国神华	-2.99	408240384	-0.650	21.100	21.150	19176660	662500	0.00	          0.56	21.500	
600567	山鹰纸业	-1.26	398418080	-0.06	4.72	4.73	839322	177	0.64	          1.84	4.80	
01171	兖州煤业股份	-4.21	393782944	-0.440	10.020	10.040	38639620	600000	-0.40	          1.98	10.460	
600383	金地集团	-2.88	390464032	-0.36	12.15	12.16	319371	36	-0.15	          0.71	12.46	
600720	祁连山	-3.07	381785056	-0.36	11.35	11.36	333686	220	-0.25	          4.30	11.70	
02018	瑞声科技	-1.36	379440416	-2.100	152.200	152.300	2488076	119500	0.07	          0.20	152.000	
600801	华新水泥	-2.05	379102080	-0.31	14.79	14.80	257477	6	0.20	          2.65	15.09	
300088	长信科技	-0.13	378024256	-0.01	7.47	7.48	501906	3409	0.00	          2.22	7.45	
002202	金风科技	-0.11	366918208	-0.02	18.86	18.87	194732	1920	0.00	          0.69	18.95	
600016	民生银行	-0.24	354265632	-0.02	8.28	8.29	427580	26	0.00	          0.14	8.29	
000671	阳 光 城	-4.04	349795360	-0.34	8.08	8.09	428613	6411	-0.11	          1.32	8.43	
600380	健康元	-1.66	348233600	-0.21	12.44	12.46	279878	11	0.08	          1.79	12.60	
02319	蒙牛乳业	-1.00	343155776	-0.250	24.800	24.850	13928628	436000	0.00	          0.35	25.050	
002354	天神娱乐	-2.13	339676096	-0.40	18.37	18.38	184490	1665	-0.10	          3.55	18.53	
000069	华侨城Ａ	-2.55	332937664	-0.22	8.40	8.41	394475	1715	0.00	          0.64	8.61	
00016	新鸿基地产	-0.39	332690016	-0.500	129.200	129.300	2578161	341000	0.08	          0.09	129.000	
002304	洋河股份	-0.19	318595168	-0.21	112.80	112.83	28221	198	0.28	          0.23	113.48	
02202	万科企业	-3.33	318565824	-1.150	33.350	33.400	9511650	302900	0.30	          0.72	34.500	
002611	东方精工	-2.77	315896672	-0.42	14.72	14.73	212217	3618	-0.80	          6.01	15.36	
002912	中新赛克	-6.72	314812608	-8.97	124.57	124.60	25034	578	-0.49	         14.99	127.87	
002517	恺英网络	-1.05	314136192	-0.21	19.79	19.80	158005	3048	0.00	          2.71	20.00	
300072	三聚环保	-1.09	312980064	-0.36	32.65	32.66	94954	735	0.00	          0.69	33.01	
000970	中科三环	-1.67	312764032	-0.22	12.92	12.93	241676	2605	-0.14	          2.27	13.13	
000792	盐湖股份	-1.23	311898784	-0.17	13.63	13.64	227534	2476	0.15	          0.83	13.74	
03333	中国恒大	-2.69	310573280	-0.700	25.300	25.350	12150910	776000	-0.39	          0.09	25.850	
01109	华润置地	-1.22	308366976	-0.350	28.300	28.350	10947926	488000	0.18	          0.16	28.450	
603559	中通国脉	-1.49	306018976	-0.53	35.07	35.08	86346	138	0.17	         10.86	34.97	
300450	先导智能	-1.19	302443264	-0.88	72.91	72.92	41280	486	0.10	          2.44	72.80	
300498	温氏股份	-3.24	301066144	-0.70	20.92	20.93	142682	872	0.05	          0.40	21.58	
002440	闰土股份	-0.44	300783840	-0.10	22.60	22.61	133527	2022	0.18	          2.18	22.66	
600068	葛洲坝	-1.43	299395520	-0.13	8.98	8.99	331753	2	0.22	          0.72	9.11	
000528	柳 工	-3.83	298912800	-0.37	9.29	9.30	318769	4405	-0.10	          2.83	9.61	
03323	中国建材	-1.91	297691904	-0.160	8.220	8.240	35926096	1252000	-0.36	          1.25	8.500	
002928	华夏航空	-0.37	296710208	-0.15	40.40	40.41	74646	1906	0.92	         18.43	40.56	
000155	川化股份	-4.00	296188384	-0.30	7.20	7.21	402723	6347	0.00	          4.30	7.48	
002839	张家港行	-1.02	295455840	-0.09	8.76	8.77	338006	7073	0.11	          4.05	8.87	
03799	达利食品	-8.09	290226528	-0.610	6.930	6.940	41551764	959000	0.43	          0.30	7.500	
002635	安洁科技	-1.13	288145696	-0.27	23.69	23.70	120468	1604	0.17	          3.78	23.90	
600216	浙江医药	-0.86	284907264	-0.14	16.06	16.09	176342	21	0.37	          1.86	16.30	
002714	牧原股份	-4.77	284206912	-2.37	47.35	47.36	59161	316	0.04	          0.99	50.39	
601992	金隅集团	-2.32	281870400	-0.12	5.05	5.06	554076	50	0.20	          0.68	5.18	
000795	英洛华	-1.70	280719424	-0.11	6.34	6.35	443374	11313	-0.15	          6.46	6.37	
300315	掌趣科技	-0.46	279253984	-0.03	6.45	6.46	429349	5143	-0.14	          1.62	6.50	
002409	雅克科技	-4.62	279101728	-1.20	24.79	24.80	112108	2149	0.32	          6.12	25.70	
002050	三花智控	-1.71	278677088	-0.34	19.60	19.62	141550	2671	0.26	          0.91	19.85	
600808	马钢股份	-3.25	277725376	-0.13	3.86	3.87	710691	62	-0.25	          1.19	3.98	
601233	桐昆股份	-1.48	277410304	-0.35	23.38	23.39	118582	125	0.26	          0.98	23.80	
02328	中国财险	-1.46	275169472	-0.240	16.220	16.240	16868680	1084000	0.12	          0.37	16.460	
601006	大秦铁路	-1.56	273429888	-0.14	8.81	8.82	308555	10	0.00	          0.21	8.96	
00998	中信银行	-0.36	272042720	-0.020	5.530	5.540	48841440	2905000	-0.18	          0.33	5.550	
002310	东方园林	-0.98	271316608	-0.19	19.25	19.26	140027	829	0.36	          0.86	19.46	
600426	华鲁恒升	-3.51	270287936	-0.63	17.33	17.34	156105	1	0.17	          0.97	17.69	
002074	国轩高科	-0.49	270010208	-0.11	22.56	22.57	119220	1552	0.31	          1.89	22.73	
000935	四川双马	-0.32	269205440	-0.06	18.73	18.74	144920	2598	0.21	          2.30	18.90	
03888	金山软件	-0.68	264718704	-0.200	29.100	29.150	9140168	170000	0.00	          0.67	29.350	
600291	西水股份	-2.22	264368320	-0.46	20.30	20.31	130599	50	0.05	          1.33	20.59	
000898	鞍钢股份	-2.73	262394672	-0.18	6.40	6.41	408055	4775	0.16	          0.66	6.56	
000839	中信国安	-2.29	261750112	-0.18	7.67	7.68	336752	15498	-0.77	          0.86	7.86	
000816	智慧农业	-2.56	258755232	-0.10	3.80	3.81	675922	6822	0.00	          5.06	3.90	
300676	华大基因	-0.47	258154576	-0.78	165.42	165.44	15531	421	-0.07	          3.87	166.00	
603680	今创集团	-2.55	257598064	-1.16	44.30	44.32	58164	53	0.43	         13.85	45.08	
600018	上港集团	-1.23	256799712	-0.09	7.23	7.24	354142	47	0.00	          0.16	7.26	
600325	华发股份	-2.07	254891184	-0.17	8.05	8.06	312649	75	-0.11	          1.63	8.22	
02689	玖龙纸业	-3.03	253633440	-0.400	12.820	12.840	19625800	478000	-0.31	          0.42	13.300	
002229	鸿博股份	-1.23	252664960	-0.15	12.02	12.03	212637	4576	0.42	          5.77	12.00	
002016	世荣兆业	-3.18	250906416	-0.44	13.38	13.39	184872	3574	-0.06	          2.86	13.70	
002475	立讯精密	-0.08	246368592	-0.02	25.60	25.66	96331	1061	-0.26	          0.30	25.50	
600125	铁龙物流	-0.97	244588480	-0.09	9.21	9.22	264584	10	0.22	          2.03	9.24	
601118	海南橡胶	-7.18	243837376	-0.42	5.42	5.43	443949	48	0.00	          1.13	5.82	
300104	乐视网	-9.95	242910720	-0.59	--  	5.34	454889	2659	0.00	          1.49	5.34	
600721	百花村	-2.05	242726592	-0.22	10.54	10.55	236446	22	0.29	          7.82	10.26	
002156	通富微电	-0.49	242664160	-0.06	12.20	12.21	195988	4739	-0.15	          2.02	12.27	
000717	韶钢松山	-3.16	241855376	-0.23	7.04	7.05	341858	1998	0.28	          1.41	7.16	
000338	潍柴动力	-0.84	240940608	-0.07	8.31	8.32	289261	2785	0.00	          0.67	8.38	
600346	恒力股份	-3.01	238806192	-0.47	15.15	15.17	157573	165	-0.06	          1.71	15.35	
600146	商赢环球	-6.40	238692096	-1.74	25.42	25.43	91405	697	-0.85	          4.57	26.70	
600971	恒源煤电	-4.78	238035504	-0.46	9.15	9.16	257739	397	0.00	          2.58	9.51	
002600	领益智造	-3.84	236984240	-0.33	8.26	8.27	281838	4972	0.00	          2.12	8.40	
002606	大连电瓷	-0.87	236445744	-0.08	9.13	9.14	257799	4056	0.22	          6.41	9.08	
600209	罗顿发展	-6.39	232709392	-0.64	9.36	9.37	248613	3	-0.10	          5.83	10.04	
603709	中源家居	-0.69	232645440	-0.26	37.23	37.27	62618	5	1.41	         31.31	36.50	
002235	安妮股份	-0.60	229239632	-0.07	11.62	11.63	198311	2609	-0.08	          5.94	11.45	
600010	包钢股份	-0.87	227053216	-0.02	2.26	2.27	999015	11	0.00	          0.45	2.29	
000877	天山股份	-1.06	224965312	-0.12	11.16	11.17	201692	2615	0.00	          2.29	11.35	
600183	生益科技	-0.12	224465920	-0.02	16.88	16.89	133096	10	-0.11	          0.91	16.80	
02238	广汽集团	-2.26	224439696	-0.400	17.300	17.320	12907849	744000	0.00	          0.58	17.780	
600569	安阳钢铁	-4.02	220744880	-0.19	4.53	4.54	483227	10	0.00	          2.02	4.69	
002597	金禾实业	-2.14	219160240	-0.57	26.01	26.02	83856	1049	0.12	          1.50	26.33	
600025	华能水电	-0.49	218182816	-0.02	4.08	4.09	534781	201	0.00	          2.97	4.11	
000856	冀东装备	-0.20	217783040	-0.04	20.28	20.29	107896	1409	-0.14	          4.75	20.14	
600970	中材国际	-1.59	217517712	-0.16	9.90	9.91	219365	65	0.00	          1.30	10.01	
02899	紫金矿业	-2.33	215697104	-0.090	3.770	3.780	57479248	198000	0.00	          1.00	3.840	
01055	中国南方航空股份	-2.56	215027184	-0.260	9.900	9.920	21585280	636000	0.51	          0.70	10.000	
00753	中国国航	-4.77	214705840	-0.560	11.180	11.200	18987904	170000	0.18	          0.42	11.600	
600409	三友化工	-2.48	212186784	-0.24	9.41	9.42	223565	23	0.00	          1.21	9.64	
000886	海南高速	-4.97	210720400	-0.32	6.12	6.13	347612	2547	0.49	          3.60	6.47	
600787	中储股份	-3.50	210606832	-0.34	9.37	9.38	220743	10	-0.20	          1.19	9.72	
002709	天赐材料	-0.86	210078656	-0.44	50.45	50.46	41491	538	-0.03	          2.20	50.28	
600398	海澜之家	-1.53	209254656	-0.19	12.18	12.19	168602	7	0.00	          0.38	12.35	
600066	宇通客车	-1.10	207826704	-0.26	23.26	23.29	88856	6	-0.20	          0.40	23.54	
000987	越秀金控	-3.81	206371392	-0.44	11.11	11.12	185907	2513	0.09	          3.45	11.38	
000050	深天马Ａ	-1.17	205485232	-0.20	16.84	16.85	121217	3024	0.06	          0.87	17.06	
002555	三七互娱	-0.30	205211152	-0.06	19.91	19.92	102690	799	0.00	          0.88	19.95	
600623	华谊集团	-4.36	205201936	-0.48	10.53	10.54	192598	3	0.10	          2.06	10.86	
600868	梅雁吉祥	-1.04	204962160	-0.05	4.77	4.78	427696	47	0.21	          2.25	4.80	
600643	爱建集团	-2.34	204932336	-0.27	11.25	11.26	180255	12	0.18	          1.26	11.50	
603626	科森科技	-7.62	203142512	-2.05	24.88	24.89	81196	9	0.49	          7.19	25.00	
601666	平煤股份	-3.85	201660240	-0.23	5.73	5.74	348216	46	0.17	          1.47	5.93	
000006	深振业Ａ	-0.38	200108512	-0.03	7.90	7.91	255519	5835	0.25	          1.90	7.91	
02799	中国华融	-3.22	198836496	-0.120	3.610	3.620	54589488	1635000	-0.55	          0.22	3.730	
002153	石基信息	-0.72	197976656	-0.20	27.46	27.47	71952	542	-0.03	          1.49	27.44	
600837	海通证券	-0.08	191976832	-0.01	12.00	12.01	159759	30	-0.07	          0.20	12.02	
600652	游久游戏	-0.63	188667216	-0.05	7.84	7.85	241392	61	0.51	          2.90	7.91	
000806	银河生物	-0.94	188601696	-0.07	7.37	7.38	254926	4104	0.00	          3.65	7.40	
002194	武汉凡谷	-1.47	186565680	-0.15	10.02	10.03	185516	2791	0.10	          3.50	9.93	
000060	中金岭南	-0.61	184318528	-0.06	9.83	9.84	187547	871	0.20	          0.85	9.85	
02388	中银香港	-0.63	183958640	-0.250	39.450	39.500	4660268	617000	-0.25	          0.04	39.450	
002102	冠福股份	-2.61	181474256	-0.13	4.85	4.86	371296	4280	-0.20	          2.19	4.95	
000413	东旭光电	-0.61	181046752	-0.05	8.19	8.20	220141	2566	0.00	          0.54	8.22	
600499	科达洁能	-0.60	179454816	-0.06	9.96	9.97	179462	30	0.20	          1.27	9.98	
06030	中信证券	-0.65	174939568	-0.120	18.320	18.340	9545628	635000	0.11	          0.42	18.460	
00017	新世界发展	-1.35	174812448	-0.160	11.700	11.720	14930668	1722000	0.34	          0.15	11.860	
600122	宏图高科	-2.05	174776448	-0.19	9.03	9.04	191732	28	0.22	          1.66	9.25	
000709	河钢股份	-1.06	174128880	-0.04	3.73	3.74	464736	3882	0.27	          0.44	3.77	
300340	科恒股份	-0.25	173055296	-0.12	48.46	48.47	35743	578	0.14	          4.20	48.09	
002063	远光软件	-0.09	171122784	-0.01	11.00	11.01	154782	958	0.00	          2.89	10.95	
002812	创新股份	-1.25	170395808	-1.55	121.80	122.00	14068	111	-0.14	          2.24	123.00	
01988	民生银行	-0.37	169923664	-0.030	7.980	7.990	21233418	1271000	-0.13	          0.31	8.020	
000979	中弘股份	-4.38	168372224	-0.07	1.53	1.54	1089517	8633	0.00	          1.30	1.58	
000800	一汽轿车	-1.99	168257472	-0.22	10.83	10.84	154035	1043	-0.08	          1.09	11.01	
603881	数据港	-2.81	166678752	-1.14	39.42	39.43	42439	16	0.20	          3.32	38.42	
000895	双汇发展	-0.36	164047696	-0.10	27.89	27.90	58780	385	0.07	          0.18	28.06	
002151	北斗星通	-1.24	163989776	-0.35	27.81	27.82	58374	1112	0.00	          2.29	28.20	
600446	金证股份	-1.53	163857040	-0.25	16.07	16.08	101203	1	0.75	          1.26	16.10	
002258	利尔化学	-3.67	163397760	-0.77	20.23	20.24	79796	979	0.10	          1.52	20.86	
002493	荣盛石化	-0.44	163210224	-0.07	15.90	15.91	102770	1007	0.19	          0.30	15.80	
00288	万洲国际	-0.11	161775632	-0.010	9.430	9.450	17237176	1727500	-0.21	          0.12	9.280	
01211	比亚迪股份	-0.40	160201168	-0.300	74.000	74.050	2153107	181000	-0.13	          0.24	74.100	
000426	兴业矿业	-1.75	160063024	-0.18	10.12	10.13	157555	2114	0.10	          1.18	10.30	
300099	精准信息	-1.10	158810464	-0.08	7.16	7.17	223820	4192	0.42	          5.71	7.04	
600498	烽火通信	-0.95	158366496	-0.27	28.15	28.16	55847	3	0.00	          0.55	28.11	
600405	动力源	-3.15	157604496	-0.22	6.75	6.76	234166	3	0.75	          4.23	6.83	
002673	西部证券	-0.58	155610160	-0.06	10.22	10.23	151295	1597	-0.19	          0.43	10.27	
002411	必康股份	-1.36	154487120	-0.36	26.10	26.16	59357	1406	0.46	          2.07	26.58	
601801	皖新传媒	-2.46	154144816	-0.26	10.28	10.29	149169	200	0.59	          0.75	10.58	
002045	国光电器	-2.48	154109312	-0.32	12.59	12.60	121729	1816	0.24	          2.93	12.91	
603517	绝味食品	-7.84	152661008	-2.93	34.41	34.44	43712	26	0.41	          2.67	35.80	
600298	安琪酵母	-0.85	150441360	-0.28	32.65	32.70	46003	5	-0.02	          0.56	32.87	
002073	软控股份	-2.59	148236928	-0.22	8.26	8.27	178416	3039	-0.23	          2.38	8.35	
600715	文投控股	-9.99	148111664	-1.57	--  	14.15	103986	4	0.00	          2.32	14.30	
01212	利福国际	-1.58	145180880	-0.200	12.480	12.500	11722500	40000	0.32	          0.73	12.700	
01788	国泰君安国际	-3.20	142689184	-0.080	2.410	2.420	59325000	1017000	0.00	          0.77	2.500	
002457	青龙管业	-1.38	142236896	-0.17	12.18	12.19	116174	3101	-0.07	          4.21	12.33	
000799	酒鬼酒	-1.05	142136288	-0.26	24.41	24.42	58158	555	0.29	          1.79	24.46	
600438	通威股份	-0.10	141852960	-0.01	10.04	10.06	141216	10	-0.09	          0.51	10.07	
03311	中国建筑国际	-0.96	140752944	-0.100	10.300	10.320	13670412	548000	-0.19	          0.27	10.400	
00291	华润啤酒	-1.34	140085360	-0.450	33.250	33.300	4216259	186000	0.45	          0.13	33.450	
000878	云南铜业	-0.74	137999008	-0.09	12.10	12.11	114722	929	0.08	          0.81	12.12	
600406	国电南瑞	-0.60	137941248	-0.10	16.59	16.60	83034	65	0.18	          0.38	16.77	
00656	复星国际	-1.04	137692080	-0.180	17.180	17.200	8022879	411000	0.47	          0.09	17.060	
002192	融捷股份	-0.45	136317216	-0.13	28.89	28.90	47302	638	-0.13	          2.48	28.78	
00066	港铁公司	-1.26	136095200	-0.550	43.100	43.150	3152101	272000	0.00	          0.05	43.500	
600089	特变电工	-0.78	136057072	-0.07	8.91	8.92	152390	55	0.22	          0.41	8.95	
000885	同力水泥	-2.29	134705056	-0.37	15.78	15.80	85495	1240	0.19	          1.72	16.09	
01208	五矿资源	-1.16	134392592	-0.060	5.110	5.120	26389670	116000	-0.39	          0.33	5.170	
600919	江苏银行	-0.27	133757416	-0.02	7.40	7.41	180502	10	0.00	          0.30	7.41	
002547	春兴精工	-0.11	132516152	-0.01	9.19	9.20	144884	2636	-0.10	          1.81	9.20	
600726	华电能源	-1.78	130845096	-0.06	3.31	3.32	401649	38	-0.59	          2.62	3.23	
000507	珠海港	-1.99	130594032	-0.19	9.35	9.36	139357	4555	0.32	          1.80	9.46	
002178	延华智能	-1.03	130089152	-0.08	7.71	7.72	167764	3508	-0.25	          2.76	7.80	
002152	广电运通	-0.53	128913080	-0.04	7.43	7.44	171996	696	0.13	          0.88	7.43	
002054	德美化工	-1.42	128748952	-0.11	7.62	7.63	169426	3262	-0.12	          5.38	7.65	
601222	林洋能源	-2.83	127633432	-0.23	7.91	7.92	160541	4	0.13	          0.92	8.15	
600219	南山铝业	-0.59	127487064	-0.02	3.34	3.35	380639	20	0.30	          0.54	3.37	
600958	东方证券	-0.38	127483736	-0.05	13.24	13.25	96492	9	-0.07	          0.31	13.22	
000049	德赛电池	-1.49	127176432	-0.53	35.12	35.13	35799	719	0.09	          1.74	35.65	
000791	甘肃电投	-4.32	125918728	-0.33	7.31	7.32	170682	1745	0.41	          1.76	7.52	
002341	新纶科技	-0.88	125902136	-0.22	24.90	24.91	50289	892	-0.15	          1.66	25.29	
601101	昊华能源	-3.22	124897784	-0.24	7.22	7.23	171862	1	0.00	          1.43	7.44	
300052	中青宝	-0.34	124628760	-0.05	14.57	14.58	85578	635	0.41	          3.29	14.50	
600141	兴发集团	-1.89	124613408	-0.30	15.57	15.58	80197	600	0.19	          1.60	15.89	
000961	中南建设	-1.39	124397440	-0.10	7.12	7.13	173949	2059	-0.13	          0.47	7.24	
000762	西藏矿业	-1.69	124100176	-0.24	13.95	13.96	88551	816	0.00	          1.86	14.08	
002629	仁智股份	-0.65	122598448	-0.05	7.69	7.70	162131	4380	0.39	          4.71	7.55	
601333	广深铁路	-2.49	122205888	-0.12	4.68	4.69	258331	208	0.00	          0.46	4.80	
000581	威孚高科	-0.38	122120504	-0.09	23.40	23.41	52082	550	-0.03	          0.62	23.49	
002470	金正大	-1.31	122075544	-0.11	8.29	8.30	144626	3529	-0.11	          0.53	8.48	
600110	诺德股份	-1.25	121630080	-0.11	8.67	8.68	139501	12	-0.11	          1.21	8.70	
002233	塔牌集团	-1.90	120655240	-0.22	11.33	11.34	106209	993	0.18	          1.32	11.55	
000012	南 玻Ａ	-2.22	120480400	-0.18	7.90	7.91	150977	3983	0.13	          1.00	8.07	
600373	中文传媒	-1.48	118959016	-0.24	15.95	15.96	73917	7	0.63	          0.54	16.20	
603288	海天味业	-0.49	118254048	-0.29	59.08	59.15	19882	3	0.27	          0.07	59.51	
300037	新宙邦	-0.13	118145736	-0.03	23.14	23.18	51155	468	0.17	          2.24	23.08	
002217	合力泰	-1.27	117257216	-0.13	10.09	10.10	115729	463	0.10	          0.56	10.13	
600875	东方电气	-1.04	116639512	-0.10	9.51	9.52	122718	339	0.21	          0.61	9.61	
600598	北大荒	-1.05	116346880	-0.11	10.40	10.41	111400	12	-0.18	          0.63	10.50	
600449	宁夏建材	-2.23	116131032	-0.28	12.28	12.30	94489	72	0.24	          1.98	12.48	
000036	华联控股	-1.12	115224608	-0.10	8.77	8.80	130668	3005	0.69	          1.15	8.92	
601003	柳钢股份	-4.58	115088152	-0.32	6.67	6.68	171195	102	0.00	          0.67	6.88	
002012	凯恩股份	-3.06	114740024	-0.25	7.91	7.92	144410	3193	0.13	          3.09	8.15	
600823	世茂股份	-1.55	114361192	-0.08	5.09	5.10	223680	1	0.00	          0.60	5.18	
00316	东方海外国际	-0.07	114093384	-0.050	73.100	73.150	1559500	14000	0.07	          0.25	73.150	
600997	开滦股份	-3.21	112745176	-0.19	5.71	5.72	195808	40	0.00	          1.59	5.88	
03898	中车时代电气	-0.73	112424344	-0.300	40.600	40.650	2765980	64100	0.25	          0.51	40.500	
300248	新开普	-0.89	112160168	-0.12	13.31	13.32	82867	1642	-0.14	          4.06	13.73	
002056	横店东磁	-0.10	111870240	-0.01	9.87	9.88	112619	1322	0.10	          0.69	9.90	
600283	钱江水利	-3.35	111167032	-0.45	12.98	12.99	84741	200	0.08	          2.40	13.30	
000723	美锦能源	-0.35	110637416	-0.02	5.62	5.63	197958	22650	0.36	          1.83	5.65	
002572	索菲亚	-0.69	110354512	-0.24	34.69	34.70	31822	457	0.49	          0.51	34.98	
03328	交通银行	-0.16	110134768	-0.010	6.270	6.280	17582020	1183000	0.00	          0.05	6.250	
01800	中国交通建设	-1.07	110083632	-0.090	8.300	8.310	13219174	1064000	0.00	          0.30	8.360	
002400	省广股份	-1.72	109889200	-0.09	5.13	5.14	210856	1981	0.00	          1.28	5.21	
000778	新兴铸管	-0.97	109703056	-0.05	5.12	5.13	213232	2770	0.00	          0.59	5.17	
601231	环旭电子	-0.58	107526960	-0.08	13.63	13.64	78327	22	0.15	          0.36	13.73	
000567	海德股份	-3.93	106739288	-1.03	25.13	25.15	41596	389	0.12	          2.77	26.15	
600754	锦江股份	-0.32	106589136	-0.12	36.85	36.91	29075	2	-0.10	          0.45	37.07	
002167	东方锆业	-1.09	106321392	-0.11	9.97	9.98	106875	1383	0.00	          2.19	10.08	
002221	东华能源	-0.33	106274192	-0.04	12.00	12.01	88673	233	0.17	          0.59	12.00	
600123	兰花科创	-1.80	105743448	-0.15	8.17	8.19	128849	22	-0.11	          1.13	8.30	
02333	长城汽车	-0.34	105552632	-0.030	8.840	8.850	11941553	932500	0.23	          0.39	8.890	
000525	红 太 阳	-1.42	105538760	-0.33	22.88	22.89	45669	792	0.13	          0.90	23.14	
603678	火炬电子	-5.62	105076616	-1.50	25.16	25.17	41025	10	0.04	          0.91	26.53	
000831	五矿稀土	-1.11	105070280	-0.12	10.69	10.70	98528	833	0.09	          1.00	10.81	
002458	益生股份	-4.09	104181576	-0.61	14.29	14.30	71620	1483	0.35	          4.10	14.65	
01958	北京汽车	-3.87	103865776	-0.420	10.420	10.440	9857237	394000	0.19	          0.47	10.840	
600022	山东钢铁	-0.47	103586512	-0.01	2.12	2.13	488005	50	0.00	          0.46	2.13	
601966	玲珑轮胎	-1.43	103503672	-0.27	18.63	18.64	55100	2	-0.15	          1.40	18.80	
002174	游族网络	-0.09	103421936	-0.02	22.77	22.78	44933	915	-0.08	          0.78	22.85	
603000	人民网	-1.57	102582632	-0.18	11.31	11.32	90059	28	-0.17	          0.81	11.43	
601001	大同煤业	-3.70	101566792	-0.22	5.72	5.73	175441	140	-0.16	          1.05	5.91	
002004	华邦健康	-0.71	101395328	-0.05	6.97	6.98	145982	2145	0.00	          0.87	6.95	
300148	天舟文化	-1.46	100757568	-0.12	8.07	8.08	123522	2618	-0.11	          1.62	8.18	
002244	滨江集团	-1.58	100419048	-0.12	7.46	7.47	134202	495	0.00	          0.50	7.56	
002684	猛狮科技	-4.48	99957664	-0.69	14.71	14.72	67502	1064	-0.53	          2.02	15.17	
01339	中国人民保险集团	-1.62	99890584	-0.070	4.240	4.250	23405260	1544000	0.00	          0.27	4.270	
601238	广汽集团	-1.66	99350864	-0.38	22.45	22.47	44103	2	0.49	          0.10	22.89	
002408	齐翔腾达	-1.38	99076736	-0.18	12.81	12.82	76673	1257	0.08	          0.46	13.07	
601168	西部矿业	-0.55	99032600	-0.04	7.20	7.21	137586	20	0.14	          0.58	7.25	
601985	中国核电	-0.42	98571384	-0.03	7.10	7.11	138496	84	-0.13	          0.33	7.12	
000402	金 融 街	-1.67	98441744	-0.17	10.03	10.05	97572	2239	0.10	          0.33	10.20	
000055	方大集团	-1.48	98140752	-0.12	7.99	8.00	121955	2391	-0.24	          1.80	8.09	
002210	飞马国际	-1.04	97504256	-0.13	12.30	12.38	78788	2000	0.57	          0.61	12.50	
000876	新 希 望	-0.80	97351560	-0.06	7.46	7.47	130138	3638	0.00	          0.31	7.50	
600175	美都能源	-2.36	96107208	-0.11	4.55	4.56	209575	78	-0.43	          0.86	4.67	
002869	金溢科技	-6.67	95695832	-1.96	27.42	27.43	35163	717	0.04	         11.91	26.80	
600531	豫光金铅	-1.22	95357928	-0.08	6.46	6.47	147441	97	0.47	          1.35	6.51	
600687	刚泰控股	-1.81	95259776	-0.20	10.81	10.87	88109	111	0.00	          0.82	11.05	
002190	成飞集成	-2.79	95180760	-0.62	21.57	21.58	43249	1241	-0.27	          1.25	22.03	
002086	东方海洋	-3.40	95109720	-0.37	10.52	10.53	88806	1778	-0.08	          1.87	10.79	
000008	神州高铁	-2.47	95107016	-0.18	7.10	7.11	133283	3291	0.14	          0.51	7.28	
300603	立昂技术	-1.22	94440184	-0.41	33.29	33.30	27739	361	0.21	          4.83	34.01	
603578	三星新材	-4.50	94140288	-1.71	36.22	36.38	25603	35	0.39	          8.03	37.79	
300468	四方精创	-1.07	94101200	-0.42	38.97	38.98	23906	678	0.10	          3.58	39.14	
600295	鄂尔多斯	-1.85	93191224	-0.24	12.71	12.73	73599	2	0.63	          1.20	12.95	
600846	同济科技	-0.77	92840616	-0.07	9.00	9.01	103106	11	0.33	          1.65	9.02	
000761	本钢板材	-2.58	92779832	-0.13	4.90	4.91	187587	2038	-0.19	          0.69	5.02	
002136	安 纳 达	-2.70	92656784	-0.42	15.16	15.17	60793	1308	-0.19	          2.85	15.46	
002643	万润股份	-1.70	92620776	-0.19	10.98	10.99	83919	338	-0.08	          0.96	11.19	
002648	卫星石化	-1.99	91919072	-0.34	16.74	16.75	54590	923	0.36	          0.68	17.24	
002383	合众思壮	-0.26	91556952	-0.05	19.41	19.42	46830	423	0.05	          0.99	19.46	
600418	江淮汽车	-1.82	91131808	-0.15	8.07	8.08	111638	160	-0.11	          0.77	8.23	
002276	万马股份	-2.27	90943576	-0.19	8.19	8.20	110161	2572	0.12	          1.18	8.35	
000712	锦龙股份	-1.40	90463960	-0.21	14.80	14.81	61206	677	-0.06	          0.68	14.99	
000990	诚志股份	-3.45	89974760	-0.56	15.69	15.70	57107	233	-0.05	          1.47	16.11	
00323	马鞍山钢铁股份	-1.86	89004144	-0.070	3.680	3.690	23982798	622000	0.27	          1.38	3.780	
000630	铜陵有色	-1.10	88777968	-0.03	2.70	2.71	327735	9056	-0.36	          0.34	2.72	
600651	飞乐音响	-2.05	88568272	-0.19	9.06	9.07	96442	10	0.22	          0.98	9.21	
002398	建研集团	-1.53	88048480	-0.20	12.88	12.89	68592	813	-0.30	          2.68	13.00	
000592	平潭发展	-1.51	87596144	-0.07	4.56	4.57	190441	2647	0.00	          1.00	4.60	
600153	建发股份	-0.89	87140512	-0.11	12.19	12.20	71190	15	0.25	          0.25	12.20	
600004	白云机场	-0.69	87126240	-0.11	15.82	15.83	55176	20	0.00	          0.27	15.90	
600439	瑞贝卡	-3.32	85940960	-0.20	5.81	5.82	146168	73	-0.50	          1.29	6.01	
600231	凌钢股份	-2.91	84858952	-0.13	4.32	4.33	193667	7	-0.22	          1.20	4.45	
01980	天鸽互动	-5.00	84712152	-0.350	6.650	6.680	12459316	412000	-0.60	          0.98	7.000	
000836	鑫茂科技	-0.96	84347200	-0.05	5.13	5.14	162853	1783	0.19	          1.38	5.19	
000615	京汉股份	-0.22	83363128	-0.02	9.20	9.21	90231	1778	0.11	          2.55	9.30	
002663	普邦股份	-1.76	82986016	-0.09	5.01	5.02	164477	6571	-0.19	          1.38	5.08	
002463	沪电股份	-0.43	82672368	-0.02	4.59	4.60	178345	1465	0.00	          1.07	4.62	
002032	苏 泊 尔	-0.24	82135504	-0.10	42.19	42.20	19452	85	0.00	          0.36	41.70	
300511	雪榕生物	-0.21	82130816	-0.05	23.43	23.44	34785	676	0.04	          3.49	23.70	
002558	巨人网络	-0.19	81594856	-0.06	32.20	32.21	25174	200	0.03	          0.72	32.77	
002068	黑猫股份	-0.83	81453304	-0.08	9.51	9.52	85279	1266	0.00	          1.41	9.51	
300157	恒泰艾普	-1.14	81064032	-0.08	6.93	6.94	116165	1155	0.14	          1.89	6.92	
600559	老白干酒	-1.44	80763144	-0.38	26.01	26.02	30794	11	-0.03	          0.88	26.30	
002365	永安药业	-1.94	80724184	-0.57	28.85	28.86	27796	440	-0.09	          1.75	29.30	
000937	冀中能源	-0.91	80222352	-0.05	5.45	5.46	145920	2159	0.00	          0.50	5.51	
002853	皮阿诺	-1.73	79926120	-0.51	29.05	29.06	27606	555	-0.02	          5.18	29.91	
002850	科达利	-2.65	79703808	-1.52	55.77	55.80	14205	216	-0.22	          2.29	56.56	
600674	川投能源	-1.29	79287304	-0.12	9.17	9.18	86307	14	-0.10	          0.20	9.28	
603885	吉祥航空	-3.66	79172360	-0.57	15.02	15.03	52763	14	-0.12	          0.98	15.35	
000926	福星股份	-0.47	78871488	-0.05	10.53	10.54	75069	707	0.29	          0.79	10.51	
600565	迪马股份	-0.49	78657696	-0.02	4.05	4.06	192538	20	0.25	          0.81	4.08	
002327	富安娜	-1.30	78245808	-0.15	11.36	11.37	68785	807	0.18	          1.38	11.49	
000928	中钢国际	-3.26	78102096	-0.20	5.93	5.94	130050	4373	-0.33	          1.75	6.10	
600827	百联股份	-1.94	77735640	-0.23	11.64	11.65	66406	4	0.17	          0.43	11.77	
00535	金地商置	-5.77	77722600	-0.060	0.970	0.980	78656000	944000	0.00	          0.50	1.020	
600523	贵航股份	-1.14	77571544	-0.18	15.66	15.69	49192	35	0.13	          1.70	15.70	
601015	陕西黑猫	-3.31	76929544	-0.28	8.19	8.20	93619	1	0.12	          1.01	8.38	
600909	华安证券	-0.14	76757608	-0.01	7.36	7.37	104247	20	0.00	          0.39	7.37	
600198	大唐电信	-0.98	76447112	-0.08	8.06	8.07	94430	2	0.12	          1.09	8.15	
300627	华测导航	-0.70	76394792	-0.33	46.91	46.98	16115	90	0.28	          5.41	46.87	
000078	海王生物	-0.83	75870056	-0.05	5.94	5.95	127124	1078	0.00	          0.68	6.00	
002431	棕榈股份	-0.79	74605064	-0.06	7.57	7.58	98287	926	0.00	          0.85	7.57	
601669	中国电建	-0.28	74173888	-0.02	7.07	7.08	104904	102	0.00	          0.11	7.08	
600433	冠豪高新	-3.17	74151296	-0.16	4.88	4.89	151133	171	-0.40	          1.19	5.00	
002614	奥佳华	-0.81	74044376	-0.18	22.00	22.17	33805	912	0.77	          1.17	22.22	
000546	金圆股份	-1.63	73814272	-0.26	15.68	15.74	47153	129	-0.24	          0.84	15.75	
06881	中国银河	-0.54	73667248	-0.030	5.520	5.530	13299739	377000	0.36	          0.36	5.560	
000989	九 芝 堂	-0.05	73486688	-0.01	19.70	19.72	37052	1161	-0.39	          0.76	19.70	
600307	酒钢宏兴	-1.15	72903912	-0.03	2.57	2.58	282757	10	0.00	          0.45	2.60	
603515	欧普照明	-0.06	72877736	-0.03	47.66	47.67	15453	5	0.13	          1.58	46.80	
00267	中信股份	-0.71	72496200	-0.080	11.200	11.220	6464438	790000	-0.18	          0.02	11.160	
603369	今世缘	-1.11	72184776	-0.19	16.86	16.88	42582	10	0.18	          0.34	17.04	
600326	西藏天路	-0.11	72181536	-0.01	9.10	9.11	79317	58	0.22	          0.92	9.11	
600816	安信信托	-0.31	72136304	-0.04	12.76	12.77	56384	8	-0.15	          0.23	12.80	
01031	金利丰金融	-8.66	71976544	-0.380	4.020	4.030	18396044	4000	0.25	          0.14	4.310	
002430	杭氧股份	-2.13	71425752	-0.30	13.76	13.77	52128	357	-0.06	          0.63	13.99	
601388	怡球资源	-0.79	70690888	-0.03	3.77	3.78	187111	28	0.27	          0.92	3.79	
600563	法拉电子	-0.04	70573536	-0.02	47.67	47.70	14689	3	0.25	          0.65	47.92	
002426	胜利精密	-1.86	70337504	-0.10	5.27	5.28	132083	1525	0.00	          0.63	5.35	
002069	獐子岛	-0.85	70101432	-0.04	4.63	4.64	149785	2486	-0.21	          2.18	4.65	
601228	广州港	-1.34	69487368	-0.08	5.88	5.89	118067	44	-0.16	          1.69	5.95	
600610	中毅达	-3.18	69371656	-0.17	5.17	5.18	133528	10	0.00	          3.56	5.29	
000923	河北宣工	-0.40	69367544	-0.09	22.60	22.61	30583	533	0.49	          1.54	22.93	
002442	龙星化工	-0.09	69043656	-0.01	11.57	11.58	61551	3328	1.85	          1.75	11.06	
00390	中国中铁	-0.90	68106560	-0.050	5.470	5.480	12393854	1399000	0.18	          0.29	5.510	
06837	海通证券	-0.36	68095672	-0.040	10.940	10.960	6203294	831600	0.00	          0.18	10.980	
00083	信和置业	-2.16	67969504	-0.300	13.580	13.600	4977883	1110000	-0.15	          0.08	13.800	
06060	众安在线	-0.72	67960440	-0.500	68.500	68.600	989926	32500	0.15	          0.21	69.100	
300008	天海防务	-0.71	67904520	-0.05	6.95	6.96	96503	1976	0.14	          1.66	7.00	
02009	金隅集团	-0.26	67829520	-0.010	3.870	3.880	17649222	210000	0.26	          0.75	3.860	
600259	广晟有色	-0.48	67475280	-0.16	33.19	33.20	20382	2	0.09	          0.78	33.40	
01816	中广核电力	-0.48	67291848	-0.010	2.060	2.070	32448566	2917000	0.00	          0.29	2.080	
603128	华贸物流	-0.49	67052156	-0.04	8.12	8.13	82372	2	-0.11	          0.90	8.11	
002336	人人乐	-5.23	66970432	-0.74	13.39	13.40	49038	455	-0.06	          1.45	14.14	
600686	金龙汽车	-1.54	66895708	-0.21	13.48	13.51	49533	16	0.22	          1.12	13.60	
00178	莎莎国际	-7.01	66759204	-0.310	4.100	4.110	16054422	144000	0.00	          0.53	4.400	
601898	中煤能源	-2.50	66580432	-0.14	5.45	5.46	121077	98	0.37	          0.13	5.58	
002052	同洲电子	-2.18	66559408	-0.11	4.93	4.94	135071	1470	-0.19	          2.17	4.92	
000975	银泰资源	-1.62	66285384	-0.23	13.97	13.98	47055	594	0.00	          0.54	14.15	
002795	永和智控	-0.71	66129408	-0.11	15.30	15.31	44205	1573	0.53	          6.93	15.15	
601021	春秋航空	-2.32	65551360	-0.78	32.78	32.79	19933	13	-0.05	          0.25	33.50	
002061	浙江交科	-1.55	65518072	-0.23	14.55	14.57	44993	159	0.62	          0.99	14.72	
000927	一汽夏利	-3.15	65482540	-0.14	4.31	4.32	149033	4148	-0.45	          0.93	4.42	
000301	东方市场	-1.84	65403600	-0.12	6.40	6.41	100778	5230	-0.61	          0.83	6.45	
000727	华东科技	-0.81	65235932	-0.02	2.46	2.47	263922	7333	0.00	          1.08	2.47	
002537	海联金汇	-0.85	65132648	-0.10	11.59	11.60	56580	1800	0.00	          0.48	11.67	
002516	旷达科技	-1.51	64528176	-0.09	5.88	5.89	108987	2188	-0.16	          1.17	5.98	
002180	纳思达	-1.43	64108500	-0.39	26.90	26.91	23761	198	-0.10	          0.35	27.30	
002569	步森股份	-1.48	63873088	-0.30	19.95	19.96	31633	335	-0.09	          2.28	20.18	
002468	申通快递	-1.49	63064492	-0.38	25.05	25.06	25218	177	0.00	          0.76	25.58	
600862	中航高科	-2.98	62916972	-0.25	8.13	8.14	76414	5	0.25	          0.97	8.32	
603868	飞科电器	-1.65	62693132	-1.04	61.93	61.95	10101	1	-0.01	          2.32	63.30	
002177	御银股份	-2.10	62397060	-0.11	5.12	5.13	121328	1273	0.00	          2.01	5.19	
002157	正邦科技	-2.10	62137936	-0.10	4.66	4.67	132148	1945	0.00	          0.62	4.78	
600139	西部资源	-0.49	62063736	-0.03	6.13	6.14	101263	12	0.16	          1.53	6.10	
000801	四川九洲	-0.83	61889084	-0.05	6.00	6.01	102072	2036	0.33	          1.00	6.02	
002028	思源电气	-1.04	61882036	-0.17	16.20	16.23	37992	342	0.00	          0.66	16.34	
601212	白银有色	-0.34	61848600	-0.02	5.95	5.96	104356	8	0.00	          0.53	5.95	
600708	光明地产	-1.55	61675524	-0.11	6.97	6.98	87812	10	-0.13	          0.89	7.07	
601000	唐山港	-0.79	61508244	-0.04	5.03	5.04	122015	33	0.00	          0.29	5.07	
600303	曙光股份	-2.43	61314408	-0.20	8.03	8.04	75886	1	0.12	          1.22	8.18	
600985	雷鸣科化	-1.90	61260380	-0.29	15.00	15.01	40938	51	0.74	          1.56	15.10	
603899	晨光文具	-0.29	61035024	-0.08	27.75	27.78	22113	20	-0.03	          0.24	27.83	
000587	金洲慈航	-0.57	61029496	-0.04	6.96	6.97	87496	1456	-0.42	          0.72	6.99	
01233	时代中国控股	-1.46	60100248	-0.180	--  	--  	4957800	2000	0.00	          0.27	12.420	
300256	星星科技	-0.57	59884312	-0.04	7.03	7.04	84767	477	-0.13	          2.14	6.96	
600618	氯碱化工	-1.96	59770896	-0.22	10.97	10.98	53956	3	0.09	          0.72	11.17	
002610	爱康科技	-0.84	59677396	-0.02	2.37	2.38	251186	2353	0.00	          0.59	2.39	
300208	恒顺众N	-0.74	59257320	-0.09	12.02	12.03	49270	877	-0.16	          0.85	12.15	
00322	康师傅控股	-1.91	59089888	-0.300	15.380	15.400	3824118	202000	0.00	          0.07	15.600	
002171	楚江新材	-0.28	58625212	-0.02	7.08	7.09	82334	544	0.00	          0.80	7.10	
002707	众信旅游	-1.82	58546748	-0.23	12.41	12.42	46328	905	-0.23	          0.99	12.72	
06886	HTSC	-0.87	58406724	-0.140	15.880	15.900	3657353	285000	-0.25	          0.21	16.000	
601717	郑煤机	-0.31	58233492	-0.02	6.48	6.49	89991	20	0.00	          0.65	6.50	
300492	山鼎设计	-3.92	58146140	-1.37	33.56	33.57	17094	242	0.12	          6.92	34.89	
002563	森马服饰	-1.90	58143768	-0.20	10.29	10.30	56255	276	0.19	          0.31	10.46	
300114	中航电测	-0.80	58109840	-0.08	9.96	9.97	57875	955	-0.19	          0.98	10.01	
000596	古井贡酒	-0.14	57746916	-0.09	62.90	62.93	9220	70	0.32	          0.24	62.78	
000603	盛达矿业	-2.89	57614808	-0.36	12.07	12.08	47385	646	-0.07	          1.15	12.38	
601618	中国中冶	-0.25	57394216	-0.01	4.06	4.07	141266	17	0.00	          0.08	4.07	
603766	隆鑫通用	-0.44	57363476	-0.03	6.77	6.78	84531	8	0.00	          0.41	6.80	
601611	中国核建	-0.83	57140772	-0.08	9.56	9.57	59755	10	0.10	          0.62	9.62	
600503	华丽家族	-1.01	57140252	-0.06	5.85	5.86	97480	2	0.17	          0.61	5.85	
002753	永东股份	-2.59	56964340	-0.52	19.54	19.55	29198	385	0.21	          3.40	19.85	
000042	中洲控股	-2.87	56899232	-0.43	14.53	14.54	38923	162	-0.40	          0.80	14.87	
600657	信达地产	-1.81	56047704	-0.10	5.42	5.43	102929	337	0.18	          0.68	5.52	
002530	金财互联	-2.50	55876808	-0.64	24.96	24.99	22111	179	0.32	          1.04	25.66	
600395	盘江股份	-1.67	55596576	-0.11	6.48	6.49	85391	145	0.00	          0.52	6.59	
002602	世纪华通	-1.32	55503128	-0.44	32.72	32.79	16890	87	0.31	          0.16	33.23	
002416	爱施德	-1.33	55495856	-0.12	8.93	8.94	61544	328	0.11	          0.63	9.08	
600820	隧道股份	-1.05	55247848	-0.08	7.53	7.54	73168	10	-0.12	          0.23	7.60	
603030	全筑股份	-6.59	55130284	-0.53	7.51	7.52	72248	9	-0.65	          2.95	7.87	
601689	拓普集团	-1.12	55107852	-0.24	21.27	21.28	25890	20	-0.04	          1.52	21.52	
300320	海达股份	-1.62	54715228	-0.13	7.88	7.89	68664	544	-0.12	          1.52	8.00	
00257	中国光大国际	-0.50	54512408	-0.060	12.000	12.020	4526888	235000	0.00	          0.10	12.340	
000584	哈工智能	-1.24	54451120	-0.18	14.30	14.31	37811	318	0.00	          0.62	14.48	
600582	天地科技	-1.80	53996728	-0.08	4.36	4.37	122668	43	-0.22	          0.30	4.44	
01963	重庆银行	-6.40	53866172	-0.440	6.430	6.450	8330000	29500	0.00	          0.53	6.650	
02338	潍柴动力	-1.13	53307132	-0.100	8.770	8.780	6069800	368000	0.00	          0.31	8.880	
002783	凯龙股份	-1.30	53218680	-0.24	18.18	18.19	29627	506	0.11	          2.77	18.02	
000010	美丽生态	-2.27	52970820	-0.11	4.74	4.75	110734	1695	0.00	          2.12	4.84	
000959	首钢股份	-3.10	52898512	-0.17	5.31	5.32	98850	544	0.19	          0.33	5.41	
600266	北京城建	-0.44	52757644	-0.05	11.35	11.37	46478	5	0.27	          0.30	11.40	
600366	宁波韵升	-0.12	52545568	-0.02	16.99	17.00	30838	2	-0.22	          0.57	17.00	
002277	友阿股份	-0.60	52260432	-0.03	5.01	5.02	103797	896	0.00	          0.73	5.00	
603069	海汽集团	-6.23	52197724	-0.68	10.24	10.25	50807	21	0.20	          2.92	10.88	
002385	大北农	-0.16	51753428	-0.01	6.11	6.12	84427	447	-0.15	          0.37	6.14	
300021	大禹节水	-0.90	51743940	-0.06	6.64	6.65	77537	1081	0.15	          1.19	6.71	
600313	农发种业	-1.46	51708276	-0.05	3.37	3.38	152074	1	0.00	          1.53	3.40	
603458	勘设股份	-0.13	51604164	-0.08	63.12	63.17	8174	10	0.00	          2.63	62.60	
00639	首钢资源	-3.07	51543420	-0.070	2.190	2.210	23025500	74000	0.45	          0.43	2.260	
002503	搜于特	-3.35	51306228	-0.18	5.18	5.19	98178	1405	0.00	          0.49	5.35	
600641	万业企业	-0.08	51285312	-0.01	12.52	12.54	41241	4	-0.31	          0.51	12.50	
600368	五洲交通	-0.37	51271028	-0.02	5.42	5.43	94455	170	0.18	          1.13	5.44	
002145	中核钛白	-1.47	51057648	-0.08	5.37	5.38	94708	501	0.19	          0.87	5.42	
000971	高升控股	-0.48	50760432	-0.06	12.40	12.41	40630	900	-0.15	          1.40	12.50	
601005	重庆钢铁	-1.72	50638812	-0.04	2.29	2.30	220511	26	0.00	          0.26	2.30	
002318	久立特材	-1.77	50300400	-0.12	6.65	6.66	75682	817	0.30	          0.93	6.72	
600350	山东高速	-1.33	50117824	-0.08	5.92	5.93	84390	35	0.00	          0.18	5.94	
600593	大连圣亚	-5.24	50038176	-1.75	31.56	31.60	15523	3	-0.74	          1.69	33.50	
000687	华讯方舟	-0.97	49919640	-0.10	10.18	10.19	48871	1103	0.00	          0.92	10.19	
000023	深天地Ａ	-2.69	49858112	-0.52	18.80	18.81	26587	247	-0.26	          1.92	19.40	
002565	顺灏股份	-1.04	49795256	-0.06	5.70	5.71	87441	1286	0.35	          1.28	5.74	
600459	贵研铂业	-0.97	49545488	-0.19	19.44	19.45	25539	6	0.41	          0.98	19.62	
600074	ST保千里	-0.45	49527816	-0.01	2.22	2.23	221850	5	0.45	          2.18	2.25	
01357	美图公司	-0.10	49490344	-0.010	9.980	9.990	4951562	29000	0.00	          0.12	10.000	
603026	石大胜华	-0.34	49085276	-0.07	20.54	20.55	23854	24	0.44	          1.70	20.34	
00168	青岛啤酒股份	-1.88	48958164	-0.800	41.750	41.800	1160183	28000	0.00	          0.18	41.900	
600790	轻纺城	-0.18	48861776	-0.01	5.64	5.65	86562	100	-0.17	          0.83	5.67	
000756	新华制药	-1.63	48565892	-0.21	12.65	12.66	38302	233	0.16	          1.25	12.61	
01515	华润凤凰医疗	-1.03	48210452	-0.100	9.600	9.640	4990500	39000	-0.21	          0.38	9.870	
002477	雏鹰农牧	-0.27	48200772	-0.01	3.75	3.76	128187	1012	0.00	          0.69	3.78	
03301	融信中国	-1.66	48195672	-0.220	12.940	13.000	3661500	19500	0.15	          0.24	13.280	
002234	民和股份	-2.59	48103244	-0.30	11.29	11.30	41661	1349	0.00	          2.02	11.72	
000608	阳光股份	-4.38	47793904	-0.31	6.77	6.78	69910	1529	-0.14	          0.93	7.09	
600838	上海九百	-1.33	47703600	-0.12	8.88	8.89	53374	10	0.23	          1.33	8.90	
601727	上海电气	-0.99	47667232	-0.06	6.01	6.02	79021	27	0.17	          0.08	6.07	
002299	圣农发展	-0.82	47646364	-0.12	14.42	14.43	32800	153	0.07	          0.81	14.67	
600508	上海能源	-1.72	47474276	-0.21	12.03	12.04	39281	10	-0.24	          0.54	12.18	
01898	中煤能源	-1.71	47306684	-0.060	3.450	3.460	13607201	769000	-0.29	          0.33	3.510	
000605	渤海股份	-0.12	47217140	-0.02	17.12	17.13	27585	286	0.00	          1.41	17.12	
603085	天成自控	-3.72	47029400	-1.05	27.11	27.15	17238	1	0.18	          2.18	27.95	
002421	达实智能	-0.94	46954340	-0.05	5.26	5.27	89146	508	0.00	          0.52	5.35	
300469	信息发展	-1.82	46941416	-0.69	37.16	37.24	12659	298	-0.42	          4.43	36.82	
000951	中国重汽	-0.38	46838956	-0.06	15.57	15.58	29823	324	-0.12	          0.44	15.64	
002297	博云新材	-0.88	46825300	-0.07	7.90	7.91	58797	962	-0.12	          1.48	7.98	
06818	中国光大银行	-0.26	46791148	-0.010	3.900	3.910	12003496	179000	0.26	          0.09	3.910	
02688	新奥能源	-0.96	46545600	-0.600	62.000	62.050	749136	105000	0.16	          0.07	62.850	
600186	莲花健康	-1.61	46541160	-0.04	2.44	2.45	191677	115	0.41	          1.80	2.45	
600486	扬农化工	-0.56	46488488	-0.30	52.82	52.86	8741	3	0.08	          0.28	53.00	
02362	金川国际	-0.51	46426572	-0.010	--  	--  	24007000	31000	0.52	          0.50	1.970	
603658	安图生物	-1.64	46301704	-0.80	48.03	48.09	9539	1	-0.11	          0.70	48.71	
300438	鹏辉能源	-1.12	46282120	-0.29	25.55	25.56	17971	407	0.00	          1.44	25.68	
300471	厚普股份	-0.10	46203592	-0.01	9.82	9.83	47020	886	0.20	          2.15	9.79	
002386	天原集团	-0.13	46143320	-0.01	7.41	7.42	62330	1147	0.00	          0.93	7.40	
01776	广发证券	-0.81	45947952	-0.120	14.760	14.780	3104347	191200	0.27	          0.18	14.900	
000157	中联重科	-0.23	45380608	-0.01	4.26	4.27	106393	1424	-0.22	          0.17	4.27	
002326	永太科技	-0.11	45310200	-0.01	9.36	9.37	48469	557	0.11	          0.90	9.35	
00581	中国东方集团	-2.61	44973832	-0.150	5.590	5.620	8028000	108000	0.00	          0.22	5.690	
600773	西藏城投	-0.87	44906824	-0.09	10.27	10.29	43625	2	0.10	          0.60	10.35	
002654	万润科技	-1.56	44897696	-0.11	6.93	6.94	64369	734	0.00	          1.28	6.91	
02840	ＳＰＤＲ金ＥＴＦ	-0.66	44633108	-6.500	--  	--  	45800	100	0.05	--  	975.500	
002469	三维工程	-4.12	44566312	-0.25	5.81	5.82	75164	2875	-0.16	          1.62	6.07	
600546	山煤国际	-3.53	44182020	-0.17	4.64	4.65	94795	80	0.00	          0.48	4.76	
002609	捷顺科技	-1.61	44135040	-0.24	14.70	14.71	29807	425	-0.19	          0.81	15.00	
600177	雅戈尔	-0.11	44061272	-0.01	8.77	8.78	50291	13	0.11	          0.14	8.76	
601519	*ST智慧	-1.99	43852972	-0.08	3.94	3.95	109510	76	0.25	          0.55	4.01	
300309	吉艾科技	-1.33	43850404	-0.32	23.68	23.69	18433	166	-0.16	          0.43	23.78	
00493	国美零售	-1.10	43662940	-0.010	0.900	0.910	48461344	899000	-1.10	          0.22	0.910	
600067	冠城大通	-0.65	43476672	-0.04	6.14	6.15	70269	54	-0.31	          0.47	6.20	
000731	四川美丰	-0.51	43467476	-0.04	7.72	7.73	56248	1248	0.13	          0.95	7.70	
600552	凯盛科技	-0.14	43454700	-0.01	7.16	7.17	60688	1	0.14	          0.82	7.15	
600238	海南椰岛	-1.50	43438360	-0.11	7.22	7.23	60261	9	0.00	          1.35	7.30	
002399	海普瑞	-2.51	43034836	-0.43	16.72	16.73	25651	279	0.12	          0.21	17.12	
002636	金安国纪	-0.79	42940796	-0.11	13.76	13.77	30961	386	0.00	          1.26	13.80	
600644	乐山电力	-4.50	42185108	-0.29	6.15	6.16	68190	30	0.16	          1.27	6.29	
002685	华东重机	-0.29	42137704	-0.03	10.18	10.19	41563	320	-0.28	          0.74	10.10	
000921	海信科龙	-0.08	42082736	-0.01	13.14	13.16	31947	1250	-0.29	          0.35	13.15	
601163	三角轮胎	-0.55	42068624	-0.10	18.10	18.11	23208	3	0.06	          0.83	18.11	
00020	会德丰	-0.50	41946580	-0.300	59.700	59.750	701105	132000	-0.25	          0.03	60.500	
000759	中百集团	-1.70	41461764	-0.14	8.10	8.11	51180	1061	0.25	          0.75	8.20	
000788	北大医药	-3.40	41199028	-0.27	7.65	7.66	53577	2124	-0.12	          0.96	7.87	
600758	红阳能源	-1.67	41070504	-0.11	6.49	6.50	63066	21	0.00	          0.93	6.59	
300151	昌红科技	-2.37	41036116	-0.18	7.40	7.41	55093	1016	0.00	          1.92	7.53	
300034	钢研高纳	-0.10	40903248	-0.01	10.26	10.27	39587	245	-0.09	          0.94	10.22	
600251	冠农股份	-1.67	40665152	-0.12	7.06	7.07	57468	58	0.00	          0.73	7.09	
000736	中交地产	-1.91	40554304	-0.35	17.95	17.96	22597	473	0.00	          0.76	18.31	
000683	远兴能源	-1.06	40459988	-0.03	2.80	2.81	144039	1428	-0.35	          0.51	2.83	
002492	恒基达鑫	-2.02	40343572	-0.13	6.30	6.31	64224	320	0.16	          1.82	6.32	
002130	沃尔核材	-1.42	40277892	-0.08	5.56	5.57	72123	765	0.00	          0.74	5.64	
000591	太阳能	-0.80	40259180	-0.04	4.97	4.98	80692	951	0.20	          0.44	5.03	
000758	中色股份	-0.33	40157396	-0.02	6.12	6.13	65570	741	0.00	          0.33	6.10	
000065	北方国际	-0.70	40051612	-0.11	15.67	15.68	25506	316	0.26	          0.62	15.70	
600363	联创光电	-0.44	40016920	-0.05	11.42	11.43	34793	8	-0.08	          0.78	11.39	
600185	格力地产	-1.07	39943408	-0.06	5.55	5.56	71693	46	0.18	          0.35	5.60	
601608	中信重工	-0.82	39496640	-0.03	3.64	3.65	108438	8	0.28	          0.25	3.64	
603900	莱绅通灵	-0.15	39438760	-0.04	27.18	27.21	14548	5	0.26	          1.71	27.02	
600533	栖霞建设	-1.35	39408456	-0.06	4.39	4.40	89967	10	0.46	          0.86	4.44	
603688	石英股份	-1.91	39364900	-0.28	14.39	14.40	27339	46	0.28	          0.81	14.79	
600684	珠江实业	-1.60	39348672	-0.10	6.15	6.17	63431	11	0.00	          0.74	6.26	
300118	东方日升	-0.50	39273984	-0.06	11.91	11.92	32809	221	0.08	          0.65	11.97	
002425	凯撒文化	-0.27	38985480	-0.02	7.50	7.51	51628	526	0.00	          0.69	7.50	
600387	海越股份	-2.27	38715776	-0.20	8.61	8.62	44499	2	-0.22	          1.15	8.73	
00101	恒隆地产	-0.96	38542508	-0.180	18.520	18.540	2072364	263000	-0.22	          0.05	18.700	
01186	中国铁建	-1.09	38509352	-0.090	8.190	8.200	4688750	380500	0.00	          0.23	8.300	
601588	北辰实业	-2.38	38459360	-0.11	4.51	4.52	85055	11	0.44	          0.32	4.63	
00670	中国东方航空股份	-1.84	38236040	-0.120	6.380	6.390	5927681	28000	0.00	          0.13	6.530	
600339	中油工程	-0.45	38213440	-0.02	4.40	4.41	86653	426	0.00	          0.56	4.42	
600500	中化国际	-0.13	38185660	-0.01	7.74	7.75	49162	5	0.00	          0.24	7.73	
603133	碳元科技	-1.63	37816708	-0.44	26.62	26.64	14243	1	0.53	          2.74	27.06	
601918	新集能源	-1.17	37737348	-0.04	3.37	3.38	111547	49	-0.29	          0.43	3.40	
02038	富智康集团	-3.55	37628740	-0.070	1.900	1.910	19834412	431000	0.53	          0.25	1.970	
600595	中孚实业	-0.89	37587240	-0.04	4.42	4.44	84738	11	0.23	          0.49	4.46	
600802	福建水泥	-2.28	37579048	-0.17	7.29	7.30	51437	4	0.00	          1.35	7.46	
600739	辽宁成大	-0.11	37454388	-0.02	17.49	17.50	21407	2	0.00	          0.16	17.59	
002378	章源钨业	-1.27	37323708	-0.11	8.55	8.59	43514	999	-0.22	          0.47	8.70	
600992	贵绳股份	-3.97	37313712	-0.42	10.14	10.15	36396	40	1.70	          1.49	10.57	
002701	奥瑞金	-0.69	37252648	-0.04	5.74	5.75	64736	144	0.17	          0.36	5.81	
002446	盛路通信	-0.36	37113488	-0.03	8.39	8.40	43696	2264	-0.82	          1.03	8.50	
300149	量子高科	-0.78	36752600	-0.12	15.33	15.35	23822	296	-0.12	          0.59	15.51	
000011	深物业A	-1.06	36751920	-0.17	15.93	15.94	22941	257	-0.12	          1.30	16.04	
000751	锌业股份	-0.63	36560124	-0.03	4.72	4.73	77211	1190	0.21	          0.55	4.73	
00279	民众金融科技	-1.33	36545444	-0.020	1.480	1.500	24701560	960000	-0.67	          0.16	1.480	
002303	美盈森	-1.15	36195376	-0.08	6.84	6.85	52614	1083	0.15	          0.34	6.92	
002518	科士达	-1.70	36173196	-0.29	16.72	16.73	21535	32	0.12	          0.39	16.91	
300163	先锋新材	-0.76	36159244	-0.04	5.19	5.20	69678	910	0.00	          2.11	5.25	
00081	中国海外宏洋集团	-2.05	36070220	-0.090	4.280	4.290	8311500	61000	0.00	          0.24	4.390	
002293	罗莱生活	-1.65	35837676	-0.26	15.44	15.45	23036	224	0.00	          0.33	15.65	
002132	恒星科技	-0.76	35829044	-0.03	3.91	3.92	91143	1631	0.00	          0.89	3.95	
603338	浙江鼎力	-1.49	35823032	-1.04	68.61	68.62	5207	1	-0.05	          1.13	69.18	
600320	振华重工	-0.37	35719144	-0.02	5.35	5.36	66644	100	0.00	          0.24	5.36	
600995	文山电力	-1.02	35670932	-0.09	8.76	8.77	40731	11	0.46	          0.85	8.86	
600297	广汇汽车	-0.51	35664612	-0.04	7.85	7.86	45392	5	0.00	          0.19	7.93	
002448	中原内配	-0.74	35621008	-0.07	9.40	9.41	37895	1000	0.11	          0.82	9.44	
600261	阳光照明	-0.84	35534512	-0.04	4.74	4.75	74484	1	0.21	          0.51	4.78	
000089	深圳机场	-0.70	35460572	-0.06	8.47	8.48	41752	150	0.00	          0.20	8.55	
000552	靖远煤电	-0.56	35452732	-0.02	3.56	3.57	99861	1843	0.00	          0.64	3.56	
01982	南旋控股	-4.38	35436740	-0.120	--  	--  	13510000	4000	0.38	          0.59	2.730	
002519	银河电子	-1.63	35196268	-0.11	6.62	6.63	53099	237	0.46	          0.67	6.60	
002250	联化科技	-0.37	34897468	-0.04	10.71	10.72	32659	248	-0.18	          0.44	10.69	
600088	中视传媒	-1.96	34834392	-0.25	12.52	12.53	27683	14	-0.15	          0.84	12.68	
600094	大名城	-0.27	34761016	-0.02	7.27	7.28	47848	31	-0.13	          0.21	7.31	
000062	深圳华强	-0.83	34612724	-0.17	20.38	20.39	16921	224	0.10	          0.25	20.40	
002845	同兴达	-0.35	34496812	-0.08	22.61	22.63	15179	254	-0.12	          2.43	22.58	
601996	丰林集团	-0.43	34369084	-0.02	4.57	4.58	75059	332	-0.21	          0.80	4.57	
002379	宏创控股	-2.15	34189832	-0.11	5.00	5.01	67599	1504	0.00	          1.13	5.10	
601900	南方传媒	-1.96	34092144	-0.21	10.49	10.50	32299	56	0.19	          1.84	10.60	
002564	天沃科技	-1.82	33949788	-0.15	8.09	8.10	41554	1217	0.12	          0.73	8.24	
000014	沙河股份	-1.67	33916484	-0.18	10.61	10.62	31869	279	0.09	          1.58	10.75	
600240	华业资本	-1.53	33859888	-0.13	8.33	8.34	40445	5	0.12	          0.28	8.42	
00241	阿里健康	-1.21	33533102	-0.050	4.080	4.090	8144000	168000	-0.24	          0.08	4.140	
600603	广汇物流	-0.40	33266504	-0.03	7.48	7.49	44819	5	0.67	          1.64	7.52	
02314	理文造纸	-1.35	33244058	-0.120	8.770	8.780	3777766	46000	0.11	          0.08	8.890	
002556	辉隆股份	-0.30	33211962	-0.02	6.75	6.76	49014	1204	-0.14	          0.70	6.73	
600114	东睦股份	-0.38	33161766	-0.06	15.51	15.54	21381	58	0.32	          0.51	15.58	
000903	云内动力	-1.23	33156914	-0.04	3.21	3.22	102823	545	0.31	          0.59	3.22	
02268	优源控股	-0.57	33101252	-0.020	--  	--  	9380000	1000	0.29	          0.75	3.520	
000906	浙商中拓	-2.60	32897374	-0.21	7.87	7.88	41757	486	-0.24	          0.97	7.99	
03606	福耀玻璃	-3.92	32812890	-1.300	31.800	31.850	1028349	41200	0.00	          0.20	32.850	
000708	大冶特钢	-1.69	32805666	-0.19	11.07	11.08	29423	173	0.09	          0.65	11.12	
002756	永兴特钢	-0.43	32775826	-0.10	22.93	22.96	14270	450	0.26	          1.02	23.06	
603355	莱克电气	-0.74	32742836	-0.26	34.92	34.95	9369	2	-0.13	          1.40	35.20	
002434	万里扬	-0.11	32741096	-0.01	8.74	8.75	37299	506	-0.22	          0.37	8.70	
000815	美利云	-0.16	32638404	-0.02	12.47	12.48	26320	412	0.40	          0.83	12.50	
002443	金洲管道	-0.11	32633900	-0.01	8.74	8.75	37313	646	0.23	          0.74	8.73	
000958	东方能源	-0.85	32562664	-0.04	4.67	4.68	69511	870	0.00	          1.04	4.68	
600026	中远海能	-0.53	32556820	-0.03	5.63	5.64	57642	20	0.18	          0.21	5.67	
601969	海南矿业	-1.60	32454610	-0.12	7.37	7.38	44149	140	0.14	          0.23	7.50	
000875	吉电股份	-0.60	32419058	-0.02	3.29	3.30	97719	2415	0.00	          0.50	3.31	
000612	焦作万方	-0.26	32393496	-0.02	7.67	7.68	42380	390	0.00	          0.42	7.69	
00698	通达集团	-2.87	32388802	-0.050	1.690	1.700	19130000	220000	0.00	          0.32	1.740	
000711	京蓝科技	-0.33	32142122	-0.04	12.16	12.17	26351	83	0.08	          0.78	12.12	
02698	魏桥纺织	-6.61	31998480	-0.290	--  	--  	7663500	5000	-1.44	          1.85	4.290	
002482	广田集团	-2.05	31946836	-0.17	8.12	8.13	38969	155	-0.36	          0.30	8.29	
000993	闽东电力	-2.90	31804494	-0.22	7.36	7.37	42944	248	-0.13	          1.15	7.49	
601016	节能风电	-0.93	31673600	-0.03	3.20	3.21	98961	18	0.00	          0.24	3.23	
000813	德展健康	-0.73	31639964	-0.06	8.19	8.20	38671	325	0.12	          0.36	8.29	
300362	天翔环境	-2.34	31567332	-0.27	11.27	11.28	27550	1167	0.36	          1.45	11.53	
600131	岷江水电	-4.39	31332490	-0.28	6.10	6.11	50322	8	-0.15	          1.27	6.33	
603729	龙韵股份	-0.14	31305844	-0.07	48.26	48.28	6498	9	-0.01	          1.80	48.34	
000545	金浦钛业	-1.09	31169812	-0.05	4.54	4.55	68442	763	-0.21	          0.71	4.58	
000767	漳泽电力	-2.78	31121512	-0.08	2.80	2.81	109953	2113	-0.35	          0.38	2.86	
002502	骅威文化	-1.33	31039072	-0.10	7.43	7.44	41304	662	-0.12	          0.71	7.55	
000869	张 裕Ａ	-0.30	30875630	-0.11	36.32	36.35	8472	524	-0.10	          0.19	36.55	
603959	百利科技	-0.31	30866300	-0.11	34.84	34.85	8937	1	0.17	          0.84	34.14	
002124	天邦股份	-0.22	30783150	-0.02	9.25	9.26	32932	151	0.11	          0.62	9.28	
600312	平高电气	-0.45	30736984	-0.04	8.82	8.83	34778	19	-0.22	          0.26	8.88	
600020	中原高速	-0.21	30544540	-0.01	4.77	4.78	63975	200	0.21	          0.28	4.77	
600776	东方通信	-0.16	30541234	-0.01	6.32	6.33	48207	16	0.00	          0.50	6.32	
08101	壹家壹品	-13.33	30405462	-0.038	--  	--  	117784000	4000	-0.40	          4.07	0.275	
02128	中国联塑	-1.09	30388772	-0.060	5.440	5.450	5589000	103000	-0.91	          0.18	5.460	
000662	天夏智慧	-1.15	30148994	-0.15	12.85	12.86	23387	292	-0.07	          0.81	12.92	
002087	新野纺织	-1.27	30080194	-0.07	5.45	5.46	55078	471	0.00	          0.68	5.52	
601500	通用股份	-0.35	29818868	-0.03	8.60	8.61	34914	5	0.58	          2.00	8.70	
002441	众业达	-1.06	29772956	-0.10	9.28	9.29	32180	323	0.00	          0.82	9.31	
002112	三变科技	-0.34	29674138	-0.04	11.61	11.62	25482	472	0.09	          1.40	11.50	
000631	顺发恒业	-1.90	29569956	-0.08	4.14	4.15	70938	1276	0.00	          0.29	4.20	
002002	鸿达兴业	-0.15	29530656	-0.01	6.66	6.67	44309	395	0.30	          0.21	6.68	
603889	新澳股份	-0.67	29518874	-0.10	14.89	14.90	19759	9	-0.06	          0.61	15.00	
000969	安泰科技	-0.13	29478246	-0.01	7.81	7.82	37637	496	-0.12	          0.42	7.79	
600896	览海投资	-5.16	29356496	-0.32	5.87	5.88	49859	10	0.00	          0.86	6.15	
600871	石化油服	-0.44	29317002	-0.01	2.27	2.28	129138	100	0.00	          0.11	2.28	
03618	重庆农村商业银行	-1.37	29298502	-0.090	6.490	6.510	4481921	554000	-0.15	          0.18	6.680	
02113	东盈控股	-4.23	29150552	-0.030	--  	--  	41555000	5000	0.00	          5.41	0.700	
603167	渤海轮渡	-0.36	29104280	-0.04	10.91	10.92	26655	200	-0.08	          0.55	10.95	
600059	古越龙山	-0.47	29021340	-0.04	8.52	8.53	34035	2	0.12	          0.42	8.55	
600642	申能股份	-0.34	29016740	-0.02	5.80	5.81	49903	24	0.17	          0.11	5.82	
603518	维格娜丝	-1.57	28999250	-0.36	22.53	22.54	12902	5	0.00	          0.87	22.92	
000088	盐 田 港	-0.52	28830794	-0.04	7.70	7.71	37432	555	0.13	          0.19	7.72	
002287	奇正藏药	-2.40	28804568	-0.77	31.38	31.39	9029	275	-0.34	          0.22	32.69	
002664	长鹰信质	-1.56	28720544	-0.43	27.07	27.10	10525	83	-0.21	          0.30	27.20	
601566	九牧王	-0.52	28636032	-0.08	15.27	15.28	18825	6	0.39	          0.33	15.38	
00916	龙源电力	-0.36	28577188	-0.020	5.560	5.570	5115684	803000	-0.36	          0.15	5.610	
01668	华南城	-1.55	28570758	-0.030	1.900	1.910	15024143	242000	-0.52	          0.19	1.930	
000967	盈峰环境	-0.99	28223060	-0.08	7.99	8.00	35154	343	0.00	          0.47	8.07	
000571	新大洲Ａ	-1.41	28162636	-0.07	4.88	4.89	57402	769	0.20	          0.71	4.95	
600592	龙溪股份	-0.57	28148420	-0.05	8.74	8.75	32125	256	-0.33	          0.80	8.81	
600530	交大昂立	-1.08	28096072	-0.06	5.47	5.48	51189	60	0.18	          0.66	5.52	
600620	天宸股份	-2.44	28092104	-0.22	8.78	8.79	31816	16	0.11	          0.46	8.98	
600376	首开股份	-1.45	28003398	-0.13	8.83	8.84	31541	4	0.11	          0.12	8.99	
600766	园城黄金	-1.64	27999664	-0.15	9.00	9.06	30967	8	0.11	          1.38	9.25	
600605	汇通能源	-4.04	27818722	-0.51	12.09	12.11	22645	9	-0.24	          1.54	12.54	
02888	渣打集团	-0.30	27747534	-0.250	83.500	83.700	332781	150	0.06	          0.01	83.550	
002553	南方轴承	-2.83	27715456	-0.24	8.23	8.24	33503	1052	0.12	          1.52	8.30	
300582	英飞特	-0.19	27662992	-0.03	16.02	16.03	17233	322	-0.24	          1.42	15.91	
000037	深南电A	-2.19	27485084	-0.16	7.14	7.15	38448	897	0.00	          1.13	7.36	
002037	久联发展	-0.08	27457424	-0.01	11.81	11.82	23197	476	0.00	          0.71	11.79	
600269	赣粤高速	-0.20	27352440	-0.01	4.97	4.98	55049	284	0.00	          0.24	4.98	
002377	国创高新	-1.02	27299750	-0.08	7.77	7.78	35125	19	0.00	          0.81	7.87	
000965	天保基建	-0.36	27257164	-0.02	5.53	5.54	48918	634	0.00	          0.48	5.58	
600090	同济堂	-0.78	27196722	-0.06	7.59	7.61	35605	41	0.53	          0.51	7.70	
000030	富奥股份	-1.06	27125762	-0.08	7.47	7.48	36234	52	0.27	          0.29	7.52	
600126	杭钢股份	-1.37	27094004	-0.09	6.46	6.47	41854	8	0.00	          0.45	6.55	
601908	京运通	-0.41	27092372	-0.02	4.90	4.91	55203	10	0.00	          0.28	4.89	
002040	南 京 港	-0.99	26981304	-0.12	12.04	12.05	22405	271	0.17	          0.73	12.05	
06169	宇华教育	-0.24	26827762	-0.010	4.180	4.190	6406000	26000	0.24	          0.20	4.140	
002350	北京科锐	-0.22	26794068	-0.02	9.03	9.04	29562	368	-0.10	          0.79	9.09	
002033	丽江旅游	-0.93	26687866	-0.08	8.55	8.56	31123	177	0.00	          0.57	8.64	
600331	宏达股份	-1.10	26554278	-0.05	4.49	4.50	58934	1	-0.21	          0.29	4.55	
600811	东方集团	-0.22	26545040	-0.01	4.46	4.47	59412	5	0.22	          0.18	4.49	
600863	内蒙华电	-0.36	26525016	-0.01	2.79	2.80	95245	1	0.00	          0.16	2.79	
600478	科力远	-0.98	26513062	-0.06	6.07	6.08	43528	10	-0.15	          0.34	6.04	
002160	常铝股份	-0.15	26494744	-0.01	6.58	6.59	40289	425	0.00	          0.85	6.55	
300427	红相股份	-2.48	26402116	-0.38	14.96	14.97	17545	210	0.00	          1.58	15.40	
601179	中国西电	-1.19	26310816	-0.05	4.13	4.14	63324	2	0.00	          0.12	4.20	
002540	亚太科技	-0.28	26242524	-0.02	7.02	7.03	37293	782	-0.27	          0.53	7.03	
600888	新疆众和	-0.34	26236572	-0.02	5.95	5.96	44062	10	0.00	          0.53	5.96	
600075	新疆天业	-0.13	26144936	-0.01	7.49	7.50	34914	3	0.13	          0.42	7.50	
03900	绿城中国	-1.70	25789194	-0.220	12.680	12.700	2018943	2500	0.32	          0.09	12.900	
00119	保利置业集团	-1.62	25610102	-0.070	4.260	4.280	5978000	474000	-0.23	          0.16	4.320	
600742	一汽富维	-0.88	25587020	-0.15	16.96	16.98	15053	3	-0.17	          0.36	17.13	
00338	上海石油化工股份	-1.44	25580872	-0.070	4.790	4.800	5313462	164000	-0.21	          0.15	4.830	
300174	元力股份	-1.81	25536070	-0.58	31.46	31.52	8024	49	0.25	          0.36	31.75	
601106	*ST一重	-1.10	25528352	-0.04	3.61	3.62	70421	20	-0.27	          0.11	3.64	
002471	中超控股	-0.75	25517078	-0.03	3.97	3.98	64330	469	0.25	          0.51	3.98	
600496	精工钢构	-0.28	25409644	-0.01	3.60	3.61	70391	30	-0.27	          0.47	3.61	
000760	斯太尔	-1.54	25348448	-0.08	5.12	5.13	49377	759	-0.18	          0.75	5.20	
002135	东南网架	-0.89	25274760	-0.06	6.64	6.65	37920	609	0.15	          0.56	6.68	
600743	华远地产	-0.85	25101678	-0.03	3.51	3.52	71172	80	0.00	          0.30	3.55	
603558	健盛集团	-2.52	25092798	-0.28	10.82	10.87	22976	10	-0.08	          0.77	11.03	
600169	太原重工	-0.65	25061766	-0.02	3.05	3.06	81591	17	-0.32	          0.32	3.06	
600173	卧龙地产	-0.94	25027118	-0.05	5.25	5.26	47534	1	0.19	          0.66	5.30	
600744	华银电力	-3.60	24949720	-0.13	3.47	3.48	71493	7	-0.28	          0.86	3.59	
300622	博士眼镜	-2.10	24860540	-0.47	21.93	22.00	11334	117	-0.08	          2.96	21.71	
600305	恒顺醋业	-0.38	24808268	-0.04	10.38	10.39	23878	55	0.19	          0.40	10.38	
600227	赤天化	-0.53	24790812	-0.03	5.65	5.67	43896	37	0.00	          0.35	5.68	
600130	波导股份	-1.62	24750652	-0.11	6.66	6.67	36910	56	0.15	          0.48	6.66	
01112	Ｈ＆Ｈ国际控股	-2.51	24747932	-1.350	52.350	52.500	466500	1000	0.38	          0.07	53.850	
002333	罗普斯金	-0.97	24664468	-0.15	15.26	15.27	16092	130	0.07	          0.33	15.52	
600969	郴电国际	-0.29	24634316	-0.03	10.49	10.50	23446	17	-0.18	          0.89	10.49	
600722	金牛化工	-0.15	24588838	-0.01	6.56	6.57	37379	1	0.00	          0.55	6.57	
600012	皖通高速	-1.50	24511352	-0.16	10.53	10.54	23166	50	0.29	          0.20	10.70	
600749	西藏旅游	-1.67	24484316	-0.26	15.35	15.36	16025	23	0.33	          0.85	15.54	
600692	亚通股份	-0.33	24315816	-0.03	9.17	9.19	26421	9	0.11	          1.04	9.29	
002300	太阳电缆	-0.90	24310096	-0.07	7.70	7.71	31376	811	0.00	          0.58	7.74	
002459	天业通联	-0.16	24041682	-0.02	12.56	12.60	19109	400	0.40	          0.49	12.60	
000968	蓝焰控股	-0.97	23861318	-0.13	13.33	13.34	17771	472	0.00	          0.35	13.48	
300495	美尚生态	-0.33	23819684	-0.05	15.04	15.05	15738	438	0.07	          0.67	14.80	
002561	徐家汇	-1.24	23777496	-0.14	11.17	11.18	21172	252	-0.26	          0.53	11.31	
300195	长荣股份	-1.19	23747176	-0.17	14.14	14.15	16772	457	-0.13	          0.81	14.31	
002392	北京利尔	-0.22	23576828	-0.01	4.45	4.46	53029	651	0.23	          0.72	4.46	
01528	红星美凯龙	-1.02	23566010	-0.100	9.660	9.670	2437645	19000	-0.21	          0.23	9.710	
002289	宇顺电子	-2.16	23549690	-0.20	9.06	9.07	25597	662	-0.10	          0.99	9.26	
01513	丽珠医药	-1.78	23450492	-1.200	66.250	66.300	351381	3300	-0.15	          0.19	66.950	
00297	中化化肥	-1.89	23440410	-0.020	1.030	1.040	22638164	10000	0.00	          0.32	1.060	
002505	大康农业	-0.39	23332796	-0.01	2.53	2.54	91979	1728	0.40	          0.17	2.55	
600800	天津磁卡	-1.87	23288036	-0.10	5.23	5.24	44100	1	0.19	          0.72	5.31	
00546	阜丰集团	-3.08	23272896	-0.160	5.020	5.030	4598000	320000	-0.40	          0.18	5.170	
600628	新世界	-0.74	23252390	-0.07	9.39	9.40	24702	10	0.00	          0.46	9.45	
000698	沈阳化工	-0.90	23126572	-0.05	5.49	5.50	41799	1081	0.00	          0.97	5.57	
01060	阿里影业	-1.89	22893194	-0.020	1.040	1.050	21794886	740000	0.00	          0.09	1.060	
000585	东北电气	-1.66	22749870	-0.06	3.55	3.56	63562	1167	0.00	          1.04	3.58	
002201	九鼎新材	-0.70	22679574	-0.07	9.97	10.00	22612	621	0.40	          0.72	10.08	
600469	风神股份	-2.62	22647392	-0.14	5.20	5.21	43468	12	0.19	          0.77	5.17	
000925	众合科技	-0.92	22632030	-0.11	11.81	11.82	18982	343	-0.07	          0.62	12.01	
000429	粤高速Ａ	-1.38	22562796	-0.11	7.88	7.89	28463	57	0.13	          0.61	7.96	
603686	龙马环卫	-0.52	22546364	-0.13	24.75	24.78	9077	41	-0.23	          0.34	24.60	
000838	财信发展	-0.19	22534722	-0.01	5.22	5.23	43080	1099	0.19	          0.68	5.21	
600517	置信电气	-1.35	22500118	-0.07	5.13	5.14	43785	45	-0.38	          0.35	5.19	
600284	浦东建设	-0.11	22488916	-0.01	9.10	9.11	24643	13	0.11	          0.36	9.08	
600289	ST信通	-0.26	22421810	-0.01	3.79	3.80	59065	6	0.26	          1.04	3.80	
300270	中威电子	-1.75	22301094	-0.25	14.02	14.03	15811	412	-0.56	          1.05	14.26	
601038	一拖股份	-0.14	22127202	-0.01	6.91	6.92	31974	10	0.00	          0.54	6.96	
000017	深中华A	-0.85	22045918	-0.05	5.86	5.87	37843	910	0.17	          1.25	5.84	
600377	宁沪高速	-0.31	21999392	-0.03	9.68	9.69	22702	10	0.21	          0.06	9.77	
600576	祥源文化	-0.31	21932288	-0.02	6.51	6.52	33514	30	0.31	          0.70	6.51	
000883	湖北能源	-0.22	21847726	-0.01	4.51	4.52	48348	111	0.00	          0.09	4.52	
600601	方正科技	-0.94	21838696	-0.03	3.16	3.17	68688	16	0.00	          0.31	3.20	
002554	惠博普	-0.24	21749816	-0.01	4.14	4.15	52537	2164	-0.23	          0.80	4.17	
002586	围海股份	-1.38	21742708	-0.11	7.85	7.86	27565	765	0.00	          0.40	7.96	
000680	山推股份	-0.67	21626682	-0.03	4.43	4.44	48605	462	0.00	          0.46	4.48	
01618	中国中冶	-1.29	21406922	-0.030	2.290	2.300	9226550	203000	-0.43	          0.32	2.320	
000498	山东路桥	-0.31	21350600	-0.02	6.42	6.43	33209	82	0.16	          0.94	6.46	
600054	黄山旅游	-0.30	21323944	-0.04	13.16	13.17	16189	5	0.08	          0.32	13.20	
600769	祥龙电业	-0.36	21317804	-0.02	5.43	5.47	39572	37	0.00	          1.06	5.43	
601139	深圳燃气	-0.40	21236180	-0.03	7.39	7.40	28629	14	0.00	          0.13	7.45	
601008	连云港	-0.45	21212056	-0.02	4.47	4.48	47503	10	-0.21	          0.47	4.47	
002455	百川股份	-0.36	21202384	-0.03	8.21	8.22	25685	269	0.37	          0.81	8.25	
002166	莱茵生物	-0.38	21193940	-0.04	10.36	10.37	20394	324	0.00	          0.58	10.45	
000561	烽火电子	-0.54	21160468	-0.04	7.40	7.41	28400	254	0.68	          0.48	7.45	
600225	*ST松江	-1.64	21132402	-0.07	4.21	4.22	50218	45	-0.23	          0.54	4.26	
601058	赛轮金宇	-0.31	21076958	-0.01	3.21	3.22	65530	20	0.00	          0.29	3.21	
000995	皇台酒业	-2.45	21060286	-0.21	8.36	8.37	24948	610	0.12	          1.41	8.61	
600979	广安爱众	-1.98	20839552	-0.10	4.95	4.96	41737	13	-0.19	          0.58	5.05	
00574	百信国际	-5.26	20811600	-0.030	--  	--  	38384000	50000	1.89	          3.61	0.580	
601137	博威合金	-1.90	20651508	-0.21	10.84	10.85	18947	100	0.00	          0.34	11.03	
02868	首创置业	-2.81	20618260	-0.150	--  	--  	3916000	6000	-0.57	          0.38	5.320	
000582	北部湾港	-1.45	20613016	-0.13	8.84	8.86	23110	1352	0.00	          0.88	8.98	
002746	仙坛股份	-0.49	20486428	-0.10	20.39	20.40	10008	109	0.05	          0.55	20.56	
03308	金鹰商贸集团	-4.21	20425784	-0.400	9.100	9.120	2201974	1000	0.11	          0.13	9.520	
600333	长春燃气	-0.34	20250154	-0.02	5.93	5.94	34015	20	0.17	          0.64	5.93	
603738	泰晶科技	-1.68	20200990	-0.44	25.63	25.69	7714	5	-0.34	          1.84	26.49	
002391	长青股份	-0.34	20175172	-0.05	14.78	14.79	13639	192	-0.06	          0.57	14.94	
000780	*ST平能	-0.60	20171424	-0.03	5.00	5.01	40374	432	0.00	          0.40	5.00	
600697	欧亚集团	-0.93	20064282	-0.23	24.42	24.43	8158	10	-0.07	          0.53	24.59	
603308	应流股份	-0.57	19996424	-0.08	13.93	13.95	14263	3	0.07	          0.36	14.00	
002832	比音勒芬	-2.19	19905104	-1.27	56.73	56.74	3506	27	0.00	          0.75	58.37	
600095	哈高科	-0.35	19701232	-0.02	5.63	5.64	34872	2	-0.17	          0.97	5.64	
603198	迎驾贡酒	-0.32	19582340	-0.05	15.51	15.52	12610	10	0.06	          0.76	15.66	
00659	新创建集团	-2.32	19579084	-0.360	15.140	15.160	1282280	114000	0.00	          0.03	15.360	
600679	上海凤凰	-0.47	19542672	-0.08	16.78	16.80	11634	20	0.30	          0.61	16.80	
00771	自动系统	-10.87	19491168	-0.200	--  	--  	11442989	16000	-0.61	          1.71	1.860	
000913	钱江摩托	-1.27	19461320	-0.22	17.17	17.18	11244	187	0.06	          0.25	17.38	
603977	国泰集团	-0.52	19382260	-0.07	13.24	13.30	14582	112	0.84	          1.16	13.21	
002248	*ST东数	-0.87	19365878	-0.08	9.15	9.16	21140	417	-0.21	          0.69	9.01	
00165	中国光大控股	-0.11	19347766	-0.020	17.660	17.680	1095860	42000	0.00	          0.07	17.720	
600616	金枫酒业	-0.25	19338572	-0.02	8.09	8.12	23898	89	0.12	          0.46	8.11	
002330	得利斯	-1.07	19313368	-0.08	7.40	7.41	26033	516	-0.12	          0.52	7.46	
000833	贵糖股份	-1.24	19299476	-0.08	6.35	6.36	30109	791	0.16	          0.80	6.45	
002484	江海股份	-0.12	19118510	-0.01	8.24	8.25	23147	556	0.00	          0.30	8.21	
00787	利标品牌	-1.96	19067874	-0.010	0.500	0.510	37364960	1606000	0.00	          0.44	0.520	
603017	中衡设计	-1.47	19061894	-0.21	14.04	14.06	13620	4	-0.56	          0.50	14.11	
300126	锐奇股份	-0.16	19009800	-0.01	6.16	6.17	30824	268	0.00	          1.47	6.15	
603218	日月股份	-0.10	18944640	-0.02	19.27	19.28	9853	8	0.16	          0.99	19.26	
000043	中航地产	-1.10	18914824	-0.10	8.98	8.99	20988	244	0.00	          0.31	9.11	
000657	中钨高新	-1.05	18862586	-0.12	11.32	11.33	16656	249	0.09	          0.68	11.44	
002169	智光电气	-0.82	18819540	-0.04	4.85	4.86	38757	206	0.21	          0.59	4.90	
00341	大家乐集团	-0.40	18817400	-0.080	19.680	19.700	955000	4000	0.10	          0.16	19.780	
600841	上柴股份	-3.20	18814310	-0.39	11.80	11.81	15680	10	0.00	          0.30	12.14	
603169	兰石重装	-1.31	18747518	-0.10	7.51	7.52	24833	6	0.00	          0.24	7.67	
002825	纳尔股份	-0.09	18700912	-0.02	22.28	22.30	8395	126	-0.03	          2.87	22.19	
603208	江山欧派	-1.89	18635852	-0.74	38.25	38.50	4756	10	-0.48	          1.54	39.40	
01266	西王特钢	-1.30	18517636	-0.020	--  	--  	12100000	2000	0.00	          0.53	1.540	
600558	大西洋	-0.38	18461054	-0.02	5.28	5.29	34875	89	0.00	          0.39	5.29	
000667	美好置业	-0.33	18434534	-0.01	3.02	3.03	60942	453	0.00	          0.24	3.03	
601965	中国汽研	-0.71	18221920	-0.06	8.44	8.45	21608	1	-0.11	          0.22	8.44	
600246	万通地产	-0.47	18084876	-0.02	4.24	4.25	42474	89	0.24	          0.35	4.27	
002776	柏堡龙	-1.76	18046260	-0.32	17.83	17.85	10130	323	0.39	          0.96	18.10	
002267	陕天然气	-0.68	18000460	-0.05	7.25	7.26	24682	224	0.00	          0.22	7.30	
00732	信利国际	-2.46	17985820	-0.060	2.380	2.390	7490000	64000	0.00	          0.24	2.430	
600706	曲江文旅	-1.67	17964692	-0.30	17.67	17.68	10108	20	-0.05	          0.57	17.88	
000650	仁和药业	-0.20	17868940	-0.01	4.99	5.00	35669	395	0.20	          0.29	5.02	
601858	中国科传	-0.62	17847576	-0.06	9.62	9.63	18538	16	0.21	          1.42	9.58	
600098	广州发展	-0.16	17711316	-0.01	6.33	6.34	27920	2	-0.15	          0.10	6.36	
002453	天马精化	-0.84	17707114	-0.06	7.10	7.11	24794	337	-0.13	          0.46	7.17	
002325	洪涛股份	-0.43	17662322	-0.02	4.68	4.69	37598	158	0.00	          0.41	4.69	
002206	海 利 得	-0.76	17549526	-0.04	5.19	5.20	33736	58	-0.18	          0.39	5.21	
000509	华塑控股	-10.08	17518434	-0.50	--  	4.46	39279	603	0.00	          0.48	4.46	
600653	申华控股	-1.27	17502732	-0.03	2.32	2.33	75109	8	0.43	          0.43	2.35	
000955	欣龙控股	-0.46	17481190	-0.03	6.43	6.44	27166	671	0.16	          0.50	6.45	
01257	中国光大绿色环保	-1.45	17422542	-0.120	8.150	8.180	2119093	29000	0.12	          0.10	8.310	
00337	绿地香港	-2.44	17397250	-0.100	3.980	3.990	4297000	10000	0.25	          0.15	4.100	
600279	重庆港九	-0.50	17310608	-0.03	5.94	5.95	29137	93	0.00	          0.42	5.98	
600300	维维股份	-0.71	17285484	-0.03	4.21	4.22	40866	4	-0.23	          0.24	4.24	
600639	浦东金桥	-1.07	17142544	-0.17	15.71	15.80	10870	86	0.38	          0.15	15.93	
00866	中国秦发	-5.36	17054528	-0.030	--  	--  	32825660	118000	0.00	          1.32	0.560	
002782	可立克	-1.16	16936144	-0.14	11.96	11.97	14119	258	0.00	          1.33	12.11	
600675	中华企业	-1.08	16908298	-0.06	5.51	5.52	30642	10	0.00	          0.16	5.53	
01263	柏能集团	-3.56	16900300	-0.230	--  	--  	2700000	2000	-0.16	          0.61	6.460	
600671	天目药业	-0.20	16704737	-0.04	20.26	20.27	8217	14	-0.04	          0.68	20.40	
600976	健民集团	-0.54	16573749	-0.12	22.01	22.05	7516	22	0.18	          0.49	22.05	
600310	桂东电力	-0.54	16572120	-0.03	5.52	5.53	30142	5	0.18	          0.36	5.56	
002141	贤丰控股	-0.95	16551263	-0.06	6.28	6.29	26390	840	0.48	          0.41	6.34	
600561	江西长运	-0.97	16504939	-0.08	8.17	8.18	20153	35	-0.23	          0.85	8.22	
002053	云南能投	-0.90	16430665	-0.10	10.94	10.95	14999	310	0.18	          0.40	11.05	
02768	佳源国际控股	-1.12	16404381	-0.110	9.700	9.710	1676000	8000	0.10	          0.07	9.870	
00142	第一太平	-0.66	16389487	-0.030	4.500	4.520	3627026	522000	0.44	          0.08	4.580	
002414	高德红外	-0.33	16222642	-0.05	15.27	15.29	10560	86	0.00	          0.22	15.14	
00272	瑞安房地产	-0.87	16186525	-0.020	2.270	2.280	7085695	98500	-0.44	          0.09	2.300	
600193	创兴资源	-0.42	16119644	-0.02	4.69	4.71	34169	60	0.21	          0.80	4.72	
00220	统一企业中国	-0.63	16092596	-0.040	6.320	6.350	2541000	550000	0.32	          0.06	6.340	
600408	安泰集团	-1.59	16014213	-0.04	2.48	2.49	64392	456	0.40	          0.64	2.51	
601595	上海电影	-0.16	15967047	-0.03	19.33	19.34	8236	5	0.00	          0.78	19.33	
00934	中石化冠德	-1.64	15961788	-0.080	4.790	4.800	3302295	32000	0.21	          0.13	4.900	
002162	悦心健康	-0.64	15958610	-0.03	4.62	4.63	34485	371	-0.21	          0.40	4.66	
002669	康达新材	-1.83	15925858	-0.40	21.40	21.46	7424	42	0.00	          0.35	21.95	
002660	茂硕电源	-0.20	15810741	-0.02	9.90	9.95	15955	390	0.40	          0.84	9.85	
01361	３６１度	-3.03	15764994	-0.080	2.560	2.570	6058538	213000	-0.39	          0.29	2.660	
00577	十三集团（新）	-13.68	15756019	-0.160	--  	--  	14935455	4000	1.00	          1.47	1.170	
000719	中原传媒	-0.34	15728866	-0.03	8.68	8.69	18032	391	0.23	          0.27	8.71	
603630	拉芳家化	-0.26	15454597	-0.06	23.17	23.20	6610	12	-0.29	          1.06	23.35	
01381	粤丰环保	-0.43	15439476	-0.020	4.590	4.610	3395000	54000	-0.43	          0.14	4.710	
002403	爱仕达	-1.35	15429582	-0.16	11.66	11.67	13183	150	-0.16	          0.46	11.80	
000510	金路集团	-0.42	15319770	-0.03	7.03	7.04	21803	231	0.00	          0.39	7.06	
600746	江苏索普	-2.01	15272692	-0.17	8.29	8.30	18287	4	0.12	          0.60	8.46	
00506	中国食品	-1.36	15093981	-0.050	3.640	3.670	4140000	20000	-0.27	          0.15	3.690	
300233	金城医药	-0.06	15089805	-0.01	17.98	17.99	8357	95	0.22	          0.36	18.00	
002374	丽鹏股份	-0.22	15089371	-0.01	4.56	4.57	33007	142	0.00	          0.46	4.58	
600236	桂冠电力	-0.34	15086107	-0.02	5.77	5.78	26094	16	0.17	          0.07	5.80	
603919	金徽酒	-0.17	15079746	-0.03	17.48	17.49	8628	12	-0.05	          0.74	17.47	
000005	世纪星源	-0.50	14758157	-0.02	3.95	3.96	37246	299	-0.24	          0.39	3.97	
002083	孚日股份	-0.99	14751006	-0.06	5.99	6.00	24466	177	0.00	          0.28	6.05	
600033	福建高速	-0.56	14412290	-0.02	3.53	3.54	40604	28	0.00	          0.15	3.56	
600156	华升股份	-2.39	14403543	-0.11	4.51	4.54	31800	13	0.45	          0.79	4.61	
002461	珠江啤酒	-0.30	14128070	-0.03	10.04	10.05	14075	66	-0.09	          0.21	10.07	
603618	杭电股份	-0.14	14122730	-0.01	7.21	7.22	19533	5	-0.13	          0.28	7.23	
603001	奥康国际	-0.07	14122725	-0.01	13.51	13.53	10434	100	0.00	          0.26	13.53	
600851	海欣股份	-0.18	14120806	-0.02	11.23	11.24	12539	1	0.09	          0.17	11.25	
002204	大连重工	-0.75	14115550	-0.03	3.98	3.99	35379	646	0.00	          0.18	4.01	
03958	东方证券	-1.82	14114655	-0.140	7.550	7.560	1866400	17600	0.00	          0.18	7.590	
600321	正源股份	-1.12	14110502	-0.04	3.52	3.53	40081	10	0.28	          0.27	3.60	
002324	普利特	-2.00	14103124	-0.48	23.53	23.55	5947	100	-0.62	          0.37	23.99	
600793	宜宾纸业	-0.45	13712042	-0.10	22.01	22.02	6216	8	-0.04	          0.59	22.09	
000524	岭南控股	-1.98	13678681	-0.21	10.41	10.42	13086	217	0.00	          0.49	10.59	
000548	湖南投资	-0.31	13660686	-0.02	6.33	6.34	21510	43	-0.15	          0.43	6.34	
01330	绿色动力环保	-3.61	13459388	-0.150	--  	--  	3345000	1000	-0.50	          0.83	4.140	
600448	华纺股份	-1.29	13416924	-0.06	4.59	4.60	29033	73	0.22	          0.69	4.67	
600792	云煤能源	-1.28	13364489	-0.05	3.86	3.87	34650	82	0.26	          0.35	3.94	
02611	国泰君安	-0.81	13362419	-0.140	17.200	17.220	771107	58200	-0.35	          0.06	17.360	
00014	希慎兴业	-0.35	13331808	-0.150	42.100	42.150	315538	41000	0.00	          0.03	42.500	
002696	百洋股份	-0.11	13200966	-0.02	18.76	18.80	7031	163	0.11	          0.40	18.73	
600318	新力金融	-1.14	13095083	-0.13	11.24	11.26	11584	151	0.18	          0.24	11.40	
603669	灵康药业	-1.21	13085498	-0.21	17.18	17.19	7506	7	-0.05	          0.87	17.81	
002513	蓝丰生化	-0.31	12931842	-0.03	9.76	9.77	13208	283	0.21	          0.53	9.76	
002725	跃岭股份	-2.11	12836013	-0.30	13.85	13.89	9265	165	0.29	          1.35	14.19	
600538	国发股份	-1.24	12835834	-0.07	5.58	5.59	23085	35	0.18	          0.50	5.64	
000409	山东地矿	-1.08	12831806	-0.06	5.48	5.49	23375	253	0.18	          0.59	5.59	
00173	嘉华国际	-0.55	12811475	-0.030	5.380	5.400	2376624	37000	0.19	          0.08	5.460	
000835	长城动漫	-0.52	12736639	-0.04	7.61	7.62	16705	126	0.13	          0.55	7.66	
01812	晨鸣纸业	-1.85	12701679	-0.260	13.760	13.800	913771	13500	-0.14	          0.26	14.120	
600748	上实发展	-0.50	12665497	-0.03	5.92	5.93	21383	8	-0.16	          0.15	5.95	
000678	襄阳轴承	-0.62	12661485	-0.04	6.41	6.42	19656	181	0.16	          0.46	6.47	
06158	正荣地产	-1.59	12587091	-0.080	--  	--  	2551000	7000	1.02	          0.06	5.020	
000897	津滨发展	-0.30	12564693	-0.01	3.27	3.28	38255	165	-0.29	          0.24	3.28	
000862	银星能源	-1.72	12553112	-0.07	4.00	4.01	31102	1071	-0.49	          0.62	4.06	
002319	乐通股份	-0.06	12417412	-0.01	15.66	15.67	7909	59	0.00	          0.40	15.72	
600247	ST成城	-3.36	12414331	-0.28	8.04	8.05	15305	14	0.12	          0.45	8.31	
000722	湖南发展	-0.55	12409078	-0.05	9.05	9.06	13661	254	-0.10	          0.29	9.15	
000531	穗恒运Ａ	-1.24	12323746	-0.09	7.18	7.19	17146	193	-0.13	          0.25	7.26	
002243	通产丽星	-0.41	12260201	-0.03	7.26	7.27	16888	259	0.28	          0.46	7.28	
00612	中国投资基金公司	-0.77	12208073	-0.070	--  	--  	1350400	8000	-0.11	          0.11	9.000	
002363	隆基机械	-0.27	12146491	-0.02	7.51	7.52	16111	257	-0.26	          0.42	7.49	
000707	双环科技	-0.47	11979482	-0.02	4.26	4.27	28022	218	-0.22	          0.60	4.29	
02222	雷士照明	-5.32	11963861	-0.050	--  	--  	13458000	224000	0.00	          0.38	0.950	
002499	科林环保	-0.26	11890671	-0.05	19.27	19.28	6143	151	-0.09	          0.38	19.32	
000504	南华生物	-0.74	11836679	-0.18	24.16	24.19	4882	146	0.71	          0.16	24.37	
603811	诚意药业	-0.37	11799794	-0.10	26.65	26.66	4448	7	-0.14	          0.78	26.03	
01571	信邦控股	-1.49	11786378	-0.100	--  	--  	1772750	43000	-0.45	          0.18	6.710	
600397	安源煤业	-1.35	11757807	-0.04	2.92	2.93	40119	1	-0.33	          0.41	2.96	
601107	四川成渝	-0.49	11684556	-0.02	4.06	4.07	28765	53	0.00	          0.13	4.08	
08473	弥明生活百货	-10.00	11464601	-0.060	--  	--  	20920000	10000	0.00	          1.87	0.590	
002238	天威视讯	-0.45	11389275	-0.04	8.82	8.85	12871	144	-0.10	          0.21	8.80	
00232	中国航空工业国际	-3.75	11363961	-0.015	--  	--  	29164000	8000	-1.28	          0.31	0.400	
01165	顺风清洁能源	-3.13	11338511	-0.010	0.305	0.310	37156000	34000	1.64	          0.86	0.320	
02298	都市丽人	-5.04	11283789	-0.210	3.920	3.960	2816202	31000	0.76	          0.13	4.160	
06138	哈尔滨银行	-5.02	11239271	-0.120	--  	--  	4947000	6000	0.00	          0.16	2.360	
600589	广东榕泰	-0.17	10796383	-0.01	5.82	5.83	18469	300	0.17	          0.29	5.83	
002228	合兴包装	-0.71	10754175	-0.03	4.18	4.19	25781	281	0.00	          0.25	4.21	
600189	吉林森工	-0.52	10733528	-0.04	7.59	7.60	14063	10	0.13	          0.45	7.60	
01387	人和商业	-10.98	10721897	-0.019	0.154	0.155	68491144	10000	-0.65	          0.16	0.174	
03329	交银国际	-1.31	10652654	-0.030	2.260	2.270	4696228	32000	0.44	          0.17	2.290	
002621	三垒股份	-0.07	10619212	-0.01	14.48	14.57	7310	20	0.07	          0.37	14.49	
02345	上海集优	-3.18	10611281	-0.050	--  	--  	6988000	34000	0.00	          0.92	1.590	
600281	太化股份	-0.82	10560820	-0.04	4.84	4.85	21920	123	0.00	          0.43	4.84	
600696	ST匹凸	-0.18	10559797	-0.01	5.55	5.56	19068	32	0.00	          0.56	5.50	
002187	广百股份	-0.10	10535729	-0.01	10.01	10.02	10547	165	0.30	          0.31	10.01	
00281	川河集团	-9.09	10416360	-0.060	--  	--  	17302000	40000	0.00	          0.66	0.610	
002752	N兴股份	-0.70	10354648	-0.06	8.53	8.54	12156	186	0.35	          0.74	8.54	
00439	光启科学	-0.96	10208940	-0.020	2.040	2.060	4940000	6000	0.49	          0.08	2.050	
002381	双箭股份	-0.52	10189916	-0.04	7.62	7.63	13357	106	0.00	          0.64	7.61	
600180	瑞茂通	-1.35	10158370	-0.14	10.25	10.26	9857	9	0.10	          0.11	10.36	
600248	延长化建	-0.37	10115639	-0.02	5.33	5.34	19023	40	0.19	          0.31	5.35	
600379	宝光股份	-0.11	9876088	-0.01	9.38	9.41	10437	6	0.00	          0.44	9.51	
600573	惠泉啤酒	-0.77	9778505	-0.06	7.78	7.79	12588	10	0.26	          0.50	7.80	
000899	赣能股份	-0.78	9715022	-0.04	5.12	5.13	18910	159	0.20	          0.29	5.16	
01157	中联重科	-0.31	9697848	-0.010	3.170	3.180	3042000	50600	0.00	          0.22	3.180	
01337	雷蛇	-1.76	9682693	-0.060	--  	--  	2875340	11000	0.00	          0.03	3.400	
002105	信隆健康	-0.49	9577308	-0.03	6.08	6.09	15693	215	0.33	          0.43	6.11	
02356	大新银行集团	-0.47	9559880	-0.080	17.020	17.040	562800	2800	0.35	          0.04	17.060	
600578	京能电力	-0.57	9433434	-0.02	3.46	3.47	27052	2	0.29	          0.06	3.50	
08349	美固科技控股	-27.90	9362800	-0.650	--  	--  	5200000	20000	-2.33	          1.30	2.300	
000755	*ST三维	-1.06	9353494	-0.07	6.54	6.55	14252	223	0.00	          0.30	6.59	
600965	福成股份	-0.29	9277580	-0.03	10.25	10.26	9001	2	0.10	          0.17	10.30	
002548	金新农	-0.94	9262461	-0.09	9.48	9.49	9736	256	-0.20	          0.31	9.57	
300108	吉药控股	-0.96	9235212	-0.08	8.24	8.25	11165	49	-0.11	          0.26	8.28	
600843	上工申贝	-0.59	9230369	-0.06	10.20	10.21	9039	5	-0.09	          0.30	10.15	
01238	宝龙地产	-0.47	9161900	-0.020	4.230	4.240	2169000	87000	0.47	          0.05	4.280	
03331	维达国际	-1.38	8920943	-0.200	14.300	14.420	619130	2000	-0.28	          0.05	14.520	
600493	凤竹纺织	-1.31	8909371	-0.10	7.53	7.54	11811	6	0.00	          0.43	7.58	
002671	龙泉股份	-0.97	8870110	-0.06	6.13	6.14	14495	307	0.00	          0.43	6.13	
600396	金山股份	-1.05	8846098	-0.03	2.82	2.83	31267	9	0.00	          0.27	2.85	
01415	高伟电子	-1.64	8772200	-0.040	--  	--  	3653000	3000	0.42	          0.44	2.430	
002591	恒大高新	-1.40	8743896	-0.14	9.88	9.89	8816	59	0.00	          0.50	10.00	
000048	康达尔	-1.38	8672274	-0.34	24.19	24.21	3568	91	0.71	          0.09	24.36	
01293	广汇宝信	-1.48	8620140	-0.050	3.320	3.330	2607500	6500	-0.30	          0.09	3.400	
00303	VTECH HOLDINGS	-0.38	8606283	-0.400	103.700	104.000	82844	10600	-0.10	          0.03	104.600	
000737	*ST南风	-0.25	8560291	-0.01	4.06	4.07	20989	330	-0.24	          0.38	4.06	
600007	中国国贸	-0.33	8550653	-0.05	14.89	14.93	5725	4	0.00	          0.06	14.92	
603306	华懋科技	-0.38	8515471	-0.09	23.71	23.72	3584	10	0.00	          0.17	23.84	
01886	汇源果汁	-2.78	8510920	-0.060	2.090	2.100	4010000	1000	0.48	          0.15	2.160	
601518	吉林高速	-0.88	8507903	-0.03	3.39	3.40	25045	33	0.00	          0.21	3.40	
300313	天山生物	-0.59	8466638	-0.06	10.07	10.08	8407	181	0.80	          0.46	10.15	
002478	常宝股份	-0.97	8359041	-0.05	5.13	5.15	16223	5	-0.18	          0.27	5.17	
603677	奇精机械	-0.04	8350532	-0.01	24.47	24.48	3404	11	0.08	          0.86	24.95	
01183	澳能建设	-2.86	8335661	-0.050	--  	--  	4858000	74000	-0.58	          0.40	1.730	
03983	中海石油化学	-2.18	8248126	-0.050	--  	--  	3652560	210000	0.00	          0.21	2.300	
000798	中水渔业	-0.48	8138977	-0.04	8.35	8.38	9693	38	0.36	          0.30	8.40	
06858	本间高尔夫	-0.23	8102611	-0.020	--  	--  	913500	1500	-0.68	          0.15	8.850	
01727	河北建设	-1.38	8074906	-0.070	--  	--  	1617500	11500	0.81	          0.35	5.060	
601188	龙江交通	-1.23	8015740	-0.05	4.00	4.01	19959	82	-0.24	          0.15	4.02	
603567	珍宝岛	-0.86	7975742	-0.12	13.90	13.92	5710	2	-0.21	          0.21	14.03	
00061	绿领控股	-5.95	7949556	-0.025	--  	--  	19793000	2300000	0.00	          0.27	0.425	
600882	广泽股份	-0.11	7909446	-0.01	8.68	8.69	9121	1	0.11	          0.23	8.70	
600665	天地源	-0.24	7899699	-0.01	4.19	4.20	18802	251	0.24	          0.22	4.19	
600731	湖南海利	-0.14	7898486	-0.01	7.24	7.25	10884	30	-0.13	          0.33	7.25	
01893	中材股份	-2.10	7721847	-0.150	--  	--  	1100647	1000	0.58	          0.09	7.140	
00539	冠华国际控股	-3.23	7630351	-0.004	--  	--  	62084000	100000	0.00	          1.23	0.123	
00815	中国白银集团	-1.62	7569781	-0.030	--  	--  	4166000	2000	0.00	          0.26	1.870	
600097	开创国际	-1.40	7523662	-0.20	14.09	14.10	5312	1	-0.41	          0.26	14.25	
00286	同佳健康	-1.12	7353521	-0.010	--  	--  	8462000	2000	1.15	          0.28	0.890	
00563	上实城市开发	-1.03	7288061	-0.020	1.920	1.930	3784000	166000	-0.52	          0.08	1.930	
000096	广聚能源	-0.82	7122499	-0.11	13.27	13.28	5338	64	0.00	          0.10	13.35	
00888	路讯通	-4.23	7003601	-0.080	--  	--  	3796000	6000	0.56	          0.38	1.910	
600159	大龙地产	-0.57	6976405	-0.02	3.50	3.51	19879	157	0.00	          0.24	3.52	
00245	中国民生金融	-0.83	6966252	-0.002	0.238	0.243	28494700	20000	-0.83	          0.10	0.245	
000679	大连友谊	-0.62	6948807	-0.04	6.43	6.45	10788	130	0.16	          0.30	6.51	
002615	哈尔斯	-0.66	6925604	-0.05	7.52	7.53	9182	263	-0.12	          0.39	7.52	
600268	国电南自	-0.20	6834802	-0.01	4.95	4.96	13840	7	0.20	          0.22	4.93	
01428	耀才证券金融	-0.75	6774701	-0.020	--  	--  	2538000	16000	0.00	          0.15	2.670	
01108	洛阳玻璃股份	-2.20	6761898	-0.090	4.000	4.050	1666000	2000	-0.25	          0.67	4.020	
603311	金海环境	-0.35	6760974	-0.05	14.18	14.20	4743	10	0.00	          0.51	14.28	
000150	宜华健康	-0.48	6754496	-0.13	26.80	26.88	2527	30	-0.55	          0.07	26.80	
02039	中集集团	-0.15	6589691	-0.020	13.620	13.700	480700	1900	0.15	          0.03	13.600	
600429	三元股份	-0.34	6573484	-0.02	5.93	5.94	11067	2	-0.16	          0.13	5.90	
02303	恒兴黄金	-3.23	6566821	-0.340	--  	--  	650000	2000	3.98	          0.07	10.400	
00784	凌锐控股	-5.43	6506501	-0.025	--  	--  	15160000	100000	1.16	          1.90	0.455	
01196	伟禄集团	-0.62	6490901	-0.030	4.790	4.800	1342000	2000	0.00	          0.12	4.830	
00989	广泽国际发展	-6.59	6386471	-0.110	--  	--  	3927000	10000	-0.64	          0.07	1.630	
06829	龙升集团控股	-2.02	6371751	-0.010	--  	--  	13410000	20000	1.04	          1.12	0.495	
000715	中兴商业	-0.58	6356009	-0.05	8.58	8.60	7356	89	-0.57	          0.26	8.69	
01072	东方电气	-1.72	6307550	-0.110	6.280	6.300	997200	21600	0.16	          0.29	6.450	
00588	北京北辰实业股份	-0.38	6188147	-0.010	2.650	2.660	2328687	44000	-0.38	          0.33	2.680	
000949	新乡化纤	-0.50	6162582	-0.02	4.01	4.02	15324	541	0.00	          0.13	4.03	
06066	中信建投证券	-2.58	6054149	-0.180	6.800	6.810	888500	5000	0.00	          0.07	6.910	
00801	金卫医疗	-2.15	5985741	-0.020	--  	--  	6548000	4000	0.00	          0.22	0.930	
000622	恒立实业	-0.68	5947400	-0.03	4.39	4.40	13513	179	0.23	          0.32	4.43	
00715	中泛控股	-7.14	5912581	-0.040	0.510	0.520	11331000	2000	0.00	          0.07	0.550	
600712	南宁百货	-0.27	5889178	-0.02	7.29	7.30	8038	1	-0.13	          0.15	7.32	
00327	百富环球	-1.57	5842749	-0.060	3.760	3.770	1540600	108000	-0.26	          0.14	3.830	
002723	金莱特	-0.06	5801654	-0.01	17.86	17.90	3262	120	0.22	          0.26	17.71	
601798	蓝科高新	-0.71	5771994	-0.06	8.40	8.43	6853	120	-0.11	          0.19	8.45	
600599	熊猫金控	-1.09	5701623	-0.21	19.05	19.06	2963	2	-0.15	          0.18	19.28	
300626	华瑞股份	-0.90	5532387	-0.25	27.39	27.45	2018	70	-0.24	          0.81	27.70	
000526	*ST紫学	-1.28	5486298	-0.37	28.55	28.56	1917	22	0.00	          0.20	28.95	
02342	京信通信	-0.83	5366510	-0.010	--  	--  	4507186	72000	0.00	          0.18	1.200	
000632	三木集团	-1.19	5316923	-0.07	5.79	5.80	9125	83	-0.33	          0.20	5.87	
000428	华天酒店	-0.27	5299799	-0.01	3.76	3.77	14073	149	0.27	          0.20	3.77	
01970	IMAX CHINA	-1.03	5141105	-0.250	24.050	24.100	213600	4100	-0.41	          0.06	24.000	
00572	未来世界金融	-1.37	5057486	-0.003	--  	--  	23380598	8000	0.47	          0.24	0.223	
00197	亨泰	-5.56	4817152	-0.030	--  	--  	9405872	40000	0.00	          0.50	0.530	
01786	铁建装备	-1.63	4700736	-0.030	--  	--  	2587500	1000	-0.55	          0.49	1.840	
000668	荣丰控股	-1.30	4652781	-0.17	12.85	12.87	3604	90	-0.07	          0.25	13.00	
600817	*ST宏盛	-0.21	4625164	-0.02	9.58	9.59	4856	1	0.00	          0.31	9.61	
00973	L'OCCITANE	-0.42	4589208	-0.060	--  	--  	320000	250	-0.14	          0.02	14.360	
06099	招商证券	-0.34	4529868	-0.040	11.840	11.860	381800	6800	0.00	          0.04	11.800	
00585	意马国际	-15.93	4465712	-0.180	--  	--  	4501500	64000	1.06	          0.65	1.140	
03708	日成控股	-7.41	4438775	-0.040	--  	--  	8800000	30000	-1.96	          0.16	0.530	
00365	紫光控股	-2.28	4321420	-0.100	--  	--  	1004000	2000	-0.47	          0.07	4.400	
02198	中国三江化工	-1.18	4269879	-0.040	--  	--  	1267232	7000	-0.30	          0.11	3.390	
00084	宝光实业	-1.43	4234260	-0.010	--  	--  	6208109	1000	2.99	          0.59	0.700	
06878	鼎丰集团控股	-1.79	4225080	-0.010	--  	--  	7592000	2000	-1.79	          0.18	0.550	
00086	新鸿基公司	-0.39	4137370	-0.020	5.060	5.070	814000	3000	0.00	          0.04	5.090	
01566	华夏动漫	-1.66	4119330	-0.050	--  	--  	1387000	19000	0.00	          0.15	3.020	
600983	惠而浦	-0.30	4118800	-0.02	6.54	6.55	6296	100	0.15	          0.12	6.55	
603606	东方电缆	-0.66	3959182	-0.07	10.48	10.49	3776	69	-0.18	          0.12	10.46	
06836	天韵国际控股	-0.79	3869120	-0.010	--  	--  	3044000	6000	0.00	          0.31	1.280	
00816	华电福新	-2.01	3780275	-0.040	1.940	1.950	1925125	154000	0.00	          0.07	1.980	
08483	名仕快相	-1.61	3771880	-0.005	--  	--  	12360000	48000	0.00	          1.54	0.305	
01297	中国擎天软件	-2.62	3638304	-0.060	--  	--  	1609600	1000	-0.45	          0.13	2.300	
02308	研祥智能	-8.57	3620888	-0.120	--  	--  	2771200	4000	-0.78	          0.90	1.370	
00564	郑煤机	-0.23	3543912	-0.010	4.270	4.310	823200	200	0.94	          0.34	4.120	
00755	上海证大	-1.16	3527485	-0.002	--  	--  	20425000	20000	-0.58	          0.14	0.173	
01483	誉宴集团	-6.20	3461880	-0.150	--  	--  	1490000	20000	3.18	          0.27	2.400	
08011	百田石油	-6.45	3404725	-0.020	--  	--  	11495000	20000	0.00	          0.39	0.310	
02448	恒宇集团	-1.97	3404300	-0.030	--  	--  	2272500	22500	0.68	          0.30	1.530	
01621	域高国际控股	-3.17	3356120	-0.010	--  	--  	10600000	32000	0.00	          1.06	0.315	
06118	奥星生命科技	-0.36	3255960	-0.010	--  	--  	1185000	1000	-1.42	          0.23	2.720	
00464	建福集团	-4.82	3120855	-0.120	--  	--  	1321100	8000	1.28	          0.30	2.490	
03040	未来ＭＳＣＩ中国	-0.13	3117205	-0.050	--  	--  	81700	100	0.00	--  	37.500	
00052	FAIRWOOD HOLD	-1.24	2934100	-0.400	--  	--  	92000	3000	-0.16	          0.07	31.900	
01249	通力电子	-1.60	2930513	-0.150	--  	--  	316100	1000	1.65	          0.12	9.350	
03830	童园国际	-6.41	2913050	-0.025	--  	--  	7850000	50000	0.00	          0.79	0.390	
01711	欧化	-1.25	2891900	-0.010	--  	--  	3660000	10000	0.00	          0.46	0.800	
03738	阜博集团	-3.70	2883390	-0.110	--  	--  	993000	2000	-0.69	          0.23	2.970	
00611	中国核能科技	-1.37	2860260	-0.020	--  	--  	1982000	100000	-0.69	          0.13	1.460	
03728	正利控股	-6.82	2859700	-0.030	--  	--  	6760000	120000	0.00	          0.68	0.440	
01600	天伦燃气	-0.54	2836980	-0.030	--  	--  	511500	6000	0.00	          0.05	5.560	
01041	林达控股	-1.03	2796079	-0.005	--  	--  	5823100	10000	1.05	          0.50	0.485	
600265	ST景谷	-2.39	2777961	-0.43	17.54	17.55	1582	10	0.52	          0.12	17.97	
01695	椰丰集团	-4.23	2722825	-0.015	--  	--  	8105000	35000	3.03	          0.75	0.355	
00580	赛晶电力电子	-1.76	2716940	-0.030	--  	--  	1622000	2000	-0.60	          0.10	1.680	
00863	品牌中国	-3.60	2599240	-0.500	--  	--  	194000	10000	0.45	          0.08	13.900	
03939	万国国际矿业	-2.09	2581360	-0.040	--  	--  	1364000	6000	0.00	          0.19	1.920	
002641	永高股份	-0.24	2573963	-0.01	4.14	4.15	6218	11	0.00	          0.07	4.14	
01469	结好金融	-1.87	2387908	-0.030	--  	--  	1511000	4000	1.29	          0.06	1.610	
08200	修身堂	-9.52	2378200	-0.006	--  	--  	40700000	80000	0.00	          0.74	0.062	
00515	达进东方照明	-11.46	2334924	-0.011	--  	--  	27696000	12000	0.00	          1.34	0.093	
00803	昌兴国际	-2.41	2295100	-0.002	--  	--  	28860000	320000	3.85	          0.23	0.083	
600847	*ST万里	-0.79	2229381	-0.10	12.57	12.59	1772	4	0.08	          0.12	12.52	
01029	铁货	-1.67	2213084	-0.003	--  	--  	12502000	60000	-0.56	          0.18	0.179	
01826	丰展控股	-2.42	2179200	-0.040	--  	--  	1350000	20000	0.00	          0.11	1.640	
02803	ＰＰ中国基石经济	-0.34	2125210	-0.030	--  	--  	244500	10000	0.00	--  	8.680	
01496	亚积邦租赁	-3.03	2083900	-0.015	--  	--  	4456000	28000	2.13	          0.52	0.485	
01475	日清食品	-0.29	2018130	-0.010	--  	--  	592000	6000	0.29	          0.06	3.420	
数据来源:通达信
