代码	名称	涨幅%%	总金额	涨跌	买价	卖价	总量	现量	涨速%%	换手%%	今开	
601318	中国平安	4.68	6687346176	3.30	73.80	73.81	924500	208	0.03	          0.85	70.89	
02318	中国平安	2.06	6037254656	1.850	91.500	91.550	66239580	2885000	-0.11	          0.89	88.850	
00939	建设银行	0.12	2347855616	0.010	8.510	8.520	275872384	13452000	-0.12	          0.11	8.500	
603712	七一二	10.00	1722963200	2.49	27.39	--  	658805	10	0.00	         65.88	24.88	
00175	吉利汽车	1.70	1426063488	0.450	26.900	26.950	52800720	1132000	-0.19	          0.59	26.500	
600635	大众公用	4.09	1178555136	0.21	5.34	5.35	2183238	110	0.38	          9.03	5.25	
002367	康力电梯	3.17	1129756416	0.35	11.37	11.38	969002	15771	0.71	         18.64	12.13	
002208	合肥城建	4.43	1090602624	0.73	17.20	17.21	641728	12573	-0.63	         20.10	17.00	
002925	盈趣科技	8.01	1048143808	7.64	102.99	103.00	105191	3271	0.77	         14.03	95.00	
300253	卫宁健康	8.77	1034965952	0.83	10.29	10.30	1016115	6787	-0.09	          8.50	9.52	
300168	万达信息	3.13	995161344	0.54	17.78	17.79	566228	9709	0.23	          5.53	17.15	
00005	汇丰控股	0.26	856528128	0.200	77.150	77.200	11098284	761600	-0.06	          0.05	76.500	
300477	合纵科技	1.69	843458624	0.55	33.00	33.01	252305	3590	0.15	         20.85	32.10	
601601	中国太保	3.14	787487488	1.28	42.03	42.04	189744	11	-0.11	          0.30	40.73	
002405	四维图新	0.08	783913280	0.02	24.16	24.17	321986	2687	-0.07	          3.14	23.95	
00941	中国移动	0.55	772281536	0.400	72.650	72.700	10643026	1077000	0.07	          0.05	71.700	
02601	中国太保	0.99	760606976	0.400	40.850	40.900	18626120	972800	-0.24	          0.67	40.100	
600848	上海临港	7.48	725088256	1.89	27.14	27.15	272177	19	-0.21	          6.81	25.01	
002922	伊戈尔	0.06	707106432	0.02	31.99	32.00	219355	3231	0.28	         66.47	32.00	
600901	江苏租赁	0.64	695248320	0.07	11.05	11.06	633681	52	0.36	          9.90	10.98	
300367	东方网力	1.74	689453056	0.29	16.99	17.00	402012	2463	0.24	          7.32	16.90	
002184	海得控制	10.01	679274624	1.85	20.34	--  	356027	1733	0.00	         26.20	18.05	
600535	天士力	5.30	676161024	2.13	42.33	42.34	161901	52	0.21	          1.57	40.17	
300612	宣亚国际	9.99	622384768	5.22	57.46	--  	112367	105	0.00	         36.19	53.48	
600104	上汽集团	1.33	617043264	0.49	37.30	37.32	167784	5	0.32	          0.15	36.65	
300100	双林股份	7.39	609427328	1.25	18.17	18.18	337669	2721	0.33	          8.74	17.40	
000998	隆平高科	3.52	592250176	0.85	25.02	25.03	236211	856	0.00	          2.47	25.20	
00268	金蝶国际	4.23	576981440	0.300	7.390	7.400	79554184	1048000	0.27	          2.74	7.150	
01093	石药集团	0.75	562811776	0.150	20.150	20.200	27788516	696000	-0.25	          0.45	20.300	
002407	多氟多	3.33	559350784	0.62	19.26	19.27	293681	3487	0.05	          5.47	18.43	
000423	东阿阿胶	2.02	535163264	1.24	62.62	62.63	86178	1566	0.10	          1.32	61.65	
002923	润都股份	4.94	523013376	2.00	42.50	42.53	123114	1446	0.00	         49.25	41.10	
601116	三江购物	2.51	518313408	0.50	20.41	20.42	249919	502	-0.14	          6.22	19.98	
000066	中国长城	2.98	504939424	0.21	7.25	7.26	686241	5682	0.00	          2.75	7.50	
300213	佳讯飞鸿	9.95	500175840	0.80	8.84	--  	574874	1673	0.00	         15.66	8.10	
002655	共达电声	4.22	478348736	0.46	11.35	11.36	440515	6804	0.44	         12.24	10.68	
000555	神州信息	9.97	476095520	1.14	12.57	--  	386373	58	0.00	          4.22	11.72	
300465	高伟达	5.15	459927904	0.55	11.21	11.22	420784	4573	0.00	         15.64	10.56	
000503	海虹控股	1.08	455692128	0.43	40.19	40.20	112859	1137	0.32	          1.26	39.78	
600876	洛阳玻璃	1.25	449233792	0.26	20.98	20.99	217537	68	0.19	          8.31	20.05	
000790	泰合健康	5.23	449103808	0.46	9.24	9.25	500196	9036	0.87	         11.62	8.81	
002038	双鹭药业	5.48	447335744	1.86	35.78	35.79	127469	2492	0.48	          2.25	33.97	
300647	超频三	8.26	446223296	2.00	26.18	26.20	172486	1522	0.00	         57.50	23.72	
002680	长生生物	7.54	438719776	1.33	18.98	19.00	235853	2533	-0.67	          5.87	17.66	
603126	中材节能	4.08	429676928	0.42	10.71	10.72	414766	154	0.56	          6.79	10.06	
300236	上海新阳	0.88	425246912	0.30	34.42	34.43	121906	1222	-0.02	          6.87	33.85	
600158	中体产业	1.59	420094304	0.21	13.37	13.38	319243	18	0.07	          4.86	13.16	
300624	万兴科技	10.00	419048736	8.86	97.48	--  	43089	10	0.00	         21.54	97.46	
300707	威唐工业	2.73	415449920	1.53	57.55	57.56	73192	1529	0.21	         37.25	54.51	
600755	厦门国贸	2.81	413691488	0.28	10.23	10.24	407199	70	0.29	          2.24	9.93	
002877	智能自控	4.61	410470816	1.41	31.98	31.99	128498	1735	0.03	         42.05	30.25	
002410	广联达	1.98	402854240	0.47	24.25	24.26	163330	1171	0.29	          1.88	24.16	
000810	创维数字	2.47	400221376	0.22	9.12	9.13	430197	7388	0.55	          4.35	9.78	
002742	三圣股份	10.02	386373120	2.57	28.23	--  	136866	2772	0.00	          5.13	28.23	
600332	白云山	3.67	380854400	0.99	27.96	27.97	138097	14	0.50	          1.29	26.97	
000963	华东医药	3.11	376934848	1.93	63.92	63.94	59720	349	0.09	          0.69	61.51	
300688	创业黑马	9.99	376095424	6.54	71.98	--  	53761	41	0.00	         31.62	68.00	
002273	水晶光电	0.14	372773696	0.03	21.84	21.85	171314	947	0.00	          2.78	21.74	
300122	智飞生物	4.43	372055552	1.38	32.56	32.57	114704	516	0.00	          1.32	31.44	
300344	太空板业	1.85	368210400	0.20	11.03	11.04	339288	5828	0.45	         17.55	10.78	
300324	旋极信息	3.08	354384768	0.52	17.39	17.40	206387	2563	0.00	          3.05	17.01	
002246	北化股份	0.84	351119520	0.10	11.98	11.99	296404	2930	0.00	          7.16	11.55	
002920	德赛西威	4.40	350310240	1.66	39.34	39.35	89893	1127	0.05	          8.99	37.81	
300015	爱尔眼科	1.77	341343200	0.70	40.26	40.27	85950	819	0.00	          0.72	39.50	
600120	浙江东方	2.68	332397888	0.61	23.37	23.38	139400	8	0.21	          2.76	24.70	
000401	冀东水泥	0.70	315997376	0.10	14.41	14.42	219684	3885	0.14	          1.63	14.32	
600760	中航沈飞	1.85	313816608	0.56	30.90	30.91	101044	12	0.06	          2.93	30.70	
002066	瑞泰科技	10.02	309953568	1.07	11.75	--  	278400	174	0.00	         12.05	10.34	
603778	乾景园林	4.11	308387232	0.32	8.10	8.11	376595	34	-0.11	         16.65	7.95	
000532	华金资本	9.99	306889024	1.33	14.64	--  	209739	814	0.00	          6.11	14.64	
02777	富力地产	1.20	304306464	0.240	20.200	20.250	14954061	801600	-0.25	          1.47	20.150	
601086	国芳集团	4.01	300697760	0.38	9.86	9.87	310668	115	0.61	         19.42	9.37	
300267	尔康制药	5.82	298361824	0.39	7.09	7.10	431238	7708	0.28	          3.71	6.70	
002422	科伦药业	2.09	298223488	0.65	31.80	31.81	95483	1405	0.06	          0.93	31.00	
600783	鲁信创投	1.89	296392192	0.27	14.54	14.55	207804	40	0.28	          2.79	14.31	
600053	九鼎投资	7.27	294663552	1.79	26.25	26.80	112720	11	-1.55	          2.60	26.00	
603444	吉比特	6.17	292895744	9.80	168.63	168.65	17538	3	0.14	          4.27	158.10	
300496	中科创达	2.95	292705696	0.92	32.12	32.14	90601	754	0.28	          4.06	32.60	
300738	奥飞数据	3.33	286037472	2.11	65.48	65.49	43662	497	0.41	         26.75	64.17	
002915	中欣氟材	6.02	285426368	2.10	37.01	37.02	79121	1347	0.03	         28.26	35.00	
300730	科创信息	2.11	283450144	0.81	39.21	39.22	73318	1230	-0.37	         31.55	37.68	
002921	联诚精密	10.00	283442752	3.30	36.30	--  	79348	13	0.00	         39.67	35.57	
600770	综艺股份	1.88	280879616	0.14	7.58	7.60	375442	13	1.06	          2.89	7.41	
002266	浙富控股	4.57	279514368	0.19	4.34	4.35	652615	7915	0.23	          4.05	4.16	
600085	同仁堂	1.79	267715680	0.60	34.13	34.14	79104	10	0.29	          0.58	33.38	
002821	凯莱英	6.17	267254480	4.13	71.03	71.04	38120	409	0.04	          3.20	67.91	
002264	新 华 都	10.06	266940096	0.90	9.85	--  	277319	594	0.00	          4.82	9.39	
300601	康泰生物	3.71	266190384	2.00	55.89	55.90	47963	429	0.02	          3.00	53.90	
00762	中国联通	0.72	265293552	0.070	9.740	9.750	27127924	2340000	-0.20	          0.09	9.660	
600962	国投中鲁	10.03	262088368	1.12	12.29	--  	226442	10	0.00	          8.91	11.38	
002510	天汽模	3.09	261067152	0.18	5.99	6.00	441725	4280	0.17	          6.18	5.76	
300650	太龙照明	6.92	260587648	2.96	45.73	45.74	56754	610	-0.58	         35.95	43.76	
300556	丝路视觉	4.71	251759264	1.10	24.45	24.46	104020	1223	-0.40	         16.70	23.53	
002863	今飞凯达	1.17	251196208	0.20	17.24	17.25	144903	2671	0.17	         26.11	17.04	
300727	润禾材料	3.75	249144928	1.26	34.85	34.86	71673	1042	-0.08	         29.37	32.95	
002737	葵花药业	1.94	249141072	0.77	40.45	40.47	62131	530	0.60	          4.72	40.40	
300692	中环环保	8.04	245415184	2.81	37.76	37.77	65747	789	0.08	         24.65	35.15	
600208	新湖中宝	3.02	244847296	0.14	4.77	4.78	518761	636	0.42	          0.60	4.64	
603612	索通发展	1.87	241801680	0.89	48.64	48.65	50562	9	0.31	          8.40	48.07	
002476	宝莫股份	2.39	239054224	0.14	6.00	6.01	394412	2250	0.17	          6.82	5.90	
300002	神州泰岳	0.85	235080368	0.06	7.16	7.17	325967	3282	0.14	          2.36	7.00	
600560	金自天正	10.01	231179600	1.18	12.97	--  	191183	2	0.00	          8.55	11.98	
00884	旭辉控股集团	0.27	228728112	0.020	7.500	7.530	30592290	1400000	0.40	          0.40	7.600	
000909	数源科技	2.10	225631952	0.23	11.19	11.20	203174	2522	0.00	          6.53	11.29	
002913	奥士康	0.23	224928848	0.10	43.50	43.51	52149	1003	0.12	         14.48	42.81	
603059	倍加洁	2.61	224062176	1.26	49.50	49.52	45911	8	-0.01	         22.96	48.00	
600804	鹏博士	0.61	222456480	0.09	14.97	14.98	149329	30	0.00	          1.04	14.87	
300684	中石科技	1.12	221360736	0.59	53.50	53.51	41648	640	0.24	         19.17	52.92	
600865	百大集团	1.11	217121296	0.09	8.21	8.22	263593	10	0.74	          7.01	8.20	
300739	明阳电路	2.06	215921280	0.82	40.72	40.73	52933	380	0.25	         17.19	40.06	
300649	杭州园林	1.84	214532080	0.66	36.58	36.59	58523	957	0.11	         18.29	35.95	
603922	金鸿顺	3.75	213508064	0.96	26.57	26.58	80911	20	0.38	         25.28	25.38	
01114	BRILLIANCE CHI	0.42	213043488	0.080	19.240	19.260	11075047	424000	-0.21	          0.22	19.120	
002195	二三四五	0.51	212369984	0.03	5.96	5.97	355103	2139	0.00	          1.13	5.94	
300715	凯伦股份	9.99	212253056	4.01	44.15	--  	48872	163	0.00	         27.15	43.00	
300733	西菱动力	10.00	211269376	2.37	26.08	--  	84321	323	0.00	         21.08	23.35	
600705	中航资本	0.35	208851968	0.02	5.68	5.69	367895	10	0.18	          0.48	5.67	
002631	德尔未来	0.48	206307856	0.05	10.53	10.54	193304	3854	0.10	          2.99	10.44	
002444	巨星科技	3.14	204852928	0.40	13.15	13.16	156186	2386	0.08	          1.54	12.88	
603329	上海雅仕	1.04	202450912	0.32	31.18	31.19	65147	22	-0.25	         19.74	30.60	
300078	思创医惠	1.20	199564128	0.12	10.13	10.14	197880	1773	0.00	          3.83	9.76	
002401	中远海科	0.32	199206720	0.04	12.44	12.45	160716	1786	1.06	          5.34	12.35	
603056	德邦股份	1.45	196281936	0.33	23.04	23.05	85951	19	-0.25	          8.60	22.87	
300558	贝达药业	4.01	194672960	2.38	61.64	61.69	32290	235	-0.02	          1.90	59.25	
603083	剑桥科技	2.39	194451040	1.07	45.88	45.89	42479	1	-0.25	         17.36	44.35	
600136	当代明诚	3.46	194204848	0.58	17.36	17.37	111933	10	0.12	          3.64	16.58	
002359	北讯集团	0.57	193643328	0.15	26.51	26.52	72834	238	0.15	          1.03	26.29	
002906	华阳集团	4.14	192052016	0.86	21.62	21.63	88203	920	0.00	         12.07	20.55	
300675	建科院	2.42	187510128	0.86	36.44	36.45	51942	1003	0.16	         14.17	35.67	
603181	皇马科技	5.14	186734256	1.13	23.15	23.16	82985	28	0.22	         16.60	21.72	
000016	深康佳Ａ	0.89	186338016	0.06	6.77	6.78	273440	3199	0.15	          1.71	6.76	
600386	北巴传媒	1.85	182444016	0.10	5.51	5.52	328933	131	0.00	          4.08	5.70	
01966	中骏置业	0.43	180620928	0.020	4.620	4.630	38233800	1292000	-0.65	          1.00	4.670	
300231	银信科技	2.61	179386864	0.25	9.83	9.84	181252	2199	-0.09	          6.79	9.40	
02331	李宁	0.24	177362464	0.020	8.480	8.490	20671542	212500	0.12	          0.95	8.460	
00002	中电控股	0.13	176643488	0.100	79.550	79.650	2222271	291000	0.06	          0.09	79.500	
300428	四通新材	0.90	174814080	0.17	19.10	19.11	92519	965	0.00	          8.04	18.88	
300725	药石科技	0.35	174558048	0.35	101.60	101.62	17072	286	0.21	          9.31	100.16	
002907	华森制药	2.08	173975632	0.69	33.80	33.81	51669	1171	-0.02	         12.90	33.28	
002638	勤上股份	3.62	173934944	0.20	5.72	5.73	314271	17407	0.70	          3.21	5.22	
300440	运达科技	4.05	173622912	0.37	9.50	9.51	178246	1629	0.11	          8.81	9.13	
002369	卓翼科技	0.77	170318144	0.07	9.20	9.21	186861	4374	0.66	          4.45	9.05	
00012	恒基地产	1.05	168848864	0.550	52.950	53.000	3201531	177000	0.38	          0.08	52.450	
300075	数字政通	2.94	167481792	0.48	16.78	16.79	101188	2563	0.18	          3.69	16.30	
600062	华润双鹤	1.79	166111792	0.43	24.50	24.51	68479	144	0.00	          1.00	23.82	
002657	中科金财	0.33	163940192	0.07	21.14	21.15	77981	619	0.00	          2.83	21.25	
00669	创科实业	1.09	162035904	0.500	46.300	46.400	3492729	166500	-0.22	          0.19	46.500	
603890	春秋电子	9.99	161958432	3.19	35.11	--  	47069	3	0.00	         13.74	32.05	
00003	香港中华煤气	0.37	161802464	0.060	16.100	16.120	10060659	743000	0.00	          0.07	15.920	
002382	蓝帆医疗	2.38	161281408	0.44	18.90	18.91	86760	2246	0.48	          1.78	18.47	
300723	一品红	2.53	159758544	0.93	37.69	37.70	42170	687	0.29	         10.54	37.48	
603326	我乐家居	8.98	155765808	1.70	20.66	20.68	77407	8	0.15	         19.35	18.94	
02607	上海医药	0.49	155510288	0.100	20.650	20.700	7493738	144300	-0.24	          0.82	20.550	
00881	中升控股	0.23	154626800	0.050	21.450	21.550	7233081	170000	0.00	          0.32	22.000	
603161	科华控股	6.52	154349360	1.67	27.26	27.27	57531	30	0.44	         17.22	25.51	
002419	天虹股份	2.11	153721584	0.42	20.31	20.32	76644	1161	-0.14	          0.96	19.99	
002570	贝因美	10.06	152737232	0.54	5.91	--  	260059	432	0.00	          2.54	5.63	
002358	森源电气	0.52	152376464	0.09	17.36	17.37	88472	1720	0.40	          0.97	17.30	
601002	晋亿实业	1.16	152151360	0.10	8.74	8.75	174082	63	-0.10	          2.20	8.59	
01169	海尔电器	0.87	150211456	0.250	28.950	29.000	5220864	140000	0.35	          0.19	29.000	
300223	北京君正	1.66	149043696	0.46	28.20	28.21	52622	521	0.64	          5.34	27.50	
300351	永贵电器	1.99	148976048	0.29	14.84	14.85	99272	1116	0.20	          4.17	14.58	
603058	永吉股份	10.03	148862384	1.63	17.88	--  	85041	2	0.00	          3.73	16.87	
603916	苏博特	4.87	148814048	0.74	15.93	15.94	95075	167	0.19	         12.51	15.00	
600633	浙数文化	0.49	148532784	0.07	14.32	14.33	103342	50	-0.13	          0.80	14.35	
300560	中富通	4.43	147772128	1.38	32.55	32.56	45833	575	0.03	         11.09	30.86	
601258	庞大集团	0.85	147461136	0.02	2.36	2.37	625806	30	0.00	          0.96	2.35	
01530	三生制药	3.12	146606416	0.520	17.140	17.180	8547990	287500	0.23	          0.34	16.540	
002903	宇环数控	1.78	144262128	0.71	40.55	40.56	36268	1117	0.25	         14.51	39.10	
600779	水井坊	0.07	142310480	0.03	46.09	46.10	30683	1	0.02	          0.63	45.90	
000676	智度股份	3.02	142226144	0.37	12.61	12.62	113373	1050	0.16	          3.58	12.40	
300685	艾德生物	1.42	141572960	1.54	109.84	109.87	12854	213	0.13	          6.43	109.87	
603278	大业股份	10.00	141079648	1.80	19.80	--  	73627	9	0.00	         14.16	18.06	
01638	佳兆业集团	1.96	140865024	0.090	4.690	4.700	29568596	156000	0.00	          0.49	4.730	
300700	岱勒新材	1.56	139168768	1.00	65.30	65.31	21400	586	0.14	         10.39	63.92	
600511	国药股份	3.16	138216256	0.94	30.64	30.65	45673	10	0.10	          1.65	29.78	
002917	金奥博	5.36	137885296	1.44	28.31	28.32	49405	933	0.14	         17.48	27.47	
600372	中航电子	3.60	137871312	0.48	13.83	13.84	100245	5	0.44	          0.57	13.38	
300145	中金环境	3.18	137804528	0.36	11.66	11.67	119334	1507	0.17	          1.61	11.21	
002630	华西能源	1.40	137221312	0.17	12.27	12.28	112988	1181	0.08	          1.88	11.99	
002642	荣之联	2.42	136101808	0.29	12.29	12.30	110985	2456	0.41	          2.24	12.00	
300357	我武生物	3.17	134418128	1.76	57.20	57.25	23619	223	0.62	          1.68	54.61	
300277	海联讯	1.75	133678880	0.19	11.02	11.03	121934	2375	0.00	          3.65	10.80	
600977	中国电影	1.05	133492016	0.18	17.32	17.33	77366	5	0.23	          1.37	17.15	
03883	中国奥园	0.40	132417848	0.030	7.510	7.520	17685956	389000	0.53	          0.66	7.600	
002741	光华科技	5.59	131897752	0.95	17.94	17.95	74676	976	0.22	          2.41	17.02	
600771	广誉远	1.96	129580952	0.89	46.15	46.22	27992	9	0.09	          1.04	45.48	
300680	隆盛科技	4.59	128999160	1.34	30.55	30.57	41817	572	0.16	         24.60	30.60	
002089	新 海 宜	1.26	128708224	0.08	6.45	6.46	198928	2359	0.16	          2.13	6.33	
603258	电魂网络	6.17	128622120	1.74	29.90	29.94	43243	43	0.17	          6.47	28.52	
300207	欣旺达	0.17	128309448	0.02	11.69	11.70	109084	1574	0.26	          0.97	11.70	
603177	德创环保	10.01	127041704	1.72	18.91	--  	68072	20	0.00	         11.02	17.90	
300644	南京聚隆	1.65	126190760	0.75	46.15	46.16	27306	531	0.33	         17.07	46.05	
002351	漫步者	9.95	125618464	0.81	8.95	--  	145846	19114	2.40	          4.87	8.17	
603938	三孚股份	2.09	125139904	0.71	34.81	34.90	35622	9	-0.62	          9.48	35.09	
603180	金牌厨柜	4.22	125095680	7.12	175.77	175.99	7190	3	0.29	          4.23	169.25	
002370	亚太药业	7.85	124548608	1.34	18.39	18.40	69623	733	0.55	          1.71	17.05	
002681	奋达科技	3.58	123758656	0.38	10.97	10.98	114518	3213	0.27	          1.58	10.66	
600258	首旅酒店	0.09	123385824	0.03	32.26	32.29	38809	9	0.09	          0.75	32.02	
300066	三川智慧	1.30	123213480	0.06	4.68	4.69	266115	7730	0.43	          2.80	4.56	
02313	申洲国际	0.31	122887896	0.250	80.350	80.400	1528448	86000	-0.06	          0.10	79.850	
000550	江铃汽车	1.72	121987544	0.33	19.48	19.49	62836	679	-0.04	          1.21	19.05	
002902	铭普光磁	3.66	120561288	1.19	33.72	33.73	35928	413	0.42	         10.27	32.49	
601117	中国化学	0.28	120467816	0.02	7.27	7.28	166929	157	0.69	          0.34	7.21	
000007	全新好	1.53	119931808	0.22	14.56	14.57	81231	534	0.07	          2.63	14.97	
002713	东易日盛	4.11	119624616	1.12	28.38	28.40	42621	909	-0.24	          5.69	27.31	
600315	上海家化	2.30	118804912	0.81	35.91	35.92	33366	34	0.03	          0.50	35.12	
300302	同有科技	2.41	118392248	0.26	11.06	11.07	106534	1007	-0.17	          4.35	10.89	
002589	瑞康医药	0.48	117701368	0.07	14.62	14.63	80275	299	0.62	          0.68	14.50	
000416	民生控股	10.09	115671136	0.59	6.44	--  	184308	1407	0.00	          3.47	5.79	
300687	赛意信息	1.49	115594832	0.84	57.08	57.09	20186	226	0.05	         10.09	56.00	
300143	星普医科	0.44	115315824	0.11	25.05	25.06	44986	488	0.20	          3.27	25.38	
300349	金卡智能	2.09	113787576	0.79	38.64	38.65	29694	635	0.03	          1.59	37.86	
002245	澳洋顺昌	0.95	113784528	0.09	9.56	9.57	118844	1732	0.10	          1.31	9.48	
002711	欧浦智网	1.37	112877944	0.14	10.33	10.34	109546	3051	0.00	          1.05	10.16	
002251	步 步 高	0.38	111389640	0.06	15.64	15.65	70769	1346	-0.24	          0.93	15.58	
002581	未名医药	2.55	110833616	0.41	16.47	16.48	67646	913	0.24	          1.69	16.18	
002918	蒙娜丽莎	3.35	110577784	1.57	48.49	48.50	23002	504	0.00	          5.83	47.30	
300642	透景生命	5.01	110159704	4.98	104.37	104.38	10707	115	-0.05	          7.14	99.70	
300365	恒华科技	2.79	108622168	1.09	40.20	40.22	27022	84	-0.21	          2.62	39.52	
603963	大理药业	6.80	108214144	1.93	30.35	30.37	36542	9	1.07	         14.62	28.54	
000948	南天信息	2.50	107087336	0.27	11.05	11.06	97610	2531	0.36	          3.96	10.82	
600869	智慧能源	3.04	106794536	0.17	5.77	5.78	186946	30	0.35	          0.86	5.57	
300298	三诺生物	4.59	106707664	1.01	23.01	23.02	47248	498	-0.12	          1.17	22.01	
002044	美年健康	0.52	106238040	0.13	24.90	24.92	42707	689	0.16	          0.40	24.88	
002467	二六三	0.97	106075792	0.07	7.32	7.33	146092	2818	0.14	          2.32	7.21	
300109	新开源	5.28	106044616	1.89	37.69	37.70	27937	333	-0.07	          3.26	37.05	
00494	利丰	2.15	104479832	0.090	4.270	4.280	24375548	1286000	-0.23	          0.29	4.160	
600990	四创电子	3.37	104446176	1.73	53.06	53.08	19770	4	0.23	          1.45	51.49	
600830	香溢融通	2.99	103370624	0.21	7.23	7.24	142588	72	-0.13	          3.14	7.00	
300571	平治信息	7.06	102473496	5.18	78.53	78.58	13285	236	0.19	          3.80	75.00	
002334	英威腾	2.89	102343552	0.25	8.89	8.90	116309	2328	0.11	          2.03	8.62	
000626	远大控股	1.87	101862968	0.24	13.06	13.07	78287	1442	0.23	          1.93	12.65	
002544	杰赛科技	2.98	100459640	0.43	14.88	14.89	67658	595	0.40	          1.32	14.45	
300719	安达维尔	3.77	99745688	0.83	22.84	22.85	43793	441	0.00	         10.43	22.27	
600562	国睿科技	3.57	99527040	0.72	20.89	20.90	47712	8	0.14	          1.46	20.18	
00019	太古股份公司Ａ	0.80	99272456	0.650	82.150	82.200	1213009	93000	0.24	          0.13	81.550	
000915	山大华特	0.49	99137184	0.12	24.84	24.85	39586	171	0.04	          1.70	24.60	
603716	塞力斯	6.96	98670408	3.92	60.24	60.25	16518	2	0.35	          4.30	56.35	
300654	世纪天鸿	6.46	97415496	2.05	33.78	33.79	29375	473	0.51	         12.58	31.77	
600718	东软集团	0.89	97377728	0.12	13.56	13.57	71671	7	0.30	          0.58	13.42	
002697	红旗连锁	1.52	96858696	0.09	6.00	6.01	162469	6263	0.17	          1.88	5.92	
603648	畅联股份	1.55	95344464	0.28	18.28	18.29	52633	126	0.16	          5.71	17.62	
300246	宝莱特	3.70	94744808	0.70	19.60	19.61	49250	708	0.10	          4.57	18.48	
002901	大博医疗	0.03	94554856	0.01	34.34	34.35	27438	308	0.12	          6.84	33.85	
600736	苏州高新	0.62	94123824	0.04	6.50	6.51	142281	219	-0.60	          1.25	6.56	
600107	美尔雅	2.06	93355176	0.26	12.87	12.88	72473	14	0.16	          2.01	12.73	
002883	中设股份	2.04	92862288	1.03	51.55	51.56	18152	360	0.02	         13.61	50.80	
002897	意华股份	1.75	92796896	0.65	37.84	37.85	24444	460	-0.15	          9.17	36.80	
002672	东江环保	0.86	92681720	0.13	15.23	15.24	60806	291	-0.06	          1.12	15.10	
002911	佛燃股份	1.46	92317832	0.36	25.03	25.04	36939	576	0.16	          6.60	24.76	
603817	海峡环保	4.46	92153232	0.45	10.54	10.55	86968	29	0.29	          4.83	10.09	
01789	爱康医疗	3.27	91559904	0.140	--  	--  	20456000	34000	0.23	          1.97	4.230	
300273	和佳股份	2.32	91363288	0.20	8.82	8.83	104259	2401	0.34	          1.86	8.57	
300655	晶瑞股份	0.70	91289032	0.22	31.70	31.73	29119	384	0.35	         13.20	31.02	
603106	恒银金融	2.39	91170008	0.53	22.73	22.74	40385	33	-0.21	          5.77	22.10	
002023	海特高新	0.88	90274056	0.08	9.21	9.22	97503	1422	0.00	          1.48	9.02	
02869	绿城服务	7.64	90226464	0.490	6.890	6.900	13316000	80000	0.00	          0.48	6.400	
600113	浙江东日	10.04	90152896	0.92	10.08	--  	91042	30	0.00	          2.86	9.17	
300585	奥联电子	2.50	89961936	0.43	17.66	17.67	51568	1648	0.17	          6.16	17.02	
300019	硅宝科技	3.53	89854712	0.34	9.96	9.97	90300	793	-0.19	          4.40	9.60	
600161	天坛生物	1.71	89587256	0.47	27.86	27.89	32441	1	0.04	          0.48	27.40	
002860	星帅尔	2.05	87890544	0.86	42.90	42.92	20782	606	0.35	         13.67	42.10	
300461	田中精机	2.29	87888256	1.26	56.39	56.40	15678	470	-0.18	          6.65	56.97	
300620	光库科技	1.89	87174104	0.70	37.67	37.68	22997	227	0.29	         10.45	36.60	
03319	雅生活服务	0.98	87050472	0.120	--  	--  	7034641	500	-0.32	          1.62	12.280	
01448	福寿园	4.37	86955248	0.310	7.410	7.440	11687000	51000	0.14	          0.54	7.190	
603801	志邦股份	3.06	85378472	2.07	69.84	69.85	12276	7	0.52	          3.07	68.15	
600668	尖峰集团	1.80	84830592	0.27	15.24	15.25	56229	18	-0.12	          1.63	14.97	
002018	华信国际	0.94	84784280	0.05	--  	--  	157113	10	0.00	          0.69	5.35	
600637	东方明珠	0.71	84336672	0.12	17.07	17.08	49508	15	0.12	          0.23	16.81	
300420	五洋停车	0.51	84005688	0.04	7.91	7.92	106661	3216	0.38	          4.27	7.75	
002867	周大生	0.41	83983424	0.14	34.01	34.03	24580	166	-0.20	          3.20	34.82	
300321	同大股份	3.10	83909968	0.55	18.32	18.33	45151	724	0.11	          5.46	18.90	
300339	润和软件	0.85	83231152	0.09	10.65	10.66	77894	766	0.00	          1.51	10.54	
600328	兰太实业	1.29	82503768	0.13	10.18	10.19	81511	56	0.10	          1.86	10.09	
300722	新余国科	4.23	82496248	1.38	34.02	34.03	24329	379	-0.08	         12.16	32.80	
06088	FIT HON TENG	2.82	82113016	0.130	4.740	4.750	17253628	120000	-0.21	          0.26	4.610	
002590	万安科技	0.43	82071520	0.05	11.62	11.63	71208	987	-0.08	          1.64	11.44	
300527	华舟应急	2.51	82063272	0.63	25.70	25.71	31759	163	-0.22	          2.22	25.40	
603396	金辰股份	1.56	81055360	0.60	39.13	39.15	20911	17	-0.02	         11.07	38.30	
300736	百华悦邦	4.77	80874064	1.93	42.42	42.43	19208	221	-0.08	         14.15	41.12	
00135	昆仑能源	1.12	80488024	0.080	7.240	7.250	11145033	972000	0.00	          0.14	7.200	
00868	信义玻璃	0.31	80405456	0.040	12.980	13.000	6206600	198000	0.31	          0.15	12.940	
002773	康弘药业	2.71	80261072	1.51	57.31	57.33	14125	222	0.09	          2.00	55.70	
002529	海源机械	3.49	79882584	0.57	16.89	16.90	47844	731	0.00	          2.39	16.36	
300497	富祥股份	1.67	79272736	0.79	47.90	47.99	16529	203	-0.11	          2.80	47.45	
002878	元隆雅图	3.86	79224848	1.60	42.90	43.00	18554	338	0.47	          9.85	41.74	
02638	港灯－ＳＳ	0.80	79211712	0.060	--  	--  	10496200	500	0.00	          0.12	7.530	
002577	雷柏科技	0.13	79170864	0.02	15.51	15.54	50118	1113	-0.25	          1.78	15.50	
01313	华润水泥控股	0.15	78632696	0.010	6.860	6.870	11498498	660000	-0.15	          0.18	6.900	
600371	万向德农	10.02	77631888	0.97	10.65	--  	73849	1	0.00	          3.28	9.67	
300536	农尚环境	2.99	77319296	0.44	15.15	15.16	50731	849	-0.25	          8.30	14.73	
002290	中科新材	5.28	77095968	0.62	12.35	12.36	62992	2377	0.08	          3.84	11.67	
603758	秦安股份	5.67	77032232	0.74	13.79	13.80	57642	12	1.62	          9.61	12.91	
02669	中海物业	3.09	76576088	0.090	3.000	3.010	25642564	170000	0.00	          0.78	2.900	
603856	东宏股份	4.01	76329872	0.67	17.38	17.39	44275	5	0.17	          8.98	16.79	
000637	茂化实华	2.15	76260432	0.12	5.69	5.70	133326	1993	-0.17	          3.64	5.64	
002316	键桥通讯	5.83	75873800	0.60	10.89	10.90	71187	2805	-0.08	          2.26	10.05	
600664	哈药股份	0.76	75844072	0.04	5.32	5.33	142484	9	0.00	          0.57	5.29	
600299	安迪苏	4.63	75383960	0.62	13.99	14.00	54746	273	0.00	          0.95	13.33	
300690	双一科技	0.44	74892664	0.24	55.11	55.12	13713	360	0.05	          7.91	55.68	
002043	兔 宝 宝	0.51	74354272	0.06	11.72	11.73	63756	546	0.09	          0.89	11.68	
300697	电工合金	1.99	74338760	0.44	22.60	22.61	32877	544	0.27	          8.22	22.34	
002848	高斯贝尔	2.93	74314792	0.43	15.13	15.14	49797	1937	0.40	          5.97	14.68	
002020	京新药业	1.35	74252424	0.15	11.24	11.25	66561	263	-0.08	          1.30	11.21	
600128	弘业股份	1.43	74237016	0.14	9.93	9.94	73461	40	0.10	          2.98	9.83	
600400	红豆股份	3.98	74166992	0.26	6.80	6.81	110226	86	0.00	          0.76	6.54	
002224	三 力 士	1.52	73753000	0.12	8.02	8.03	92850	1812	0.38	          1.98	7.90	
603826	坤彩科技	1.56	73738432	0.23	14.97	14.98	49417	32	-0.19	          5.49	14.59	
002583	海能达	0.08	73629736	0.01	12.52	12.53	58746	292	-0.15	          0.56	12.50	
600980	北矿科技	3.76	73043888	0.54	14.91	14.92	49644	11	0.61	          3.46	14.16	
603638	艾迪精密	3.60	72900792	1.19	34.31	34.35	21373	29	0.18	          3.72	33.68	
00426	万华媒体	13.14	72794432	0.180	--  	--  	46397000	6000	-0.64	         11.57	1.400	
300310	宜通世纪	0.48	72679360	0.05	10.44	10.47	69086	1291	-0.09	          1.19	10.35	
01558	东阳光药	5.39	72377064	2.150	--  	--  	1742038	200	0.12	          0.77	40.050	
600495	晋西车轴	0.54	71041848	0.03	5.62	5.63	126592	100	0.36	          1.05	5.60	
02098	卓尔集团	0.21	70977352	0.020	9.380	9.420	7504153	1000	0.43	          0.06	9.410	
603970	中农立华	1.62	70385952	0.38	23.86	23.87	29569	18	0.13	          8.87	23.48	
000710	贝瑞基因	0.80	70203544	0.37	46.69	46.70	14952	61	0.11	          0.99	46.41	
00874	白云山	1.46	70038840	0.350	24.300	24.350	2896532	22000	-0.20	          1.32	24.000	
600288	大恒科技	0.24	69991760	0.02	8.20	8.21	84389	51	-0.11	          1.93	8.15	
300484	蓝海华腾	5.49	69486528	1.00	19.22	19.23	36381	751	0.21	          3.88	18.21	
000797	中国武夷	0.51	68915096	0.05	9.80	9.81	70273	1015	0.10	          0.70	9.68	
002893	华通热力	2.28	68811784	0.55	24.69	24.70	27959	429	0.12	          9.32	24.04	
002846	英联股份	3.75	68477632	0.55	15.23	15.24	45355	1271	0.13	          9.00	14.57	
603707	健友股份	1.00	68413000	0.32	32.39	32.40	21339	1	0.22	          3.36	32.45	
600483	福能股份	4.67	68131360	0.35	7.85	7.86	88180	13	0.00	          0.70	7.47	
600648	外高桥	1.46	66563096	0.27	18.74	18.75	35638	30	0.27	          0.38	18.46	
600710	ST常林	1.14	66550112	0.08	7.09	7.10	94385	10	0.14	          1.47	7.06	
000922	*ST佳电	4.79	66445536	0.35	7.65	7.66	88313	317	0.00	          1.93	7.50	
603366	日出东方	9.93	66182568	0.53	5.87	--  	116377	100	0.00	          1.45	5.35	
002104	恒宝股份	1.12	66071732	0.09	8.13	8.14	81357	915	0.00	          1.44	7.97	
603969	银龙股份	1.44	65888412	0.19	13.40	13.41	49376	135	0.90	          1.23	13.30	
002094	青岛金王	1.22	65814736	0.26	21.50	21.51	30645	395	0.09	          0.87	21.18	
300160	秀强股份	0.30	65793440	0.02	6.76	6.77	95858	880	0.59	          1.62	6.73	
00308	香港中旅	4.05	65452884	0.120	3.080	3.090	21461456	270000	-0.65	          0.39	2.970	
002010	传化智联	0.61	65252608	0.10	16.49	16.50	39315	249	-0.11	          0.95	16.41	
600993	马应龙	2.34	63950132	0.42	18.37	18.38	35026	15	0.11	          0.81	18.00	
603368	柳州医药	0.19	63832728	0.09	47.78	47.80	13376	3	0.08	          0.91	47.70	
300709	精研科技	1.34	63740680	0.79	59.81	59.82	10647	119	-0.06	          4.84	58.91	
002070	*ST众和	5.08	63425720	0.21	4.34	--  	147253	76	0.00	          2.60	4.32	
300554	三超新材	0.95	63124424	0.78	82.59	82.60	7615	102	0.18	          5.86	82.00	
601799	星宇股份	0.61	63075432	0.32	52.81	52.88	11899	1	-0.07	          0.43	52.49	
00551	裕元集团	1.78	62178488	0.600	34.250	34.300	1826500	90000	0.15	          0.11	33.700	
603039	泛微网络	3.94	61959492	3.31	87.27	87.28	7133	2	0.01	          2.65	84.08	
300130	新国都	1.70	61281492	0.42	25.03	25.10	24598	596	0.16	          1.57	24.52	
300717	华信新材	5.17	61156304	1.72	35.00	35.01	17659	799	0.37	         11.04	33.10	
002278	神开股份	0.70	61148496	0.08	11.45	11.46	53392	457	-0.08	          1.56	11.35	
000848	承德露露	0.42	61061696	0.04	9.58	9.59	63609	503	0.10	          0.65	9.56	
300308	中际旭创	0.38	60568848	0.30	79.00	79.15	7719	372	0.47	          0.36	78.80	
002885	京泉华	1.96	59890628	0.66	34.32	34.33	17503	246	0.15	          8.75	33.01	
002335	科华恒盛	1.88	59593980	0.53	28.72	28.73	20773	488	0.10	          0.93	28.30	
300279	和晶科技	0.53	58975844	0.07	13.27	13.28	44248	478	0.00	          1.52	13.14	
600750	江中药业	0.08	58856724	0.02	24.47	24.48	23995	72	0.16	          0.80	24.47	
002022	科华生物	0.90	58529192	0.12	13.41	13.42	43578	348	-0.21	          0.96	13.42	
600351	亚宝药业	1.43	57873660	0.11	7.80	7.81	74268	61	0.13	          1.07	7.69	
603717	天域生态	0.26	57736152	0.06	23.21	23.22	24777	6	-0.08	          5.74	23.12	
600520	文一科技	0.16	57615928	0.03	18.52	18.53	31296	9	0.11	          1.98	18.24	
600543	莫高股份	4.42	57384684	0.41	9.70	9.71	59978	42	-0.20	          1.87	9.28	
002815	崇达技术	1.63	57173424	0.50	31.11	31.17	18342	45	0.29	          1.73	30.58	
300701	森霸股份	1.93	57165744	0.68	35.92	35.95	15780	222	-0.27	          7.89	35.10	
600767	*ST运盛	2.83	57078748	0.18	6.53	6.54	86717	131	0.15	          2.54	6.35	
600532	宏达矿业	1.00	56700612	0.09	9.08	9.09	62894	10	0.00	          1.59	8.89	
00683	嘉里建设	0.42	56509668	0.150	35.400	35.500	1602698	222000	0.85	          0.11	35.700	
603345	安井食品	4.13	56454288	1.08	27.20	27.24	21130	1	-0.28	          1.72	26.00	
603813	原尚股份	3.12	56174208	0.84	27.76	27.77	20488	3	0.33	          9.28	26.99	
000656	金科股份	0.19	55978164	0.01	5.22	5.23	107224	3504	0.19	          0.20	5.22	
000659	*ST中富	1.38	55970908	0.05	3.66	3.67	152356	697	0.00	          1.19	3.62	
000739	普洛药业	2.41	55325084	0.14	5.93	5.94	93542	897	0.17	          0.82	5.83	
600462	九有股份	10.06	54955184	0.52	5.69	--  	96582	10	0.00	          1.81	5.69	
300729	乐歌股份	1.35	54622096	0.38	28.58	28.59	19174	348	-0.23	          8.92	28.01	
002317	众生药业	1.24	53834900	0.14	11.42	11.43	47387	725	0.09	          0.73	11.23	
603378	亚士创能	3.93	53428316	0.74	19.59	19.60	27515	7	0.05	          5.62	18.85	
300205	天喻信息	0.22	53038360	0.02	8.97	8.98	59590	199	0.00	          1.40	8.81	
002768	国恩股份	1.62	52875280	0.41	25.64	25.65	20637	122	-0.15	          2.37	25.33	
00696	中国民航信息网络	0.56	52874036	0.150	26.750	26.800	1965870	64000	-0.19	          0.21	26.700	
600083	博信股份	2.54	52609092	0.53	21.39	21.40	24745	1	-0.08	          1.09	20.88	
002115	三维通信	1.28	52391996	0.11	8.69	8.70	61149	634	-0.10	          1.77	8.52	
300227	光韵达	1.20	52151284	0.24	20.29	20.30	25677	328	-0.04	          1.89	20.16	
300425	环能科技	2.34	52023000	0.23	10.06	10.07	51583	599	0.00	          1.60	9.84	
300245	天玑科技	2.15	51485836	0.29	13.73	13.75	37587	604	0.22	          1.83	13.35	
002837	英维克	0.59	51424048	0.12	20.46	20.47	25018	562	0.15	          3.71	20.59	
300718	长盛轴承	1.11	51324896	0.45	40.93	40.95	12510	129	-0.16	          5.00	40.67	
603568	伟明环保	2.65	51095488	0.58	22.50	22.51	22759	10	0.13	          1.74	21.93	
000560	昆百大Ａ	0.95	51014896	0.08	8.51	8.52	59116	339	0.00	          1.73	8.43	
300609	汇纳科技	3.21	50940264	1.00	32.13	32.15	15914	254	0.25	          3.01	30.79	
603165	荣晟环保	0.66	50789884	0.33	50.43	50.47	10051	20	0.34	          3.17	50.05	
002239	奥特佳	0.79	50626996	0.03	3.83	3.84	131586	1395	0.26	          0.69	3.88	
000701	厦门信达	0.34	50444252	0.03	8.72	8.73	57749	568	0.23	          1.53	8.72	
002242	九阳股份	1.19	50364128	0.21	17.79	17.80	28316	618	0.06	          0.37	17.59	
01972	太古地产	1.20	50348996	0.350	29.400	29.500	1718950	287400	0.34	          0.03	29.350	
002329	皇氏集团	0.64	50051476	0.04	6.32	6.33	78864	1242	0.32	          1.39	6.26	
300507	苏奥传感	1.45	49847524	0.40	28.02	28.03	17895	464	0.32	          3.03	27.27	
002030	达安基因	0.41	48905336	0.06	14.71	14.72	33103	800	-0.06	          0.48	14.61	
300633	开立医疗	0.62	48681668	0.17	27.72	27.74	17733	104	-0.21	          4.43	26.85	
603358	华达科技	3.33	48356088	1.11	34.50	34.51	14134	5	0.09	          2.01	33.20	
603903	中持股份	2.22	48179576	0.72	33.10	33.13	14514	19	0.12	          1.97	32.45	
002342	巨力索具	0.17	47813216	0.01	5.89	5.90	80765	1085	0.17	          0.92	5.90	
002191	劲嘉股份	1.15	47620404	0.10	8.77	8.80	54150	2037	0.34	          0.42	8.73	
000690	宝新能源	0.36	47614808	0.03	8.34	8.35	57265	701	0.24	          0.28	8.38	
603387	基蛋生物	2.51	46894968	1.37	55.79	55.80	8432	3	0.76	          2.56	54.48	
300026	红日药业	1.26	46741244	0.05	4.01	4.02	116662	1044	0.25	          0.50	3.95	
300720	海川智能	2.92	46615104	0.79	27.83	27.84	16817	205	0.04	          9.34	26.81	
300712	永福股份	2.61	46599768	0.54	21.23	21.25	21989	588	0.00	          6.28	20.52	
002887	绿茵生态	1.40	46462932	0.95	68.80	68.86	6750	72	-0.03	          3.38	67.48	
603978	深圳新星	1.25	45974168	0.95	76.80	77.10	5958	6	0.22	          2.98	75.80	
03818	中国动向	3.16	45964944	0.050	1.630	1.650	28169464	368000	-0.61	          0.50	1.580	
002322	理工环科	0.36	45915288	0.06	16.80	16.81	27239	227	-0.11	          0.95	16.74	
600252	中恒集团	1.02	45750488	0.04	3.97	3.98	115496	13	0.25	          0.33	3.94	
603809	豪能股份	2.14	45639496	0.65	30.93	30.94	14781	38	0.13	          5.54	30.13	
600662	强生控股	0.80	45578380	0.04	5.06	5.07	89268	71	0.00	          0.85	5.08	
002761	多喜爱	2.98	45526952	1.11	38.34	38.35	11744	94	0.13	          2.10	37.31	
300595	欧普康视	2.65	45085680	1.51	58.44	58.45	7807	97	0.24	          1.03	57.28	
002291	星期六	3.38	45048068	0.22	6.72	6.73	67746	1764	0.30	          1.86	6.50	
00709	佐丹奴国际	3.15	44455412	0.140	4.580	4.590	9766000	42000	0.00	          0.62	4.460	
300374	恒通科技	1.58	44243468	0.22	14.15	14.16	31394	1135	0.28	          2.16	13.76	
00867	康哲药业	2.44	43983096	0.420	17.560	17.620	2510871	160000	0.11	          0.10	17.200	
002909	集泰股份	3.45	43974216	0.64	19.16	19.18	22992	290	0.10	          7.66	18.51	
000536	华映科技	0.47	43459920	0.02	4.31	4.32	100846	966	0.00	          0.50	4.29	
603628	清源股份	2.94	43324192	0.34	11.89	11.90	36345	4	0.08	          4.09	11.39	
000697	炼石有色	1.28	43241908	0.24	19.00	19.02	22835	679	0.11	          0.50	18.83	
002057	中钢天源	1.00	43083768	0.12	12.12	12.13	35727	272	0.08	          1.79	11.98	
600693	东百集团	0.95	42518728	0.07	7.43	7.44	57581	20	0.00	          0.84	7.31	
603131	上海沪工	4.52	42294592	0.87	20.10	20.11	21366	1	0.15	          4.27	19.24	
002331	皖通科技	1.78	42194880	0.17	9.69	9.70	43372	372	0.21	          1.49	9.55	
002818	富森美	1.38	42181088	0.38	27.97	27.98	15132	145	0.04	          1.65	27.60	
300350	华鹏飞	1.34	41834104	0.10	7.57	7.58	55196	915	0.13	          2.35	7.43	
002240	威华股份	0.49	41575976	0.08	16.56	16.57	25181	748	0.24	          0.51	16.31	
002751	易尚展示	0.71	41217164	0.25	35.47	35.52	11662	205	0.34	          1.52	35.42	
002900	哈三联	2.38	41155700	0.59	25.34	25.35	16307	120	0.00	          3.09	24.65	
002462	嘉事堂	2.26	41065792	0.55	24.84	24.85	16890	1173	0.77	          0.68	24.10	
000785	武汉中商	3.27	41035052	0.31	9.80	9.81	42413	1519	0.20	          1.69	9.42	
600425	*ST青松	2.19	41028752	0.08	3.74	3.75	109158	10	0.00	          0.79	3.65	
03396	联想控股	0.72	40882436	0.200	27.850	27.900	1469772	6300	0.00	          0.38	27.700	
300710	万隆光电	2.81	40802616	1.00	36.54	36.55	11184	110	0.58	          6.39	35.89	
01009	国际娱乐	2.25	40558900	0.050	--  	--  	17672000	8000	0.00	          1.29	2.240	
000601	韶能股份	2.41	40499552	0.17	7.23	7.24	56317	785	-0.13	          0.52	7.06	
603076	乐惠国际	1.40	40367036	0.42	30.36	30.37	13177	5	-0.29	          7.07	29.95	
002017	东信和平	1.82	40329860	0.14	7.81	7.82	52225	1393	0.51	          1.51	7.63	
603879	永悦科技	1.78	40020384	0.26	14.81	14.84	27031	42	0.27	          7.51	14.60	
600323	瀚蓝环境	0.56	39488564	0.08	14.32	14.33	27420	20	0.00	          0.36	14.30	
002546	新联电子	1.29	39443472	0.06	4.69	4.70	85432	1713	0.00	          1.09	4.61	
300393	中来股份	1.58	39381248	0.56	36.03	36.04	10955	93	-0.16	          0.61	35.49	
603601	再升科技	2.89	39280376	0.41	14.58	14.59	26962	1	0.27	          0.70	14.26	
603016	新宏泰	0.99	39270976	0.21	21.39	21.40	18380	3	0.09	          2.61	20.88	
002820	桂发祥	2.76	39235068	0.68	25.28	25.29	15740	540	0.68	          1.83	24.56	
002620	瑞和股份	1.96	39055828	0.18	9.37	9.38	41690	1141	0.21	          1.38	9.24	
002211	宏达新材	3.13	39054484	0.19	6.25	6.26	63195	1146	0.16	          1.46	6.07	
300683	海特生物	3.06	38904328	1.45	48.79	48.80	8029	107	0.04	          3.11	47.95	
300575	中旗股份	0.54	38564904	0.24	44.61	44.62	8632	91	-0.08	          2.51	44.01	
002840	华统股份	0.45	38552020	0.16	36.02	36.04	10739	80	0.25	          1.10	35.57	
603300	华铁科技	0.53	38511412	0.04	7.60	7.61	50500	44	0.13	          1.82	7.55	
600250	南纺股份	2.10	38294868	0.19	9.20	9.21	41872	45	1.43	          1.62	8.99	
300346	南大光电	1.05	38200256	0.27	25.92	25.98	14698	93	0.31	          1.21	25.93	
002888	惠威科技	5.77	38093472	1.37	25.12	25.13	15266	192	0.08	          7.35	23.78	
002831	裕同科技	0.29	37924524	0.16	55.90	55.96	6810	9	0.00	          0.57	55.50	
300653	正海生物	3.08	37445960	1.04	34.80	34.82	10811	240	0.09	          5.41	33.58	
000720	新能泰山	0.65	37302632	0.03	4.62	4.63	82006	4464	0.00	          0.95	4.53	
01778	彩生活	0.61	37143784	0.040	6.510	6.550	5744000	36000	1.08	          0.44	6.590	
03360	远东宏信	1.57	36994848	0.130	8.390	8.420	4448365	116000	-0.36	          0.11	8.340	
300399	京天利	1.76	36917340	0.30	17.38	17.41	20933	107	-0.10	          2.87	17.08	
600873	梅花生物	0.41	36547220	0.02	4.93	4.94	74036	50	0.41	          0.24	4.92	
01368	特步国际	2.19	36253980	0.090	4.190	4.200	8664090	56500	0.00	          0.39	4.110	
603988	中电电机	0.38	36166340	0.12	31.48	31.49	11450	30	0.03	          0.95	30.56	
600152	维科精华	4.11	36083500	0.27	6.83	6.84	53211	10	0.15	          1.81	6.46	
300552	万集科技	4.83	36071792	1.14	24.74	24.75	14759	131	0.00	          3.71	23.61	
603036	如通股份	2.88	36035260	0.41	14.67	14.68	24742	32	0.21	          4.87	14.18	
603129	春风动力	3.74	35858904	0.88	24.40	24.41	14897	10	0.08	          4.47	23.60	
300383	光环新网	10.01	35800612	1.32	14.51	--  	24673	75	0.00	          0.18	14.51	
002550	千红制药	0.17	35693044	0.01	5.96	5.97	59686	121	0.17	          0.66	5.98	
002880	卫光生物	3.09	35408080	1.56	52.00	52.02	6824	123	-0.11	          2.53	50.96	
300506	名家汇	0.29	35211260	0.06	20.71	20.72	17015	300	0.10	          1.29	20.65	
600211	西藏药业	0.60	35148052	0.21	35.10	35.20	10012	2	1.27	          0.69	35.00	
002375	亚厦股份	1.32	35035712	0.09	6.91	6.92	50767	698	0.14	          0.43	6.81	
603380	易德龙	10.01	34880176	1.75	19.23	--  	18420	5	0.00	          4.60	18.03	
002214	大立科技	0.30	34821092	0.02	6.77	6.78	51209	884	0.15	          1.41	6.74	
002896	中大力德	2.10	34716096	0.74	35.95	35.96	9671	98	0.20	          4.84	35.14	
603989	艾华集团	0.71	34659192	0.27	38.10	38.12	9076	12	0.00	          1.08	37.36	
603118	共进股份	0.39	34496400	0.03	7.77	7.78	44240	11	0.13	          0.57	7.69	
300164	通源石油	0.15	33975148	0.01	6.67	6.68	50724	412	0.30	          1.61	6.65	
603043	广州酒家	2.87	33811368	0.51	18.30	18.32	18719	3	0.99	          3.74	17.69	
002393	力生制药	0.10	33704852	0.03	30.20	30.21	11143	188	0.20	          0.61	30.50	
300237	美晨生态	0.87	33638172	0.13	15.04	15.05	22382	138	0.13	          0.35	14.89	
300509	新美星	6.82	33627736	1.71	26.78	26.79	12727	436	0.49	          4.84	25.07	
600057	象屿股份	0.24	33595964	0.02	8.42	8.43	39871	10	0.12	          0.28	8.36	
600242	中昌数据	0.77	33557324	0.12	15.64	15.65	21222	8	0.26	          0.74	15.50	
300713	英可瑞	1.71	33339256	1.15	68.21	68.22	4890	49	0.00	          4.60	66.66	
300234	开尔新材	3.14	33311806	0.26	8.52	8.53	39432	879	0.00	          2.63	8.30	
03320	华润医药	0.95	33178480	0.100	10.620	10.640	3129313	77000	0.00	          0.05	10.540	
002344	海宁皮城	0.31	32995364	0.02	6.41	6.42	51417	1358	0.16	          0.40	6.38	
600676	交运股份	0.33	32989596	0.02	6.03	6.04	54708	30	0.17	          0.57	6.02	
601949	中国出版	0.15	32302368	0.01	6.74	6.75	48118	10	0.30	          1.32	6.70	
300670	大烨智能	1.77	32138576	0.37	21.28	21.29	15020	165	-0.04	          5.56	21.01	
002452	长高集团	0.16	32066440	0.01	6.09	6.10	53032	1742	0.33	          1.39	6.08	
600654	*ST中安	0.62	31865584	0.02	3.25	3.26	98583	3	0.31	          1.31	3.23	
300112	万讯自控	0.29	31357378	0.03	10.34	10.35	30450	612	0.29	          1.75	10.40	
03899	中集安瑞科	6.33	31284880	0.430	7.210	7.220	4414182	18000	0.28	          0.23	6.790	
300625	三雄极光	1.67	31268188	0.38	23.16	23.20	13511	379	-0.25	          1.48	22.98	
600329	中新药业	1.59	31230182	0.22	14.05	14.06	22356	31	0.29	          0.40	13.83	
002858	力盛赛车	9.99	31186836	3.26	35.89	--  	8819	109	0.00	          5.58	33.00	
601020	华钰矿业	0.50	31121672	0.09	18.14	18.15	17257	5	0.33	          0.61	18.06	
002843	泰嘉股份	1.69	31071584	0.29	17.42	17.43	17877	186	0.17	          2.13	17.06	
600529	山东药玻	1.10	31047544	0.22	20.19	20.21	15468	1	-0.04	          0.60	19.87	
000837	秦川机床	0.88	31031366	0.05	5.72	5.73	53738	654	0.17	          0.92	5.68	
600973	宝胜股份	2.00	31000604	0.09	4.59	4.60	68139	32	-0.21	          0.76	4.49	
002703	浙江世宝	0.14	30943608	0.01	7.09	7.10	43684	580	0.28	          0.97	7.11	
600137	浪莎股份	0.13	30860546	0.03	22.65	22.66	13527	11	-0.12	          1.39	22.65	
002567	唐人神	0.30	30532758	0.02	6.59	6.60	46160	106	0.15	          0.73	6.58	
603100	川仪股份	2.25	30508990	0.23	10.45	10.46	29336	3	0.29	          1.13	10.25	
603035	常熟汽饰	0.79	30439688	0.11	13.94	13.96	21802	10	0.14	          1.27	13.86	
00069	香格里拉（亚洲）	0.22	30113182	0.040	17.840	17.860	1684000	388000	0.00	          0.05	18.300	
300598	诚迈科技	1.87	29710502	0.46	24.98	25.00	11955	250	0.12	          2.47	24.20	
603389	亚振家居	2.59	29672936	0.29	11.47	11.48	25942	23	-0.25	          4.12	11.12	
300548	博创科技	2.07	29669566	0.84	41.44	41.50	7142	80	0.22	          2.09	40.66	
00152	深圳国际	1.02	29488636	0.160	15.820	15.860	1877054	22500	0.13	          0.09	15.700	
300503	昊志机电	0.74	29342702	0.10	13.59	13.60	21564	427	0.15	          2.09	13.40	
300175	朗源股份	0.49	29207578	0.03	6.13	6.14	47524	593	0.00	          1.03	6.08	
002889	东方嘉盛	1.98	29085216	0.51	26.20	26.21	11117	271	0.11	          3.22	25.70	
603359	东珠景观	0.58	29008280	0.19	32.79	32.80	8853	13	-0.02	          1.56	32.61	
600149	*ST坊展	1.54	28881272	0.13	8.58	8.59	33607	5	0.23	          0.88	8.45	
300382	斯莱克	3.46	28757186	0.46	13.75	13.76	21372	345	0.00	          1.01	13.30	
002809	红墙股份	0.53	27842792	0.15	28.36	28.37	9796	276	0.21	          1.63	28.20	
08138	同仁堂国药	2.94	27719392	0.440	--  	--  	1813377	1000	0.00	          0.22	14.980	
600590	泰豪科技	0.20	27359716	0.02	9.85	9.86	27708	5	0.10	          0.54	9.84	
300702	天宇股份	1.86	26763072	0.63	34.50	34.51	7793	86	0.15	          2.60	33.49	
002771	真视通	1.77	26714608	0.28	16.12	16.14	16482	162	0.25	          2.31	15.88	
300396	迪瑞医疗	2.31	26694758	0.93	41.15	41.16	6570	205	-0.04	          0.49	40.00	
603535	嘉诚国际	0.71	26644768	0.16	22.75	22.77	11696	90	0.26	          3.11	22.42	
300505	川金诺	1.47	26559270	0.41	28.22	28.23	9416	167	0.07	          2.48	28.09	
300177	中海达	0.79	26370510	0.08	10.27	10.28	25590	354	-0.09	          0.81	10.11	
002822	中装建设	1.82	25879030	0.13	7.29	7.30	35643	1102	0.14	          1.16	7.13	
601028	玉龙股份	0.36	25854232	0.03	8.42	8.43	30960	57	-0.11	          0.40	8.49	
00636	嘉里物流	0.36	25814736	0.040	11.220	11.240	2323750	6000	0.00	          0.14	11.060	
603197	保隆科技	0.97	25755082	0.42	43.75	43.77	5889	5	0.16	          2.01	43.02	
603002	宏昌电子	0.19	25676152	0.01	5.25	5.26	48952	24	0.38	          0.81	5.27	
603928	兴业股份	1.48	25612892	0.21	14.39	14.40	17748	2	0.35	          2.83	14.15	
300563	神宇股份	4.97	25500226	1.26	26.62	26.63	9727	266	0.30	          3.03	25.49	
603803	瑞斯康达	1.40	25395290	0.23	16.66	16.67	15246	21	0.30	          2.68	16.63	
00102	凯升控股	4.76	25346722	0.050	--  	--  	22750000	50000	0.00	          1.53	1.040	
603496	恒为科技	3.02	25294282	0.96	32.75	32.77	7771	2	-0.05	          3.11	31.92	
601882	海天精工	1.04	25279640	0.12	11.63	11.64	21716	5	0.17	          1.72	11.50	
03358	荣威国际	1.61	25245734	0.070	--  	--  	6053069	3000	0.68	          0.57	4.430	
03669	永达汽车	1.72	25240152	0.160	--  	--  	2687900	500	-0.11	          0.15	9.450	
600713	南京医药	1.07	25093046	0.06	5.64	5.65	44279	18	0.00	          0.49	5.60	
01622	力高集团	4.10	25081122	0.130	3.330	3.340	7618000	10000	-0.30	          0.21	3.190	
002750	龙津药业	9.16	24967704	0.77	9.18	9.19	28382	3317	2.23	          1.26	8.41	
600640	号百控股	0.94	24722634	0.13	13.96	13.97	17642	8	0.14	          0.30	13.89	
002667	鞍重股份	2.17	24720980	0.30	14.10	14.11	17660	713	0.28	          1.89	13.88	
002882	金龙羽	1.67	24524014	0.20	12.19	12.20	20182	590	-0.07	          2.52	11.99	
300031	宝通科技	0.35	24279662	0.05	14.40	14.41	16788	306	0.00	          0.65	14.30	
603319	湘油泵	0.03	24080144	0.01	29.32	29.34	8224	8	0.10	          1.45	29.11	
603336	宏辉果蔬	1.06	23979668	0.20	19.15	19.17	12455	20	0.05	          2.36	18.56	
002551	尚荣医疗	0.63	23865008	0.05	8.04	8.05	29552	173	0.00	          0.73	8.02	
000888	峨眉山Ａ	0.10	23754352	0.01	9.82	9.83	24265	347	0.00	          0.46	9.82	
002875	安奈儿	2.79	23683514	0.65	23.92	23.93	9923	212	-0.36	          3.97	23.29	
603580	艾艾精工	4.24	23462528	1.14	28.00	28.01	8447	20	0.07	          5.07	26.99	
603757	大元泵业	1.11	23436384	0.61	55.39	55.49	4236	35	0.62	          2.02	54.85	
002836	新宏泽	0.30	23387160	0.05	16.82	16.84	13848	155	-0.05	          2.46	16.77	
300632	光莆股份	2.83	23371588	0.56	20.37	20.38	11476	267	-0.14	          3.96	19.81	
000611	天首发展	2.43	23358466	0.18	7.58	7.59	31111	361	0.00	          0.97	7.35	
002605	姚记扑克	1.35	23318342	0.15	11.24	11.25	20800	234	0.00	          0.78	11.11	
603839	安正时尚	1.49	23296082	0.34	23.16	23.18	10111	8	0.26	          1.36	22.65	
600775	南京熊猫	0.41	22979704	0.03	7.37	7.38	31278	32	-0.13	          0.47	7.33	
603886	元祖股份	0.81	22787708	0.15	18.72	18.76	12200	10	0.21	          1.01	18.62	
300403	地尔汉宇	2.43	22691650	0.31	13.08	13.09	17431	540	0.62	          0.80	12.77	
002728	特一药业	0.59	22652892	0.11	18.75	18.78	12147	110	0.00	          1.02	18.60	
000539	粤电力Ａ	0.42	22582534	0.02	4.72	4.73	47478	154	0.21	          0.19	4.74	
002852	道道全	0.72	22407242	0.20	27.90	27.92	8018	212	0.04	          1.09	27.68	
600337	美克家居	1.27	22056044	0.07	5.60	5.61	39269	200	0.00	          0.26	5.54	
603767	中马传动	0.73	21923686	0.10	13.86	13.87	15876	95	0.14	          2.98	13.71	
603639	海利尔	0.44	21805804	0.19	43.41	43.42	5023	12	0.02	          1.30	43.04	
603331	百达精工	2.09	21722394	0.36	17.55	17.56	12375	8	0.17	          3.89	17.18	
002674	兴业科技	1.24	21535638	0.13	10.62	10.63	20305	234	0.00	          0.84	10.42	
000419	通程控股	1.26	21525732	0.07	5.62	5.63	38252	330	0.00	          0.70	5.53	
300430	诚益通	1.41	21300582	0.28	20.18	20.19	10746	198	0.00	          1.63	19.86	
603866	桃李面包	1.48	21200896	0.65	44.69	44.70	4774	10	0.02	          0.81	44.00	
002015	霞客环保	0.32	21193654	0.02	6.18	6.19	34186	509	-0.15	          0.85	6.17	
600747	*ST大控	1.90	21169716	0.04	2.14	2.15	99135	120	0.47	          0.93	2.10	
300665	飞鹿股份	3.17	21149036	0.74	24.05	24.11	8813	212	0.04	          4.64	23.37	
601199	江南水务	1.78	21120680	0.09	5.15	5.16	41042	101	0.19	          0.44	5.06	
300703	创源文化	1.91	21045086	0.52	27.72	27.73	7590	94	-0.24	          3.80	27.25	
300535	达威股份	1.83	20858100	0.55	30.61	30.63	6817	82	0.10	          2.15	30.25	
300169	天晟新材	1.29	20693700	0.08	6.29	6.30	32898	190	0.16	          1.28	6.25	
000565	渝三峡Ａ	2.49	20683560	0.16	6.57	6.58	31568	115	0.77	          0.73	6.42	
002719	麦趣尔	0.99	20681400	0.28	28.67	28.68	7190	39	-0.02	          0.84	28.12	
603040	新坐标	1.22	20616872	0.79	65.79	65.80	3151	4	0.17	          1.31	64.09	
02324	首都创投	22.83	20575344	0.021	--  	--  	184647280	200000	-3.42	          6.70	0.092	
300470	日机密封	0.50	20561720	0.20	40.58	40.60	5059	9	0.05	          0.80	40.40	
002003	伟星股份	1.52	20450686	0.18	12.02	12.03	17137	828	0.25	          0.36	11.84	
002541	鸿路钢构	1.44	20316542	0.19	13.35	13.36	15236	125	0.00	          0.62	13.22	
00024	宝威控股	7.46	20055436	0.025	--  	--  	57169360	100000	0.00	          1.15	0.335	
600101	明星电力	0.36	19955764	0.03	8.38	8.39	24030	160	0.36	          0.74	8.32	
002283	天润曲轴	0.38	19692706	0.02	5.30	5.31	37187	583	-0.18	          0.33	5.26	
600587	新华医疗	0.07	19634788	0.01	14.29	14.32	13659	9	0.28	          0.34	14.28	
002269	美邦服饰	1.02	19622176	0.03	2.96	2.97	65830	75	-0.33	          0.26	2.93	
300254	仟源医药	2.58	19572478	0.24	9.55	9.56	20630	555	0.10	          1.37	9.41	
002763	汇洁股份	3.10	19556810	0.39	12.98	12.99	15184	226	-0.07	          1.30	12.59	
603577	汇金通	2.65	19373904	0.32	12.41	12.42	15826	12	0.89	          2.04	12.20	
603226	菲林格尔	1.16	19241432	0.31	27.00	27.07	7169	7	-0.17	          3.31	26.56	
300615	欣天科技	2.70	19233220	0.65	24.75	24.76	7770	190	0.00	          3.47	24.15	
300265	通光线缆	1.64	19185704	0.13	8.04	8.05	23870	491	0.25	          0.71	7.91	
002490	*ST墨龙	1.77	19110310	0.08	4.60	4.61	41665	653	0.00	          1.33	4.51	
603266	天龙股份	5.01	19052460	1.18	24.79	24.80	7818	34	0.61	          3.13	23.53	
06826	昊海生物科技	1.17	18897480	0.500	--  	--  	434100	100	-0.57	          1.08	43.300	
001696	宗申动力	1.04	18847252	0.06	5.84	5.85	32338	1198	0.17	          0.36	5.79	
603665	康隆达	1.15	18780858	0.43	37.65	37.75	4949	1	-0.18	          1.33	37.42	
300194	福安药业	0.36	18653380	0.02	5.50	5.51	33734	672	0.18	          0.58	5.49	
000908	景峰医药	1.61	18619896	0.09	5.67	5.69	32681	1027	0.00	          0.59	5.60	
002884	凌霄泵业	1.35	18556596	0.68	51.14	51.20	3620	26	-0.03	          1.87	50.38	
603823	百合花	0.27	18512852	0.04	14.72	14.73	12508	3	-0.06	          1.78	14.72	
603976	正川股份	2.71	18368656	0.61	23.13	23.15	7983	10	0.04	          2.96	22.59	
300023	宝德股份	0.64	18288330	0.06	9.43	9.44	19332	348	-0.10	          1.47	9.22	
000655	金岭矿业	0.19	18109276	0.01	5.41	5.42	33530	270	-0.17	          0.56	5.38	
300389	艾比森	0.49	18054540	0.07	14.49	14.50	12541	350	0.55	          0.89	14.28	
002186	全 聚 德	0.37	18024184	0.06	16.18	16.19	11111	73	-0.11	          0.36	16.18	
002579	中京电子	0.35	18002932	0.03	8.60	8.62	20801	176	0.23	          0.60	8.59	
603726	朗迪集团	0.43	17986406	0.12	28.30	28.40	6348	40	0.11	          2.68	28.48	
002802	洪汇新材	1.71	17977480	0.43	25.53	25.54	7091	80	0.31	          1.91	25.09	
601968	宝钢包装	0.42	17939736	0.02	4.75	4.76	37871	309	-0.20	          1.21	4.72	
002838	道恩股份	1.51	17937572	0.71	47.70	47.71	3765	66	0.13	          1.00	47.40	
600327	大东方	0.72	17922204	0.05	7.01	7.02	25660	10	0.00	          0.45	6.98	
00392	北京控股	0.35	17854704	0.150	43.400	43.550	411459	90500	0.11	          0.03	43.600	
601677	明泰铝业	0.16	17840516	0.02	12.51	12.53	14262	10	-0.23	          0.29	12.57	
002498	汉缆股份	0.98	17817690	0.03	3.07	3.08	58048	1673	0.33	          0.18	3.05	
300421	力星股份	2.02	17767072	0.36	18.15	18.16	9815	73	0.17	          0.81	17.68	
002535	林州重机	0.23	17631600	0.01	4.39	4.40	40110	273	0.00	          0.75	4.36	
300486	东杰智能	0.69	17573978	0.13	18.98	18.99	9212	111	0.00	          1.09	18.93	
01234	中国利郎	1.04	17545416	0.090	8.730	8.740	2017000	20000	0.11	          0.17	8.720	
002890	弘宇股份	2.63	17510132	0.75	29.23	29.24	6006	140	0.10	          3.60	28.32	
603586	金麒麟	0.89	17503236	0.19	21.61	21.62	8087	10	0.19	          1.54	21.40	
600883	博闻科技	1.88	17490152	0.16	8.69	8.70	20428	5	0.00	          0.87	8.53	
300439	美康生物	1.66	17481644	0.31	18.98	18.99	9269	294	0.00	          0.84	18.61	
600613	神奇制药	1.02	17449068	0.08	7.91	7.94	21871	20	0.38	          0.46	7.83	
002824	和胜股份	0.07	17431614	0.01	15.01	15.02	11628	200	-0.26	          1.57	14.92	
002785	万里石	0.61	17421118	0.07	11.64	11.65	14893	183	0.09	          1.54	11.53	
300669	沪宁股份	2.62	17107688	0.57	22.35	22.36	7696	95	0.54	          3.66	21.98	
000919	金陵药业	1.10	17089442	0.09	8.29	8.30	20596	130	0.12	          0.41	8.20	
603768	常青股份	1.38	17057700	0.22	16.15	16.16	10658	62	0.62	          2.09	15.80	
600826	兰生股份	0.96	16999816	0.12	12.57	12.58	13531	34	0.32	          0.32	12.45	
600791	京能置业	0.16	16999212	0.01	6.37	6.38	26597	10	0.00	          0.59	6.36	
300475	聚隆科技	1.47	16994684	0.20	13.80	13.82	12355	240	0.07	          1.70	13.58	
002295	精艺股份	0.21	16892376	0.02	9.42	9.43	17920	49	0.11	          0.92	9.37	
002787	华源控股	1.50	16863936	0.15	10.11	10.12	16750	1114	-0.09	          1.62	9.97	
603186	华正新材	0.92	16856250	0.21	23.05	23.07	7382	1	-0.12	          1.00	22.38	
300259	新天科技	0.84	16818012	0.08	9.64	9.67	17379	236	0.10	          0.53	9.56	
603990	麦迪科技	2.48	16738790	0.87	35.98	36.00	4689	2	0.03	          0.78	35.85	
300453	三鑫医疗	0.08	16682519	0.01	13.33	13.34	12578	243	0.23	          1.77	13.23	
300437	清水源	0.98	16662023	0.15	15.38	15.39	10811	135	0.00	          1.10	15.25	
02327	美瑞健康国际	7.53	16648141	0.035	--  	--  	33348000	132000	0.00	          0.93	0.475	
300489	中飞股份	0.91	16638116	0.15	16.62	16.63	9979	118	-0.17	          2.06	16.40	
600890	中房股份	1.11	16630969	0.12	10.94	10.95	15345	14	0.55	          0.26	10.82	
300436	广生堂	0.68	16543827	0.19	27.99	28.00	5866	241	-0.31	          1.05	28.26	
00372	保德国际发展	12.96	16505206	0.070	--  	--  	27762396	20000	0.00	          1.64	0.570	
603330	上海天洋	1.80	16460936	0.53	30.04	30.05	5509	4	0.10	          2.27	29.70	
000705	浙江震元	0.95	16344576	0.07	7.46	7.47	21907	127	0.13	          0.78	7.38	
603029	天鹅股份	2.52	16252961	0.42	17.06	17.08	9545	11	0.00	          2.61	16.70	
603031	安德利	0.13	16217630	0.03	22.70	22.71	7177	6	0.09	          1.80	22.56	
600106	重庆路桥	0.49	16063656	0.02	4.13	4.14	38924	750	0.00	          0.39	4.11	
03838	中国淀粉	13.56	16036811	0.040	--  	--  	49392856	80000	1.52	          0.82	0.290	
603316	诚邦股份	1.51	16021669	0.19	12.74	12.75	12577	19	-0.22	          2.47	12.58	
01720	普天通信集团	4.97	15991601	0.090	--  	--  	8532000	20000	0.00	          0.78	1.850	
603918	金桥信息	1.17	15981865	0.18	15.49	15.50	10322	41	0.13	          0.84	15.02	
603086	先达股份	0.71	15973449	0.23	32.71	32.74	4889	2	-0.02	          2.44	32.79	
300673	佩蒂股份	0.85	15947066	0.39	46.08	46.09	3456	51	-0.03	          1.73	46.09	
000159	国际实业	1.31	15815901	0.06	4.63	4.65	34150	481	0.65	          0.71	4.59	
002724	海洋王	1.94	15809486	0.16	8.38	8.39	18857	287	0.00	          0.70	8.23	
300375	鹏翎股份	1.06	15805262	0.16	15.23	15.25	10409	275	-0.12	          0.78	15.08	
002305	南国置业	0.25	15776950	0.01	3.93	3.94	40157	553	0.25	          0.27	3.90	
600615	丰华股份	2.50	15703886	0.29	11.88	11.95	13394	344	1.10	          0.71	11.62	
603067	振华股份	0.88	15666024	0.10	11.44	11.46	13683	23	0.18	          1.23	11.37	
600681	百川能源	0.24	15505124	0.03	12.35	12.36	12584	8	0.16	          0.38	12.33	
300480	光力科技	0.95	15292029	0.13	13.77	13.78	11126	136	0.00	          1.73	13.65	
600463	空港股份	0.97	15249846	0.10	10.37	10.38	14768	6	0.48	          0.49	10.30	
300483	沃施股份	3.04	15220399	1.01	34.20	34.28	4507	47	-0.16	          1.39	33.43	
300360	炬华科技	0.63	15205059	0.06	9.56	9.57	15903	251	0.10	          0.59	9.50	
002627	宜昌交运	0.60	15203138	0.11	18.35	18.36	8282	127	-0.04	          0.63	18.20	
300516	久之洋	0.10	15168194	0.04	40.92	41.00	3681	50	0.07	          0.78	40.61	
603926	铁流股份	1.11	15118083	0.27	24.48	24.49	6188	4	0.12	          2.06	24.22	
603958	哈森股份	1.97	15090385	0.22	11.40	11.41	13266	1	0.09	          2.01	11.20	
01828	大昌行集团	0.23	15024704	0.010	4.280	4.290	3502259	69000	0.00	          0.19	4.290	
603196	日播时尚	0.68	14962124	0.07	10.30	10.34	14457	6	-0.18	          2.41	10.25	
603298	杭叉集团	1.24	14694280	0.18	14.75	14.76	10004	18	0.14	          0.59	14.52	
000551	创元科技	0.14	14689521	0.01	7.25	7.26	20084	697	-0.13	          0.50	7.25	
002231	奥维通信	0.46	14675308	0.04	8.82	8.83	16659	336	0.00	          0.58	8.80	
600167	联美控股	0.32	14576334	0.08	25.01	25.02	5834	13	-0.23	          0.28	24.90	
002255	海陆重工	0.78	14468837	0.05	6.44	6.45	22423	75	0.00	          0.46	6.48	
002360	同德化工	1.40	14386312	0.09	6.53	6.54	22109	204	0.00	          0.77	6.41	
002119	康强电子	0.72	14342432	0.13	18.17	18.19	7888	172	0.17	          0.39	18.06	
01862	景瑞控股	1.00	14326421	0.030	--  	--  	4758000	5000	0.33	          0.37	3.030	
002096	南岭民爆	1.46	14306515	0.11	7.62	7.63	19009	700	0.00	          0.51	7.50	
00364	区块链集团	2.47	14288233	0.006	--  	--  	55703800	80000	0.00	          4.70	0.243	
300391	康跃科技	1.04	14202712	0.14	13.64	13.65	10503	350	0.00	          1.70	13.40	
300261	雅本化学	1.13	14151867	0.09	8.04	8.06	17611	719	0.37	          0.34	7.96	
00353	能源国际投资	9.43	14141701	0.025	--  	--  	49665500	120000	0.00	          1.36	0.265	
300617	安靠智电	1.21	14037811	0.53	44.51	44.64	3160	53	0.00	          1.29	43.80	
002587	奥拓电子	0.78	14028402	0.05	6.48	6.49	21626	240	0.46	          0.55	6.44	
603041	美思德	1.72	14000414	0.33	19.46	19.48	7248	2	-0.04	          2.90	19.04	
002686	亿利达	0.37	13945163	0.04	10.91	10.93	12785	209	-0.17	          0.39	10.94	
300599	雄塑科技	1.26	13907076	0.14	11.20	11.21	12390	81	0.09	          1.37	11.26	
000929	兰州黄河	0.11	13894385	0.01	8.70	8.72	15982	226	0.35	          0.86	8.65	
300289	利德曼	0.88	13811882	0.08	9.11	9.12	15237	203	0.00	          0.47	9.04	
300631	久吾高科	0.78	13781554	0.19	24.63	24.65	5610	93	0.08	          2.18	24.40	
603855	华荣股份	0.39	13769527	0.04	10.36	10.37	13309	15	0.00	          1.61	10.26	
300395	菲利华	0.14	13743742	0.02	14.54	14.55	9454	230	-0.06	          0.36	14.38	
603860	中公高科	0.76	13718028	0.24	32.00	32.03	4283	10	0.03	          2.57	31.69	
603569	长久物流	1.45	13555412	0.34	23.72	23.74	5739	25	-0.03	          1.00	23.35	
600129	太极集团	0.84	13526879	0.13	15.49	15.52	8748	101	0.00	          0.20	15.39	
300452	山河药辅	0.95	13450610	0.21	22.36	22.37	6017	48	0.00	          1.43	22.16	
600461	洪城水业	0.97	13425840	0.06	6.24	6.25	21575	100	-0.15	          0.36	6.16	
300042	朗科科技	0.91	13405395	0.23	25.42	25.43	5277	48	-0.03	          0.47	25.20	
002829	星网宇达	0.55	13346739	0.14	25.57	25.60	5194	77	-0.07	          0.88	25.44	
002200	云投生态	0.10	13338761	0.01	9.71	9.72	13674	236	-0.20	          0.97	9.63	
603987	康德莱	0.79	13307312	0.09	11.46	11.48	11608	27	0.17	          0.61	11.40	
002871	伟隆股份	1.47	13303810	0.46	31.68	31.75	4200	83	0.06	          2.47	31.25	
600481	双良节能	0.24	13302688	0.01	4.12	4.13	32275	185	0.00	          0.20	4.13	
002774	快意电梯	0.87	13269521	0.08	9.26	9.27	14330	139	0.11	          1.71	9.31	
603018	中设集团	0.14	13268210	0.04	28.53	28.56	4646	19	-0.09	          0.22	28.58	
600468	百利电气	1.37	13252713	0.08	5.93	5.94	22354	9	0.17	          0.28	5.85	
002800	天顺股份	1.33	13147802	0.35	26.65	26.66	4964	101	-0.03	          1.42	26.36	
002758	华通医药	1.22	12974478	0.11	9.15	9.16	14200	109	0.11	          1.14	9.05	
603960	克来机电	1.93	12873111	0.54	28.56	28.70	4519	21	0.14	          1.13	28.03	
300636	同和药业	1.09	12799417	0.30	27.73	27.74	4625	84	0.00	          2.31	27.58	
300446	乐凯新材	0.71	12760049	0.15	21.21	21.22	6027	57	0.14	          0.80	21.07	
603966	法兰泰克	1.64	12753571	0.22	13.67	13.68	9362	4	0.07	          1.31	13.42	
000153	丰原药业	0.26	12639858	0.02	7.72	7.73	16366	325	0.00	          0.52	7.68	
603238	诺邦股份	0.39	12614827	0.08	20.65	20.69	6085	2	0.29	          2.03	20.57	
002740	爱迪尔	0.50	12576819	0.04	7.99	8.00	15659	133	0.00	          1.03	7.95	
002715	登云股份	0.05	12534934	0.01	19.55	19.57	6420	108	0.10	          0.93	19.54	
01097	有线宽频	7.94	12517025	0.017	0.231	0.232	55073840	50000	-1.28	          0.89	0.215	
600548	深高速	0.12	12491518	0.01	8.59	8.60	14559	10	0.00	          0.10	8.59	
02778	冠君产业信托	0.35	12448928	0.020	--  	--  	2180246	647000	0.17	--  	5.690	
01635	大众公用	0.93	12429121	0.030	3.250	3.260	3756000	16000	-0.31	          0.70	3.240	
002682	龙洲股份	1.00	12329929	0.10	10.12	10.13	12193	117	0.00	          0.63	10.05	
300473	德尔股份	0.45	12310104	0.18	40.24	40.38	3048	19	-0.24	          0.65	39.90	
002172	澳洋科技	1.10	12283648	0.06	5.50	5.53	22247	456	0.18	          0.40	5.47	
002059	云南旅游	1.07	12162520	0.08	7.56	7.57	16074	317	0.13	          0.22	7.49	
300637	扬帆新材	0.76	12157067	0.15	19.76	19.79	6134	65	-0.14	          2.04	19.56	
600540	*ST新赛	1.59	12135693	0.07	4.45	4.47	27312	110	0.22	          0.58	4.37	
600070	浙江富润	1.41	12135370	0.13	9.33	9.34	13056	42	0.11	          0.33	9.20	
300106	西部牧业	0.44	11907970	0.03	6.86	6.87	17294	202	0.15	          0.82	6.83	
03966	中国宝丰国际	0.57	11871121	0.020	--  	--  	3390000	198000	0.00	          0.60	3.700	
002849	威星智能	1.41	11865296	0.34	24.37	24.38	4878	137	0.21	          1.29	23.93	
002395	双象股份	1.57	11722518	0.19	12.28	12.29	9587	365	0.08	          0.54	12.12	
01103	大生农业金融	2.47	11669575	0.006	--  	--  	46870000	400000	0.00	          0.76	0.243	
603615	茶花股份	1.49	11647606	0.18	12.27	12.28	9507	20	0.08	          1.27	12.10	
603906	龙蟠科技	0.94	11636502	0.13	13.91	13.94	8379	15	0.58	          1.61	13.70	
01439	移动互联（中国）	1.38	11558701	0.030	--  	--  	5230000	5000	0.00	          0.39	2.220	
300260	新莱应材	2.07	11544295	0.28	13.83	13.84	8385	137	0.07	          0.83	13.55	
000782	美达股份	1.07	11534106	0.07	6.60	6.61	17632	185	0.46	          0.40	6.55	
002623	亚玛顿	0.47	11519553	0.09	19.08	19.09	6023	56	0.00	          0.38	19.10	
300301	长方集团	0.35	11507852	0.02	5.75	5.77	20045	1527	0.17	          0.39	5.74	
002514	宝馨科技	0.30	11499460	0.02	6.74	6.75	17079	465	0.15	          0.48	6.73	
000411	英特集团	2.56	11449084	0.55	22.02	22.03	5250	291	0.00	          0.25	21.04	
002868	绿康生化	1.56	11369092	0.33	21.42	21.43	5317	52	0.05	          1.77	21.13	
000880	潍柴重机	0.76	11309026	0.07	9.34	9.35	12058	37	0.00	          0.89	9.23	
01333	中国忠旺	0.72	11297619	0.030	4.220	4.230	2687152	8800	-0.24	          0.05	4.180	
600222	太龙药业	1.29	11144522	0.06	4.72	4.73	23768	10	0.00	          0.44	4.66	
600821	津劝业	0.16	11137714	0.01	6.40	6.41	17268	5	0.00	          0.41	6.42	
00258	汤臣集团	3.54	11024052	0.140	--  	--  	2712780	6000	0.00	          0.14	3.970	
300092	科新机电	1.23	10957008	0.09	7.41	7.42	14825	232	0.13	          0.89	7.36	
002133	广宇集团	0.23	10911893	0.01	4.40	4.41	24762	68	0.00	          0.39	4.40	
300442	普丽盛	0.05	10882504	0.01	19.35	19.39	5646	92	0.41	          0.97	19.30	
601811	新华文轩	0.82	10858631	0.10	12.32	12.33	8847	56	0.74	          0.44	12.19	
002539	云图控股	0.54	10713004	0.03	5.58	5.59	19179	366	0.18	          0.42	5.55	
002134	*ST普林	2.41	10701534	0.19	8.07	8.08	13337	153	0.00	          0.54	7.88	
603985	恒润股份	1.91	10645636	0.60	32.06	32.10	3337	10	0.03	          1.67	31.45	
603798	康普顿	1.34	10633823	0.19	14.40	14.41	7458	4	0.00	          0.87	14.18	
600370	三房巷	0.62	10467647	0.02	3.21	3.22	32616	10	0.31	          0.41	3.20	
002144	宏达高科	0.23	10454167	0.03	13.05	13.06	8029	5	0.15	          0.59	13.01	
000859	国风塑业	0.26	10452092	0.01	3.80	3.81	27407	505	0.00	          0.37	3.80	
002504	*ST弘高	0.87	10410799	0.03	3.48	3.49	29782	401	0.00	          0.72	3.48	
300154	瑞凌股份	0.81	10406188	0.05	6.26	6.27	16643	136	-0.15	          0.53	6.22	
300610	晨化股份	2.48	10256544	0.36	14.88	14.92	6925	48	-0.12	          1.39	14.53	
00255	龙记集团	3.60	10254880	0.140	--  	--  	2548000	4000	-0.25	          0.40	4.150	
000809	*ST新城	0.29	10153458	0.01	3.41	3.42	29758	100	0.29	          0.36	3.40	
603908	牧高笛	1.36	10146914	0.41	30.50	30.51	3328	1	-0.02	          1.44	30.40	
603608	天创时尚	0.86	10005554	0.09	10.53	10.55	9507	10	0.38	          0.75	10.45	
300658	延江股份	1.49	9958353	0.39	26.61	26.62	3744	41	0.00	          1.50	26.40	
600857	宁波中百	2.37	9860760	0.24	10.36	10.37	9559	24	0.68	          0.43	10.13	
300587	天铁股份	1.35	9841477	0.29	21.82	21.84	4526	24	0.00	          1.09	21.31	
601218	吉鑫科技	0.61	9814332	0.02	3.27	3.28	30011	1	0.31	          0.30	3.26	
600805	悦达投资	0.72	9698405	0.04	5.59	5.60	17342	46	0.18	          0.20	5.55	
002855	捷荣技术	1.98	9668198	0.22	11.32	11.33	8594	106	0.27	          1.43	11.14	
600513	联环药业	0.50	9637916	0.04	8.12	8.13	11897	48	-0.11	          0.42	8.07	
000502	绿景控股	0.88	9563326	0.08	9.15	9.16	10534	80	0.44	          0.57	9.09	
603656	泰禾光电	0.97	9497499	0.26	27.12	27.13	3503	4	0.22	          1.32	26.63	
300029	天龙光电	0.52	9413682	0.04	7.79	7.80	12075	32	0.26	          0.62	7.82	
600982	宁波热电	0.75	9410515	0.03	4.01	4.02	23418	7	0.25	          0.31	4.00	
000753	漳州发展	0.29	9403919	0.01	3.47	3.48	27069	10	0.00	          0.31	3.47	
300448	浩云科技	0.55	9385255	0.11	20.28	20.29	4638	331	0.84	          0.57	20.18	
300330	华虹计通	0.40	9370005	0.04	9.97	9.98	9423	13	0.30	          0.56	9.97	
300095	华伍股份	0.28	9356753	0.02	7.05	7.06	13220	100	0.43	          0.58	7.03	
00833	华讯	4.96	9307190	0.130	--  	--  	3363000	1000	0.00	          0.36	2.670	
603028	赛福天	1.05	9194068	0.10	9.62	9.63	9580	9	0.31	          0.83	9.69	
603022	新通联	1.40	9136348	0.15	10.87	10.88	8462	16	0.37	          1.30	10.73	
01661	智美体育	2.56	9108070	0.020	0.800	0.810	11181000	10000	0.00	          0.70	0.790	
00400	科通芯城	0.46	9093090	0.020	4.410	4.420	2065000	53000	-0.23	          0.14	4.360	
603178	圣龙股份	1.32	9082525	0.17	13.02	13.03	6980	3	0.15	          1.40	12.87	
600444	国机通用	0.57	9055338	0.08	14.03	14.06	6465	100	0.07	          0.62	13.89	
603166	福达股份	0.91	9007349	0.07	7.73	7.75	11667	150	0.39	          0.20	7.68	
002693	双成药业	2.07	8905148	0.11	5.42	5.43	16494	221	0.37	          0.41	5.32	
002835	同为股份	0.71	8870394	0.07	9.95	9.97	8897	13	0.61	          1.23	9.89	
601007	金陵饭店	0.10	8730044	0.01	10.48	10.51	8337	120	-0.09	          0.28	10.45	
600833	第一医药	0.60	8708058	0.07	11.67	11.68	7465	4	0.00	          0.33	11.51	
600081	东风科技	0.24	8675037	0.03	12.42	12.46	6961	20	0.00	          0.22	12.33	
08136	英马斯集团	15.29	8669700	0.065	--  	--  	17860000	20000	0.00	          1.79	0.435	
603038	华立股份	0.63	8652600	0.23	36.91	36.92	2350	4	-0.13	          0.88	36.66	
00180	开达集团	9.80	8585100	0.200	--  	--  	3932000	8000	0.90	          0.41	2.040	
600488	天药股份	0.67	8514189	0.03	4.53	4.55	18799	2	0.22	          0.20	4.53	
002731	萃华珠宝	1.62	8408772	0.24	15.06	15.07	5603	242	0.07	          0.37	15.04	
01431	原生态牧业	1.37	8396040	0.005	--  	--  	21680000	1000	-1.33	          0.46	0.365	
600608	*ST沪科	1.84	8383172	0.15	8.31	8.32	10132	20	0.00	          0.32	8.18	
601579	会稽山	0.27	8379970	0.03	11.18	11.19	7492	5	-0.08	          0.19	11.18	
603090	宏盛股份	0.53	8275127	0.09	17.07	17.18	4860	5	0.23	          1.19	16.76	
601368	绿城水务	0.37	8239428	0.03	8.22	8.23	9988	50	0.00	          0.34	8.15	
08445	怡康泰工程集团	2.53	8233701	0.020	--  	--  	9930000	30000	0.00	          1.66	0.820	
600981	汇鸿集团	0.38	8224233	0.02	5.30	5.31	15583	20	0.38	          0.64	5.36	
603838	四通股份	0.27	8163904	0.03	11.21	11.28	7277	129	0.54	          0.75	11.22	
600302	标准股份	0.71	8140481	0.04	5.65	5.66	14447	3	0.18	          0.42	5.54	
603536	惠发股份	0.91	8096137	0.17	18.90	18.93	4290	16	0.16	          1.43	18.70	
300412	迦南科技	0.75	8094279	0.07	9.44	9.45	8538	66	0.00	          0.39	9.30	
600723	首商股份	1.02	8060180	0.08	7.90	7.91	10216	43	0.13	          0.16	7.81	
603101	汇嘉时代	0.24	8053075	0.03	12.40	12.41	6468	75	-0.07	          0.90	12.39	
600272	开开实业	0.21	7922415	0.02	9.53	9.54	8335	10	0.11	          0.52	9.51	
603585	苏利股份	0.92	7893520	0.27	29.45	29.46	2671	9	0.03	          0.59	29.47	
601177	杭齿前进	0.26	7740418	0.02	7.67	7.68	10093	15	0.00	          0.25	7.65	
600232	金鹰股份	0.92	7713106	0.06	6.53	6.55	11814	64	0.15	          0.32	6.50	
02225	KAKIKO GROUP	7.95	7422351	0.190	--  	--  	2860000	5000	0.39	          0.23	2.400	
603828	柯利达	0.23	7389049	0.02	8.65	8.66	8587	10	0.23	          0.27	8.51	
300283	温州宏丰	0.39	7387126	0.02	5.08	5.09	14463	177	0.00	          0.70	5.05	
603012	创力集团	0.87	7250513	0.06	6.95	6.96	10460	10	0.14	          0.25	6.88	
002593	日上集团	1.77	7116507	0.07	4.03	4.04	17727	202	0.00	          0.38	3.96	
01003	欢喜传媒	0.49	7091951	0.010	--  	--  	3452906	10000	0.49	          0.12	2.040	
00071	美丽华酒店	2.66	7047601	0.420	--  	--  	439000	1000	0.12	          0.06	15.740	
002347	泰尔股份	0.19	7032207	0.01	5.22	5.23	13478	507	0.38	          0.41	5.22	
00419	华谊腾讯娱乐	2.60	6821888	0.010	0.395	0.400	17333750	310000	-1.25	          0.13	0.385	
600778	友好集团	0.61	6759713	0.03	4.98	4.99	13590	37	0.20	          0.44	4.97	
01546	德莱建业	1.67	6720961	0.010	--  	--  	10816000	8000	1.67	          1.35	0.600	
300540	深冷股份	1.52	6689169	0.31	20.75	20.79	3229	34	-0.28	          0.76	20.43	
300125	易世达	0.08	6668868	0.02	25.33	25.35	2663	231	0.08	          0.29	25.33	
03315	金邦达宝嘉	6.33	6562181	0.140	--  	--  	2784000	1000	0.43	          0.33	2.240	
002598	山东章鼓	0.35	6557811	0.03	8.49	8.50	7725	129	0.59	          0.29	8.47	
01659	海天能源	1.61	6454721	0.005	--  	--  	20152000	80000	1.61	          0.22	0.305	
00496	卡森国际	8.72	6368101	0.150	--  	--  	3640000	30000	-0.53	          0.25	1.720	
06166	中国宏泰发展	1.75	6343081	0.080	--  	--  	1355000	8000	0.22	          0.08	4.590	
06116	拉夏贝尔	2.46	6261253	0.210	8.750	8.800	716200	1800	-0.46	          0.33	8.540	
300416	苏试试验	2.16	6112551	0.50	23.68	23.70	2615	156	0.72	          0.34	23.36	
002150	通润装备	0.35	6097777	0.03	8.53	8.54	7187	135	0.00	          0.26	8.53	
02283	东江集团控股	0.90	6092721	0.060	--  	--  	894000	2000	0.60	          0.11	6.730	
300305	裕兴股份	1.00	6083103	0.07	7.07	7.08	8606	10	0.00	          0.53	7.04	
300606	金太阳	2.32	6054398	0.57	25.10	25.16	2426	146	0.24	          0.74	24.79	
00951	超威动力	0.59	6017261	0.030	5.100	5.110	1180000	23000	0.20	          0.11	5.210	
300434	金石东方	1.52	5980008	0.33	22.04	22.06	2718	29	0.14	          0.49	21.89	
600683	京投发展	1.08	5970689	0.06	5.59	5.60	10774	20	0.72	          0.15	5.54	
600455	博通股份	3.12	5936165	1.01	33.25	33.36	1809	20	0.30	          0.29	31.51	
300538	同益股份	0.95	5864219	0.31	33.08	33.13	1768	51	0.00	          1.12	33.33	
01679	瑞斯康集团	3.36	5571976	0.120	--  	--  	1545000	2500	1.10	          0.19	3.550	
002487	大金重工	0.22	5490213	0.01	4.58	4.59	11969	199	0.22	          0.22	4.55	
002779	中坚科技	0.33	5437580	0.06	18.01	18.02	3026	60	0.22	          0.75	17.85	
002473	*ST圣莱	0.87	5277268	0.07	8.08	8.09	6531	62	0.12	          0.41	8.03	
600860	*ST京城	1.62	5179466	0.10	6.29	6.30	8267	5	0.80	          0.26	6.28	
00235	中策集团	4.17	5164370	0.004	--  	--  	52640000	5000	1.01	          0.31	0.096	
600091	ST明科	0.21	5156001	0.01	4.70	4.71	10982	38	-0.20	          0.33	4.68	
603023	威帝股份	0.40	5155728	0.03	7.56	7.57	6818	22	0.27	          0.54	7.51	
06080	荣智控股	5.33	5137740	0.040	--  	--  	6672000	12000	0.00	          0.71	0.750	
002700	新疆浩源	0.43	5133921	0.04	9.33	9.34	5498	58	0.11	          0.18	9.29	
300132	青松股份	0.13	4985504	0.01	7.42	7.45	6699	3	-0.12	          0.23	7.42	
300530	达志科技	1.14	4828003	0.37	32.82	32.86	1470	1	-0.20	          0.70	32.23	
00395	中国智能集团	1.55	4752720	0.002	--  	--  	35896000	24000	-1.50	          0.75	0.130	
03336	巨腾国际	1.33	4612990	0.030	--  	--  	2039000	32000	0.00	          0.18	2.250	
603099	长白山	0.27	4567130	0.03	11.23	11.26	4057	5	0.09	          0.15	11.23	
00398	东方表行集团	6.51	4452138	0.140	--  	--  	1973520	2000	0.00	          0.35	2.200	
603566	普莱柯	1.11	4347969	0.23	20.73	20.88	2078	1	0.72	          0.13	20.67	
00943	意科控股	2.87	3997064	0.006	--  	--  	18658000	8000	0.47	          0.26	0.209	
300553	集智股份	1.32	3993067	0.47	36.10	36.12	1108	20	0.00	          0.73	35.41	
300218	安利股份	0.12	3941416	0.01	8.04	8.06	4888	71	-0.11	          0.23	7.96	
00745	中国国家文化产业	11.11	3928214	0.002	--  	--  	192791008	3000000	0.00	          1.96	0.018	
01426	春泉产业信托	0.29	3924230	0.010	--  	--  	1156000	1000	-0.29	--  	3.440	
02236	惠生工程	0.65	3894420	0.010	--  	--  	2502000	2000	-0.64	          0.06	1.560	
300211	亿通科技	0.31	3891257	0.02	6.54	6.55	5921	1	0.15	          0.32	6.55	
00450	鸿兴印刷集团	3.89	3733420	0.070	--  	--  	1972000	14000	0.00	          0.22	1.800	
00120	COSMOPOL INT'L	2.11	3710000	0.020	--  	--  	3860000	20000	0.00	          0.09	0.950	
600774	汉商集团	0.12	3629377	0.02	15.99	16.05	2262	1	0.38	          0.13	16.04	
08428	国茂控股	6.25	3623400	0.015	--  	--  	14076000	36000	3.24	          1.17	0.240	
00076	南海石油	1.61	3559831	0.001	--  	--  	54754600	4000	-1.56	          1.10	0.062	
600301	ST南化	1.06	3317313	0.07	6.67	6.70	4991	5	0.30	          0.21	6.65	
00116	周生生	0.56	3158000	0.100	17.920	18.000	176000	1000	0.00	          0.03	17.880	
00735	中国电力清洁能源	0.22	3156225	0.010	4.480	4.500	701500	500	-1.32	          0.06	4.450	
01300	俊知集团	1.79	3121020	0.020	--  	--  	2740000	36000	0.00	          0.15	1.120	
00736	中国置业投资	6.98	2929782	0.003	--  	--  	61849800	9000	-2.13	          1.27	0.043	
08176	超人智能	6.34	2903903	0.720	--  	--  	235150	5000	0.00	          0.05	12.200	
03996	中国能源建设	1.40	2677500	0.020	1.420	1.440	1856000	10000	0.00	          0.02	1.440	
600785	新华百货	0.48	2646815	0.10	20.77	20.84	1271	4	0.34	          0.06	20.65	
01340	惠生国际	5.26	2625610	0.015	--  	--  	8737000	4000	1.69	          1.01	0.285	
02488	元征科技	0.65	2566030	0.060	--  	--  	276500	4000	-0.21	          0.17	9.250	
03689	康华医疗	0.68	2491880	0.080	--  	--  	210800	6000	0.00	          0.25	11.940	
08247	中生北控生物科技	9.78	2481220	0.220	--  	--  	1014000	10000	1.65	          1.58	2.260	
01417	浦江中国	2.00	2473320	0.040	--  	--  	1206000	2000	-0.49	          0.30	2.000	
00952	中国泛海金融	1.87	2319700	0.020	--  	--  	2140000	40000	0.93	          0.03	1.060	
00704	和嘉资源	3.64	2281090	0.010	--  	--  	8156000	20000	1.79	          0.31	0.275	
00342	新海能源	1.54	2188800	0.030	--  	--  	1112000	2000	0.00	          0.08	1.950	
02320	合丰集团	0.72	1974440	0.010	--  	--  	1400000	58000	0.00	          0.18	1.380	
01011	泰凌医药	1.14	1838340	0.020	--  	--  	1030500	500	0.00	          0.07	1.730	
00208	保利达资产	1.47	1669450	0.010	--  	--  	2450000	45000	0.00	          0.06	0.680	
01314	翠华控股	0.84	1668120	0.010	--  	--  	1400000	2000	0.84	          0.10	1.190	
00055	中星集团控股	3.85	1615280	0.020	--  	--  	2924000	40000	0.00	          1.15	0.540	
03087	ＸＴＲ富时越南	0.54	1553498	1.600	--  	--  	5250	10	0.00	--  	293.200	
01349	复旦张江	4.13	1546340	0.150	--  	--  	411000	1000	0.27	          0.12	3.640	
08456	民信国际控股	4.49	1464980	0.020	--  	--  	3176000	4000	2.20	          0.79	0.445	
01219	天喔国际	0.72	1391280	0.010	--  	--  	998000	89000	-0.71	          0.05	1.390	
02212	高鹏矿业	1.40	1169960	0.003	--  	--  	5680000	20000	1.40	          0.15	0.205	
06189	爱得威建设集团	0.41	1084205	0.030	--  	--  	147000	34500	0.00	          0.28	7.490	
08436	德宝集团控股	10.53	1082300	0.060	--  	--  	1800000	5000	1.61	          0.45	0.550	
00554	汉思能源	4.55	1070936	0.010	--  	--  	4628000	730000	0.00	          0.12	0.229	
00852	海峡石油化工	8.47	1052240	0.100	--  	--  	842000	2000	1.59	          0.04	1.190	
01217	中国创新投资	3.12	1043824	0.001	--  	--  	31712000	1040000	6.45	          0.25	0.034	
01226	中国投融资	8.47	995284	0.005	--  	--  	16039200	660000	3.23	          0.71	0.062	
08266	卓信国际控股	3.12	953280	0.005	--  	--  	5840000	16000	1.23	          0.14	0.165	
01719	中国基建港口	0.63	937800	0.010	--  	--  	596000	32000	0.00	          0.03	1.590	
08148	奥柏中国	0.66	927560	0.001	--  	--  	6140000	20000	0.00	          0.56	0.150	
08183	尚捷集团控股	2.06	850950	0.010	--  	--  	1745000	230000	3.13	          0.35	0.485	
02686	亚美能源	1.50	797530	0.020	--  	--  	592000	8000	0.75	          0.02	1.330	
01450	世纪睿科	3.39	693990	0.010	--  	--  	2262000	120000	0.00	          0.22	0.295	
08522	德益控股	0.89	684760	0.010	--  	--  	608000	4000	-0.88	          0.16	1.120	
00050	香港小轮（集团）	0.56	677950	0.050	--  	--  	75010	1000	0.00	          0.02	9.000	
00495	PALADIN	8.33	671490	0.020	--  	--  	2489999	100000	0.00	          0.17	0.248	
08189	泰达生物	5.95	659641	0.025	--  	--  	1454600	10000	1.14	          0.12	0.425	
01152	新融宇集团	6.33	635950	0.025	--  	--  	1540000	136000	2.44	          0.16	0.430	
00623	中视金桥	0.94	585360	0.020	--  	--  	272000	3000	0.00	          0.05	2.160	
01706	双运控股	1.09	571300	0.020	--  	--  	305000	25000	-1.07	          0.03	1.790	
00655	香港华人有限公司	2.19	515080	0.030	--  	--  	378000	12000	0.72	          0.02	1.370	
08326	同景新能源	10.68	479030	0.110	--  	--  	421000	3000	-4.20	          0.05	1.010	
00595	AV CONCEPT HOLD	1.79	469860	0.010	--  	--  	840000	2000	1.79	          0.09	0.550	
03666	国际天食	2.78	456710	0.010	--  	--  	1240000	150000	0.00	          0.06	0.365	
00488	丽新发展	0.58	410042	0.080	13.700	13.880	29800	300	1.61	          0.00	13.800	
03110	未来恒生高股息率	0.75	406555	0.250	--  	--  	12100	100	0.00	--  	33.600	
00026	中华汽车	1.10	401980	1.100	--  	--  	4000	200	1.30	          0.01	100.200	
01575	慕容控股	1.15	401240	0.020	--  	--  	230000	2000	0.00	          0.02	1.740	
08112	基石金融	3.56	379296	0.008	--  	--  	1632000	24000	-1.27	          0.14	0.221	
01588	畅捷通	2.63	351680	0.340	--  	--  	26600	800	0.00	          0.05	12.940	
01372	比速科技	0.71	341160	0.040	--  	--  	60000	10000	0.00	          0.03	5.500	
00331	丰盛机电	0.40	335100	0.010	--  	--  	134000	10000	0.00	          0.03	2.500	
03608	永盛新材料	0.56	329550	0.010	--  	--  	185000	25000	0.00	          0.05	1.790	
00912	信佳国际	1.23	283200	0.030	--  	--  	116000	2000	0.00	          0.04	2.440	
02323	中国港桥	1.79	279440	0.050	--  	--  	97000	8000	0.00	          0.00	2.850	
01341	昊天国际建投	1.67	276040	0.005	--  	--  	920000	8000	0.00	          0.04	0.300	
01447	新福港	1.24	272360	0.040	--  	--  	84000	20000	0.00	          0.02	3.230	
08048	御德国际控股	2.00	272248	0.002	--  	--  	2678000	58000	0.00	          0.15	0.099	
00187	京城机电股份	0.90	271980	0.020	2.140	2.380	126000	10000	6.64	          0.13	2.110	
00830	远东环球	1.14	265540	0.010	--  	--  	294000	2000	0.00	          0.01	0.910	
01543	中盈盛达融资担保	1.07	247240	0.020	--  	--  	130000	8000	-0.53	          0.04	1.840	
08345	火岩控股	1.19	238900	0.070	--  	--  	40000	20000	0.00	          0.03	5.950	
07331	ＦＩ华夏纳一百	0.97	209200	0.100	--  	--  	20000	12000	-0.19	--  	10.460	
00112	勒泰商业地产	4.78	180300	0.220	--  	--  	38000	4000	0.63	          0.01	4.600	
00411	南顺（香港）	1.31	180160	0.180	--  	--  	13000	10000	0.00	          0.01	13.720	
00320	金宝通	0.74	165040	0.010	--  	--  	122000	22000	0.00	          0.01	1.360	
00183	宏辉集团	1.23	143120	0.002	--  	--  	880000	40000	0.00	          0.02	0.160	
08197	北斗嘉药业	15.07	142200	0.055	--  	--  	360000	20000	0.00	          0.14	0.420	
03175	Ｆ三星原油期	1.40	138452	0.180	--  	--  	10600	2000	0.00	--  	13.040	
08251	优越集团控股	2.86	132600	0.020	--  	--  	190000	10000	0.00	          0.05	0.700	
08023	邝文记	1.10	127800	0.005	--  	--  	282000	30000	0.00	          0.05	0.435	
00556	泛亚环保	2.25	125320	0.020	--  	--  	138000	26000	0.00	          0.02	0.890	
00487	实德环球	2.00	120428	0.005	--  	--  	482200	280000	3.24	          0.01	0.247	
01271	佳明集团控股	0.22	117400	0.010	--  	--  	26000	1000	0.00	          0.00	4.510	
00929	国际精密	3.29	111400	0.050	--  	--  	70000	50000	-1.26	          0.01	1.600	
00987	中国再生能源投资	0.44	84138	0.001	--  	--  	371003	12000	2.23	          0.02	0.224	
02120	康宁医院	4.10	83725	1.550	--  	--  	2200	100	0.00	          0.01	37.850	
08246	北方新能源	2.82	80840	0.007	--  	--  	320000	80000	2.00	          0.01	0.250	
08439	新百利融资	1.01	79980	0.020	--  	--  	40000	4000	0.00	          0.03	2.000	
00764	永恒策略	2.17	68650	0.004	--  	--  	373099	845	0.00	          0.01	0.184	
08400	亚洲先锋娱乐	1.02	64970	0.002	--  	--  	330000	20000	0.00	          0.03	0.192	
00725	恒都集团	1.16	62360	0.020	--  	--  	36000	2000	0.00	          0.02	1.740	
00401	万嘉集团	4.79	54310	0.008	--  	--  	325000	20000	0.00	          0.05	0.170	
03146	安硕ＤＡＸ	0.37	54000	0.040	--  	--  	5000	5000	0.00	--  	10.800	
06822	科劲国际	0.87	48140	0.010	--  	--  	42000	2000	0.00	          0.01	1.140	
08423	CHI HO DEV	0.85	46900	0.010	--  	--  	40000	30000	0.00	          0.01	1.170	
03060	价值台湾ＥＴＦ	0.68	44450	0.300	--  	--  	1000	1000	0.00	--  	44.450	
00366	陆氏集团（越南）	0.80	44400	0.020	--  	--  	18000	6000	-0.39	          0.00	2.440	
08249	瑞远智控	3.14	34740	0.007	--  	--  	150000	5000	-3.77	          0.12	0.217	
08290	亚势备份	2.13	27360	0.002	--  	--  	290000	80000	0.00	          0.01	0.092	
00602	佳华百货控股	1.27	16000	0.005	--  	--  	40000	40000	0.00	          0.00	0.400	
02226	老恒和酿造	2.49	14480	0.090	--  	--  	4000	4000	2.49	          0.00	3.620	
00730	SHOUGANG GRAND	1.44	10600	0.003	--  	--  	50000	50000	-0.47	          0.00	0.212	
08286	长城微光	4.62	9550	0.015	--  	--  	30000	5000	-1.45	          0.03	0.325	
08202	汇创控股	7.79	3320	0.012	--  	--  	20000	20000	0.00	          0.00	0.166	
01231	新矿资源	1.15	1760	0.010	--  	--  	2000	2000	0.00	          0.00	0.880	
83155	安硕ＥＳ５０－Ｒ	0.24	1696	0.020	--  	--  	200	200	0.00	--  	8.480	
08591	罗马集团（旧）	--  	0	--  	--  	--  	0	0	--  	--  	--  	
08369	立基工程控股	--  	0	--  	--  	--  	0	0	--  	--  	--  	
02999	中国集成控股　旧	--  	0	--  	--  	--  	0	0	--  	--  	--  	
00963	华熙生物科技	--  	0	--  	--  	--  	0	0	--  	--  	--  	
00382	威灵控股	--  	0	--  	--  	--  	0	0	--  	--  	--  	
00170	中国资本	--  	0	--  	--  	--  	0	0	--  	--  	--  	
002650	加加食品	--  	0	--  	--  	--  	0	0	--  	          0.00	--  	
000666	经纬纺机	--  	0	--  	--  	--  	0	0	--  	          0.00	--  	
04362	ＩＳ南韩基金ＴＲ	--  	0	--  	--  	--  	0	0	--  	--  	--  	
02839	标智港股内地地产	--  	0	--  	--  	--  	0	0	--  	--  	--  	
02835	未来ＫＯＳＰＩ	--  	0	--  	--  	--  	0	0	--  	--  	--  	
02817	标智港股内地消费	--  	0	--  	--  	--  	0	0	--  	--  	--  	
数据来源:通达信
