代码	名称	涨幅%%	总金额	现价	买价	卖价	总量	现量	涨速%%	换手%%	
601318	中国平安	-0.36	10277151744	73.82	73.86	73.87	1367486	20	0.04	          1.26	
300383	光环新网	10.03	4173980672	17.56	17.56	--  	2427538	9008	0.00	         17.78	
002049	紫光国芯	-0.83	2374684416	48.88	48.87	48.88	474863	5811	-0.15	          7.88	
02007	碧桂园	1.23	2344532736	16.460	16.460	16.480	139411584	1560000	0.12	          0.64	
603712	七一二	10.00	2055586944	29.04	29.04	--  	720936	1	1.75	         72.09	
600519	贵州茅台	-0.77	1996584320	742.00	741.99	742.20	26743	4	0.01	          0.21	
600036	招商银行	0.87	1841756800	31.26	31.27	31.28	585145	43	0.16	          0.28	
002415	海康威视	2.25	1754924288	43.56	43.56	43.57	401112	4469	0.60	          0.50	
000001	平安银行	0.68	1736437376	11.90	11.90	11.91	1445110	7598	0.08	          0.85	
600028	中国石化	0.29	1718928640	6.85	6.85	6.86	2494358	47	0.00	          0.26	
00386	中国石油化工股份	2.28	1628615168	6.740	6.740	6.750	239234624	10042000	0.00	          0.94	
601398	工商银行	-0.61	1519914880	6.49	6.48	6.49	2333608	15	0.15	          0.09	
600196	复星医药	-2.00	1317502720	46.05	46.04	46.05	283462	6	0.09	          1.48	
600276	恒瑞医药	-1.12	1242261760	86.51	86.57	86.58	142643	5	0.46	          0.51	
000532	华金资本	5.71	1200732928	17.02	17.02	17.03	706043	6838	0.35	         20.56	
01109	华润置地	5.25	1189570816	30.050	30.000	30.050	39145104	958000	0.00	          0.56	
002137	麦达数字	7.24	1185272064	12.15	12.15	12.16	993925	6611	0.41	         34.19	
000977	浪潮信息	-3.30	1169493760	21.41	21.41	21.42	535958	10343	-0.22	          4.17	
300168	万达信息	1.07	1083100800	17.90	17.89	17.90	591746	11966	-0.27	          5.78	
00857	中国石油股份	2.43	1068683648	5.470	5.470	5.480	194198336	11774000	-0.18	          0.92	
00688	中国海外发展	4.32	1054303296	29.000	28.950	29.000	36195468	1628000	0.35	          0.33	
002208	合肥城建	2.82	1039135360	17.85	17.85	17.86	577479	7442	-0.55	         18.09	
002264	新 华 都	10.00	995544000	11.11	11.11	--  	921409	12335	0.00	         16.00	
002907	华森制药	10.00	972505856	40.91	40.91	--  	239548	668	0.00	         59.80	
000979	中弘股份	10.12	971285440	1.85	1.85	--  	5454337	13846	0.00	          6.50	
002456	欧菲科技	0.00	956990528	21.68	21.67	21.68	433750	2842	0.09	          1.63	
000786	北新建材	-2.79	950518336	25.82	25.82	25.83	360484	3779	0.04	          2.55	
600594	益佰制药	2.03	949488768	11.08	11.07	11.08	842572	10	-0.71	         10.64	
300624	万兴科技	4.31	940238144	111.85	111.83	111.85	84024	5891	0.21	         42.01	
002424	贵州百灵	4.69	909631808	14.95	14.95	14.96	604843	6797	0.74	          8.30	
002202	金风科技	2.94	837784960	19.23	19.23	19.24	426349	3017	-0.04	          1.52	
002922	伊戈尔	10.01	796223232	35.93	35.93	--  	230246	167	0.00	         69.77	
00883	中国海洋石油	1.93	789699968	11.640	11.620	11.640	67229480	5206000	0.00	          0.15	
601668	中国建筑	0.11	782215744	8.91	8.90	8.91	876661	57	0.00	          0.29	
601939	建设银行	0.00	776413312	8.11	8.11	8.12	950290	7	0.00	          0.99	
002126	银轮股份	-3.70	772273984	10.14	10.14	10.15	755917	6263	0.00	         12.40	
03888	金山软件	1.02	750278272	29.600	29.550	29.600	24815932	448000	0.34	          1.81	
600462	九有股份	10.07	741080064	6.56	6.56	--  	1194558	42	0.00	         22.38	
603533	掌阅科技	10.00	726496640	47.28	47.28	--  	155175	7	0.00	         37.85	
300377	赢时胜	-3.63	717585344	15.68	15.67	15.68	448368	8284	0.00	          8.80	
600635	大众公用	-3.49	702724416	5.26	5.26	5.27	1303547	146	-0.37	          5.39	
600560	金自天正	4.91	669905600	14.97	14.81	14.91	443509	24	1.22	         19.83	
000555	神州信息	9.98	661661760	15.21	15.21	--  	439977	3763	0.00	          4.81	
002244	滨江集团	-0.52	630116672	7.61	7.60	7.61	822949	11463	0.00	          3.04	
300740	御家汇	2.41	620327040	52.79	52.78	52.79	118511	2240	-0.39	         29.63	
002921	联诚精密	0.58	617840064	40.16	40.16	40.18	145902	4411	-0.39	         72.95	
300477	合纵科技	-0.52	579846912	34.65	34.60	34.65	166726	1953	0.35	         13.78	
300003	乐普医疗	1.01	572828160	32.85	32.85	32.87	174924	2161	0.77	          1.24	
601857	中国石油	-0.50	566685184	8.03	8.03	8.04	701121	1076	0.12	          0.04	
002716	金贵银业	4.44	566129536	20.72	20.71	20.72	279095	5316	-0.23	          8.96	
300100	双林股份	4.85	563057088	18.61	18.61	18.62	302050	3429	-0.20	          7.82	
603676	卫信康	2.93	541900608	17.24	17.23	17.25	310522	27	-0.11	         49.29	
600038	中直股份	2.23	541388224	42.61	42.61	42.62	126161	72	0.09	          2.14	
600673	东阳光科	4.03	522942528	9.54	9.53	9.55	548678	20	0.00	          2.23	
300253	卫宁健康	-3.47	519557632	10.00	9.99	10.00	511360	9807	0.10	          4.28	
000513	丽珠集团	-1.01	516576832	76.25	76.24	76.25	67330	990	0.40	          1.93	
000519	中兵红箭	4.04	515585440	9.27	9.27	9.28	562650	10137	0.32	          7.65	
603058	永吉股份	4.76	508420576	20.26	20.09	20.10	264261	87	-0.68	         11.59	
300735	光弘科技	-4.23	505426784	22.84	22.83	22.84	214921	2570	0.40	         24.24	
601988	中国银行	0.00	503986880	4.17	4.17	4.18	1206874	75	0.00	          0.06	
00003	香港中华煤气	1.73	500879968	16.460	16.440	16.460	30578904	1651000	0.12	          0.22	
002911	佛燃股份	-1.85	489671040	27.03	27.03	27.04	175826	1675	-0.29	         31.40	
603619	中曼石油	-1.81	485675904	39.68	39.51	39.58	119051	3	0.28	         29.76	
002044	美年健康	5.16	485096256	26.10	26.09	26.10	186989	1391	0.00	          1.76	
002702	海欣食品	1.85	483251584	6.05	6.04	6.05	791947	7278	-0.81	         26.72	
000935	四川双马	0.62	482028096	19.43	19.43	19.44	245535	4307	-0.20	          3.90	
300027	华谊兄弟	-1.77	477274816	9.98	9.98	9.99	474386	10798	0.40	          2.47	
600698	湖南天雁	6.16	474719680	6.89	6.89	6.90	689150	188	-0.13	          9.35	
600125	铁龙物流	1.07	471466784	9.47	9.46	9.47	495806	10	0.00	          3.80	
000066	中国长城	-2.11	465370976	7.43	7.43	7.44	617271	5799	-0.12	          2.48	
600332	白云山	-0.65	464370304	29.11	29.14	29.15	159967	55	0.28	          1.49	
300462	华铭智能	-4.47	463635808	28.20	28.20	28.22	153998	1691	0.00	         27.48	
002923	润都股份	-2.29	460636832	42.60	42.59	42.60	105021	1666	-0.57	         42.01	
002666	德联集团	0.00	458213248	7.70	7.69	7.70	591897	5276	0.00	         13.34	
600315	上海家化	6.61	457896416	38.57	38.58	38.60	119493	2	0.52	          1.78	
600079	人福医药	-2.27	452871712	15.91	15.90	15.91	282247	24	0.06	          2.67	
300213	佳讯飞鸿	-1.35	451150304	8.78	8.77	8.78	506067	5093	0.23	         13.79	
002738	中矿资源	10.01	446284896	31.53	31.53	--  	148033	883	0.00	         11.33	
002142	宁波银行	1.26	440896992	20.11	20.10	20.11	219652	1820	0.05	          0.49	
300364	中文在线	-0.56	434872992	12.42	12.41	12.42	349504	5372	0.16	          7.75	
603477	振静股份	2.43	432540288	13.90	13.88	13.89	302612	1	0.87	         50.44	
300124	汇川技术	-3.30	430150080	34.54	34.53	34.54	122967	1501	0.32	          1.00	
300324	旋极信息	0.00	428672448	17.15	17.15	17.16	244424	1647	-0.05	          3.61	
600400	红豆股份	2.81	425349696	7.69	7.69	7.70	560805	10	-0.64	          3.87	
000423	东阿阿胶	-2.03	423420096	62.25	62.25	62.26	67170	630	-0.02	          1.03	
300733	西菱动力	-2.62	422590048	25.99	25.98	25.99	158333	2412	-0.60	         39.58	
00322	康师傅控股	5.90	417634784	16.880	16.880	16.900	24982236	1004000	-0.12	          0.44	
300725	药石科技	-3.36	414704160	108.00	107.90	108.00	36816	512	-0.28	         20.08	
600729	重庆百货	7.18	413378720	29.41	29.39	29.41	141824	1	0.03	          3.49	
02388	中银香港	0.13	409923104	40.050	40.000	40.050	10179235	1020500	0.38	          0.10	
300142	沃森生物	-1.29	409606304	19.85	19.84	19.85	203603	1634	-0.14	          1.51	
600436	片仔癀	-0.25	401183936	84.19	84.15	84.25	47836	257	0.15	          0.79	
600072	中船科技	3.26	399553920	13.29	13.28	13.29	306857	90	0.00	          5.11	
300247	乐金健康	-3.38	398316320	5.72	5.72	5.73	670159	4304	-0.34	         11.61	
600535	天士力	-0.58	396077568	42.92	42.93	42.94	91982	5	-0.27	          0.89	
300015	爱尔眼科	-1.01	386584384	41.17	41.17	41.18	92979	974	-0.16	          0.78	
002246	北化股份	3.25	383668032	12.09	12.08	12.09	317499	4203	-0.24	          7.67	
000821	京山轻机	7.56	382664000	13.23	13.23	13.24	284673	3131	0.00	          8.25	
601086	国芳集团	0.72	376566208	9.79	9.79	9.80	376611	1	-0.30	         23.54	
000963	华东医药	-2.05	370171680	64.94	64.93	64.94	56317	277	0.06	          0.65	
300715	凯伦股份	-2.48	369860608	43.60	43.59	43.60	81549	1361	-0.17	         45.30	
600755	厦门国贸	-1.18	368904704	10.09	10.10	10.11	361166	161	-0.19	          1.99	
01114	BRILLIANCE CHI	0.21	368017856	18.920	18.920	18.940	19396284	1502000	0.21	          0.38	
300506	名家汇	3.30	363786272	21.90	21.89	21.90	161868	1804	0.32	         12.27	
600848	上海临港	-2.22	362196864	25.98	26.00	26.01	136601	203	0.58	          3.42	
002294	信立泰	0.05	360493280	43.01	43.01	43.02	83539	908	0.05	          0.80	
000554	泰山石油	6.21	359769792	8.04	8.03	8.04	443140	3645	1.01	         12.22	
600240	华业资本	3.89	359561280	8.82	8.83	8.84	392849	1	-0.44	          2.76	
300140	中环装备	2.70	359021152	13.69	13.69	13.70	261419	3893	-0.35	         10.65	
002369	卓翼科技	0.66	358546336	9.20	9.20	9.21	379993	5293	-0.10	          9.05	
600518	康美药业	-0.48	358311904	22.74	22.74	22.75	158269	279	0.31	          0.36	
600435	北方导航	1.26	352823392	10.48	10.48	10.49	335075	65	0.38	          2.25	
00002	中电控股	0.69	350298176	80.100	80.050	80.100	4383468	585500	0.13	          0.17	
300719	安达维尔	7.04	341213248	25.25	25.24	25.25	135299	2382	0.40	         32.21	
300009	安科生物	-3.10	338720864	25.98	25.97	25.98	127689	1415	0.04	          2.77	
603858	步长制药	-1.94	335219872	53.04	53.03	53.04	62614	14	-0.20	          1.91	
600372	中航电子	4.52	334927936	14.57	14.57	14.58	230938	19	0.21	          1.31	
000989	九 芝 堂	4.07	330197280	21.72	21.71	21.72	154976	3211	0.05	          3.16	
300122	智飞生物	-2.18	329213856	33.21	33.20	33.22	97391	1474	-0.32	          1.12	
000806	银河生物	-3.80	328459136	7.59	7.59	7.60	424434	4255	-0.12	          6.08	
002680	长生生物	-2.67	326885728	18.92	18.92	18.95	171616	1200	-0.31	          4.27	
002717	岭南股份	-0.55	324048096	29.06	29.06	29.08	110139	716	-0.06	          4.89	
300664	鹏鹞环保	-1.18	319586080	20.06	20.06	20.07	156562	1906	-0.09	         19.57	
000681	视觉中国	-2.46	319312992	27.38	27.37	27.38	115884	1435	0.07	          4.14	
600391	航发科技	-0.15	319234880	19.69	19.68	19.69	159508	5	-0.34	          4.83	
601607	上海医药	-1.02	316673728	24.16	24.18	24.20	130430	15	0.21	          0.68	
002432	九安医疗	-4.45	316582368	9.45	9.45	9.46	328854	4489	-0.20	          7.60	
601718	际华集团	2.51	314558080	6.13	6.12	6.13	512751	502	0.16	          1.33	
300096	易联众	-4.98	312858336	13.17	13.17	13.18	228740	1342	0.15	          5.93	
603912	佳力图	-0.36	310541344	24.86	24.85	24.86	123688	14	-0.55	         33.43	
300711	广哈通信	5.20	310266464	24.90	24.90	24.91	124108	1707	-0.71	         34.38	
600316	洪都航空	3.66	309360640	13.02	13.03	13.05	240009	4	1.24	          3.35	
600053	九鼎投资	3.08	308843232	27.43	27.43	27.45	113484	20	-0.28	          2.62	
300722	新余国科	4.39	307704960	35.70	35.70	35.71	84172	593	-0.80	         42.09	
002651	利君股份	0.25	306104672	7.91	7.90	7.91	386835	3325	1.80	         10.22	
601998	中信银行	0.30	305241504	6.75	6.74	6.76	449363	700	-0.14	          0.14	
600967	内蒙一机	1.71	303676320	13.70	13.69	13.70	219365	67	0.22	          2.28	
002179	中航光电	1.38	302472256	39.71	39.71	39.72	75343	806	0.00	          0.96	
603260	合盛硅业	-2.62	298605024	62.72	62.71	62.72	46641	6	0.29	          6.66	
03383	雅居乐集团	4.73	297480416	15.940	15.940	15.960	18666692	558000	0.25	          0.48	
002826	易明医药	-0.75	296685056	18.45	18.45	18.46	152944	961	-0.42	         15.17	
00384	中国燃气	1.99	295934400	28.150	28.100	28.150	10579397	433200	0.00	          0.21	
002297	博云新材	-3.68	291856096	8.37	8.37	8.38	336295	2039	-0.11	          8.47	
01099	国药控股	0.13	289050528	37.400	37.350	37.400	7662705	764000	0.40	          0.64	
00656	复星国际	0.11	288364768	17.700	17.700	17.720	16202654	1303000	0.68	          0.19	
000998	隆平高科	0.39	287454816	25.65	25.65	25.66	111560	1811	0.23	          1.17	
600879	航天电子	0.80	283687072	7.60	7.59	7.60	370963	38	0.13	          1.54	
002670	国盛金控	0.54	282521344	16.84	16.84	16.85	165859	1829	0.06	          3.37	
002066	瑞泰科技	0.17	282251040	11.74	11.74	11.75	237208	2452	-0.08	         10.27	
300107	建新股份	1.18	282154432	8.55	8.54	8.55	324841	3554	0.35	          9.92	
603890	春秋电子	0.64	279880864	34.74	34.72	34.73	79399	12	0.32	         23.18	
00881	中升控股	2.51	277373696	22.450	22.450	22.500	12391691	331500	0.22	          0.55	
002359	北讯集团	0.33	276179584	27.03	27.03	27.05	101033	570	0.04	          1.43	
002118	紫鑫药业	0.36	273629536	8.44	8.44	8.45	322781	2056	-0.11	          3.15	
600120	浙江东方	-3.23	273470112	23.96	23.91	23.92	112522	12	-0.24	          2.23	
600268	国电南自	10.09	272982784	6.00	6.00	--  	467740	10	0.00	          7.36	
02357	中航科工	1.55	270563840	5.250	5.250	5.270	50365000	711000	0.00	          2.14	
000810	创维数字	2.86	268078224	9.00	9.00	9.01	301141	4065	-0.32	          3.04	
600208	新湖中宝	-1.88	267544624	4.70	4.71	4.72	569844	719	0.00	          0.66	
600178	东安动力	7.07	265985328	6.97	6.95	6.98	388836	102	-1.40	          8.41	
603367	辰欣药业	-3.47	265776352	22.80	22.79	22.80	114342	10	-0.08	         11.43	
603655	朗博科技	-4.08	265159632	23.76	23.78	23.79	108476	2	0.34	         40.93	
300701	森霸股份	6.44	264967792	39.66	39.66	39.67	65102	1010	-0.02	         32.55	
300702	天宇股份	3.82	261228784	39.40	39.39	39.40	66702	667	0.05	         22.23	
603126	中材节能	0.58	260097616	10.44	10.42	10.44	247266	108	0.19	          4.05	
000623	吉林敖东	-0.95	255384352	20.90	20.89	20.90	120800	1354	-0.04	          1.10	
002038	双鹭药业	-1.76	254320144	34.62	34.62	34.63	72517	695	0.41	          1.28	
002898	赛隆药业	-1.62	254053744	21.24	21.23	21.24	114412	652	-0.08	         28.60	
603929	亚翔集成	1.10	251986144	25.69	25.66	25.69	96765	27	0.35	         10.02	
603380	易德龙	5.30	247256384	22.27	22.33	22.36	108849	79	-0.79	         27.21	
600750	江中药业	-2.68	245248096	25.79	25.80	25.81	94334	52	0.23	          3.14	
300267	尔康制药	-0.85	245115296	7.02	7.01	7.02	339707	3076	-0.27	          2.92	
002223	鱼跃医疗	-1.78	244662096	22.09	22.09	22.10	109501	1826	-0.04	          1.28	
00669	创科实业	0.32	241486960	47.000	46.850	47.000	5109090	218000	0.21	          0.28	
600056	中国医药	-1.56	240028208	23.96	23.95	23.96	99385	150	0.04	          0.98	
600312	平高电气	2.34	239226256	9.20	9.20	9.21	254972	105	-0.21	          1.88	
300726	宏达电子	1.58	239127696	24.50	24.49	24.50	95632	1447	-0.32	         23.85	
000656	金科股份	0.57	238469504	5.32	5.31	5.32	450335	9850	0.57	          0.86	
002078	太阳纸业	-2.81	236973808	11.43	11.43	11.44	203980	1267	0.18	          0.81	
00836	华润电力	0.97	235461664	14.500	14.480	14.500	16274086	922000	0.00	          0.34	
600688	上海石化	0.00	234675040	6.09	6.07	6.08	384537	636	-0.15	          0.52	
600085	同仁堂	-1.05	234490048	33.95	33.97	33.98	69020	2	0.12	          0.50	
600867	通化东宝	-0.27	233770160	25.73	25.63	25.71	90742	15	0.12	          0.55	
000032	深桑达Ａ	5.48	231855408	10.78	10.77	10.78	213613	1651	-0.45	          7.64	
000538	云南白药	-1.57	231237952	101.88	101.88	101.90	22485	135	-0.09	          0.22	
002587	奥拓电子	-4.48	228174032	6.82	6.81	6.82	325524	4315	0.00	          8.29	
300519	新光药业	7.98	228073616	22.06	22.06	22.07	103949	1093	-0.22	         10.52	
300723	一品红	-4.14	227265824	37.77	37.76	37.77	58650	670	0.03	         14.66	
002711	欧浦智网	3.49	221877584	10.68	10.67	10.68	211991	37885	2.50	          2.03	
002025	航天电器	-0.46	219121888	23.70	23.70	23.71	91409	532	-0.20	          2.13	
300068	南都电源	-1.57	218673872	16.28	16.28	16.29	132971	835	0.18	          2.27	
300352	北信源	-1.61	218573040	4.29	4.28	4.29	495070	4503	0.70	          4.74	
603139	康惠制药	3.96	218358144	25.99	25.98	26.00	82055	9	0.62	         32.86	
600113	浙江东日	10.01	217819200	12.20	12.20	--  	178721	70	0.00	          5.61	
600737	中粮糖业	-1.01	217817008	7.83	7.83	7.85	277628	261	-0.37	          1.35	
000999	华润三九	-1.29	215244720	26.85	26.85	26.86	79454	666	-0.10	          0.81	
01316	耐世特	0.75	214634864	13.360	13.320	13.360	15899100	568000	0.15	          0.63	
00288	万洲国际	1.59	214018800	9.580	9.550	9.580	22323376	3304000	0.42	          0.15	
00992	联想集团	1.70	213954032	4.180	4.170	4.180	51126088	4514000	0.24	          0.43	
603127	昭衍新药	-2.10	213257232	63.52	63.45	63.50	33206	8	-0.32	         16.20	
601002	晋亿实业	-1.57	212540864	8.78	8.78	8.79	238840	13	0.00	          3.01	
600869	智慧能源	-3.56	209381088	5.96	5.95	5.96	348101	20	0.17	          1.60	
300526	中潜股份	-3.36	208235136	16.70	16.70	16.71	118479	839	-0.05	         19.81	
002655	共达电声	-1.50	205379744	11.16	11.15	11.16	182178	2838	0.18	          5.06	
603829	洛凯股份	1.75	204834016	18.03	18.04	18.07	114329	2	0.45	         28.58	
02313	申洲国际	1.35	203931840	82.650	82.450	82.650	2458540	199000	0.79	          0.16	
600422	昆药集团	-2.19	202240112	9.82	9.82	9.83	203517	11	0.10	          3.01	
300034	钢研高纳	2.66	200255200	11.19	11.19	11.20	178062	3152	0.36	          4.23	
002821	凯莱英	-0.97	197288448	72.21	72.21	72.29	27182	179	0.07	          2.28	
300105	龙源技术	3.73	196548048	6.12	6.12	6.13	328238	5242	-0.15	          6.40	
600521	华海药业	-1.07	196426320	30.52	30.51	30.55	63897	2	0.23	          0.62	
300601	康泰生物	-0.80	194842496	57.00	57.00	57.07	33737	336	-0.34	          2.11	
600763	通策医疗	-0.07	194586784	42.02	42.03	42.04	46634	7	0.65	          1.45	
002570	贝因美	-3.85	193715136	5.75	5.75	5.76	332045	2677	0.00	          3.25	
002046	轴研科技	3.37	193648320	9.52	9.52	9.53	200253	1237	0.00	          5.88	
603160	汇顶科技	-2.40	191996544	91.53	91.50	91.54	20646	3	-0.02	          0.90	
002737	葵花药业	-2.68	191884656	39.90	39.90	39.91	47392	655	0.00	          3.60	
603288	海天味业	1.42	190345328	60.56	60.62	60.67	31484	3	0.55	          0.12	
600088	中视传媒	2.91	189992384	13.80	13.79	13.80	137812	11	-0.28	          4.16	
603313	梦百合	2.81	187339312	25.63	25.65	25.66	70021	60	-0.11	          8.50	
01910	新秀丽	3.74	186568464	36.100	--  	--  	5159720	2400	0.70	          0.36	
000901	航天科技	0.39	184203392	20.75	20.75	20.76	87962	833	-0.18	          2.33	
002353	杰瑞股份	2.11	182122912	14.98	14.97	14.98	120991	1401	0.47	          1.81	
002265	西仪股份	9.97	180996768	14.01	14.01	--  	133664	1451	0.00	          4.41	
300331	苏大维格	-3.50	180078080	17.11	17.10	17.11	102954	1899	-0.05	          7.88	
300571	平治信息	9.30	179718160	89.41	89.41	89.45	20967	350	0.82	          6.00	
00813	世茂房地产	1.84	179401120	22.100	22.100	22.150	8020621	286500	0.00	          0.24	
002007	华兰生物	-1.09	178833584	28.20	28.20	28.22	62775	538	0.00	          0.78	
300101	振芯科技	-1.85	178219888	14.30	14.29	14.30	122195	1644	0.07	          2.22	
603938	三孚股份	3.86	175250640	35.77	35.59	35.85	49118	16	-0.38	         13.08	
000400	许继电气	1.33	173676128	12.22	12.22	12.23	140849	1118	0.08	          1.40	
000801	四川九洲	0.65	173481472	6.16	6.15	6.16	277824	2839	0.00	          2.72	
002351	漫步者	2.42	171887504	8.90	8.89	8.90	191926	2189	0.45	          6.41	
600630	龙头股份	1.56	171347616	10.42	10.43	10.44	162547	10	0.19	          3.83	
002919	名臣健康	0.82	169257776	33.00	33.00	33.01	50888	1225	-0.38	         24.99	
603963	大理药业	-4.77	168581152	30.35	30.34	30.35	54200	4	0.00	         21.68	
600161	天坛生物	-2.24	168164336	27.97	27.95	27.96	59337	2	0.00	          0.89	
603444	吉比特	-2.70	166500736	163.42	163.35	163.45	10034	1	0.27	          2.44	
600210	紫江企业	2.06	165768064	4.96	4.96	4.97	334860	40	0.00	          2.21	
300558	贝达药业	-1.87	165156816	63.09	63.08	63.09	25880	205	-0.16	          1.53	
000016	深康佳Ａ	-3.27	164856512	6.81	6.81	6.82	235956	4493	-0.43	          1.48	
01359	中国信达	0.34	164652032	2.950	2.950	2.960	55642864	2854000	-0.34	          0.41	
600062	华润双鹤	-2.31	164416528	24.53	24.53	24.54	66411	9	-0.32	          0.97	
600562	国睿科技	3.11	163899136	21.58	21.57	21.59	75916	3	0.28	          2.32	
600343	航天动力	2.26	163208576	11.74	11.74	11.75	139277	7	0.34	          2.18	
300308	中际旭创	-1.20	162423920	79.04	79.04	79.06	20440	43	-0.43	          0.95	
002902	铭普光磁	-1.69	162328784	34.41	34.41	34.42	46353	457	-0.31	         13.24	
002681	奋达科技	1.57	161359680	10.97	10.96	10.97	146745	1307	-0.08	          2.02	
600138	中青旅	-1.61	159622752	23.25	23.23	23.30	67734	117	0.48	          0.94	
600415	小商品城	1.26	159566672	5.64	5.64	5.65	283022	1	-0.17	          0.52	
01813	合景泰富	0.97	159000176	12.500	12.480	12.500	12460602	289500	0.16	          0.39	
00012	恒基地产	0.09	158860208	52.700	52.700	52.800	2992827	309000	0.00	          0.07	
601005	重庆钢铁	-1.59	157136128	2.48	2.47	2.48	626297	13	0.40	          0.75	
002531	天顺风能	0.53	157111632	7.57	7.56	7.57	203558	602	0.00	          1.15	
600480	凌云股份	0.98	153738880	14.37	14.36	14.37	105883	9	-0.06	          2.93	
300568	星源材质	0.00	153714912	31.68	31.66	31.68	47091	552	-0.87	          3.63	
600855	航天长峰	1.76	152318704	13.85	13.85	13.87	109300	224	-0.28	          3.31	
002088	鲁阳节能	0.19	152178688	16.09	16.09	16.10	95178	1250	0.25	          4.55	
600511	国药股份	-0.62	149421024	30.52	30.53	30.54	48531	11	0.07	          1.75	
603368	柳州医药	0.76	149404832	48.81	48.74	48.76	30431	3	0.10	          2.08	
000731	四川美丰	0.89	149190560	7.96	7.95	7.96	184633	1287	-0.12	          3.12	
300712	永福股份	1.96	148085424	22.37	22.36	22.37	65981	1052	-0.03	         18.84	
600830	香溢融通	-1.21	146468768	7.35	7.35	7.36	193371	109	0.41	          4.26	
603778	乾景园林	-3.80	145867408	7.85	7.85	7.86	182801	30	0.00	          8.08	
00270	粤海投资	2.27	145442768	12.640	12.600	12.640	11536430	992000	0.48	          0.18	
603108	润达医疗	-0.66	145321536	15.04	15.10	15.11	96049	925	0.67	          4.33	
600677	航天通信	-1.06	143649184	10.30	10.28	10.30	136877	100	-0.66	          3.29	
300139	晓程科技	1.19	142309200	6.79	6.78	6.79	199093	1317	-0.14	          9.39	
002358	森源电气	0.93	142123360	17.34	17.33	17.34	82422	3486	0.23	          0.91	
002390	信邦制药	-0.24	141945872	8.49	8.48	8.49	166107	3401	0.24	          1.63	
600727	鲁北化工	1.38	141501248	9.58	9.56	9.57	148314	164	0.42	          4.23	
002116	中国海诚	3.08	140436048	10.38	10.38	10.39	135807	832	0.00	          3.27	
000685	中山公用	1.31	140131824	10.04	10.03	10.04	138110	1136	0.00	          1.10	
600267	海正药业	-2.34	138801472	14.58	14.55	14.56	93294	107	0.07	          0.97	
002822	中装建设	10.03	138478576	8.01	8.01	--  	175377	1281	0.00	          5.73	
300696	爱乐达	2.56	138283856	57.68	57.66	57.68	23474	262	-0.11	         13.61	
600136	当代明诚	-0.47	138088032	16.94	16.92	16.93	79296	13	0.89	          2.58	
000710	贝瑞基因	-2.66	137620016	47.65	47.64	47.65	28558	222	0.51	          1.89	
002910	庄园牧场	1.41	136010176	18.66	18.66	18.67	72001	1169	0.21	         15.37	
603386	广东骏亚	-0.97	134669712	16.29	16.29	16.30	81424	2	-0.23	         16.12	
600990	四创电子	1.06	132371392	53.36	53.36	53.38	24504	200	0.04	          1.79	
300398	飞凯材料	-3.09	132254048	22.30	22.29	22.30	58305	769	-0.44	          1.60	
000028	国药一致	-0.33	131038368	60.96	60.95	60.96	21052	95	-0.02	          0.68	
603366	日出东方	0.16	130693552	6.11	6.11	6.12	216994	10	0.33	          2.71	
300199	翰宇药业	-2.00	130334128	15.69	15.69	15.70	81725	424	0.00	          1.39	
603716	塞力斯	0.55	130084120	60.50	60.57	60.58	20992	21	0.00	          5.46	
603177	德创环保	-3.50	129984288	18.45	18.47	18.49	69327	96	-0.48	         11.23	
600135	乐凯胶片	2.15	129833008	9.96	9.95	9.96	130207	2	0.71	          3.53	
300109	新开源	-3.04	129348120	38.00	37.98	38.00	33453	735	-0.41	          3.90	
603896	寿仙谷	-3.79	129189320	48.18	48.19	48.20	26405	15	0.61	          7.55	
002906	华阳集团	-0.33	129024648	21.30	21.29	21.30	59568	1041	0.09	          8.15	
002825	纳尔股份	4.21	127508792	24.48	24.48	24.49	52785	366	-0.03	         18.06	
00960	龙湖地产	2.15	127506480	23.750	23.700	23.750	5306306	306500	-0.21	          0.09	
600114	东睦股份	-1.78	127256520	16.04	16.03	16.06	76936	2	-0.05	          1.83	
06808	高鑫零售	1.46	126906168	9.050	9.040	9.050	14018553	511000	0.11	          0.15	
002727	一心堂	-1.62	126433192	26.66	26.66	26.67	46792	373	0.08	          1.75	
300252	金信诺	-1.07	125576792	14.76	14.76	14.77	83554	820	0.07	          2.76	
603003	龙宇燃油	4.68	124926264	12.31	12.30	12.33	101818	14	0.24	          2.31	
002266	浙富控股	-1.62	124560992	4.24	4.23	4.24	288675	4420	0.00	          1.79	
603278	大业股份	0.21	123573248	19.39	19.37	19.38	63464	7	-0.09	         12.20	
603916	苏博特	-2.08	123149208	15.52	15.49	15.50	78534	20	0.52	         10.33	
600833	第一医药	10.01	122481664	13.19	13.19	--  	94984	10	1.23	          4.26	
603326	我乐家居	3.67	121551888	21.49	21.47	21.49	56382	5	0.09	         14.10	
002637	赞宇科技	1.30	121323688	9.38	9.37	9.38	125129	534	0.11	          5.22	
600590	泰豪科技	1.73	121133752	10.60	10.59	10.60	114956	2	0.66	          2.26	
600191	华资实业	0.70	120993600	8.64	8.63	8.64	141234	52	0.58	          2.91	
000628	高新发展	5.04	120663760	9.38	9.37	9.38	130935	2115	-0.10	          6.97	
03883	中国奥园	0.66	120323040	7.590	7.590	7.600	15551025	112000	-0.39	          0.58	
002860	星帅尔	2.89	119836920	43.80	43.78	43.80	27397	487	0.05	         18.02	
603180	金牌厨柜	-3.16	119418064	171.79	171.70	171.72	6874	2	0.07	          4.04	
603636	XR南威软	1.78	118994472	9.74	9.75	9.76	120995	2	0.21	          3.01	
600557	康缘药业	-2.06	118505192	13.76	13.77	13.78	85143	13	-0.21	          1.42	
002544	杰赛科技	-1.46	118255296	14.80	14.79	14.80	78298	747	0.14	          1.53	
600252	中恒集团	-1.46	117794624	4.05	4.04	4.05	289281	3	0.50	          0.83	
600371	万向德农	-2.01	117159552	10.74	10.74	10.75	108044	17	0.19	          4.80	
300531	优博讯	-4.11	117001064	15.85	15.85	15.86	71852	1139	0.06	          5.89	
00285	比亚迪电子	1.16	116641096	17.440	17.420	17.440	6652727	150500	-0.11	          0.30	
603595	东尼电子	-3.79	116532288	108.03	108.01	108.02	10555	3	-0.40	          4.22	
300716	国立科技	-1.15	116410320	24.16	24.16	24.17	47645	370	0.12	         17.86	
002291	星期六	-3.39	115683104	6.85	6.85	6.86	168271	1949	0.15	          4.63	
603589	口子窖	1.26	115441712	47.49	47.45	47.53	24337	5	0.04	          0.83	
600495	晋西车轴	-0.18	115440784	5.68	5.69	5.70	201550	253	0.18	          1.67	
603161	科华控股	-3.99	115154880	26.26	26.34	26.35	42809	100	-0.41	         12.82	
603179	新泉股份	3.12	115020768	38.63	38.63	38.65	29679	20	-0.12	          4.45	
603233	大参林	-0.15	113944400	54.25	54.25	54.30	20700	7	0.09	          5.17	
300046	台基股份	-1.80	112964232	17.48	17.48	17.49	63151	942	-0.28	          4.44	
300463	迈克生物	-0.17	112785376	23.56	23.56	23.57	46995	400	-0.12	          1.58	
603922	金鸿顺	0.35	112773336	25.91	25.91	25.93	43361	24	-0.60	         13.55	
01462	金诚控股	3.36	109911264	3.080	--  	--  	36136000	4000	0.65	          0.90	
002900	哈三联	-2.75	109799520	26.17	26.16	26.17	41354	295	0.08	          7.84	
601882	海天精工	2.87	108521984	12.20	12.19	12.20	88859	20	0.00	          7.06	
600626	申达股份	3.23	108392424	7.03	7.03	7.04	153909	60	1.01	          2.17	
600993	马应龙	-1.85	107974992	18.53	18.53	18.54	57777	1	0.16	          1.34	
600579	天华院	-2.13	107969648	11.48	11.45	11.46	93186	7	0.09	          2.27	
600444	国机通用	3.04	107577616	15.91	15.86	15.89	65388	8	-0.55	          6.23	
600775	南京熊猫	2.53	107021944	7.71	7.71	7.72	138462	13	0.13	          2.06	
600647	同达创业	5.98	107009640	18.08	18.10	18.12	60536	1	-0.32	          4.35	
603036	如通股份	2.82	106985968	15.32	15.36	15.38	69359	32	-0.19	         13.64	
002030	达安基因	-1.83	106501592	15.02	15.01	15.02	70011	1007	0.00	          1.01	
002796	世嘉科技	-5.08	106070832	27.28	27.27	27.28	38034	355	-0.21	         12.71	
00151	中国旺旺	0.32	105805000	6.330	6.320	6.330	16620666	989000	0.00	          0.13	
600963	岳阳林纸	-0.64	105377904	6.20	6.19	6.20	168135	24	-0.15	          1.61	
603557	起步股份	1.88	105007544	17.36	17.37	17.38	60744	6	0.17	         12.92	
01383	太阳城集团	1.87	103770864	1.090	--  	--  	91350896	10000	-0.91	          1.52	
300130	新国都	-1.19	103765472	26.59	26.56	26.59	39140	327	-0.33	          2.49	
002896	中大力德	-0.03	103629120	37.91	37.90	37.91	26741	348	-0.02	         13.37	
000971	高升控股	-3.02	103536024	12.52	12.52	12.53	81183	987	-0.15	          2.79	
300397	天和防务	0.06	103265416	17.16	17.16	17.17	59148	1060	0.06	          3.81	
002287	奇正藏药	-3.48	102876840	33.30	33.30	33.31	30650	280	0.15	          0.75	
002630	华西能源	0.08	102256384	12.24	12.23	12.24	83771	1385	0.16	          1.39	
603289	泰瑞机器	-2.25	101362800	16.07	16.07	16.10	61837	8	0.06	         12.12	
600387	海越股份	-2.18	100911424	8.98	9.00	9.01	109757	20	-0.10	          2.85	
000819	岳阳兴长	10.00	100181208	12.10	12.10	--  	83505	753	0.00	          3.08	
300191	潜能恒信	-0.94	99823696	21.10	21.09	21.10	46224	701	0.24	          2.23	
600572	康恩贝	-1.28	99211472	6.96	6.96	6.98	141782	2	0.14	          0.69	
000550	江铃汽车	-0.67	97892904	19.29	19.29	19.30	50783	472	-0.04	          0.98	
300357	我武生物	0.17	97790616	57.67	57.35	57.67	16935	131	0.70	          1.20	
03918	金界控股	2.65	97785472	8.140	--  	--  	12020063	8000	0.00	          0.28	
600099	林海股份	10.03	96849624	10.20	10.20	--  	94960	23	0.00	          4.33	
000416	民生控股	-4.86	96747656	6.27	6.27	6.28	151269	1901	0.16	          2.85	
603917	合力科技	-2.09	96359392	23.88	23.80	23.84	39443	13	-0.57	         14.09	
000610	西安旅游	4.49	96159536	10.71	10.70	10.71	90994	716	0.00	          3.87	
300705	九典制药	10.00	95430992	29.69	29.69	--  	32142	6030	0.00	         10.96	
600995	文山电力	-1.00	94873664	8.88	8.87	8.88	104627	30	-0.33	          2.19	
002715	登云股份	10.00	94688152	23.66	23.66	--  	40973	72	0.00	          4.97	
300131	英唐智控	0.29	94655168	6.87	6.86	6.87	136431	870	0.15	          2.17	
300717	华信新材	-3.60	94292768	35.08	35.06	35.08	26229	293	0.03	         16.39	
002476	宝莫股份	-0.17	94257048	5.95	5.95	5.96	156931	4585	-0.32	          2.71	
600328	兰太实业	-1.65	93876704	10.13	10.12	10.13	91401	20	0.10	          2.09	
02098	卓尔集团	3.38	93794968	9.800	9.790	9.810	9671210	12000	0.00	          0.08	
03377	远洋集团	0.51	93686704	5.940	5.940	5.950	15424672	525000	0.17	          0.20	
01778	彩生活	5.22	93402632	7.260	7.240	7.260	12966000	125000	0.41	          0.99	
00958	华能新能源	1.42	92964680	2.860	2.850	2.860	32172900	1328000	0.00	          0.64	
002022	科华生物	-2.04	92736080	13.45	13.45	13.46	67745	901	-0.21	          1.49	
603399	吉翔股份	1.96	92619992	16.63	16.61	16.67	55517	501	-0.05	          1.11	
002370	亚太药业	0.87	92046704	18.62	18.61	18.62	49536	386	-0.74	          1.21	
603299	井神股份	-0.83	91528848	10.72	10.74	10.75	84813	20	0.66	          3.04	
300294	博雅生物	-2.20	91511568	34.72	34.71	34.72	25997	178	-0.19	          0.80	
000045	深纺织Ａ	-1.67	91065800	8.84	8.84	8.85	100151	948	-0.22	          2.19	
002645	华宏科技	0.89	90901752	23.70	23.69	23.70	37755	583	0.13	          2.54	
002070	*ST众和	-3.35	90844896	4.33	4.32	4.33	206157	5661	-0.22	          3.64	
002355	兴民智通	-1.04	90208952	10.49	10.48	10.49	85283	501	0.10	          2.88	
002773	康弘药业	-3.72	89087536	57.51	57.51	57.52	15311	96	-0.15	          2.17	
002870	香山股份	10.02	88988488	28.00	28.00	--  	31787	294	0.00	         11.49	
300192	科斯伍德	1.66	88969128	8.55	8.55	8.59	99837	380	0.94	          5.72	
002603	以岭药业	-1.57	88763472	15.04	15.04	15.06	58033	1262	-0.65	          0.59	
002224	三 力 士	-1.81	88641808	8.12	8.10	8.12	108125	1631	0.62	          2.30	
300298	三诺生物	-2.03	88338992	22.71	22.70	22.71	38484	234	-0.21	          0.95	
300579	数字认证	-2.08	87923648	46.54	46.52	46.54	18471	122	-0.57	          6.43	
300608	思特奇	6.89	87890128	30.09	30.08	30.09	28733	723	-0.72	          4.99	
600476	湘邮科技	1.75	87705552	16.28	16.32	16.33	54196	71	1.12	          3.36	
600641	万业企业	-1.09	86665096	12.65	12.65	12.66	67978	108	0.00	          0.84	
600980	北矿科技	-2.65	86103168	15.05	15.04	15.05	56570	12	-0.52	          3.95	
300604	长川科技	-2.65	85936592	51.15	51.13	51.15	16435	122	-0.19	          8.63	
300407	凯发电气	-3.27	85666880	12.13	12.13	12.14	69461	1652	-0.32	          4.21	
000635	英 力 特	3.76	85580504	14.36	14.36	14.37	60504	1449	0.42	          2.00	
600420	现代制药	-1.39	84650072	12.04	12.03	12.06	69276	24	0.33	          1.20	
002262	恩华药业	-1.36	84560728	14.52	14.51	14.52	57863	665	-0.13	          0.65	
300710	万隆光电	-0.32	83867528	37.32	37.32	37.33	22131	333	-0.18	         12.65	
600064	南京高科	-1.21	83800352	13.86	13.86	13.87	59866	40	-0.06	          0.77	
601890	亚星锚链	0.50	82706552	5.99	5.98	5.99	137441	41	0.00	          1.43	
600668	尖峰集团	-2.13	82160560	15.18	15.18	15.20	53426	10	0.20	          1.55	
002768	国恩股份	0.94	82109680	25.90	25.89	25.90	31537	139	0.04	          3.62	
000931	中 关 村	1.35	80772192	6.74	6.74	6.75	118623	864	-0.14	          1.69	
300026	红日药业	-2.42	80488000	4.03	4.02	4.03	196988	1847	0.25	          0.85	
600640	号百控股	-0.21	79342632	14.28	14.28	14.29	54549	55	-0.27	          0.93	
300255	常山药业	-1.06	78457648	6.51	6.50	6.51	118834	1882	0.46	          1.95	
600826	兰生股份	1.79	77874464	13.10	13.09	13.10	59079	18	0.15	          1.40	
600736	苏州高新	3.77	77529104	6.61	6.61	6.62	118194	40	-0.29	          1.04	
300523	辰安科技	-1.02	76392896	54.13	54.12	54.13	13918	114	0.02	          1.37	
002828	贝肯能源	-1.15	76264944	23.11	23.10	23.11	32203	303	-0.29	          5.63	
300654	世纪天鸿	2.49	75800720	34.59	34.57	34.59	22408	955	0.26	          9.60	
603859	能科股份	5.10	75614112	22.03	22.03	22.04	35150	21	0.23	          7.05	
002747	埃斯顿	0.65	75362616	10.90	10.90	10.91	68256	423	0.00	          0.83	
600239	云南城投	0.64	75356184	4.71	4.70	4.71	161362	22	0.64	          1.00	
600759	洲际油气	1.05	74920040	3.84	3.83	3.84	195093	10	0.26	          0.86	
603856	东宏股份	-1.64	74738192	17.34	17.36	17.38	42499	22	-0.45	          8.62	
002788	鹭燕医药	-2.10	74714952	28.44	28.43	28.44	26032	312	0.04	          3.75	
300667	必创科技	-1.53	74653448	38.60	38.59	38.60	18812	162	-0.38	         11.07	
603628	清源股份	1.84	73626584	12.16	12.15	12.16	60355	98	0.16	          6.80	
002480	新筑股份	4.05	73484480	7.70	7.70	7.71	96692	2230	0.26	          1.51	
300018	中元股份	-4.42	72180936	6.48	6.47	6.48	108964	1433	-0.14	          3.15	
600730	中国高科	0.80	72095736	6.29	6.28	6.29	113715	15	0.16	          1.94	
000151	中成股份	10.00	72025712	17.82	17.82	--  	40418	393	0.00	          1.52	
603043	广州酒家	-3.86	71894160	18.45	18.44	18.45	38430	75	0.27	          7.69	
000070	特发信息	-2.30	71727400	9.34	9.33	9.34	75643	679	0.11	          1.40	
00956	新天绿色能源	0.94	71676688	2.140	--  	--  	33385000	3000	0.00	          1.82	
300147	香雪制药	-1.31	70948968	9.04	9.03	9.04	77765	561	0.00	          1.18	
603689	皖天然气	-0.25	70437424	12.11	12.11	12.12	57772	242	0.67	          3.45	
000869	张 裕Ａ	-0.59	70282784	37.20	37.19	37.20	18815	102	0.16	          0.41	
603899	晨光文具	-2.45	70201976	28.72	28.67	28.70	24216	105	-0.23	          0.26	
600530	交大昂立	-0.89	69504016	5.57	5.57	5.58	123492	12	0.18	          1.58	
600227	赤天化	0.00	69498296	5.83	5.83	5.84	118519	2	0.17	          0.95	
002909	集泰股份	-1.88	69235088	19.34	19.33	19.34	34950	614	-0.20	         11.65	
08101	壹家壹品	8.33	69211840	0.390	--  	--  	177932000	20000	1.30	          6.15	
603939	益丰药房	-0.48	69137088	57.53	57.53	57.54	12011	4	0.52	          0.33	
300573	兴齐眼药	4.92	68984672	23.69	23.68	23.69	28380	620	0.47	          5.38	
600491	龙元建设	-0.10	68401104	10.43	10.41	10.42	65860	30	0.29	          0.70	
002728	特一药业	-1.99	68287440	18.70	18.69	18.70	35750	221	0.11	          3.01	
600351	亚宝药业	-2.24	68206560	7.84	7.83	7.84	85892	291	0.00	          1.24	
600689	上海三毛	10.03	67914272	11.30	11.30	--  	60864	4	0.00	          4.00	
600479	千金药业	-2.21	67821224	15.50	15.50	15.52	43115	21	0.13	          1.41	
603110	东方材料	-3.10	67695976	23.13	23.11	23.12	28534	20	-0.51	         11.12	
300246	宝莱特	-3.32	67532864	19.50	19.49	19.50	34029	353	0.05	          3.16	
603758	秦安股份	-1.61	67522752	14.10	14.01	14.09	48010	1	1.59	          8.00	
600128	弘业股份	2.22	67275496	10.11	10.11	10.13	66557	42	0.50	          2.70	
300683	海特生物	-1.73	66869208	48.98	48.90	48.98	13517	194	0.37	          5.23	
002830	名雕股份	2.16	66798736	18.95	18.95	18.96	34994	476	0.32	          8.78	
603157	拉夏贝尔	-1.62	65624152	16.44	16.42	16.43	39511	11	0.49	          7.21	
300470	日机密封	1.13	65308884	41.05	41.05	41.20	15771	92	-0.40	          2.50	
600483	福能股份	0.39	65151984	7.78	7.77	7.78	82141	10	0.26	          0.65	
300503	昊志机电	-2.67	65014244	13.86	13.86	13.87	45942	495	0.00	          4.45	
000650	仁和药业	-1.74	64998692	5.08	5.08	5.09	126709	915	-0.19	          1.02	
300234	开尔新材	1.41	64842656	8.62	8.61	8.62	74593	1325	0.47	          4.97	
01193	华润燃气	0.92	64582184	27.350	27.250	27.350	2353253	378000	-0.18	          0.11	
002713	东易日盛	-2.30	64483040	27.56	27.56	27.57	22935	449	0.29	          3.06	
000902	新洋丰	-2.13	64285640	10.10	10.10	10.12	63078	4112	-0.29	          0.54	
300665	飞鹿股份	-1.04	63842188	24.65	24.63	24.65	25536	276	0.00	         13.44	
000637	茂化实华	1.43	63833896	5.69	5.69	5.70	110996	945	-0.17	          3.03	
600107	美尔雅	-0.47	63592640	12.82	12.82	12.83	49161	36	0.71	          1.37	
002827	高争民爆	2.60	62665328	17.75	17.73	17.75	35028	470	-0.27	          5.55	
002689	远大智能	-1.57	62425988	5.01	5.00	5.01	122452	552	0.20	          1.30	
002295	精艺股份	-2.43	62390500	9.64	9.64	9.65	63946	522	0.00	          3.29	
600587	新华医疗	-0.67	62200028	14.73	14.72	14.74	41561	27	-0.06	          1.03	
300326	凯利泰	-3.23	61498388	8.40	8.39	8.40	71746	3021	-0.11	          1.12	
300039	上海凯宝	-2.09	61136196	6.57	6.56	6.57	92003	1417	-0.14	          1.15	
01980	天鸽互动	2.08	60861552	6.860	6.850	6.860	8899000	127000	0.15	          0.70	
00880	澳博控股	0.27	60775532	7.300	7.290	7.300	8312516	358000	0.27	          0.15	
603387	基蛋生物	-2.80	60320652	55.88	55.85	55.94	10627	1	-0.13	          3.22	
300703	创源文化	-0.03	59454392	28.63	28.63	28.64	20332	194	-0.30	         10.17	
002665	首航节能	0.62	59353092	6.50	6.50	6.51	91869	11308	0.93	          0.59	
603605	珀莱雅	-1.06	59347728	28.89	28.87	28.89	20415	13	0.00	          4.08	
603008	喜临门	0.11	59327436	18.11	18.12	18.13	32670	4	-0.05	          1.04	
002205	国统股份	1.63	58825748	17.48	17.47	17.48	33424	441	0.17	          2.88	
300512	中亚股份	-0.59	58823732	16.85	16.85	16.86	34239	251	0.00	          4.40	
600864	哈投股份	-0.61	58745176	6.47	6.46	6.47	89262	48	-0.14	          0.57	
00658	中国高速传动	2.91	58715484	11.320	11.300	11.320	5198000	46000	0.00	          0.32	
002865	钧达股份	-1.58	58642144	18.70	18.68	18.70	30795	438	0.43	         10.26	
002882	金龙羽	0.73	58511964	12.46	12.46	12.47	46336	349	0.48	          5.79	
603029	天鹅股份	5.94	58281452	18.02	18.05	18.08	32753	15	0.39	          8.97	
603258	电魂网络	-1.78	58243256	28.74	28.73	28.75	19999	21	-0.13	          2.99	
601028	玉龙股份	5.52	58022856	8.79	8.78	8.79	67715	10	0.34	          0.86	
603617	君禾股份	2.78	57960432	22.16	22.14	22.15	26461	146	0.64	         10.58	
300536	农尚环境	-1.44	57642456	15.02	15.01	15.02	37916	629	-0.19	          6.20	
603002	宏昌电子	-1.85	57320160	5.32	5.32	5.33	106813	50	0.00	          1.76	
600998	九州通	-0.56	56811908	17.80	17.78	17.80	31763	6	-0.05	          0.19	
002057	中钢天源	-0.40	56800792	12.41	12.40	12.41	46039	1178	-0.15	          2.31	
06823	香港电讯－ＳＳ	0.61	56630304	9.880	--  	--  	5727630	1000	0.00	          0.08	
603685	晨丰科技	-2.33	56374956	29.73	29.73	29.74	18643	4	-0.06	          7.46	
002527	新时达	1.15	56363308	9.68	9.68	9.69	58092	882	0.10	          1.50	
002889	东方嘉盛	-0.19	56308860	26.66	26.65	26.66	20900	497	-0.40	          6.05	
002393	力生制药	-3.05	56235392	30.20	30.18	30.20	18324	1008	-0.12	          1.01	
600292	远达环保	0.65	56001272	7.70	7.70	7.71	72225	127	0.13	          0.92	
603816	顾家家居	-0.35	55193568	65.94	65.66	65.98	8362	9	0.32	          0.94	
002322	理工环科	-1.80	55051172	16.96	16.96	16.97	32110	555	-0.11	          1.12	
603638	艾迪精密	1.01	55003276	33.97	33.91	33.92	16075	2	0.15	          2.80	
00494	利丰	0.24	54289088	4.250	4.250	4.260	12772020	674000	0.00	          0.15	
601199	江南水务	1.56	53983772	5.21	5.21	5.22	102202	10	0.00	          1.09	
000739	普洛药业	0.00	53692288	6.05	6.04	6.05	88855	625	0.50	          0.77	
600648	外高桥	0.27	53374856	18.62	18.61	18.62	28521	6	0.27	          0.31	
00607	丰盛控股	3.79	53342304	4.110	4.100	4.110	13137500	787500	0.00	          0.07	
000985	大庆华科	10.00	53239680	19.36	19.36	--  	28094	205	0.00	          2.17	
603828	柯利达	5.40	52675944	9.18	9.18	9.19	57048	41	0.22	          1.76	
600182	S佳通	0.38	52394664	26.71	26.73	26.74	19430	1	-0.21	          1.14	
300661	圣邦股份	-2.88	52218288	101.00	100.80	101.00	5063	141	-1.13	          3.40	
002554	惠博普	-0.95	52009764	4.19	4.18	4.19	122239	1273	-0.23	          1.87	
601811	新华文轩	-2.88	51812960	12.47	12.47	12.48	40508	30	0.24	          2.03	
002361	神剑股份	0.81	51665108	5.00	5.00	5.01	102484	548	0.20	          1.71	
300610	晨化股份	2.22	51476568	15.65	15.65	15.66	32753	486	0.13	          6.58	
600655	豫园股份	1.01	51026224	10.02	10.02	10.03	51028	20	0.20	          0.36	
001696	宗申动力	0.17	51004960	5.89	5.88	5.89	85494	477	-0.33	          0.96	
000920	南方汇通	0.00	50767032	8.61	8.61	8.62	57850	513	0.00	          1.37	
002017	东信和平	-1.75	50639896	7.86	7.86	7.87	63188	575	0.00	          1.83	
600272	开开实业	10.04	50579708	10.74	10.74	--  	48247	4	0.00	          3.02	
002541	鸿路钢构	0.07	49884472	13.58	13.58	13.59	36317	229	-0.14	          1.47	
603378	亚士创能	-1.96	49663544	19.53	19.52	19.54	24987	1	-0.30	          5.10	
002010	传化智联	0.18	49645180	16.85	16.85	16.86	29491	345	-0.23	          0.71	
600517	置信电气	0.00	49342748	5.23	5.22	5.23	93317	100	0.38	          0.75	
603040	新坐标	0.82	49074032	66.68	66.66	66.67	7278	7	-0.32	          3.03	
600529	山东药玻	0.39	48673124	20.52	20.51	20.56	23563	5	-0.38	          0.92	
603826	坤彩科技	-2.82	48473064	14.80	14.79	14.82	32272	16	-0.06	          3.59	
000611	天首发展	-0.13	48347048	7.49	7.49	7.50	63895	251	-0.26	          2.00	
300461	田中精机	-4.26	47944800	57.70	57.69	57.70	8148	189	0.00	          3.46	
603100	川仪股份	-3.52	47944300	10.42	10.43	10.44	45056	10	-0.56	          1.74	
002120	韵达股份	-1.04	47703060	48.39	48.39	48.40	9773	129	0.02	          1.00	
600101	明星电力	0.94	47252888	8.56	8.55	8.57	55236	11	0.59	          1.70	
300625	三雄极光	-0.80	47046104	23.42	23.42	23.43	19905	147	-0.12	          2.18	
03326	保发集团	3.14	46746692	3.610	--  	--  	13221000	9000	1.40	          0.98	
600461	洪城水业	1.12	46736688	6.30	6.30	6.31	73227	206	0.00	          1.23	
300598	诚迈科技	9.99	46352060	28.18	28.18	--  	16489	456	0.00	          3.41	
002880	卫光生物	-2.14	46264808	52.12	52.12	52.13	8725	77	-0.16	          3.23	
600713	南京医药	0.00	46240408	5.73	5.72	5.73	79990	59	0.00	          0.89	
000919	金陵药业	-1.41	46155856	8.40	8.39	8.40	54284	429	-0.11	          1.08	
603976	正川股份	-1.65	46073608	23.87	23.83	23.84	19174	36	-0.28	          7.10	
603035	常熟汽饰	0.36	46042956	13.93	13.92	13.93	32774	7	0.14	          1.90	
601558	*ST锐电	-0.70	45593068	1.41	1.40	1.41	321033	4	0.71	          0.56	
300575	中旗股份	0.00	45076912	44.80	44.78	44.80	9967	131	-0.32	          2.90	
600080	金花股份	-0.76	44905444	9.14	9.11	9.12	49052	21	0.00	          1.61	
300249	依米康	-1.73	44559620	7.40	7.39	7.40	59711	311	0.00	          1.97	
300595	欧普康视	-2.02	44389188	57.80	57.80	57.98	7612	70	0.07	          1.00	
603055	台华新材	-0.99	44384252	14.95	14.94	14.97	29397	50	-0.26	          4.35	
300443	金雷风电	0.69	44365480	14.62	14.60	14.62	29728	246	-0.06	          2.33	
002749	国光股份	0.92	44103760	65.60	65.60	65.65	6674	53	-0.29	          1.38	
300402	宝色股份	1.95	43880872	10.98	10.97	10.98	39724	453	0.00	          4.60	
002829	星网宇达	2.11	43807600	26.60	26.59	26.60	16337	116	-0.03	          2.77	
01312	同方康泰	6.17	43251124	0.430	--  	--  	100290000	42000	1.18	          1.87	
300194	福安药业	-0.17	43194532	5.72	5.72	5.73	75607	2245	0.00	          1.29	
300446	乐凯新材	-1.14	43041400	21.65	21.65	21.66	19484	89	0.09	          2.56	
00220	统一企业中国	4.25	42943460	6.620	6.610	6.620	6560402	159000	0.61	          0.15	
000929	兰州黄河	2.03	42806032	9.04	9.04	9.05	47421	721	0.11	          2.55	
603860	中公高科	1.60	42709616	32.92	32.89	32.90	12866	52	0.06	          7.71	
600981	汇鸿集团	-4.39	42673212	5.45	5.44	5.45	76820	10	-0.54	          3.18	
002529	海源机械	-1.01	42640636	16.67	16.67	16.68	25324	488	0.12	          1.27	
002316	键桥通讯	-4.52	42416776	10.36	10.36	10.39	39642	789	-1.23	          1.26	
600425	*ST青松	-1.83	42141432	3.76	3.76	3.77	110218	17	-0.26	          0.80	
603989	艾华集团	-0.18	41997584	38.28	38.26	38.35	10814	1	-0.17	          1.28	
000659	*ST中富	-0.53	41788372	3.78	3.78	3.79	109977	1700	-0.25	          0.86	
300135	宝利国际	-0.57	41692268	3.47	3.47	3.48	118286	755	0.00	          1.28	
603987	康德莱	-1.36	41499644	11.57	11.56	11.57	35434	10	-0.25	          1.86	
300484	蓝海华腾	-2.13	41231228	18.88	18.86	18.88	21600	310	0.00	          2.30	
601968	宝钢包装	0.21	41170508	4.84	4.84	4.85	83962	18	0.41	          2.68	
300550	和仁科技	-3.54	41099752	31.85	31.82	31.85	12724	70	-0.02	          4.35	
002605	姚记扑克	0.27	40950072	11.33	11.32	11.33	35686	315	0.09	          1.33	
603229	奥翔药业	0.59	40919612	16.91	16.91	16.92	24004	10	0.06	          6.00	
01632	膳源控股	4.74	40873472	5.970	--  	--  	6552632	14000	-0.17	          3.28	
02136	利福中国	14.55	40863620	2.440	2.440	2.450	16504210	9500	-0.41	          1.03	
002535	林州重机	-0.45	40814184	4.44	4.43	4.44	91353	807	-0.21	          1.70	
600506	香梨股份	-0.52	40804856	15.28	15.29	15.30	26481	29	0.20	          1.79	
01239	TEAMWAY INTL GP	1.79	40724340	0.057	--  	--  	695520000	1000000	-3.39	          6.30	
002272	川润股份	0.99	40463740	5.10	5.10	5.11	78057	1111	-0.57	          2.45	
01083	港华燃气	1.00	40403928	7.070	7.070	7.080	5713795	153000	0.00	          0.21	
01112	Ｈ＆Ｈ国际控股	1.82	40386256	53.250	53.150	53.250	749800	15000	0.09	          0.12	
002862	实丰文化	0.96	40376640	28.43	28.43	28.44	14099	273	0.04	          7.05	
002750	龙津药业	-3.20	40361832	8.77	8.77	8.78	45496	300	-0.10	          2.02	
603076	乐惠国际	-2.95	40075232	30.55	30.53	30.54	12779	21	-0.41	          6.85	
300636	同和药业	-3.07	39736952	28.43	28.42	28.43	13617	410	-0.24	          6.81	
002338	奥普光电	-0.54	39687900	12.78	12.77	12.78	30867	716	0.95	          1.29	
002006	精功科技	-1.19	39681836	6.67	6.66	6.67	58899	1482	0.15	          1.29	
300501	海顺新材	2.88	39611232	34.33	34.31	34.33	11585	143	0.09	          4.82	
603358	华达科技	0.12	39380232	34.61	34.56	34.59	11308	8	0.64	          1.61	
600358	国旅联合	-0.30	39360264	6.67	6.67	6.68	58893	21	0.60	          1.36	
00978	招商局置地	3.14	39077940	1.640	1.620	1.640	23650000	10000	1.23	          0.48	
603757	大元泵业	0.23	39030812	57.05	57.00	57.09	6820	10	0.60	          3.25	
01862	景瑞控股	8.74	38695752	3.360	--  	--  	11624000	1000	0.00	          0.90	
002888	惠威科技	0.28	38668832	25.16	25.15	25.16	15146	137	-0.11	          7.29	
000655	金岭矿业	1.10	38595344	5.52	5.52	5.53	69754	1292	0.36	          1.17	
600613	神奇制药	-1.72	38093844	8.02	8.03	8.06	46984	53	-0.11	          0.98	
300030	阳普医疗	-2.25	38076172	8.26	8.25	8.26	45601	759	0.12	          1.81	
603811	诚意药业	0.65	38025708	27.88	27.89	27.90	13487	4	-0.31	          2.35	
002634	棒杰股份	-0.17	38019956	5.88	5.88	5.89	63849	423	0.00	          2.36	
603500	祥和实业	-1.75	37907944	22.41	22.35	22.38	16791	8	-0.30	          5.33	
300615	欣天科技	0.32	37287120	25.45	25.45	25.46	14534	243	0.12	          6.49	
300572	安车检测	-1.93	37199072	77.60	77.58	77.60	4765	60	-0.73	          1.54	
002623	亚玛顿	2.04	36967672	19.49	19.48	19.49	18944	100	-0.30	          1.19	
300540	深冷股份	2.75	36562576	22.04	22.04	22.05	16541	301	0.18	          3.88	
00829	神冠控股	26.58	36550700	0.500	0.500	0.510	75068000	88000	0.00	          2.30	
600217	中再资环	-1.53	36429200	6.42	6.42	6.43	56160	100	-0.15	          0.78	
000688	建新矿业	-0.10	36405244	9.76	9.76	9.77	37306	147	0.00	          0.33	
000782	美达股份	2.28	36211944	6.74	6.73	6.74	52995	400	0.15	          1.19	
603823	百合花	1.42	36132384	15.04	15.02	15.05	23871	19	0.27	          3.39	
603569	长久物流	-3.95	36099056	24.05	24.06	24.07	14789	4	-0.16	          2.58	
002872	天圣制药	-0.97	35823972	30.73	30.67	30.73	11562	35	0.39	          2.18	
300478	杭州高新	0.21	35724660	38.00	37.82	38.00	9390	493	1.31	          3.89	
600513	联环药业	0.24	35666416	8.30	8.28	8.31	42781	4	0.12	          1.50	
600468	百利电气	1.32	35553496	6.12	6.11	6.12	57719	16	0.00	          0.72	
002172	澳洋科技	0.54	34875404	5.63	5.62	5.63	61903	2416	0.54	          1.11	
002243	通产丽星	-1.21	34833756	7.36	7.35	7.36	46190	528	-0.13	          1.27	
01929	周大福	0.88	34821380	9.220	9.200	9.220	3790000	97400	0.22	          0.04	
002757	南兴装备	-2.05	34446800	34.48	34.44	34.48	9865	10	0.26	          2.57	
002864	盘龙药业	10.01	34385364	33.84	33.84	--  	10161	330	0.00	          4.69	
603726	朗迪集团	-0.35	33375120	28.45	28.43	28.46	11426	5	-0.27	          4.83	
300669	沪宁股份	1.67	33321610	23.18	23.15	23.18	14449	239	0.13	          6.86	
000785	武汉中商	-1.43	33070790	9.63	9.62	9.63	33967	726	0.10	          1.35	
000721	西安饮食	-1.93	33005344	5.09	5.09	5.10	63797	877	-0.38	          1.46	
600683	京投发展	0.70	32662528	5.73	5.72	5.74	56310	40	0.17	          0.76	
00400	科通芯城	1.79	32358452	4.540	4.520	4.540	7192000	311000	0.00	          0.49	
601007	金陵饭店	0.38	32338690	10.58	10.58	10.59	30402	1	-0.08	          1.01	
603039	泛微网络	-0.39	32176344	86.44	86.27	86.60	3724	1	0.51	          1.38	
002816	和科达	0.77	32010622	17.08	17.06	17.08	18553	129	0.41	          2.89	
000557	西部创业	0.43	31222256	4.65	4.64	4.65	67252	1575	0.22	          1.15	
600127	金健米业	-0.24	31018668	4.24	4.24	4.25	72618	50	-0.23	          1.13	
01637	顺兴集团控股	3.37	30914262	0.920	--  	--  	31506000	4000	1.10	          7.88	
601515	东风股份	-1.23	30752774	9.67	9.70	9.73	31789	11	0.83	          0.29	
002550	千红制药	-0.66	30562852	5.99	5.99	6.00	50955	630	0.00	          0.56	
002275	桂林三金	-1.61	30520792	15.84	15.84	15.86	19134	259	0.06	          0.36	
603866	桃李面包	-1.02	30369584	45.41	45.42	45.44	6686	38	-0.08	          1.13	
08359	HYPEBEAST	15.58	30190002	0.890	--  	--  	34840000	40000	-1.11	          1.74	
603022	新通联	1.08	29943084	11.21	11.14	11.24	26729	2	1.17	          4.11	
600129	太极集团	0.76	29824600	15.95	15.94	15.95	18767	35	0.13	          0.44	
002858	力盛赛车	10.01	29792980	43.43	43.43	--  	6860	162	0.00	          4.34	
603555	贵人鸟	-0.08	29707088	23.54	23.57	23.58	12589	23	0.38	          0.20	
600375	华菱星马	0.39	29553920	5.11	5.11	5.12	57292	165	-0.57	          1.03	
300237	美晨生态	0.00	29504912	14.94	14.94	14.95	19667	412	0.00	          0.30	
300204	舒泰神	-2.40	29441424	12.58	12.57	12.58	22963	214	-0.07	          0.49	
600488	天药股份	0.64	28797260	4.70	4.69	4.70	61558	400	0.21	          0.64	
300106	西部牧业	0.58	28656656	6.97	6.96	6.97	40827	291	0.00	          1.94	
603798	康普顿	-0.27	28647152	14.62	14.63	14.64	19190	26	0.76	          2.25	
01333	中国忠旺	1.17	28614562	4.340	4.330	4.340	6585200	38400	0.23	          0.12	
000705	浙江震元	-1.30	28507518	7.59	7.59	7.60	37481	519	0.53	          1.33	
600302	标准股份	-0.69	28393096	5.74	5.74	5.75	48034	128	-0.34	          1.39	
000609	中迪投资	-1.16	28378034	9.40	9.40	9.41	29669	301	0.43	          1.10	
300403	地尔汉宇	-2.28	28314498	12.88	12.88	12.95	21632	502	-0.45	          1.00	
00816	华电福新	1.49	28191204	2.040	2.030	2.040	13852830	348000	0.00	          0.54	
000153	丰原药业	-1.64	28118348	7.82	7.82	7.83	35578	714	0.00	          1.14	
300092	科新机电	-0.13	27648310	7.61	7.61	7.63	36018	483	0.13	          2.16	
603129	春风动力	-0.45	27195970	24.08	24.06	24.07	11197	12	-0.03	          3.36	
300617	安靠智电	0.96	27195502	45.26	45.26	45.28	5953	99	-0.32	          2.43	
603928	兴业股份	-0.21	27116924	14.26	14.26	14.27	18679	4	0.07	          2.98	
600778	友好集团	1.18	27105720	5.13	5.11	5.12	52508	145	0.20	          1.69	
300260	新莱应材	-0.56	27017938	14.15	14.11	14.15	18944	25	0.57	          2.09	
000601	韶能股份	-1.81	26993494	7.07	7.07	7.08	37816	442	0.00	          0.35	
600083	博信股份	-0.66	26903092	20.97	20.99	21.00	12849	36	-0.23	          0.56	
600747	*ST大控	-0.47	26845430	2.13	2.13	2.14	125628	1	-0.46	          1.18	
603331	百达精工	0.45	26785760	17.73	17.75	17.76	15030	4	0.06	          4.72	
600385	山东金泰	2.88	26555696	12.16	12.14	12.17	22195	13	0.00	          1.55	
002498	汉缆股份	0.98	26349284	3.09	3.08	3.09	85170	2007	0.32	          0.26	
300421	力星股份	-1.85	25820408	18.60	18.54	18.60	13796	155	0.00	          1.14	
603580	艾艾精工	-0.89	25572228	27.84	27.80	27.84	9068	12	0.51	          5.44	
300254	仟源医药	-3.04	25557944	9.57	9.57	9.58	26180	244	-0.09	          1.73	
000798	中水渔业	-0.47	25456342	8.52	8.51	8.52	29442	134	0.00	          0.92	
600220	江苏阳光	-0.69	25389396	2.88	2.87	2.88	87952	55	0.35	          0.49	
000752	西藏发展	-1.16	25348312	14.46	14.46	14.47	17417	241	-0.20	          0.66	
03708	日成控股	3.12	25247982	0.660	--  	--  	42598000	5000	13.79	          0.76	
601798	蓝科高新	1.84	25186804	8.84	8.84	8.85	28719	16	0.68	          0.81	
300453	三鑫医疗	-0.94	25131978	13.65	13.65	13.66	18370	411	0.81	          2.58	
08200	修身堂	3.03	25084524	0.068	--  	--  	357473984	440000	-1.45	          6.54	
002875	安奈儿	-0.50	24841326	24.05	24.05	24.06	10211	183	-0.03	          4.08	
600976	健民集团	-1.75	24821942	22.52	22.50	22.55	10975	16	-0.30	          0.72	
002360	同德化工	-1.21	24603100	6.53	6.53	6.54	37039	474	-0.30	          1.29	
603699	纽威股份	-0.05	24497898	18.59	18.57	18.60	13109	9	-0.04	          0.17	
02200	浩沙国际	1.41	24438782	2.870	--  	--  	8514000	12000	0.70	          0.51	
00341	大家乐集团	0.10	24337038	19.800	19.740	19.800	1231838	16000	0.20	          0.21	
603330	上海天洋	0.92	24322216	30.57	30.52	30.54	7892	7	0.13	          3.25	
300489	中飞股份	-0.06	24250322	16.84	16.83	16.84	14184	125	0.00	          2.93	
300552	万集科技	0.83	24101654	24.30	24.30	24.35	9834	75	0.00	          2.47	
300389	艾比森	-1.42	24013916	14.57	14.56	14.57	16220	484	-0.33	          1.16	
000419	通程控股	0.00	23907764	5.63	5.63	5.64	42070	796	0.00	          0.77	
000861	海印股份	-1.31	23861010	3.01	3.01	3.02	78596	1118	-0.32	          0.42	
300126	锐奇股份	0.00	23753764	6.27	6.25	6.27	37676	620	0.16	          1.79	
002526	山东矿机	0.67	23588920	5.97	5.96	5.97	39425	612	0.51	          0.86	
000411	英特集团	0.86	23588636	22.22	22.22	22.23	10506	25	-0.03	          0.51	
002748	世龙实业	1.01	23172276	13.00	12.99	13.00	17830	506	0.08	          0.74	
300631	久吾高科	9.99	23096078	27.96	27.96	--  	8260	31	0.00	          3.21	
002290	中科新材	-2.32	22849820	11.81	11.81	11.82	19079	224	-0.24	          1.16	
000565	渝三峡Ａ	-1.20	22799030	6.58	6.58	6.59	34373	42	0.15	          0.79	
002868	绿康生化	-0.59	22666036	21.77	21.77	21.78	10285	97	-0.13	          3.43	
002890	弘宇股份	-0.93	22638200	29.70	29.70	29.76	7458	50	0.00	          4.47	
002782	可立克	10.02	22587794	14.49	14.49	--  	15589	160	0.00	          1.46	
300354	东华测试	0.99	22468548	11.27	11.26	11.27	19713	152	-0.69	          2.72	
600250	南纺股份	1.21	22306680	9.19	9.18	9.20	23793	27	0.00	          0.92	
002255	海陆重工	0.47	22265168	6.40	6.39	6.40	34535	210	0.16	          0.71	
600719	大连热电	-3.19	22196196	5.77	5.76	5.77	37497	20	-1.19	          0.93	
002678	珠江钢琴	-1.96	22078206	11.03	11.02	11.03	19867	141	-0.35	          0.21	
600336	澳柯玛	0.22	21926948	4.50	4.49	4.51	48558	197	0.00	          0.66	
06123	先达国际物流	2.33	21793842	6.150	--  	--  	3520000	10000	-0.16	          0.85	
603027	千禾味业	-0.98	21767872	18.11	18.10	18.11	11937	22	-0.10	          0.90	
000880	潍柴重机	-0.32	21744460	9.43	9.42	9.43	22636	178	0.21	          1.68	
600796	钱江生化	-0.60	21711484	6.66	6.66	6.67	32390	10	0.45	          1.07	
002269	美邦服饰	0.34	21352218	2.98	2.97	2.98	71102	1363	0.34	          0.28	
601113	华鼎股份	0.81	21272328	13.68	13.68	13.69	15591	30	0.29	          0.24	
300029	天龙光电	-2.10	21066026	7.91	7.91	7.94	26270	245	-0.24	          1.36	
000972	*ST中基	0.00	21034904	4.17	4.17	4.18	50535	1300	-0.23	          0.66	
603768	常青股份	-1.70	20888946	16.17	16.16	16.17	12742	6	-0.05	          2.50	
00440	大新金融	0.20	20596300	49.650	49.450	49.650	414000	16800	0.20	          0.12	
600510	黑牡丹	-1.17	20447346	6.77	6.76	6.77	30013	1	0.00	          0.38	
603196	日播时尚	-1.05	20417354	10.41	10.43	10.44	19403	4	0.10	          3.23	
300382	斯莱克	-1.25	20410106	13.44	13.43	13.44	15044	672	0.07	          0.71	
002731	萃华珠宝	1.45	19997538	15.35	15.35	15.36	13091	636	0.79	          0.87	
01466	钱唐控股	9.86	19946260	6.350	--  	--  	3216000	20000	-0.31	          0.95	
08469	盛业资本	0.25	19800440	8.090	--  	--  	2438000	2000	-0.12	          0.33	
002667	鞍重股份	10.04	19580352	15.24	15.24	--  	12848	195	0.00	          1.37	
300023	宝德股份	-0.62	19492050	9.63	9.63	9.64	20170	455	-0.09	          1.54	
002800	天顺股份	1.29	19350492	26.64	26.64	26.65	7198	75	0.00	          2.07	
01263	柏能集团	0.31	19232340	6.370	--  	--  	2952000	2000	-0.31	          0.66	
600222	太龙药业	-2.06	19158824	4.76	4.76	4.78	39673	10	-0.20	          0.74	
300517	海波重科	0.29	19128704	17.57	17.57	17.58	10770	87	-0.05	          2.63	
600714	金瑞矿业	1.95	19065652	8.36	8.35	8.36	22887	6	0.48	          0.80	
002595	豪迈科技	-0.68	18958500	17.41	17.41	17.42	10808	66	-0.10	          0.21	
600767	*ST运盛	-1.81	18651066	6.50	6.50	6.51	28348	42	-0.45	          0.83	
002758	华通医药	-2.58	18315182	9.06	9.06	9.08	19804	196	-0.10	          1.60	
300509	新美星	9.99	18304116	30.62	30.62	--  	5978	33	0.00	          2.27	
603360	百傲化学	1.47	18170748	20.77	20.77	20.78	8720	9	0.05	          1.56	
603567	珍宝岛	-0.85	17960792	14.06	14.05	14.06	12677	5	0.07	          0.46	
000695	滨海能源	0.10	17685906	9.66	9.65	9.66	18373	255	0.52	          0.83	
000502	绿景控股	0.87	17562932	9.25	9.25	9.26	19011	674	0.22	          1.04	
600883	博闻科技	0.34	17131620	8.75	8.71	8.72	19322	48	-0.56	          0.82	
603337	杰克股份	-0.12	17122300	50.73	50.41	50.73	3361	5	0.65	          0.61	
002134	*ST普林	0.98	16996476	8.25	8.24	8.25	20514	235	-0.23	          0.83	
600505	西昌电力	-1.47	16763958	6.68	6.67	6.68	24872	40	0.00	          0.68	
600821	津劝业	0.47	16755970	6.45	6.43	6.44	25843	53	-0.14	          0.62	
002220	天宝食品	0.14	16385840	7.24	7.23	7.24	22534	643	-0.13	          0.58	
002490	*ST墨龙	-0.86	16343545	4.60	4.60	4.61	35394	1031	0.00	          1.13	
002798	帝王洁具	-1.64	16320124	50.36	50.34	50.36	3213	35	0.04	          1.00	
600327	大东方	0.00	16295461	6.98	6.96	6.99	23229	200	0.14	          0.41	
002688	金河生物	-1.45	16223554	6.79	6.79	6.80	23689	168	0.00	          0.44	
01727	河北建设	0.78	15712226	5.140	--  	--  	3030500	1000	0.98	          0.66	
002674	兴业科技	-1.67	14745601	10.62	10.61	10.62	13733	131	-0.18	          0.57	
00511	电视广播	0.19	14731961	25.900	25.850	25.900	568700	6600	0.19	          0.13	
603266	天龙股份	-0.49	14667367	24.37	24.34	24.40	5986	20	-0.15	          2.39	
300261	雅本化学	-0.25	14596514	8.10	8.09	8.10	17994	111	-0.11	          0.35	
01439	移动互联（中国）	2.71	14450101	2.270	--  	--  	6410000	40000	0.00	          0.48	
002397	梦洁股份	-0.31	14171156	6.35	6.35	6.36	22117	458	0.00	          0.53	
600723	首商股份	-0.25	14112336	7.91	7.91	7.92	17709	7	0.13	          0.27	
08349	美固科技控股	3.98	13901721	2.350	--  	--  	5404000	10000	0.00	          1.35	
600540	*ST新赛	-1.32	13873557	4.48	4.47	4.48	30720	121	0.22	          0.65	
603990	麦迪科技	0.74	13868645	36.70	36.69	36.70	3774	10	-0.10	          0.63	
300119	瑞普生物	-1.67	13797911	10.59	10.59	10.60	12790	121	0.00	          0.62	
03308	金鹰商贸集团	1.09	13757871	9.270	9.260	9.290	1453000	1000	-0.11	          0.09	
600680	*ST上普	-1.18	13510552	6.68	6.67	6.69	19827	15	-0.29	          0.77	
300087	荃银高科	0.09	13505819	10.75	10.74	10.75	12584	623	0.19	          0.36	
603178	圣龙股份	-0.46	13385035	13.11	13.08	13.12	10138	54	-0.22	          2.03	
603908	牧高笛	0.49	12797566	30.75	30.75	30.80	4131	5	-0.12	          1.79	
603090	宏盛股份	-1.04	12649353	17.07	17.03	17.12	7333	45	0.12	          1.80	
01381	粤丰环保	3.53	12481031	4.690	4.680	4.690	2684000	54000	0.43	          0.11	
300472	新元科技	1.33	12236593	25.22	25.22	25.23	4869	182	0.00	          1.46	
300483	沃施股份	-1.05	12022220	34.81	34.81	34.83	3421	76	-0.30	          1.06	
002627	宜昌交运	-0.65	11781335	18.31	18.31	18.35	6400	26	-0.48	          0.48	
00372	保德国际发展	6.90	11698941	0.620	--  	--  	19006000	60000	1.64	          0.94	
603226	菲林格尔	-1.40	11517654	26.73	26.70	26.71	4237	9	-0.36	          1.96	
01826	丰展控股	2.60	11097401	1.970	--  	--  	5520000	20000	0.00	          0.45	
00778	置富产业信托	0.53	11073803	9.450	--  	--  	1173079	30000	0.00	--  	
01052	越秀交通基建	0.49	10774254	6.110	6.100	6.110	1764391	92000	0.16	          0.11	
000428	华天酒店	0.00	10628541	3.81	3.80	3.81	27825	172	0.26	          0.39	
600091	ST明科	0.21	10268335	4.76	4.76	4.77	21372	4	0.21	          0.64	
000150	宜华健康	-1.40	10228106	27.52	27.51	27.52	3653	27	-0.03	          0.10	
600243	青海华鼎	-1.23	10000780	6.42	6.43	6.44	15375	10	-0.15	          0.65	
002435	长江润发	-1.28	9909574	16.97	16.97	16.98	5802	81	-0.11	          0.32	
01070	ＴＣＬ多媒体	0.27	9765297	3.750	3.750	3.760	2583187	111000	-0.27	          0.11	
02080	奥克斯国际	1.08	9747760	1.880	--  	--  	5236000	10000	0.53	          1.40	
300448	浩云科技	-0.20	9693277	20.20	20.12	20.20	4774	200	-0.24	          0.59	
600857	宁波中百	1.46	9309450	10.41	10.40	10.41	9050	3	0.58	          0.40	
00171	银建国际	5.16	9214192	1.630	--  	--  	5762800	2000	-0.61	          0.25	
300218	安利股份	-0.62	7999565	8.07	8.07	8.09	9727	110	-0.36	          0.45	
00926	碧生源	2.47	7421245	0.415	--  	--  	18501424	5000	0.00	          1.13	
01899	兴达国际	0.70	7103201	2.870	--  	--  	2458000	59000	-0.69	          0.17	
01630	建成控股	2.91	7007301	3.890	--  	--  	1818500	6000	0.26	          0.12	
08228	国艺娱乐	8.45	6994901	0.385	--  	--  	18520000	20000	-1.28	          0.41	
00345	VITASOY INT'L	0.50	6355201	20.300	20.300	20.350	312000	6000	-0.49	          0.03	
01600	天伦燃气	0.89	6232231	5.640	--  	--  	1104000	1500	0.18	          0.11	
00863	品牌中国	2.31	5669481	14.200	--  	--  	390000	2000	0.00	          0.15	
00811	新华文轩	0.32	5498791	6.280	6.260	6.280	878000	46000	0.48	          0.20	
01636	中国金属利用	0.97	5455801	5.190	5.140	5.190	1064000	12000	0.78	          0.04	
00895	东江环保	1.31	5237300	10.800	10.800	10.840	481600	21200	0.37	          0.24	
600403	*ST大有	0.22	5144296	4.61	4.61	4.62	11138	10	-0.21	          0.05	
06198	青岛港	1.39	5052410	5.840	--  	--  	871000	1000	0.00	          0.08	
数据来源:通达信
