代码	名称	涨幅%%	总金额	现价	买价	卖价	总量	现量	涨速%%	换手%%	
601318	中国平安	-0.36	10277151744	73.82	73.86	73.87	1367486	20	0.04	          1.26	
300383	光环新网	10.03	4173980672	17.56	17.56	--  	2427538	9008	0.00	         17.78	
002049	紫光国芯	-0.83	2374684416	48.88	48.87	48.88	474863	5811	-0.15	          7.88	
603712	七一二	10.00	2055586944	29.04	29.04	--  	720936	1	1.75	         72.09	
000001	平安银行	0.68	1736437376	11.90	11.90	11.91	1445110	7598	0.08	          0.85	
600028	中国石化	0.29	1718928640	6.85	6.85	6.86	2494358	47	0.00	          0.26	
00386	中国石油化工股份	2.28	1628615168	6.740	6.740	6.750	239234624	10042000	0.00	          0.94	
600160	巨化股份	4.11	1402044544	12.91	12.91	12.92	1088475	89	-0.45	          5.32	
600196	复星医药	-2.00	1317502720	46.05	46.04	46.05	283462	6	0.09	          1.48	
600276	恒瑞医药	-1.12	1242261760	86.51	86.57	86.58	142643	5	0.46	          0.51	
000532	华金资本	5.71	1200732928	17.02	17.02	17.03	706043	6838	0.35	         20.56	
01109	华润置地	5.25	1189570816	30.050	30.000	30.050	39145104	958000	0.00	          0.56	
002137	麦达数字	7.24	1185272064	12.15	12.15	12.16	993925	6611	0.41	         34.19	
00857	中国石油股份	2.43	1068683648	5.470	5.470	5.480	194198336	11774000	-0.18	          0.92	
00688	中国海外发展	4.32	1054303296	29.000	28.950	29.000	36195468	1628000	0.35	          0.33	
002208	合肥城建	2.82	1039135360	17.85	17.85	17.86	577479	7442	-0.55	         18.09	
600547	山东黄金	4.29	1003497984	28.18	28.22	28.24	364025	78	-0.38	          2.51	
002264	新 华 都	10.00	995544000	11.11	11.11	--  	921409	12335	0.00	         16.00	
002907	华森制药	10.00	972505856	40.91	40.91	--  	239548	668	0.00	         59.80	
000979	中弘股份	10.12	971285440	1.85	1.85	--  	5454337	13846	0.00	          6.50	
000786	北新建材	-2.79	950518336	25.82	25.82	25.83	360484	3779	0.04	          2.55	
600594	益佰制药	2.03	949488768	11.08	11.07	11.08	842572	10	-0.71	         10.64	
002424	贵州百灵	4.69	909631808	14.95	14.95	14.96	604843	6797	0.74	          8.30	
600438	通威股份	7.51	844534208	10.88	10.89	10.90	781087	136	0.09	          2.81	
002202	金风科技	2.94	837784960	19.23	19.23	19.24	426349	3017	-0.04	          1.52	
002797	第一创业	1.18	832130880	8.58	8.57	8.58	960953	10260	0.00	          5.01	
002922	伊戈尔	10.01	796223232	35.93	35.93	--  	230246	167	0.00	         69.77	
002126	银轮股份	-3.70	772273984	10.14	10.14	10.15	755917	6263	0.00	         12.40	
03888	金山软件	1.02	750278272	29.600	29.550	29.600	24815932	448000	0.34	          1.81	
600462	九有股份	10.07	741080064	6.56	6.56	--  	1194558	42	0.00	         22.38	
603533	掌阅科技	10.00	726496640	47.28	47.28	--  	155175	7	0.00	         37.85	
601108	财通证券	2.03	721114176	16.05	16.02	16.05	443459	756	0.31	         12.35	
600635	大众公用	-3.49	702724416	5.26	5.26	5.27	1303547	146	-0.37	          5.39	
600560	金自天正	4.91	669905600	14.97	14.81	14.91	443509	24	1.22	         19.83	
000555	神州信息	9.98	661661760	15.21	15.21	--  	439977	3763	0.00	          4.81	
601198	东兴证券	7.00	653947712	14.53	14.53	14.54	446369	31	-0.13	          1.62	
02202	万科企业	1.99	653826368	33.300	33.250	33.300	19271008	573100	-0.15	          1.47	
601069	西部黄金	9.97	648304128	17.42	17.42	--  	393821	48	0.17	          6.19	
002244	滨江集团	-0.52	630116672	7.61	7.60	7.61	822949	11463	0.00	          3.04	
002921	联诚精密	0.58	617840064	40.16	40.16	40.18	145902	4411	-0.39	         72.95	
000673	当代东方	9.98	607915456	17.30	17.29	17.30	388994	14829	0.29	          9.32	
000768	中航飞机	2.76	573259520	15.63	15.63	15.64	366870	2335	0.19	          1.33	
300003	乐普医疗	1.01	572828160	32.85	32.85	32.87	174924	2161	0.77	          1.24	
601857	中国石油	-0.50	566685184	8.03	8.03	8.04	701121	1076	0.12	          0.04	
002716	金贵银业	4.44	566129536	20.72	20.71	20.72	279095	5316	-0.23	          8.96	
300100	双林股份	4.85	563057088	18.61	18.61	18.62	302050	3429	-0.20	          7.82	
603676	卫信康	2.93	541900608	17.24	17.23	17.25	310522	27	-0.11	         49.29	
600038	中直股份	2.23	541388224	42.61	42.61	42.62	126161	72	0.09	          2.14	
000513	丽珠集团	-1.01	516576832	76.25	76.24	76.25	67330	990	0.40	          1.93	
603058	永吉股份	4.76	508420576	20.26	20.09	20.10	264261	87	-0.68	         11.59	
300735	光弘科技	-4.23	505426784	22.84	22.83	22.84	214921	2570	0.40	         24.24	
00003	香港中华煤气	1.73	500879968	16.460	16.440	16.460	30578904	1651000	0.12	          0.22	
002911	佛燃股份	-1.85	489671040	27.03	27.03	27.04	175826	1675	-0.29	         31.40	
002044	美年健康	5.16	485096256	26.10	26.09	26.10	186989	1391	0.00	          1.76	
002702	海欣食品	1.85	483251584	6.05	6.04	6.05	791947	7278	-0.81	         26.72	
000935	四川双马	0.62	482028096	19.43	19.43	19.44	245535	4307	-0.20	          3.90	
300556	丝路视觉	3.79	479271872	27.92	27.92	27.95	175281	2940	0.61	         28.13	
600171	上海贝岭	1.70	475851360	13.72	13.71	13.72	344507	10	0.37	          5.11	
600698	湖南天雁	6.16	474719680	6.89	6.89	6.90	689150	188	-0.13	          9.35	
000066	中国长城	-2.11	465370976	7.43	7.43	7.44	617271	5799	-0.12	          2.48	
600332	白云山	-0.65	464370304	29.11	29.14	29.15	159967	55	0.28	          1.49	
300462	华铭智能	-4.47	463635808	28.20	28.20	28.22	153998	1691	0.00	         27.48	
002923	润都股份	-2.29	460636832	42.60	42.59	42.60	105021	1666	-0.57	         42.01	
002666	德联集团	0.00	458213248	7.70	7.69	7.70	591897	5276	0.00	         13.34	
600315	上海家化	6.61	457896416	38.57	38.58	38.60	119493	2	0.52	          1.78	
600079	人福医药	-2.27	452871712	15.91	15.90	15.91	282247	24	0.06	          2.67	
300213	佳讯飞鸿	-1.35	451150304	8.78	8.77	8.78	506067	5093	0.23	         13.79	
002738	中矿资源	10.01	446284896	31.53	31.53	--  	148033	883	0.00	         11.33	
603477	振静股份	2.43	432540288	13.90	13.88	13.89	302612	1	0.87	         50.44	
600400	红豆股份	2.81	425349696	7.69	7.69	7.70	560805	10	-0.64	          3.87	
300733	西菱动力	-2.62	422590048	25.99	25.98	25.99	158333	2412	-0.60	         39.58	
00322	康师傅控股	5.90	417634784	16.880	16.880	16.900	24982236	1004000	-0.12	          0.44	
300725	药石科技	-3.36	414704160	108.00	107.90	108.00	36816	512	-0.28	         20.08	
600729	重庆百货	7.18	413378720	29.41	29.39	29.41	141824	1	0.03	          3.49	
300142	沃森生物	-1.29	409606304	19.85	19.84	19.85	203603	1634	-0.14	          1.51	
600072	中船科技	3.26	399553920	13.29	13.28	13.29	306857	90	0.00	          5.11	
300247	乐金健康	-3.38	398316320	5.72	5.72	5.73	670159	4304	-0.34	         11.61	
600489	中金黄金	3.08	397075776	9.05	9.04	9.05	445416	203	0.11	          1.29	
000821	京山轻机	7.56	382664000	13.23	13.23	13.24	284673	3131	0.00	          8.25	
300715	凯伦股份	-2.48	369860608	43.60	43.59	43.60	81549	1361	-0.17	         45.30	
600755	厦门国贸	-1.18	368904704	10.09	10.10	10.11	361166	161	-0.19	          1.99	
300506	名家汇	3.30	363786272	21.90	21.89	21.90	161868	1804	0.32	         12.27	
300542	新晨科技	5.11	362173568	36.19	36.18	36.19	97287	1360	-0.21	         29.84	
000554	泰山石油	6.21	359769792	8.04	8.03	8.04	443140	3645	1.01	         12.22	
600240	华业资本	3.89	359561280	8.82	8.83	8.84	392849	1	-0.44	          2.76	
300140	中环装备	2.70	359021152	13.69	13.69	13.70	261419	3893	-0.35	         10.65	
300304	云意电气	6.38	357440064	7.00	7.00	7.01	508679	3796	-0.13	          6.07	
600020	中原高速	5.67	356422272	5.03	5.03	5.04	697543	20	-0.39	          3.10	
600435	北方导航	1.26	352823392	10.48	10.48	10.49	335075	65	0.38	          2.25	
300719	安达维尔	7.04	341213248	25.25	25.24	25.25	135299	2382	0.40	         32.21	
603858	步长制药	-1.94	335219872	53.04	53.03	53.04	62614	14	-0.20	          1.91	
600372	中航电子	4.52	334927936	14.57	14.57	14.58	230938	19	0.21	          1.31	
600406	国电南瑞	1.01	332101792	16.92	16.92	16.93	194866	14	0.18	          0.88	
000989	九 芝 堂	4.07	330197280	21.72	21.71	21.72	154976	3211	0.05	          3.16	
002717	岭南股份	-0.55	324048096	29.06	29.06	29.08	110139	716	-0.06	          4.89	
002190	成飞集成	9.99	323231648	23.45	23.45	--  	140878	575	0.00	          4.08	
000065	北方国际	10.01	317450176	17.36	17.35	17.36	186981	3799	0.70	          4.58	
002432	九安医疗	-4.45	316582368	9.45	9.45	9.46	328854	4489	-0.20	          7.60	
002847	盐津铺子	3.58	314907296	30.42	30.42	30.43	104892	2149	-0.32	         29.71	
601718	际华集团	2.51	314558080	6.13	6.12	6.13	512751	502	0.16	          1.33	
300096	易联众	-4.98	312858336	13.17	13.17	13.18	228740	1342	0.15	          5.93	
603912	佳力图	-0.36	310541344	24.86	24.85	24.86	123688	14	-0.55	         33.43	
300711	广哈通信	5.20	310266464	24.90	24.90	24.91	124108	1707	-0.71	         34.38	
600316	洪都航空	3.66	309360640	13.02	13.03	13.05	240009	4	1.24	          3.35	
600053	九鼎投资	3.08	308843232	27.43	27.43	27.45	113484	20	-0.28	          2.62	
300722	新余国科	4.39	307704960	35.70	35.70	35.71	84172	593	-0.80	         42.09	
300347	泰格医药	4.92	306812960	48.40	48.40	48.42	63655	417	0.54	          2.10	
002651	利君股份	0.25	306104672	7.91	7.90	7.91	386835	3325	1.80	         10.22	
600118	中国卫星	1.16	305830976	21.87	21.88	21.89	139027	8	-0.04	          1.18	
03383	雅居乐集团	4.73	297480416	15.940	15.940	15.960	18666692	558000	0.25	          0.48	
002826	易明医药	-0.75	296685056	18.45	18.45	18.46	152944	961	-0.42	         15.17	
002346	柘中股份	10.02	296487936	18.88	18.88	--  	159173	248	0.00	          4.07	
002297	博云新材	-3.68	291856096	8.37	8.37	8.38	336295	2039	-0.11	          8.47	
00656	复星国际	0.11	288364768	17.700	17.700	17.720	16202654	1303000	0.68	          0.19	
002670	国盛金控	0.54	282521344	16.84	16.84	16.85	165859	1829	0.06	          3.37	
002066	瑞泰科技	0.17	282251040	11.74	11.74	11.75	237208	2452	-0.08	         10.27	
603890	春秋电子	0.64	279880864	34.74	34.72	34.73	79399	12	0.32	         23.18	
000728	国元证券	0.43	278262240	9.41	9.41	9.42	292759	1721	0.00	          0.99	
00881	中升控股	2.51	277373696	22.450	22.450	22.500	12391691	331500	0.22	          0.55	
002221	东华能源	0.92	273650560	12.06	12.05	12.06	229062	1839	0.17	          1.52	
002118	紫鑫药业	0.36	273629536	8.44	8.44	8.45	322781	2056	-0.11	          3.15	
600120	浙江东方	-3.23	273470112	23.96	23.91	23.92	112522	12	-0.24	          2.23	
600268	国电南自	10.09	272982784	6.00	6.00	--  	467740	10	0.00	          7.36	
000810	创维数字	2.86	268078224	9.00	9.00	9.01	301141	4065	-0.32	          3.04	
300466	赛摩电气	3.33	267157072	11.18	11.18	11.19	231168	1903	-0.17	         12.97	
600178	东安动力	7.07	265985328	6.97	6.95	6.98	388836	102	-1.40	          8.41	
603655	朗博科技	-4.08	265159632	23.76	23.78	23.79	108476	2	0.34	         40.93	
300701	森霸股份	6.44	264967792	39.66	39.66	39.67	65102	1010	-0.02	         32.55	
300702	天宇股份	3.82	261228784	39.40	39.39	39.40	66702	667	0.05	         22.23	
000623	吉林敖东	-0.95	255384352	20.90	20.89	20.90	120800	1354	-0.04	          1.10	
002898	赛隆药业	-1.62	254053744	21.24	21.23	21.24	114412	652	-0.08	         28.60	
600988	赤峰黄金	5.90	253054432	5.92	5.91	5.92	438242	30	0.51	          3.59	
601375	中原证券	1.56	252916128	6.50	6.48	6.49	384122	34	0.15	          2.13	
603929	亚翔集成	1.10	251986144	25.69	25.66	25.69	96765	27	0.35	         10.02	
603380	易德龙	5.30	247256384	22.27	22.33	22.36	108849	79	-0.79	         27.21	
600750	江中药业	-2.68	245248096	25.79	25.80	25.81	94334	52	0.23	          3.14	
600662	强生控股	9.92	239401760	5.54	5.54	--  	436189	93	0.00	          4.14	
600312	平高电气	2.34	239226256	9.20	9.20	9.21	254972	105	-0.21	          1.88	
300726	宏达电子	1.58	239127696	24.50	24.49	24.50	95632	1447	-0.32	         23.85	
000656	金科股份	0.57	238469504	5.32	5.31	5.32	450335	9850	0.57	          0.86	
600688	上海石化	0.00	234675040	6.09	6.07	6.08	384537	636	-0.15	          0.52	
000032	深桑达Ａ	5.48	231855408	10.78	10.77	10.78	213613	1651	-0.45	          7.64	
300457	赢合科技	2.01	230148960	28.86	28.85	28.86	79494	880	0.31	          5.63	
002587	奥拓电子	-4.48	228174032	6.82	6.81	6.82	325524	4315	0.00	          8.29	
300519	新光药业	7.98	228073616	22.06	22.06	22.07	103949	1093	-0.22	         10.52	
300352	北信源	-1.61	218573040	4.29	4.28	4.29	495070	4503	0.70	          4.74	
603139	康惠制药	3.96	218358144	25.99	25.98	26.00	82055	9	0.62	         32.86	
600113	浙江东日	10.01	217819200	12.20	12.20	--  	178721	70	0.00	          5.61	
000999	华润三九	-1.29	215244720	26.85	26.85	26.86	79454	666	-0.10	          0.81	
00992	联想集团	1.70	213954032	4.180	4.170	4.180	51126088	4514000	0.24	          0.43	
603127	昭衍新药	-2.10	213257232	63.52	63.45	63.50	33206	8	-0.32	         16.20	
601002	晋亿实业	-1.57	212540864	8.78	8.78	8.79	238840	13	0.00	          3.01	
002323	雅百特	10.00	209730848	6.71	6.71	--  	316345	1188	0.00	          9.84	
600869	智慧能源	-3.56	209381088	5.96	5.95	5.96	348101	20	0.17	          1.60	
300526	中潜股份	-3.36	208235136	16.70	16.70	16.71	118479	839	-0.05	         19.81	
601212	白银有色	2.65	206941024	6.19	6.19	6.20	337692	132	0.49	          1.72	
600416	湘电股份	3.88	206081760	10.18	10.17	10.18	202285	5	0.39	          2.29	
603829	洛凯股份	1.75	204834016	18.03	18.04	18.07	114329	2	0.45	         28.58	
600580	卧龙电气	2.63	203486032	8.58	8.57	8.58	235037	1	-0.34	          2.12	
300034	钢研高纳	2.66	200255200	11.19	11.19	11.20	178062	3152	0.36	          4.23	
300105	龙源技术	3.73	196548048	6.12	6.12	6.13	328238	5242	-0.15	          6.40	
002046	轴研科技	3.37	193648320	9.52	9.52	9.53	200253	1237	0.00	          5.88	
300102	乾照光电	-2.78	191749216	8.05	8.04	8.05	233570	1900	0.12	          3.42	
300184	力源信息	-1.82	191650960	11.88	11.87	11.88	156534	1106	0.85	          5.19	
600088	中视传媒	2.91	189992384	13.80	13.79	13.80	137812	11	-0.28	          4.16	
603313	梦百合	2.81	187339312	25.63	25.65	25.66	70021	60	-0.11	          8.50	
300629	新劲刚	9.99	182273632	48.11	48.10	48.11	38399	522	0.00	         23.04	
002353	杰瑞股份	2.11	182122912	14.98	14.97	14.98	120991	1401	0.47	          1.81	
002265	西仪股份	9.97	180996768	14.01	14.01	--  	133664	1451	0.00	          4.41	
300331	苏大维格	-3.50	180078080	17.11	17.10	17.11	102954	1899	-0.05	          7.88	
300339	润和软件	2.27	179359360	10.79	10.79	10.80	166310	2769	-0.27	          3.22	
603658	安图生物	6.06	179007808	51.77	51.70	51.76	34828	6	0.04	          2.55	
600838	上海九百	2.60	178121280	9.07	9.06	9.07	191583	54	-0.10	          4.78	
000801	四川九洲	0.65	173481472	6.16	6.15	6.16	277824	2839	0.00	          2.72	
03380	龙光地产	4.02	172974864	12.420	12.420	12.440	13818000	238000	0.16	          0.25	
002351	漫步者	2.42	171887504	8.90	8.89	8.90	191926	2189	0.45	          6.41	
000158	常山北明	2.41	170858112	8.07	8.07	8.08	210824	1788	-0.24	          2.08	
002155	湖南黄金	3.15	168016688	8.84	8.84	8.85	192774	4520	-0.33	          1.81	
600803	新奥股份	2.47	166658128	12.04	12.03	12.05	137110	100	-0.07	          1.12	
600562	国睿科技	3.11	163899136	21.58	21.57	21.59	75916	3	0.28	          2.32	
002902	铭普光磁	-1.69	162328784	34.41	34.41	34.42	46353	457	-0.31	         13.24	
600898	国美通讯	7.66	161271712	11.66	11.68	11.69	137454	10	-1.18	          5.44	
000166	申万宏源	0.00	160591504	5.02	5.01	5.02	318158	1462	0.00	          0.16	
002051	中工国际	3.03	159104528	16.65	16.63	16.65	95081	691	0.24	          0.86	
00012	恒基地产	0.09	158860208	52.700	52.700	52.800	2992827	309000	0.00	          0.07	
002531	天顺风能	0.53	157111632	7.57	7.56	7.57	203558	602	0.00	          1.15	
600480	凌云股份	0.98	153738880	14.37	14.36	14.37	105883	9	-0.06	          2.93	
600855	航天长峰	1.76	152318704	13.85	13.85	13.87	109300	224	-0.28	          3.31	
603368	柳州医药	0.76	149404832	48.81	48.74	48.76	30431	3	0.10	          2.08	
000731	四川美丰	0.89	149190560	7.96	7.95	7.96	184633	1287	-0.12	          3.12	
300712	永福股份	1.96	148085424	22.37	22.36	22.37	65981	1052	-0.03	         18.84	
600830	香溢融通	-1.21	146468768	7.35	7.35	7.36	193371	109	0.41	          4.26	
002237	恒邦股份	2.83	146385840	10.16	10.15	10.16	145885	6034	0.30	          1.74	
601788	光大证券	0.23	144414624	12.82	12.81	12.82	111781	5	0.08	          0.29	
600677	航天通信	-1.06	143649184	10.30	10.28	10.30	136877	100	-0.66	          3.29	
300139	晓程科技	1.19	142309200	6.79	6.78	6.79	199093	1317	-0.14	          9.39	
002329	皇氏集团	2.06	142198528	6.44	6.43	6.44	218554	1461	0.16	          3.86	
002116	中国海诚	3.08	140436048	10.38	10.38	10.39	135807	832	0.00	          3.27	
000685	中山公用	1.31	140131824	10.04	10.03	10.04	138110	1136	0.00	          1.10	
600267	海正药业	-2.34	138801472	14.58	14.55	14.56	93294	107	0.07	          0.97	
002822	中装建设	10.03	138478576	8.01	8.01	--  	175377	1281	0.00	          5.73	
300696	爱乐达	2.56	138283856	57.68	57.66	57.68	23474	262	-0.11	         13.61	
603386	广东骏亚	-0.97	134669712	16.29	16.29	16.30	81424	2	-0.23	         16.12	
300398	飞凯材料	-3.09	132254048	22.30	22.29	22.30	58305	769	-0.44	          1.60	
000028	国药一致	-0.33	131038368	60.96	60.95	60.96	21052	95	-0.02	          0.68	
603366	日出东方	0.16	130693552	6.11	6.11	6.12	216994	10	0.33	          2.71	
300199	翰宇药业	-2.00	130334128	15.69	15.69	15.70	81725	424	0.00	          1.39	
603177	德创环保	-3.50	129984288	18.45	18.47	18.49	69327	96	-0.48	         11.23	
600135	乐凯胶片	2.15	129833008	9.96	9.95	9.96	130207	2	0.71	          3.53	
002825	纳尔股份	4.21	127508792	24.48	24.48	24.49	52785	366	-0.03	         18.06	
600114	东睦股份	-1.78	127256520	16.04	16.03	16.06	76936	2	-0.05	          1.83	
603003	龙宇燃油	4.68	124926264	12.31	12.30	12.33	101818	14	0.24	          2.31	
603278	大业股份	0.21	123573248	19.39	19.37	19.38	63464	7	-0.09	         12.20	
600833	第一医药	10.01	122481664	13.19	13.19	--  	94984	10	1.23	          4.26	
603326	我乐家居	3.67	121551888	21.49	21.47	21.49	56382	5	0.09	         14.10	
002637	赞宇科技	1.30	121323688	9.38	9.37	9.38	125129	534	0.11	          5.22	
600590	泰豪科技	1.73	121133752	10.60	10.59	10.60	114956	2	0.66	          2.26	
000628	高新发展	5.04	120663760	9.38	9.37	9.38	130935	2115	-0.10	          6.97	
002836	新宏泽	4.93	120480688	17.89	17.89	17.90	66133	572	0.00	         11.73	
03337	安东油田服务	2.13	120106104	0.960	--  	--  	124540000	46000	0.00	          4.68	
002860	星帅尔	2.89	119836920	43.80	43.78	43.80	27397	487	0.05	         18.02	
603636	XR南威软	1.78	118994472	9.74	9.75	9.76	120995	2	0.21	          3.01	
600557	康缘药业	-2.06	118505192	13.76	13.77	13.78	85143	13	-0.21	          1.42	
600252	中恒集团	-1.46	117794624	4.05	4.04	4.05	289281	3	0.50	          0.83	
300589	江龙船艇	9.36	117344032	19.75	19.73	19.75	60583	1414	1.70	         18.17	
600371	万向德农	-2.01	117159552	10.74	10.74	10.75	108044	17	0.19	          4.80	
300716	国立科技	-1.15	116410320	24.16	24.16	24.17	47645	370	0.12	         17.86	
600676	交运股份	2.35	116068872	6.11	6.11	6.12	186120	215	0.00	          1.93	
002291	星期六	-3.39	115683104	6.85	6.85	6.86	168271	1949	0.15	          4.63	
600495	晋西车轴	-0.18	115440784	5.68	5.69	5.70	201550	253	0.18	          1.67	
603179	新泉股份	3.12	115020768	38.63	38.63	38.65	29679	20	-0.12	          4.45	
603579	荣泰健康	7.39	114423112	70.74	70.63	70.68	16358	11	0.01	          3.18	
603233	大参林	-0.15	113944400	54.25	54.25	54.30	20700	7	0.09	          5.17	
002254	泰和新材	2.09	113409848	12.20	12.19	12.20	93592	1676	0.00	          1.53	
300463	迈克生物	-0.17	112785376	23.56	23.56	23.57	46995	400	-0.12	          1.58	
603922	金鸿顺	0.35	112773336	25.91	25.91	25.93	43361	24	-0.60	         13.55	
300581	晨曦航空	9.98	111638888	30.41	30.41	30.42	37355	1682	0.90	         11.90	
01462	金诚控股	3.36	109911264	3.080	--  	--  	36136000	4000	0.65	          0.90	
600650	锦江投资	3.30	108714008	14.07	14.06	14.07	76362	10	0.00	          1.96	
600626	申达股份	3.23	108392424	7.03	7.03	7.04	153909	60	1.01	          2.17	
300569	天能重工	4.64	107769928	22.76	22.75	22.76	46852	188	-0.03	          5.85	
600444	国机通用	3.04	107577616	15.91	15.86	15.89	65388	8	-0.55	          6.23	
600775	南京熊猫	2.53	107021944	7.71	7.71	7.72	138462	13	0.13	          2.06	
600647	同达创业	5.98	107009640	18.08	18.10	18.12	60536	1	-0.32	          4.35	
603036	如通股份	2.82	106985968	15.32	15.36	15.38	69359	32	-0.19	         13.64	
002796	世嘉科技	-5.08	106070832	27.28	27.27	27.28	38034	355	-0.21	         12.71	
00151	中国旺旺	0.32	105805000	6.330	6.320	6.330	16620666	989000	0.00	          0.13	
600390	五矿资本	2.10	105053080	10.68	10.67	10.68	98452	1	0.09	          1.92	
01383	太阳城集团	1.87	103770864	1.090	--  	--  	91350896	10000	-0.91	          1.52	
300130	新国都	-1.19	103765472	26.59	26.56	26.59	39140	327	-0.33	          2.49	
002896	中大力德	-0.03	103629120	37.91	37.90	37.91	26741	348	-0.02	         13.37	
002287	奇正藏药	-3.48	102876840	33.30	33.30	33.31	30650	280	0.15	          0.75	
002630	华西能源	0.08	102256384	12.24	12.23	12.24	83771	1385	0.16	          1.39	
600387	海越股份	-2.18	100911424	8.98	9.00	9.01	109757	20	-0.10	          2.85	
000819	岳阳兴长	10.00	100181208	12.10	12.10	--  	83505	753	0.00	          3.08	
300191	潜能恒信	-0.94	99823696	21.10	21.09	21.10	46224	701	0.24	          2.23	
600572	康恩贝	-1.28	99211472	6.96	6.96	6.98	141782	2	0.14	          0.69	
000838	财信发展	2.50	98968992	5.32	5.31	5.32	183828	3205	0.19	          2.91	
000968	蓝焰控股	2.94	98920464	13.67	13.66	13.67	71602	664	0.22	          1.39	
000598	兴蓉环境	0.40	98641736	5.01	5.01	5.02	194818	1126	0.00	          0.65	
600099	林海股份	10.03	96849624	10.20	10.20	--  	94960	23	0.00	          4.33	
000416	民生控股	-4.86	96747656	6.27	6.27	6.28	151269	1901	0.16	          2.85	
000610	西安旅游	4.49	96159536	10.71	10.70	10.71	90994	716	0.00	          3.87	
600995	文山电力	-1.00	94873664	8.88	8.87	8.88	104627	30	-0.33	          2.19	
002715	登云股份	10.00	94688152	23.66	23.66	--  	40973	72	0.00	          4.97	
300131	英唐智控	0.29	94655168	6.87	6.86	6.87	136431	870	0.15	          2.17	
600061	国投资本	0.24	94294288	12.31	12.30	12.31	75944	29	0.24	          0.21	
000975	银泰资源	1.91	93671344	14.44	14.43	14.44	65172	832	0.07	          0.74	
01778	彩生活	5.22	93402632	7.260	7.240	7.260	12966000	125000	0.41	          0.99	
600269	赣粤高速	1.00	93279008	5.03	5.03	5.04	184771	1	-0.19	          0.79	
002300	太阳电缆	2.07	92854496	7.88	7.88	7.89	116388	756	0.00	          2.15	
603299	井神股份	-0.83	91528848	10.72	10.74	10.75	84813	20	0.66	          3.04	
300379	东方通	0.31	91205520	12.96	12.90	12.96	68922	822	0.86	          3.47	
002870	香山股份	10.02	88988488	28.00	28.00	--  	31787	294	0.00	         11.49	
300192	科斯伍德	1.66	88969128	8.55	8.55	8.59	99837	380	0.94	          5.72	
603825	华扬联众	4.73	88946624	33.90	33.80	33.85	26401	31	-0.23	          6.60	
300608	思特奇	6.89	87890128	30.09	30.08	30.09	28733	723	-0.72	          4.99	
600476	湘邮科技	1.75	87705552	16.28	16.32	16.33	54196	71	1.12	          3.36	
600980	北矿科技	-2.65	86103168	15.05	15.04	15.05	56570	12	-0.52	          3.95	
002873	新天药业	-2.61	85803768	39.60	39.60	39.69	21024	184	0.25	         12.21	
000099	中信海直	0.84	85760096	8.44	8.43	8.44	100875	615	0.24	          1.66	
000635	英 力 特	3.76	85580504	14.36	14.36	14.37	60504	1449	0.42	          2.00	
300258	精锻科技	3.69	85097520	16.29	16.28	16.29	52687	1068	-0.05	          1.41	
00696	中国民航信息网络	0.97	84813064	26.050	26.050	26.100	3243919	242000	0.00	          0.35	
600420	现代制药	-1.39	84650072	12.04	12.03	12.06	69276	24	0.33	          1.20	
002417	深南股份	10.00	84341512	11.55	11.55	--  	74704	293	0.00	          3.33	
600064	南京高科	-1.21	83800352	13.86	13.86	13.87	59866	40	-0.06	          0.77	
300025	华星创业	2.97	83124760	5.55	5.55	5.56	151579	7041	-1.06	          4.47	
600073	上海梅林	1.80	82389616	7.37	7.36	7.37	111236	10	-0.13	          1.19	
002768	国恩股份	0.94	82109680	25.90	25.89	25.90	31537	139	0.04	          3.62	
601158	重庆水务	2.79	81942144	6.64	6.63	6.64	122498	23	0.15	          0.26	
002852	道道全	2.38	81593224	28.36	28.36	28.37	28489	126	-0.24	          3.86	
600329	中新药业	-1.95	80788696	14.08	14.10	14.11	56383	5	0.21	          1.00	
000931	中 关 村	1.35	80772192	6.74	6.74	6.75	118623	864	-0.14	          1.69	
01777	花样年控股	6.21	80615840	1.540	1.530	1.540	51286000	634500	0.65	          0.89	
300622	博士眼镜	8.37	80229080	24.20	24.14	24.20	32981	467	-0.07	          8.60	
603777	来伊份	1.77	79858544	23.02	22.88	22.97	34528	1	1.32	          4.43	
600640	号百控股	-0.21	79342632	14.28	14.28	14.29	54549	55	-0.27	          0.93	
300255	常山药业	-1.06	78457648	6.51	6.50	6.51	118834	1882	0.46	          1.95	
600826	兰生股份	1.79	77874464	13.10	13.09	13.10	59079	18	0.15	          1.40	
600736	苏州高新	3.77	77529104	6.61	6.61	6.62	118194	40	-0.29	          1.04	
300654	世纪天鸿	2.49	75800720	34.59	34.57	34.59	22408	955	0.26	          9.60	
603859	能科股份	5.10	75614112	22.03	22.03	22.04	35150	21	0.23	          7.05	
002436	兴森科技	1.35	75581000	5.25	5.24	5.25	141517	1195	0.00	          1.18	
002777	久远银海	6.63	75403992	34.44	34.42	34.44	21831	248	0.06	          3.64	
300563	神宇股份	7.93	75359040	27.07	27.07	27.08	28228	284	0.07	          8.80	
600239	云南城投	0.64	75356184	4.71	4.70	4.71	161362	22	0.64	          1.00	
600759	洲际油气	1.05	74920040	3.84	3.83	3.84	195093	10	0.26	          0.86	
300667	必创科技	-1.53	74653448	38.60	38.59	38.60	18812	162	-0.38	         11.07	
300006	莱美药业	-1.85	74617352	5.84	5.84	5.85	126252	2721	0.17	          2.16	
603628	清源股份	1.84	73626584	12.16	12.15	12.16	60355	98	0.16	          6.80	
002480	新筑股份	4.05	73484480	7.70	7.70	7.71	96692	2230	0.26	          1.51	
600692	亚通股份	1.41	72203392	9.36	9.34	9.35	76274	5	0.75	          2.99	
600730	中国高科	0.80	72095736	6.29	6.28	6.29	113715	15	0.16	          1.94	
603043	广州酒家	-3.86	71894160	18.45	18.44	18.45	38430	75	0.27	          7.69	
000070	特发信息	-2.30	71727400	9.34	9.33	9.34	75643	679	0.11	          1.40	
603689	皖天然气	-0.25	70437424	12.11	12.11	12.12	57772	242	0.67	          3.45	
000869	张 裕Ａ	-0.59	70282784	37.20	37.19	37.20	18815	102	0.16	          0.41	
600530	交大昂立	-0.89	69504016	5.57	5.57	5.58	123492	12	0.18	          1.58	
300573	兴齐眼药	4.92	68984672	23.69	23.68	23.69	28380	620	0.47	          5.38	
002728	特一药业	-1.99	68287440	18.70	18.69	18.70	35750	221	0.11	          3.01	
600689	上海三毛	10.03	67914272	11.30	11.30	--  	60864	4	0.00	          4.00	
600128	弘业股份	2.22	67275496	10.11	10.11	10.13	66557	42	0.50	          2.70	
600561	江西长运	3.43	67254168	8.45	8.45	8.46	80385	30	0.24	          3.39	
002377	国创高新	-2.09	67047276	7.97	7.97	7.98	83868	419	0.25	          1.94	
03663	协众国际控股	5.96	65604284	1.600	--  	--  	41056000	20000	3.23	          5.13	
300470	日机密封	1.13	65308884	41.05	41.05	41.20	15771	92	-0.40	          2.50	
600483	福能股份	0.39	65151984	7.78	7.77	7.78	82141	10	0.26	          0.65	
300234	开尔新材	1.41	64842656	8.62	8.61	8.62	74593	1325	0.47	          4.97	
000637	茂化实华	1.43	63833896	5.69	5.69	5.70	110996	945	-0.17	          3.03	
600107	美尔雅	-0.47	63592640	12.82	12.82	12.83	49161	36	0.71	          1.37	
000922	*ST佳电	0.00	62799896	7.51	7.50	7.51	82225	480	-0.26	          1.80	
002827	高争民爆	2.60	62665328	17.75	17.73	17.75	35028	470	-0.27	          5.55	
002689	远大智能	-1.57	62425988	5.01	5.00	5.01	122452	552	0.20	          1.30	
002295	精艺股份	-2.43	62390500	9.64	9.64	9.65	63946	522	0.00	          3.29	
600805	悦达投资	2.49	62356416	5.77	5.76	5.77	106881	128	0.17	          1.26	
600587	新华医疗	-0.67	62200028	14.73	14.72	14.74	41561	27	-0.06	          1.03	
300703	创源文化	-0.03	59454392	28.63	28.63	28.64	20332	194	-0.30	         10.17	
002205	国统股份	1.63	58825748	17.48	17.47	17.48	33424	441	0.17	          2.88	
300512	中亚股份	-0.59	58823732	16.85	16.85	16.86	34239	251	0.00	          4.40	
600864	哈投股份	-0.61	58745176	6.47	6.46	6.47	89262	48	-0.14	          0.57	
002882	金龙羽	0.73	58511964	12.46	12.46	12.47	46336	349	0.48	          5.79	
300129	泰胜风能	0.34	58451348	5.87	5.86	5.87	97152	1084	0.17	          1.98	
603029	天鹅股份	5.94	58281452	18.02	18.05	18.08	32753	15	0.39	          8.97	
601028	玉龙股份	5.52	58022856	8.79	8.78	8.79	67715	10	0.34	          0.86	
603617	君禾股份	2.78	57960432	22.16	22.14	22.15	26461	146	0.64	         10.58	
603002	宏昌电子	-1.85	57320160	5.32	5.32	5.33	106813	50	0.00	          1.76	
002333	罗普斯金	3.09	56652444	15.67	15.67	15.68	36244	479	0.13	          0.75	
002527	新时达	1.15	56363308	9.68	9.68	9.69	58092	882	0.10	          1.50	
002393	力生制药	-3.05	56235392	30.20	30.18	30.20	18324	1008	-0.12	          1.01	
000061	农 产 品	2.02	55920972	7.08	7.07	7.08	78461	626	0.28	          0.46	
07388	ＦＩ南方国指	0.73	55165880	5.500	--  	--  	10055000	600	0.18	--  	
300521	爱司凯	2.23	54051604	13.74	13.74	13.75	39154	758	-0.28	          4.13	
300190	维尔利	0.00	54017016	10.64	10.64	10.65	50045	231	0.09	          1.26	
601199	江南水务	1.56	53983772	5.21	5.21	5.22	102202	10	0.00	          1.09	
600648	外高桥	0.27	53374856	18.62	18.61	18.62	28521	6	0.27	          0.31	
000985	大庆华科	10.00	53239680	19.36	19.36	--  	28094	205	0.00	          2.17	
603828	柯利达	5.40	52675944	9.18	9.18	9.19	57048	41	0.22	          1.76	
600035	楚天高速	1.83	52505456	4.44	4.43	4.44	117474	37	0.00	          0.79	
000617	中油资本	2.00	52264988	14.25	14.24	14.25	36389	206	0.07	          1.27	
601811	新华文轩	-2.88	51812960	12.47	12.47	12.48	40508	30	0.24	          2.03	
002361	神剑股份	0.81	51665108	5.00	5.00	5.01	102484	548	0.20	          1.71	
00493	国美零售	2.25	51533712	0.910	0.900	0.910	57128568	1266000	0.00	          0.27	
300610	晨化股份	2.22	51476568	15.65	15.65	15.66	32753	486	0.13	          6.58	
600655	豫园股份	1.01	51026224	10.02	10.02	10.03	51028	20	0.20	          0.36	
001696	宗申动力	0.17	51004960	5.89	5.88	5.89	85494	477	-0.33	          0.96	
000920	南方汇通	0.00	50767032	8.61	8.61	8.62	57850	513	0.00	          1.37	
002017	东信和平	-1.75	50639896	7.86	7.86	7.87	63188	575	0.00	          1.83	
600663	陆家嘴	0.05	50619840	19.94	19.93	19.95	25326	2	-0.04	          0.10	
603639	海利尔	1.23	50617184	43.75	43.70	43.74	11494	3	0.00	          2.96	
00567	大昌微线集团	61.11	50598584	0.435	--  	--  	134630000	4000	-1.14	         23.36	
600272	开开实业	10.04	50579708	10.74	10.74	--  	48247	4	0.00	          3.02	
002541	鸿路钢构	0.07	49884472	13.58	13.58	13.59	36317	229	-0.14	          1.47	
600529	山东药玻	0.39	48673124	20.52	20.51	20.56	23563	5	-0.38	          0.92	
000611	天首发展	-0.13	48347048	7.49	7.49	7.50	63895	251	-0.26	          2.00	
600101	明星电力	0.94	47252888	8.56	8.55	8.57	55236	11	0.59	          1.70	
000429	粤高速Ａ	0.63	46959776	8.04	8.03	8.04	58252	349	0.00	          1.24	
603336	宏辉果蔬	2.03	46843304	19.58	19.57	19.64	23576	10	0.20	          4.46	
600461	洪城水业	1.12	46736688	6.30	6.30	6.31	73227	206	0.00	          1.23	
000529	广弘控股	-1.82	46514736	6.48	6.47	6.48	69571	1058	-0.91	          1.22	
600713	南京医药	0.00	46240408	5.73	5.72	5.73	79990	59	0.00	          0.89	
000919	金陵药业	-1.41	46155856	8.40	8.39	8.40	54284	429	-0.11	          1.08	
002723	金莱特	2.73	44638240	18.08	18.08	18.10	24373	138	-0.10	          1.93	
002062	宏润建设	1.94	44500812	4.72	4.72	4.73	93746	1289	-0.20	          0.99	
002749	国光股份	0.92	44103760	65.60	65.60	65.65	6674	53	-0.29	          1.38	
002802	洪汇新材	2.99	43910700	26.22	26.22	26.23	16793	253	0.61	          4.53	
300402	宝色股份	1.95	43880872	10.98	10.97	10.98	39724	453	0.00	          4.60	
01312	同方康泰	6.17	43251124	0.430	--  	--  	100290000	42000	1.18	          1.87	
300194	福安药业	-0.17	43194532	5.72	5.72	5.73	75607	2245	0.00	          1.29	
600353	旭光股份	0.33	43084920	6.06	6.05	6.06	70366	4	0.50	          1.29	
00220	统一企业中国	4.25	42943460	6.620	6.610	6.620	6560402	159000	0.61	          0.15	
000929	兰州黄河	2.03	42806032	9.04	9.04	9.05	47421	721	0.11	          2.55	
603860	中公高科	1.60	42709616	32.92	32.89	32.90	12866	52	0.06	          7.71	
600981	汇鸿集团	-4.39	42673212	5.45	5.44	5.45	76820	10	-0.54	          3.18	
600834	申通地铁	2.30	42545152	8.90	8.91	8.92	46922	154	0.00	          0.98	
600425	*ST青松	-1.83	42141432	3.76	3.76	3.77	110218	17	-0.26	          0.80	
600106	重庆路桥	0.97	42017700	4.17	4.16	4.17	100549	5	0.00	          1.01	
300135	宝利国际	-0.57	41692268	3.47	3.47	3.48	118286	755	0.00	          1.28	
601968	宝钢包装	0.21	41170508	4.84	4.84	4.85	83962	18	0.41	          2.68	
300550	和仁科技	-3.54	41099752	31.85	31.82	31.85	12724	70	-0.02	          4.35	
600824	益民集团	1.81	41043456	4.51	4.50	4.51	90445	200	0.22	          0.86	
002605	姚记扑克	0.27	40950072	11.33	11.32	11.33	35686	315	0.09	          1.33	
603229	奥翔药业	0.59	40919612	16.91	16.91	16.92	24004	10	0.06	          6.00	
01632	膳源控股	4.74	40873472	5.970	--  	--  	6552632	14000	-0.17	          3.28	
02136	利福中国	14.55	40863620	2.440	2.440	2.450	16504210	9500	-0.41	          1.03	
01239	TEAMWAY INTL GP	1.79	40724340	0.057	--  	--  	695520000	1000000	-3.39	          6.30	
002272	川润股份	0.99	40463740	5.10	5.10	5.11	78057	1111	-0.57	          2.45	
600033	福建高速	1.42	40411680	3.58	3.58	3.59	112159	8	0.00	          0.41	
002750	龙津药业	-3.20	40361832	8.77	8.77	8.78	45496	300	-0.10	          2.02	
300636	同和药业	-3.07	39736952	28.43	28.42	28.43	13617	410	-0.24	          6.81	
002006	精功科技	-1.19	39681836	6.67	6.66	6.67	58899	1482	0.15	          1.29	
300501	海顺新材	2.88	39611232	34.33	34.31	34.33	11585	143	0.09	          4.82	
00978	招商局置地	3.14	39077940	1.640	1.620	1.640	23650000	10000	1.23	          0.48	
300045	华力创通	-0.49	38895908	10.20	10.20	10.21	37662	911	0.20	          1.05	
601368	绿城水务	1.86	38867776	8.22	8.21	8.22	46484	52	0.12	          1.58	
01862	景瑞控股	8.74	38695752	3.360	--  	--  	11624000	1000	0.00	          0.90	
002888	惠威科技	0.28	38668832	25.16	25.15	25.16	15146	137	-0.11	          7.29	
600613	神奇制药	-1.72	38093844	8.02	8.03	8.06	46984	53	-0.11	          0.98	
603811	诚意药业	0.65	38025708	27.88	27.89	27.90	13487	4	-0.31	          2.35	
002634	棒杰股份	-0.17	38019956	5.88	5.88	5.89	63849	423	0.00	          2.36	
000409	山东地矿	4.17	37771184	5.74	5.74	5.75	66805	2675	0.00	          1.69	
603063	禾望电气	1.31	37699360	15.52	15.52	15.53	23967	17	0.00	          3.99	
002574	明牌珠宝	1.58	37315920	7.06	7.05	7.06	53131	1806	-0.13	          1.01	
300615	欣天科技	0.32	37287120	25.45	25.45	25.46	14534	243	0.12	          6.49	
002623	亚玛顿	2.04	36967672	19.49	19.48	19.49	18944	100	-0.30	          1.19	
600168	武汉控股	1.27	36860476	7.96	7.96	7.97	45975	65	0.25	          0.65	
002871	伟隆股份	1.72	36634064	32.48	32.48	32.50	11090	96	-0.36	          6.52	
300540	深冷股份	2.75	36562576	22.04	22.04	22.05	16541	301	0.18	          3.88	
00829	神冠控股	26.58	36550700	0.500	0.500	0.510	75068000	88000	0.00	          2.30	
000782	美达股份	2.28	36211944	6.74	6.73	6.74	52995	400	0.15	          1.19	
603630	拉芳家化	1.11	36142744	23.64	23.61	23.64	15119	38	-0.24	          2.42	
603823	百合花	1.42	36132384	15.04	15.02	15.05	23871	19	0.27	          3.39	
603569	长久物流	-3.95	36099056	24.05	24.06	24.07	14789	4	-0.16	          2.58	
002872	天圣制药	-0.97	35823972	30.73	30.67	30.73	11562	35	0.39	          2.18	
600513	联环药业	0.24	35666416	8.30	8.28	8.31	42781	4	0.12	          1.50	
002730	电光科技	-2.52	35657244	11.20	11.19	11.20	31141	426	0.09	          1.07	
002786	银宝山新	-2.25	34936876	8.26	8.25	8.26	41059	996	-0.23	          2.97	
000908	景峰医药	-1.57	34747364	5.64	5.63	5.64	60640	180	0.00	          1.10	
002757	南兴装备	-2.05	34446800	34.48	34.44	34.48	9865	10	0.26	          2.57	
300549	优德精密	1.07	34347244	18.83	18.79	18.83	17789	99	0.16	          2.91	
600891	秋林集团	4.07	33874876	6.65	6.64	6.65	51553	28	-0.14	          1.34	
603726	朗迪集团	-0.35	33375120	28.45	28.43	28.46	11426	5	-0.27	          4.83	
300669	沪宁股份	1.67	33321610	23.18	23.15	23.18	14449	239	0.13	          6.86	
000721	西安饮食	-1.93	33005344	5.09	5.09	5.10	63797	877	-0.38	          1.46	
00604	深圳控股	0.30	32376668	3.370	3.370	3.380	9524370	428000	-0.30	          0.12	
601007	金陵饭店	0.38	32338690	10.58	10.58	10.59	30402	1	-0.08	          1.01	
600615	丰华股份	-3.62	32331428	11.73	11.76	11.80	26753	5	-1.67	          1.43	
603577	汇金通	-2.82	32235704	12.40	12.40	12.41	25475	6	0.32	          3.29	
002816	和科达	0.77	32010622	17.08	17.06	17.08	18553	129	0.41	          2.89	
603223	恒通股份	2.36	31599088	18.62	18.65	18.70	16775	16	0.00	          2.12	
01166	星凯控股	20.59	31222876	0.820	--  	--  	41762828	480000	1.23	          1.78	
01637	顺兴集团控股	3.37	30914262	0.920	--  	--  	31506000	4000	1.10	          7.88	
600897	厦门空港	0.85	30832988	21.28	21.27	21.28	14454	2	0.00	          0.49	
601515	东风股份	-1.23	30752774	9.67	9.70	9.73	31789	11	0.83	          0.29	
002275	桂林三金	-1.61	30520792	15.84	15.84	15.86	19134	259	0.06	          0.36	
603979	金诚信	1.03	29734992	9.78	9.77	9.78	30212	33	-0.09	          1.24	
600375	华菱星马	0.39	29553920	5.11	5.11	5.12	57292	165	-0.57	          1.03	
002682	龙洲股份	1.40	29346842	10.14	10.14	10.15	29009	1205	0.50	          1.51	
600488	天药股份	0.64	28797260	4.70	4.69	4.70	61558	400	0.21	          0.64	
603798	康普顿	-0.27	28647152	14.62	14.63	14.64	19190	26	0.76	          2.25	
01333	中国忠旺	1.17	28614562	4.340	4.330	4.340	6585200	38400	0.23	          0.12	
002165	红 宝 丽	3.61	28493744	5.46	5.45	5.46	53130	15561	3.61	          1.01	
600302	标准股份	-0.69	28393096	5.74	5.74	5.75	48034	128	-0.34	          1.39	
00816	华电福新	1.49	28191204	2.040	2.030	2.040	13852830	348000	0.00	          0.54	
600629	华建集团	1.84	27599672	14.91	14.89	14.90	18440	20	0.20	          0.51	
300605	恒锋信息	0.08	27180786	25.10	25.09	25.10	10546	74	-0.35	          2.83	
600778	友好集团	1.18	27105720	5.13	5.11	5.12	52508	145	0.20	          1.69	
601107	四川成渝	0.99	26929756	4.09	4.09	4.10	65815	1	-0.23	          0.30	
600385	山东金泰	2.88	26555696	12.16	12.14	12.17	22195	13	0.00	          1.55	
002498	汉缆股份	0.98	26349284	3.09	3.08	3.09	85170	2007	0.32	          0.26	
002394	联发股份	0.92	26009766	12.07	12.05	12.07	21545	1042	0.25	          0.67	
300421	力星股份	-1.85	25820408	18.60	18.54	18.60	13796	155	0.00	          1.14	
300538	同益股份	2.85	25779378	34.30	34.22	34.30	7469	43	-0.28	          4.73	
300254	仟源医药	-3.04	25557944	9.57	9.57	9.58	26180	244	-0.09	          1.73	
03708	日成控股	3.12	25247982	0.660	--  	--  	42598000	5000	13.79	          0.76	
601798	蓝科高新	1.84	25186804	8.84	8.84	8.85	28719	16	0.68	          0.81	
300453	三鑫医疗	-0.94	25131978	13.65	13.65	13.66	18370	411	0.81	          2.58	
600429	三元股份	3.04	25119416	6.11	6.11	6.12	41415	19	0.00	          0.47	
08200	修身堂	3.03	25084524	0.068	--  	--  	357473984	440000	-1.45	          6.54	
600223	鲁商置业	1.34	24907268	3.78	3.77	3.78	65621	1	0.00	          0.66	
300417	南华仪器	0.71	24650790	21.24	21.24	21.26	11429	69	-0.13	          3.99	
000159	国际实业	1.08	24595918	4.70	4.69	4.70	52184	344	0.21	          1.08	
02200	浩沙国际	1.41	24438782	2.870	--  	--  	8514000	12000	0.70	          0.51	
603855	华荣股份	0.00	24404804	10.48	10.47	10.48	23153	22	0.10	          2.80	
00341	大家乐集团	0.10	24337038	19.800	19.740	19.800	1231838	16000	0.20	          0.21	
000861	海印股份	-1.31	23861010	3.01	3.01	3.02	78596	1118	-0.32	          0.42	
000632	三木集团	1.20	23043588	5.92	5.91	5.93	38963	147	0.00	          0.84	
000565	渝三峡Ａ	-1.20	22799030	6.58	6.58	6.59	34373	42	0.15	          0.79	
600281	太化股份	-1.57	22194996	5.00	4.99	5.00	44538	8	0.60	          0.87	
600336	澳柯玛	0.22	21926948	4.50	4.49	4.51	48558	197	0.00	          0.66	
06123	先达国际物流	2.33	21793842	6.150	--  	--  	3520000	10000	-0.16	          0.85	
600796	钱江生化	-0.60	21711484	6.66	6.66	6.67	32390	10	0.45	          1.07	
002269	美邦服饰	0.34	21352218	2.98	2.97	2.98	71102	1363	0.34	          0.28	
02801	安硕中国ＥＴＦ	0.65	21109194	31.000	--  	--  	683065	10000	0.65	--  	
000430	张家界	1.74	21038630	8.18	8.18	8.19	25665	118	0.00	          0.99	
08291	万成金属包装	13.33	19999650	0.680	--  	--  	29565000	5000	-1.45	          7.39	
002731	萃华珠宝	1.45	19997538	15.35	15.35	15.36	13091	636	0.79	          0.87	
01466	钱唐控股	9.86	19946260	6.350	--  	--  	3216000	20000	-0.31	          0.95	
002800	天顺股份	1.29	19350492	26.64	26.64	26.65	7198	75	0.00	          2.07	
600222	太龙药业	-2.06	19158824	4.76	4.76	4.78	39673	10	-0.20	          0.74	
000695	滨海能源	0.10	17685906	9.66	9.65	9.66	18373	255	0.52	          0.83	
600724	宁波富达	2.63	17360232	3.51	3.49	3.50	50100	61	0.57	          0.35	
002134	*ST普林	0.98	16996476	8.25	8.24	8.25	20514	235	-0.23	          0.83	
01591	汛和集团	7.75	15456741	0.153	--  	--  	98360000	200000	0.00	          2.46	
002641	永高股份	2.18	15059569	4.21	4.20	4.21	35800	330	0.24	          0.40	
01439	移动互联（中国）	2.71	14450101	2.270	--  	--  	6410000	40000	0.00	          0.48	
00196	宏华集团	1.19	14360371	0.850	--  	--  	16709000	50000	1.19	          0.31	
02080	奥克斯国际	1.08	9747760	1.880	--  	--  	5236000	10000	0.53	          1.40	
数据来源:通达信
