代码	名称	涨幅%%	总金额	现价	卖价	总量	现量	涨速%%	换手%%	量比	今开	
08101	壹家壹品	8.33	69211840	0.390	--  	177932000	20000	1.30	          6.15	  1.28	0.360	
08359	HYPEBEAST	15.58	30190002	0.890	--  	34840000	40000	-1.11	          1.74	  5.23	0.760	
08083	中国创新支付	1.02	29771522	0.495	--  	60276000	856000	2.06	          0.86	  1.55	0.490	
08200	修身堂	3.03	25084524	0.068	--  	357473984	440000	-1.45	          6.54	  3.18	0.066	
08291	万成金属包装	13.33	19999650	0.680	--  	29565000	5000	-1.45	          7.39	  1.80	0.600	
08469	盛业资本	0.25	19800440	8.090	--  	2438000	2000	-0.12	          0.33	  1.23	8.120	
08082	仁智国际集团	26.09	16576177	0.580	--  	34215500	20000	-3.33	          2.96	  4.03	0.470	
08138	同仁堂国药	-2.22	16155685	14.960	--  	1081000	1000	1.77	          0.13	  0.65	15.480	
08207	中新控股	0.00	15518671	0.930	--  	16691000	8000	0.00	          0.07	  1.17	0.920	
08349	美固科技控股	3.98	13901721	2.350	--  	5404000	10000	0.00	          1.35	  0.62	2.300	
08227	西安海天天	-1.56	11590451	6.330	--  	1801000	25000	-0.31	          0.28	  0.96	6.450	
08427	瑞强集团	-9.41	11361681	0.385	--  	28288000	8000	-1.28	          4.56	  0.90	0.450	
08071	中彩网通控股	7.49	11135031	0.201	--  	46915000	30000	-1.95	          1.00	 16.51	0.188	
08473	弥明生活百货	-4.12	11124201	0.465	--  	24760000	50000	2.20	          2.21	  1.14	0.480	
08160	GOLDWAY EDU	33.33	11030041	0.560	--  	23520000	48000	-3.45	          4.50	 21.49	0.460	
08148	奥柏中国	14.53	7594011	0.205	--  	37660000	20000	4.06	          3.46	  8.81	0.179	
08062	俊盟国际	-1.75	7474751	0.560	--  	13070000	50000	0.00	          2.72	  0.71	0.570	
08137	洪桥集团	0.00	7296401	1.680	--  	4344000	2000	0.00	          0.04	  1.14	1.680	
08483	名仕快相	3.45	7021881	0.300	--  	23424000	48000	0.00	          2.93	  1.59	0.295	
08228	国艺娱乐	8.45	6994901	0.385	--  	18520000	20000	-1.28	          0.41	  0.92	0.355	
08526	荣丰集团亚洲	-7.14	6831651	0.390	--  	16040000	70000	1.30	          2.79	  4.77	0.420	
08022	永耀集团控股	0.97	6438481	1.040	--  	6324000	3000	1.96	          0.38	  0.93	1.040	
08479	金泰丰国际控股	10.22	5732041	2.480	--  	2296000	4000	-1.59	          0.55	  1.62	2.200	
08156	众彩股份	2.53	5046800	0.810	--  	6275000	10000	1.25	          0.19	  1.06	0.800	
08287	ZIONCOM	-4.94	4593250	0.385	--  	11160000	10000	-1.28	          1.69	  0.76	0.405	
08021	汇隆控股	13.16	4423010	0.043	--  	103210000	40000	0.00	          0.81	 13.54	0.038	
08300	皇玺餐饮集团	0.00	4161380	0.145	--  	28760000	100000	0.00	          1.09	  1.05	0.145	
08073	兴业新材料	-3.49	4015400	1.660	--  	2360000	100000	-0.60	          0.49	  0.85	1.720	
08421	永顺控股香港	-1.16	3981675	0.425	--  	9605000	10000	1.19	          1.60	  8.19	0.425	
08166	中国农业生态	15.00	3878100	0.092	--  	43540000	400000	1.10	          0.71	 11.37	0.079	
08422	ＷＴ集团	-3.10	3741800	1.250	--  	3100000	30000	4.17	          0.31	  0.61	1.300	
08240	展程控股	-10.71	3664050	0.250	--  	13740000	10000	-1.96	          1.07	  1.09	0.290	
08328	信义香港	0.99	3633250	2.050	--  	1772750	4000	0.00	--  	212.68	2.050	
08445	怡康泰工程集团	-5.00	3465600	0.760	--  	4530000	10000	1.33	          0.76	  0.52	0.790	
08462	桥英控股	0.51	3462500	1.970	--  	1785000	70000	-0.51	          0.30	  0.73	1.920	
08046	恒芯中国	-2.70	3239748	0.036	--  	85460000	400000	0.00	          1.03	  6.31	0.037	
08470	莹岚集团	-3.07	3228720	1.580	--  	2016000	8000	0.00	          0.34	  0.76	1.610	
08225	中国医疗集团	2.86	3171100	0.360	--  	8880000	40000	-1.37	          0.89	  0.47	0.370	
08292	盛良物流	2.63	3152200	1.170	--  	2750000	30000	0.00	          0.34	  1.25	1.140	
08337	直通电讯	-4.37	2898100	0.153	--  	16780000	70000	2.00	          0.54	  1.83	0.160	
08437	德斯控股	-3.12	2774120	0.465	--  	5936000	40000	0.00	          0.99	  3.37	0.465	
08392	舍图控股	-4.71	2681750	0.405	--  	6370000	10000	0.00	          0.64	  0.60	0.425	
08011	百田石油	1.89	2586100	0.270	--  	9040000	20000	0.00	          0.31	  0.24	0.300	
08059	朝威控股	-3.85	2547300	0.500	--  	4985000	40000	0.00	          0.54	  1.71	0.520	
08417	大地教育	-9.59	2448900	0.660	--  	3610000	20000	0.00	          0.21	  1.35	0.710	
08439	新百利融资	-1.00	2435400	1.980	--  	1230000	1230000	0.00	          0.89	 30.75	1.980	
08142	德利机械	0.00	2416100	0.335	--  	7210000	20000	1.52	          0.72	  1.08	0.335	
08237	华星控股	0.00	2360220	0.600	--  	3948000	2000	1.69	          0.11	  1.07	0.590	
08089	华人策略控股	0.40	2335410	2.510	--  	927200	18000	-0.79	          0.45	  1.17	2.500	
08170	KSL HOLDINGS	0.00	2317750	3.470	--  	663000	1000	-0.86	          0.16	  0.81	3.580	
08175	中国数码文化	-1.05	2180200	0.470	--  	4722500	300000	2.17	          0.24	  0.91	0.470	
08596	星亚控股	2.00	2163250	5.090	--  	425000	425000	0.00	          0.03	  1.06	5.090	
08001	东方汇财证券	0.00	2136680	0.820	--  	2580000	80000	0.00	          0.60	  2.10	0.820	
08130	智城控股	4.40	1934920	0.166	--  	11450600	40000	0.00	          0.35	  0.62	0.159	
08147	汇思太平洋	-0.50	1907136	0.200	--  	9528000	4000	-0.50	          0.17	  0.73	0.202	
08238	惠陶集团	3.17	1898616	0.065	--  	27904000	8000	0.00	          0.32	  1.23	0.064	
08145	电讯首科	-7.87	1801940	2.460	--  	712000	16000	0.41	          0.56	  0.83	2.580	
08026	长达健康	5.26	1760165	0.300	--  	5966000	80000	0.00	          0.49	  4.87	0.285	
08143	华夏医疗	-1.45	1661288	0.136	--  	11112000	188000	-2.16	          0.47	  6.86	0.140	
08226	树熊金融集团	-8.39	1640964	0.142	--  	11386000	300000	0.00	          0.46	  3.64	0.150	
08047	中国海洋捕捞	0.00	1597840	0.610	--  	2688000	12000	3.39	          0.08	  0.82	0.600	
08118	濠亮环球	-1.79	1568760	0.275	--  	5792000	8000	0.00	          1.16	  1.90	0.270	
08023	邝文记	5.32	1553100	0.495	--  	3066000	12000	-1.00	          0.51	  7.77	0.485	
08379	汇安智能	-1.43	1476400	0.345	--  	4250000	20000	1.47	          0.53	  0.58	0.350	
08257	靖洋集团	-1.79	1472300	0.275	--  	5300000	10000	-3.51	          0.53	  1.27	0.280	
08307	密迪斯肌	0.00	1466040	0.530	--  	2688000	76000	0.00	          0.56	  4.27	0.530	
08040	ＤＣＢ控股	0.00	1296100	0.860	--  	1490000	5000	0.00	          0.47	  0.27	0.880	
08158	中国再生医学	-1.23	1272370	0.160	--  	7905000	5000	-1.23	          0.04	  0.32	0.162	
08029	太阳国际	1.39	1237200	0.730	--  	1695000	5000	1.39	          0.12	  1.93	0.730	
08463	TOMO HOLDINGS	1.24	1211880	1.630	--  	732000	8000	0.00	          0.16	  1.53	1.550	
08373	靛蓝星	-1.02	1156450	0.970	--  	1225000	5000	1.04	          0.31	  1.81	1.000	
08266	卓信国际控股	-1.21	1142000	0.163	--  	6944000	384000	0.00	          0.17	  1.27	0.161	
08078	ＨＭＶ数码中国	0.00	1140396	0.240	--  	4772000	20000	1.27	          0.04	  0.31	0.240	
08090	中国融保金融集团	0.00	1134940	0.800	--  	1406000	4000	0.00	          0.08	  0.64	0.810	
08347	Ｆ８企业	-2.53	1126560	0.385	--  	2968000	160000	1.32	          0.37	  7.08	0.385	
08410	安领国际	-3.20	1089750	1.210	--  	887000	20000	-2.42	          0.09	  0.85	1.290	
08487	ISP GLOBAL	1.59	1067600	0.640	--  	1720000	10000	3.23	          0.22	  0.72	0.620	
08532	宝发控股	-3.88	1009392	0.198	--  	5064000	120000	0.00	          0.63	  1.27	0.206	
08136	英马斯集团	-5.10	1005350	0.465	--  	2170000	80000	1.09	          0.22	  0.23	0.490	
08193	汉华专业服务	4.44	989570	0.047	--  	20135000	200000	0.00	          0.35	  2.68	0.045	
08342	飞思达科技	0.72	965650	1.390	--  	685000	30000	-0.71	          0.14	  0.98	1.390	
08413	亚洲杂货	-0.63	945520	0.157	--  	5910000	90000	-1.26	          0.51	  1.25	0.158	
08436	德宝集团控股	1.56	932650	0.650	--  	1460000	5000	-1.52	          0.36	  1.83	0.640	
08100	智易控股	-1.22	903960	0.405	--  	2232000	72000	0.00	          0.50	  0.41	0.405	
08176	超人智能	-8.33	903300	11.000	--  	80000	5000	1.66	          0.02	  0.23	12.000	
08522	德益控股	-0.97	901320	1.020	--  	888000	4000	0.00	          0.24	  0.30	1.080	
08217	联旺集团	-1.75	893100	0.280	--  	3160000	120000	0.00	          0.25	  0.74	0.285	
08108	福泽集团	-6.94	860372	0.067	--  	12704000	482000	0.00	          1.38	  0.63	0.070	
08313	杰地集团	-1.61	854350	0.305	--  	2850000	30000	0.00	          0.14	  0.41	0.305	
08032	非凡中国	-2.22	829995	0.880	--  	943560	8000	0.00	          0.01	  0.40	0.880	
08376	方圆房服集团	-1.72	804120	0.570	--  	1376000	24000	0.00	          0.34	  2.26	0.590	
08279	亚博科技控股	-2.11	799800	0.930	--  	856000	8000	-1.06	          0.01	  0.64	0.930	
08275	永勤集团控股	-0.99	777800	2.000	--  	390000	50000	0.50	          0.07	  0.16	1.970	
08356	中国新华电视	2.02	768530	0.101	--  	7750000	70000	0.00	          0.19	  1.31	0.099	
08050	量子思维	-1.87	762520	2.100	--  	372000	2000	11.11	          0.03	  2.17	2.160	
08229	FUTURE DATA	3.90	761725	0.400	--  	1925000	5000	1.27	          0.48	  1.24	0.395	
08457	健升物流中国	-4.26	760070	0.225	--  	3330000	10000	0.00	          0.42	  1.51	0.232	
08113	扬宇科技	2.94	752769	0.700	--  	1080576	10000	0.00	          0.17	  1.16	0.660	
08198	乐透互娱	2.54	745680	0.242	--  	3112000	112000	1.68	          0.10	  0.56	0.240	
08018	汇财金融投资	0.61	737291	0.164	--  	4521000	10000	0.00	          0.36	  0.73	0.156	
08406	合宝丰年	1.67	732950	0.305	--  	2440000	10000	0.00	          0.30	  1.35	0.295	
08250	丝路能源	-3.33	719840	0.058	--  	12480000	400000	0.00	          0.18	  0.84	0.059	
08367	倩碧控股	-1.96	717940	0.200	--  	3570000	100000	-0.50	          0.45	  0.59	0.202	
08420	NEXION TECH	0.00	715200	0.550	--  	1295000	100000	0.00	          0.22	  1.41	0.560	
08350	骏溢环球金融	2.63	705920	0.390	--  	1888000	16000	2.63	          0.24	  0.92	0.380	
08412	高门集团	3.64	663200	0.285	--  	2400000	200000	1.79	          0.30	  3.63	0.280	
08013	ECI TECH	-3.47	660020	0.167	--  	3880000	40000	-1.18	          0.24	  1.69	0.172	
08513	迎宏控股	-5.36	658040	0.530	--  	1236000	48000	0.00	          0.31	  0.43	0.560	
08429	冰雪集团	0.00	657550	0.680	--  	960000	10000	0.00	          0.20	  1.36	0.670	
08283	正力控股	-1.52	622700	1.300	--  	470000	10000	-1.52	          0.09	  3.05	1.320	
08456	民信国际控股	-1.14	606300	0.435	--  	1404000	4000	2.35	          0.35	  0.61	0.425	
08039	中国卓银	0.44	596800	2.260	--  	272000	8000	0.44	          0.07	  2.79	2.190	
08315	冠辉集团控股	7.69	594430	0.028	--  	21790000	1110000	0.00	          0.28	  0.38	0.027	
08133	铸能控股	5.03	563560	0.167	--  	3420000	40000	0.00	          0.10	  0.14	0.159	
08450	钜京控股	-2.33	554820	0.168	--  	3290000	80000	0.00	          0.33	  1.73	0.172	
08030	汇联金融服务	0.00	553600	0.860	--  	645000	10000	0.00	          0.04	  0.97	0.860	
08005	裕兴科技	-1.30	534340	0.760	--  	694000	2000	-1.30	          0.04	  1.84	0.770	
08425	兴铭控股	0.00	531920	1.290	--  	408000	8000	0.00	          0.10	  0.60	1.310	
08037	中国生物科技服务	-4.31	531727	2.000	--  	260063	20000	0.00	          0.03	  0.55	2.090	
08202	汇创控股	-1.96	530790	0.200	--  	2570000	150000	-0.50	          0.25	  1.05	0.210	
08056	饮食概念	12.28	530000	0.320	--  	1725000	60000	1.59	          0.21	  1.77	0.280	
08371	尝高美集团	0.00	516000	0.780	--  	676000	48000	0.00	          0.17	  1.97	0.760	
08361	中国育儿网络	-7.37	510760	0.440	--  	1146000	2000	3.53	          0.11	  2.59	0.460	
08085	香港生命科学	-3.66	509212	0.079	--  	6076000	224000	-2.47	          0.11	  0.38	0.083	
08025	亚洲资产	9.30	499355	0.235	--  	2088340	2000	0.00	          0.12	  2.38	0.220	
08178	中国信息科技	1.60	496648	0.127	--  	4000000	72000	2.42	          0.07	  3.01	0.124	
08043	ATLINKS	-2.94	494500	0.495	--  	990000	10000	1.02	          0.25	  0.59	0.520	
08095	北大青鸟环宇	-1.41	491170	1.400	--  	353000	1000	0.72	          0.05	  2.79	1.420	
08325	中国支付通	-4.00	458400	0.960	--  	470000	10000	0.00	          0.03	  0.26	0.980	
08312	中国瀚亚	0.00	456100	0.290	--  	1650000	20000	0.00	          0.22	  0.32	0.260	
08007	环球战略集团	1.56	449619	0.130	--  	3515240	10000	0.00	          0.06	  0.85	0.128	
08419	ＡＶ策划推广	-1.79	433300	0.550	--  	770000	5000	-1.79	          0.19	  1.63	0.570	
08087	中国三三传媒	-3.23	430300	0.030	--  	14260000	100000	0.00	          0.25	  0.90	0.031	
08510	TOPSTANDARDCORP	-4.39	412776	0.218	--  	1888000	8000	-0.91	          0.24	  1.05	0.225	
08255	神州数字	5.81	406740	0.910	--  	444000	6000	0.00	          0.09	  1.03	0.890	
08247	中生北控生物科技	0.00	405180	2.400	--  	170000	4000	0.00	          0.26	  0.56	2.420	
08415	乐嘉思控股	2.06	400370	0.248	--  	1650000	20000	-0.40	          0.15	  1.31	0.242	
08321	泰锦控股	-0.98	398920	0.202	--  	1960000	40000	-1.46	          0.25	  0.39	0.205	
08281	中国金典集团	-1.54	394840	0.320	--  	1216000	24000	-1.54	          0.12	 22.35	0.320	
08131	辰罡科技	7.61	394660	0.198	--  	2030000	490000	3.13	          0.67	  3.19	0.198	
08187	积木集团	0.71	394100	1.420	--  	280000	35000	0.00	          0.06	  1.21	1.390	
08199	中国万桐园	3.33	384900	0.310	--  	1260000	10000	1.64	          0.13	  0.93	0.305	
08081	互娱中国	-2.50	377670	0.039	--  	9630000	400000	0.00	          0.18	  0.64	0.040	
08195	L&A INTL HOLD	-1.27	361448	0.078	--  	4652000	504000	1.30	          0.36	  0.40	0.079	
08326	同景新能源	0.00	352680	1.050	--  	354000	6000	0.00	          0.04	  1.98	1.040	
08351	俊文宝石	0.00	335800	0.320	--  	1020000	440000	0.00	          0.03	  0.39	0.355	
08265	中国之信集团	0.33	325320	3.030	--  	108000	4000	0.66	          0.01	  0.67	3.010	
08075	寰亚传媒	-10.11	322478	0.169	--  	1882072	4000	-0.59	          0.09	  3.71	0.175	
08260	银合控股	1.69	319800	0.600	--  	560000	10000	0.00	          0.04	  4.24	0.570	
08102	利宝阁集团	0.00	319150	0.420	--  	750000	110000	0.00	          0.09	  0.76	0.425	
08086	新维国际控股	0.00	317100	0.265	--  	1194000	176000	0.00	          0.04	  0.09	0.270	
08256	金利通	-3.33	307112	0.029	--  	10684000	100000	3.57	          0.88	  2.05	0.030	
08358	卓珈控股	0.00	305600	1.300	--  	235000	10000	0.00	          0.06	  5.20	1.300	
08402	GT STEEL GROUP	-3.23	303700	0.300	--  	995000	20000	0.00	          0.21	  0.85	0.310	
08360	利骏集团香港	-1.19	301968	0.166	--  	1864000	640000	2.47	          0.39	  5.44	0.162	
08471	新达控股	-2.70	299500	0.360	--  	830000	50000	0.00	          0.10	  0.68	0.370	
08055	中国网络信息科技	0.00	288680	0.360	--  	800000	8000	0.00	          0.02	  0.89	0.360	
08135	正美丰业	16.00	280200	0.580	--  	495000	105000	16.00	          0.06	  0.75	0.500	
08128	中国地能	0.67	278256	0.151	--  	1840000	64000	-0.66	          0.05	  0.49	0.151	
08365	建泉国际控股	0.00	278000	0.540	--  	510000	100000	0.00	          0.10	  2.70	0.540	
08535	荧德控股	-0.76	276780	0.130	--  	2140000	20000	0.78	          0.18	  0.63	0.126	
08400	亚洲先锋娱乐	-2.44	268070	0.200	--  	1330000	30000	0.00	          0.13	  0.83	0.201	
08076	新利软件	-10.53	265470	0.170	--  	1470000	200000	0.00	          0.17	  2.74	0.189	
08065	高萌科技	1.12	255750	0.450	--  	560000	100000	0.00	          0.14	  0.17	0.460	
08523	常满控股	-1.19	246650	0.415	--  	590000	5000	-1.19	          0.15	  0.62	0.415	
08308	古兜控股	1.17	242320	1.730	--  	140000	4000	0.00	          0.01	  0.19	1.770	
08426	雅居投资控股	-3.70	237990	0.208	--  	1130000	60000	0.00	          0.14	  0.61	0.216	
08485	竣球控股	0.00	236010	0.155	--  	1510000	200000	0.00	          0.15	  0.74	0.154	
08057	麦迪森控股	-0.62	226400	1.600	--  	140000	4000	0.00	          0.00	  0.07	1.610	
08183	尚捷集团控股	3.16	222375	0.490	--  	470000	395000	3.16	          0.09	  0.35	0.460	
08129	云信投资控股	0.00	219680	0.021	--  	10860000	800000	0.00	          0.37	  0.20	0.020	
08465	高科桥	-0.68	218420	2.930	--  	74000	2000	0.00	          0.03	  0.91	2.950	
08319	思博系统	0.00	215580	0.139	--  	1570000	10000	0.00	          0.20	  5.73	0.139	
08120	国农金融投资	3.85	209200	0.108	--  	1904000	100000	0.00	          0.19	  1.20	0.110	
08171	中国趋势	0.00	208272	0.010	--  	20592000	112000	0.00	          0.05	  1.61	0.010	
08377	申酉控股	-2.22	203650	0.440	--  	460000	60000	1.15	          0.06	  1.76	0.460	
08416	HM INTL HLDGS	-5.71	199200	0.660	--  	295000	15000	-1.49	          0.07	  2.29	0.650	
08245	安悦国际控股	-1.85	193475	0.053	--  	3750000	260000	0.00	          0.10	  1.65	0.052	
08407	兴证国际	-0.76	192980	1.300	--  	150000	10000	0.00	          0.00	  0.44	1.280	
08067	东方大学城控股	-0.52	186820	3.830	--  	49000	4000	0.00	          0.03	  2.55	3.820	
08172	拉近网娱	-1.41	175000	0.350	--  	500000	60000	0.00	          0.01	  0.97	0.350	
08299	大唐潼金	0.00	173796	0.015	--  	11928000	1008000	0.00	          0.05	  0.68	0.014	
08329	海王英特龙	2.60	172250	0.395	--  	450000	20000	0.00	          0.11	  1.65	0.400	
08117	中国基础能源	2.15	168100	0.950	--  	180000	80000	0.00	          0.02	  0.47	0.910	
08027	吉辉控股	0.00	166290	0.071	--  	2220000	5000	-7.79	          0.07	  6.07	0.071	
08167	中国新电信	0.58	165834	0.173	--  	970000	16000	1.76	          0.01	  0.32	0.175	
08285	森浩集团	-4.92	153550	0.290	--  	520000	5000	-1.69	          0.09	  0.25	0.295	
08455	礼建德集团	-1.76	150500	1.670	--  	90000	10000	0.00	          0.01	  0.05	1.680	
08430	春能控股	-1.59	149700	0.310	--  	485000	5000	1.64	          0.08	  0.21	0.310	
08519	JIA GROUP	1.14	149090	0.178	--  	830000	10000	-0.56	          0.10	  0.37	0.177	
08003	世大控股	-4.55	146694	0.063	--  	2408000	500000	-3.08	          0.10	  4.21	0.061	
08132	中油港燃	0.00	146300	0.054	--  	2700000	100000	0.00	          0.04	  1.67	0.054	
08411	K W NELSON GP	-1.69	144350	0.290	--  	500000	40000	0.00	          0.05	  0.49	0.295	
08163	万德金融	3.53	142940	0.088	--  	1700000	560000	6.02	          0.08	  0.73	0.085	
08126	Ｇ．Ａ．控股	1.18	136840	0.430	--  	312000	80000	0.00	          0.07	  1.16	0.430	
08395	齐家控股	-3.20	134720	0.121	--  	1100000	40000	0.00	          0.07	  0.24	0.125	
08352	成安控股	-1.41	132600	0.350	--  	380000	20000	0.00	          0.06	  0.45	0.345	
08405	恒智控股	0.00	131120	0.940	--  	140000	44000	0.00	          0.04	  0.95	0.880	
08028	天时软件	-3.77	129790	0.051	--  	2530000	300000	0.00	          0.09	  1.46	0.051	
08231	节能元件	-2.27	126430	0.215	--  	590000	80000	0.00	          0.04	  0.50	0.210	
08049	吉林长龙药业	0.64	126400	1.570	--  	80000	36000	-0.63	          0.05	  0.88	1.580	
08181	港深联合	1.32	126240	0.385	--  	328000	80000	0.00	          0.04	  0.44	0.375	
08236	宝德科技集团	0.66	122000	3.040	--  	40000	12000	-0.33	          0.07	  1.75	3.050	
08121	超凡网络	3.77	120910	0.110	--  	1130000	190000	1.85	          0.07	  4.67	0.102	
08103	万泰企业股份	6.09	119895	1.220	--  	105050	40000	-0.81	          0.07	  3.16	1.110	
08333	阿仕特朗金融	-3.28	113075	0.295	--  	375000	40000	0.00	          0.05	  1.39	0.300	
08153	科地农业	3.51	110330	0.118	--  	935000	935000	0.00	          0.05	  0.08	0.118	
08051	讯智海	-1.59	109252	12.400	--  	8920	200	0.00	          0.04	  1.76	12.600	
08383	东骏控股	-1.45	102840	0.340	--  	304000	8000	1.49	          0.04	  0.23	0.335	
08035	骏高控股	-0.40	101460	0.249	--  	420000	10000	-0.40	          0.07	  3.18	0.240	
08041	荟萃国际（控股）	-5.50	99140	0.103	--  	940000	400000	0.00	          0.01	  0.67	0.109	
08188	骏杰集团控股	-1.92	96260	0.255	--  	364000	140000	0.00	          0.07	  1.01	0.265	
08446	ITP HOLDINGS	-6.39	94500	2.930	--  	30000	10000	-6.98	          0.00	  0.12	3.150	
08009	华夏能源控股	-2.33	93765	0.042	--  	2245000	20000	0.00	          0.11	  2.97	0.041	
08191	鸿伟亚洲	0.00	93000	0.310	--  	300000	300000	0.00	          0.04	  0.37	0.310	
08072	罗马集团	0.91	91548	0.111	--  	833250	160000	0.00	          0.03	  1.36	0.110	
08340	域高金融	1.08	89750	0.470	--  	190000	40000	0.00	          0.03	  0.08	0.490	
08242	宏创高科	-1.44	87870	0.137	--  	650000	10000	1.48	          0.05	  0.64	0.138	
08222	壹照明	-5.37	86724	0.194	--  	444000	204000	-1.52	          0.10	  1.38	0.197	
08432	太平洋酒吧	-1.21	84700	0.163	--  	520000	340000	0.00	          0.06	  0.28	0.163	
08506	福纺控股	-2.76	84528	0.141	--  	600000	168000	0.00	          0.06	  0.43	0.141	
08267	蓝港互动	0.00	84455	1.150	--  	72500	10000	-1.71	          0.02	  0.21	1.150	
08481	盛龙锦秀国际	-1.06	80500	0.465	--  	180000	100000	0.00	          0.04	  0.44	0.430	
08232	CLASSIFIED GP	0.00	80200	1.150	--  	70000	65000	0.88	          0.02	  0.47	1.140	
08368	中国创意控股	-0.83	78153	0.239	--  	327000	17000	0.00	          0.02	  0.81	0.239	
08189	泰达生物	-2.33	77300	0.420	--  	180000	15000	0.00	          0.02	  0.15	0.430	
08161	医汇集团	-2.15	75240	0.091	--  	960000	10000	0.00	          0.09	  0.56	0.083	
08366	浙江联合投资	3.45	75100	0.600	--  	130000	10000	5.26	          0.01	  0.54	0.580	
08091	奥传思维控股	3.90	73850	0.160	--  	470000	10000	0.00	          0.07	  0.36	0.154	
08495	1957 & CO.	2.38	73680	0.430	--  	172000	48000	0.00	          0.05	  0.42	0.420	
08320	沛然环保	-4.49	73420	0.170	--  	430000	40000	0.00	          0.04	  3.98	0.178	
08201	宝联控股	1.75	70580	0.290	--  	244000	20000	0.00	          0.09	  2.22	0.285	
08048	御德国际控股	-1.94	69984	0.101	--  	692000	692000	0.00	          0.04	  0.40	0.102	
08301	明华科技	2.11	69920	0.970	--  	72000	16000	-1.02	          0.04	  0.24	0.980	
08290	亚势备份	3.16	69400	0.098	--  	720000	720000	0.00	          0.04	  1.53	0.094	
08480	飞霓控股	-3.61	67560	0.400	--  	168000	36000	0.00	          0.03	  0.47	0.400	
08331	飞尚非金属	0.00	65900	0.610	--  	110000	10000	1.67	          0.02	  0.08	0.580	
08192	环球能源资源	0.00	61200	0.330	--  	186000	36000	0.00	          0.02	  0.10	0.330	
08309	万成环球控股	4.48	59200	0.350	--  	170000	150000	0.00	          0.03	  0.06	0.335	
08165	华普智通	0.00	59030	0.034	--  	1790000	40000	6.25	          0.08	  0.15	0.033	
08269	富誉控股	2.86	58816	0.108	--  	534000	10000	-4.42	          0.06	  0.46	0.110	
08423	CHI HO DEV	0.85	58800	1.180	--  	50000	10000	-1.67	          0.01	  0.25	1.160	
08460	基地锦标集团	0.00	55200	0.221	--  	250000	50000	0.00	          0.03	  0.23	0.221	
08169	环康集团	20.00	53920	0.192	--  	290000	50000	-2.04	          0.04	  1.96	0.172	
08052	陆庆娱乐	3.95	51740	0.079	--  	670000	300000	1.28	          0.04	  0.15	0.074	
08006	华泰瑞银	-3.29	51200	0.206	--  	240650	10000	-4.19	          0.06	  0.97	0.214	
08033	爱达利网络	1.79	50650	0.285	--  	180000	50000	0.00	          0.03	  0.76	0.280	
08119	即时科研	-1.54	50500	0.640	--  	80000	50000	1.59	          0.03	  1.64	0.640	
08116	中国幸福投资	4.17	49260	0.075	--  	660000	200000	0.00	          0.02	  2.48	0.072	
08491	COOL LINK	-1.15	48475	0.430	--  	115000	10000	0.00	          0.02	  0.09	0.415	
08493	龙皇集团	-3.16	47124	0.184	--  	252000	12000	0.00	          0.02	  0.19	0.190	
08355	超智能控股	0.00	46750	0.340	--  	140000	30000	0.00	          0.01	  0.39	0.325	
08431	浩柏国际	0.00	46250	0.185	--  	250000	250000	0.00	          0.02	  0.17	0.185	
08501	庄皇集团公司	-1.99	44420	1.480	--  	30000	2000	0.00	          0.01	  0.64	1.490	
08296	中国生命集团	0.00	43940	0.295	--  	148000	4000	1.72	          0.02	  0.08	0.295	
08310	大丰港	0.00	40400	0.630	--  	60000	20000	1.61	          0.00	  0.37	0.700	
08280	中国数字视频	2.82	39820	0.730	--  	56000	2000	-1.35	          0.01	  0.99	0.710	
08220	比高集团	0.00	39680	0.062	--  	640000	240000	0.00	          0.02	  0.63	0.061	
08409	海鑫集团	-2.33	38700	0.420	--  	90000	20000	-2.33	          0.01	  0.61	0.430	
08385	万里印刷	1.54	38670	0.330	--  	123000	10000	0.00	          0.02	  0.13	0.310	
08112	基石金融	3.56	38280	0.233	--  	168000	72000	4.02	          0.01	  0.11	0.225	
08251	优越集团控股	1.35	37400	0.750	--  	50000	40000	0.00	          0.01	  0.30	0.740	
08157	象兴国际	1.64	37200	0.310	--  	120000	20000	0.00	          0.01	  0.16	0.310	
08375	弘浩国际控股	-3.41	35860	0.198	--  	180000	110000	0.00	          0.02	  0.82	0.205	
08152	明梁控股	0.00	34850	0.290	--  	120000	30000	0.00	          0.02	  0.69	0.290	
08509	威扬酒业控股	-4.11	33720	0.700	--  	48000	4000	0.00	          0.01	  0.11	0.700	
08311	圆美光电	2.99	33700	0.345	--  	100000	100000	-1.43	          0.01	  0.46	0.330	
08109	麒麟集团控股	0.00	33612	0.017	--  	1977000	15000	0.00	          0.04	  0.16	0.017	
08272	华人饮食集团	6.25	32560	0.017	--  	2040000	20000	6.25	          0.06	  0.27	0.015	
08268	迪臣建设	0.00	32066	0.198	--  	162000	2000	0.00	          0.02	  0.63	0.198	
08239	首都金融控股	-2.00	31225	0.098	--  	332800	60000	5.38	          0.03	  0.99	0.093	
08123	华亿金控	0.00	30660	0.070	--  	438000	84000	0.00	          0.01	  0.38	0.070	
08295	中植资本国际	-4.04	29440	0.190	--  	160000	20000	0.00	          0.00	  0.41	0.178	
08278	CMON	0.00	27500	0.250	--  	110000	40000	0.00	          0.01	  0.24	0.250	
08179	新煮意控股	-0.54	25601	0.184	--  	141600	24000	-0.54	          0.01	  0.16	0.180	
08362	运兴泰集团	0.79	25400	0.127	--  	200000	200000	0.00	          0.01	  0.10	0.127	
08031	易通讯集团	-2.41	22680	0.810	--  	28000	28000	0.00	          0.01	  0.43	0.810	
08277	骏东控股	-4.35	20220	0.660	--  	32000	2000	0.00	          0.01	  0.31	0.630	
08045	南大苏富特	-1.87	19260	0.210	--  	96000	6000	0.00	          0.02	  0.64	0.200	
08088	海汇国际科技	-3.57	18144	0.027	--  	672000	576000	0.00	          0.01	  0.32	0.027	
08203	凯顺能源	0.00	16800	0.280	--  	60000	60000	0.00	          0.01	  0.32	0.280	
08230	中国宇天	0.00	16650	0.490	--  	35000	10000	0.00	          0.00	  0.28	0.475	
08246	北方新能源	0.00	16320	0.255	--  	64000	64000	0.00	          0.00	  0.02	0.255	
08221	PF GROUP	4.83	14480	0.152	--  	100000	20000	6.29	          0.01	  0.21	0.143	
08155	南华资产控股	2.00	12448	0.051	--  	272000	16000	0.00	          0.00	  0.36	0.047	
08346	创新电子控股	0.00	12250	0.310	--  	40000	30000	1.64	          0.01	  0.03	0.310	
08317	财华社集团	0.00	11640	0.860	--  	14000	2000	0.00	          0.00	  0.38	0.820	
08213	新智控股	-1.28	10570	0.077	--  	150000	10000	0.00	          0.00	  0.21	0.070	
08270	中国煤层气	0.00	9280	0.068	--  	140000	40000	1.49	          0.01	  1.13	0.067	
08093	万星控股	0.58	8650	1.730	--  	5000	5000	0.58	          0.00	  0.10	--  	
08476	大洋环球控股	-1.39	8560	0.710	--  	12000	10000	0.00	          0.00	  0.07	0.730	
08218	毅高国际控股	0.00	7480	0.187	--  	40000	40000	0.00	          0.00	  0.28	0.187	
08125	仁德资源	0.00	7200	0.450	--  	16000	16000	0.00	          0.00	  0.15	0.450	
08066	品创控股	-3.27	7160	0.148	--  	50000	5000	0.00	          0.01	  0.82	0.148	
08080	北亚策略	0.00	7153	0.130	--  	58200	2200	0.00	          0.00	  0.21	0.122	
08243	大贺传媒	-2.63	5550	0.370	--  	15000	15000	0.00	          0.01	  0.15	0.370	
08070	侨洋国际控股	-1.79	5500	0.550	--  	10000	10000	0.00	          0.01	  0.04	0.550	
08252	泰和小贷	4.62	5120	2.490	--  	2000	2000	-2.73	          0.00	  0.16	2.560	
08020	宏海控股集团	5.79	3740	0.128	--  	30000	10000	4.07	          0.00	  0.07	0.123	
08286	长城微光	14.04	3225	0.325	--  	10000	5000	-2.99	          0.01	  0.08	0.310	
08098	昌利控股	1.33	3040	0.152	--  	20000	20000	0.00	          0.00	  0.16	0.152	
08186	同仁资源	0.00	27	0.077	--  	400	400	0.00	          0.00	  0.00	--  	
08149	浩德控股	0.00	0	0.330	--  	0	0	0.00	          0.00	  0.00	--  	
08139	长安仁恒	0.00	0	3.200	--  	0	0	0.00	          0.00	  0.00	--  	
08122	德莱建业	--  	0	0.000	--  	0	0	--  	--  	  0.00	--  	
08115	上海青浦消防	0.00	0	0.640	--  	0	0	0.00	          0.00	  0.00	--  	
08111	中科光电	0.00	0	0.080	--  	0	0	0.00	          0.00	  0.00	--  	
08106	升华兰德	0.00	0	0.390	--  	0	0	0.00	          0.00	  0.00	--  	
08092	ITE HOLDINGS	0.00	0	0.083	--  	0	0	0.00	          0.00	  0.00	--  	
08079	易还财务投资	0.00	0	0.580	--  	0	0	0.00	          0.00	  0.00	--  	
08077	昆仑国际金融	--  	0	0.000	--  	0	0	--  	--  	  0.00	--  	
08069	纵横游控股	0.00	0	0.820	--  	0	0	0.00	          0.00	  0.00	--  	
08063	环球大通集团	0.00	0	0.104	--  	0	0	0.00	          0.00	  0.00	--  	
08060	国联通信	-1.43	0	0.138	--  	0	0	0.00	          0.00	  0.00	--  	
08053	比优集团	0.00	0	0.570	--  	0	0	0.00	          0.00	  0.00	--  	
08038	金力集团	--  	0	0.000	--  	0	0	--  	--  	  0.00	--  	
08019	皓文控股	0.00	0	0.101	--  	0	0	0.00	          0.00	  0.00	--  	
08016	长虹佳华	0.00	0	0.820	--  	0	0	0.00	          0.00	  0.00	--  	
08012	环宇物流（亚洲）	--  	0	0.000	--  	0	0	--  	--  	  0.00	--  	
08008	新意网集团	--  	0	0.000	--  	0	0	--  	--  	  0.00	--  	
08595	御德国际控股股权	--  	0	0.000	--  	0	0	--  	--  	  0.00	--  	
08593	西安海天天四千	--  	0	0.000	--  	0	0	--  	--  	--  	--  	
08592	罗马集团股权	--  	0	0.000	--  	0	0	--  	--  	  0.00	--  	
08591	罗马集团（旧）	--  	0	0.000	--  	0	0	--  	--  	  0.00	--  	
08590	L&A INTL-OLD	--  	0	0.000	--  	0	0	--  	--  	  0.00	--  	
08472	立高控股	1.67	0	0.610	--  	0	0	0.00	          0.00	  0.00	--  	
08452	富银融资股份	0.00	0	1.220	--  	0	0	0.00	          0.00	  0.00	--  	
08442	桦欣控股	0.00	0	9.250	--  	0	0	0.00	          0.00	  0.00	--  	
08428	国茂控股	-1.22	0	0.243	--  	0	0	0.00	          0.00	  0.00	--  	
08370	智升集团控股	0.00	0	1.000	--  	0	0	0.00	          0.00	  0.00	--  	
08369	立基工程控股	--  	0	0.000	--  	0	0	--  	--  	  0.00	--  	
08363	SDM GROUP	0.00	0	0.375	--  	0	0	0.00	          0.00	  0.00	--  	
08353	安科系统	0.00	0	0.580	--  	0	0	0.00	          0.00	  0.00	--  	
08348	滨海泰达物流	0.00	0	1.140	--  	0	0	0.00	          0.00	  0.00	--  	
08345	火岩控股	0.00	0	5.950	--  	0	0	0.00	          0.00	  0.00	--  	
08343	宏光照明	0.00	0	0.850	--  	0	0	0.00	          0.00	  0.00	--  	
08341	艾硕控股	0.00	0	2.700	--  	0	0	0.00	          0.00	  0.00	--  	
08316	柏荣集团控股	0.00	0	1.600	--  	0	0	0.00	          0.00	  0.00	--  	
08306	中国有色金属	0.00	0	0.201	--  	0	0	0.00	          0.00	  0.00	--  	
08297	芭迪贝伊	0.00	0	0.255	--  	0	0	0.00	          0.00	  0.00	--  	
08293	星亚控股	--  	0	0.000	--  	0	0	--  	          0.00	  0.00	--  	
08282	智傲控股	0.00	0	1.100	--  	0	0	0.00	          0.00	  0.00	--  	
08273	浙江展望	0.00	0	1.350	--  	0	0	0.00	          0.00	  0.00	--  	
08271	环球数码创意	0.00	0	0.249	--  	0	0	0.00	          0.00	  0.00	--  	
08262	宏强控股	1.28	0	0.395	--  	0	0	0.00	          0.00	  0.00	--  	
08261	海天能源	--  	0	0.000	--  	0	0	--  	--  	  0.00	--  	
08258	西北实业	0.00	0	0.230	--  	0	0	0.00	          0.00	  0.00	--  	
08249	瑞远智控	0.00	0	0.216	--  	0	0	0.00	          0.00	  0.00	--  	
08235	赛迪顾问	0.00	0	0.285	--  	0	0	0.00	          0.00	  0.00	--  	
08233	中国基建港口	--  	0	0.000	--  	0	0	--  	--  	  0.00	--  	
08215	FIRST CREDIT	0.00	0	0.108	--  	0	0	0.00	          0.00	  0.00	--  	
08212	誉满国际控股	0.00	0	0.170	--  	0	0	0.00	          0.00	  0.00	--  	
08211	浙江永安	0.00	0	0.220	--  	0	0	0.00	          0.00	  0.00	--  	
08206	神通机器人教育	0.00	0	0.370	--  	0	0	0.00	          0.00	  0.00	--  	
08205	交大慧谷	0.00	0	0.310	--  	0	0	0.00	          0.00	  0.00	--  	
08197	北斗嘉药业	0.00	0	0.410	--  	0	0	0.00	          0.00	  0.00	--  	
08196	建禹集团	0.00	0	4.720	--  	0	0	0.00	          0.00	  0.00	--  	
08190	康佰控股	0.00	0	0.061	--  	0	0	0.00	          0.00	  0.00	--  	
08182	中国糖果	0.00	0	0.113	--  	0	0	0.00	          0.00	  0.00	--  	
08173	万亚企业控股	0.00	0	0.027	--  	0	0	0.00	          0.00	  0.00	--  	
08162	港银控股	0.00	0	0.500	--  	0	0	0.00	          0.00	  0.00	--  	
08159	辉煌科技	-3.19	0	0.455	--  	0	0	0.00	          0.00	  0.00	--  	
08150	无缝绿色	0.00	0	0.115	--  	0	0	0.00	          0.00	  0.00	--  	
数据来源:通达信
