代码	名称	涨幅%%	总金额	涨跌	买价	卖价	总量	现量	涨速%%	换手%%	今开	
00700	腾讯控股	1.08	11506629632	5.000	468.600	468.800	24702582	1595400	-0.09	          0.26	459.200	
02318	中国平安	3.43	6215868928	2.950	88.950	89.000	70543032	2482000	-0.11	          0.95	85.300	
600519	贵州茅台	2.70	4161645824	19.59	746.46	746.50	56149	3	0.01	          0.45	728.02	
603993	洛阳钼业	3.61	3393773312	0.33	9.47	9.48	3607247	293	0.53	          2.78	9.32	
002340	格林美	6.98	3274257664	0.53	8.12	8.13	4065839	31349	0.00	         13.06	7.88	
603799	华友钴业	2.76	3261363200	3.55	132.10	132.19	247423	7	0.33	          4.22	133.00	
300059	东方财富	3.96	3004622592	0.60	15.75	15.76	1959779	40991	0.13	          6.15	15.00	
000858	五 粮 液	3.24	2897588992	2.45	78.00	78.01	373404	3103	0.01	          0.98	75.68	
600887	伊利股份	2.07	2053731328	0.65	32.03	32.04	645868	37	0.06	          1.07	31.30	
601933	永辉超市	4.19	1521741952	0.44	10.93	10.94	1402694	142	0.09	          2.16	10.51	
02007	碧桂园	3.94	1260621952	0.600	15.820	15.840	81219800	1865000	-0.25	          0.37	15.100	
002694	顾地科技	10.02	1087155328	1.26	13.83	--  	824587	7853	0.00	         16.67	12.40	
600276	恒瑞医药	3.48	1023656768	2.78	82.69	82.70	124889	7	0.00	          0.44	79.57	
002137	麦达数字	7.14	1022140224	0.72	10.79	10.80	967121	9827	0.19	         33.27	10.34	
03333	中国恒大	6.78	942684096	1.650	26.000	26.050	37275816	4979000	0.78	          0.28	24.000	
000789	万年青	1.84	938022784	0.23	12.74	12.75	739305	9913	0.16	         12.05	12.68	
01918	融创中国	5.30	913351744	1.600	31.800	31.850	29247664	608000	0.00	          0.66	30.550	
600740	山西焦化	1.61	906925440	0.21	13.24	13.25	693305	27	0.08	         10.56	12.72	
02601	中国太保	3.08	900332288	1.200	40.100	40.150	22542632	1352600	-0.50	          0.81	38.600	
601699	潞安环能	1.85	879937472	0.22	12.09	12.10	737956	50	0.17	          2.47	11.80	
000795	英洛华	2.79	843244480	0.18	6.63	6.64	1291968	7646	0.15	         18.84	6.37	
002074	国轩高科	2.65	806906112	0.60	23.20	23.21	349191	2975	0.09	          5.53	22.40	
600019	宝钢股份	0.10	768466752	0.01	9.53	9.54	809777	82	0.21	          0.37	9.48	
002742	三圣股份	5.48	724632256	1.32	25.40	25.41	286022	4520	-0.07	         10.72	24.11	
002202	金风科技	2.99	714335616	0.55	18.91	18.92	379697	4025	0.11	          1.35	18.25	
03993	洛阳钼业	2.41	689445184	0.160	6.790	6.800	100503040	1380000	-0.29	          2.56	6.630	
600348	阳泉煤业	2.12	683898816	0.19	9.14	9.15	757009	124	0.00	          3.15	8.85	
601088	中国神华	0.38	645684032	0.09	23.58	23.59	275432	57	0.13	          0.17	23.35	
002184	海得控制	-3.64	620253376	-0.69	18.25	18.26	346416	4963	0.94	         25.50	18.10	
000568	泸州老窖	2.57	613681536	1.55	61.79	61.80	99042	506	0.23	          0.71	60.14	
600874	创业环保	2.03	584230528	0.27	13.55	13.56	425862	6	0.44	          3.92	13.29	
601111	中国国航	0.46	567749760	0.06	13.20	13.23	441339	288	0.85	          0.47	12.87	
603619	中曼石油	5.88	554129728	2.17	39.08	39.09	146490	3	-0.07	         36.62	36.11	
600809	山西汾酒	5.02	538029952	2.80	58.60	58.61	92752	8	0.09	          1.07	55.99	
000151	中成股份	10.01	533849504	1.34	14.73	--  	373097	220	0.00	         14.00	14.05	
002922	伊戈尔	9.99	501533056	2.64	29.06	--  	182712	229	0.00	         55.37	26.27	
00884	旭辉控股集团	5.88	495431808	0.400	7.180	7.200	68890088	1308000	0.56	          0.91	6.900	
002601	龙蟒佰利	1.07	495407552	0.20	18.91	18.92	262907	5451	0.16	          3.91	18.58	
600405	动力源	3.03	455143840	0.21	7.13	7.14	646789	58	0.28	         11.69	6.93	
600176	中国巨石	1.47	445593760	0.25	17.22	17.23	259532	205	0.12	          0.89	16.95	
300731	科创新源	7.25	437522272	2.41	35.64	35.66	125567	696	-0.16	         57.08	33.90	
600970	中材国际	2.09	422653408	0.21	10.27	10.28	416431	147	0.29	          2.47	9.99	
01113	长实集团	1.23	420783424	0.850	69.850	69.900	6057924	929500	0.07	          0.16	69.500	
300672	国科微	5.44	418874816	3.29	63.79	63.80	66538	853	0.65	         23.81	61.13	
600122	宏图高科	4.63	396221664	0.41	9.25	9.27	432857	382	0.22	          3.74	8.99	
000791	甘肃电投	5.54	392911456	0.41	7.81	7.82	500867	5103	0.00	          5.16	7.90	
000338	潍柴动力	0.95	391325408	0.08	8.47	8.48	463443	6100	0.00	          1.07	8.36	
300511	雪榕生物	6.61	389383008	1.60	25.75	25.80	147383	1076	0.55	         14.78	26.62	
603367	辰欣药业	5.50	387672928	1.14	21.83	21.84	179502	8	-0.35	         17.95	20.68	
002367	康力电梯	9.98	377381344	0.91	10.03	--  	379432	93	0.00	          7.30	9.42	
000799	酒鬼酒	4.17	371515072	1.01	25.20	25.21	148207	1609	0.16	          4.56	24.55	
002475	立讯精密	1.26	358104832	0.32	25.61	25.62	139412	1468	0.00	          0.44	25.35	
002428	云南锗业	2.67	356537760	0.32	12.30	12.31	289327	1633	0.08	          4.49	11.86	
002080	中材科技	4.42	355459392	0.99	23.37	23.38	154315	2110	0.21	          3.86	22.60	
03323	中国建材	0.12	343142464	0.010	8.350	8.360	41046904	1064000	0.00	          1.43	8.300	
600600	青岛啤酒	0.96	330926144	0.39	41.23	41.24	79757	14	0.07	          1.15	40.68	
002320	海峡股份	0.28	311212800	0.08	28.65	28.66	109300	1109	0.17	          5.28	28.16	
00293	国泰航空	4.64	305413920	0.640	14.400	14.420	21154484	833000	-0.28	          0.54	14.160	
02208	金风科技	3.25	304116512	0.460	14.600	14.620	21124140	17000	0.27	          3.25	13.960	
02328	中国财险	1.35	301290816	0.220	16.520	16.540	18306498	1480000	-0.24	          0.40	16.180	
01030	新城发展控股	3.91	298276864	0.270	7.160	7.170	42156000	1010000	0.14	          0.71	7.010	
600623	华谊集团	3.26	291757184	0.36	11.40	11.42	259637	251	0.35	          2.78	11.02	
600660	福耀玻璃	0.97	284187520	0.26	26.94	26.95	105833	8	0.19	          0.53	26.60	
600779	水井坊	0.73	281707936	0.33	45.71	45.72	60765	12	0.15	          1.24	45.41	
002629	仁智股份	9.89	281074624	0.75	8.33	8.34	347466	1744	0.00	         10.09	7.37	
002086	东方海洋	4.74	260662176	0.50	11.04	11.05	242619	2172	0.45	          5.10	10.55	
002431	棕榈股份	2.39	253260960	0.18	7.71	7.72	324738	2426	0.13	          2.80	7.70	
603589	口子窖	3.57	246605392	1.62	47.00	47.01	52755	6	-0.08	          1.80	45.00	
600213	亚星客车	9.97	245398960	0.94	10.37	--  	241853	10	0.00	         10.99	9.49	
06869	长飞光纤光缆	2.56	243791728	1.000	39.950	40.000	6115501	120000	0.00	          1.74	39.000	
00665	海通国际	2.91	240953808	0.150	5.300	5.310	45726676	1071000	0.19	          0.83	5.190	
603288	海天味业	3.60	238226960	2.09	60.01	60.07	40071	4	0.15	          0.15	57.95	
000613	大东海A	10.06	238147744	0.84	9.19	--  	259188	85	0.00	          9.76	9.19	
000155	川化股份	0.96	234862432	0.07	7.38	7.39	317988	5605	0.00	          3.39	7.30	
002249	大洋电机	1.75	229817808	0.12	6.98	6.99	325817	2344	-0.13	          2.39	6.94	
002611	东方精工	2.05	227926240	0.30	14.95	14.96	154141	1901	0.20	          4.37	14.55	
600962	国投中鲁	10.05	225515472	1.02	11.17	--  	209616	12	0.00	          8.25	9.80	
02899	紫金矿业	1.03	223840112	0.040	3.920	3.930	56869380	1396000	0.51	          0.99	3.850	
300228	富瑞特装	2.25	219092432	0.23	10.47	10.48	206731	2634	0.00	          5.15	10.35	
600691	阳煤化工	3.15	217098832	0.11	3.60	3.61	596114	168	0.00	          3.39	3.56	
00354	中国软件国际	0.30	216022128	0.020	6.580	6.600	32616244	132000	0.15	          1.36	6.580	
600398	海澜之家	0.08	214843712	0.01	12.37	12.38	173712	1	0.41	          0.39	12.32	
002409	雅克科技	9.99	211087248	2.40	26.42	--  	80885	9	0.00	          4.42	25.01	
000826	启迪桑德	0.75	200567248	0.22	29.51	29.52	67536	282	-0.02	          0.80	29.55	
600559	老白干酒	3.59	200218032	0.93	26.82	26.83	75434	2	0.30	          2.16	25.80	
600146	商赢环球	2.89	199164432	0.79	28.05	28.12	71651	3	0.57	          3.58	27.18	
01128	永利澳门	1.22	193606944	0.350	29.050	29.100	6649260	647600	0.17	          0.13	28.350	
002734	利民股份	5.45	189718256	1.35	26.12	26.13	73623	638	-0.07	          6.02	24.98	
600295	鄂尔多斯	2.64	189278720	0.34	13.24	13.25	144596	64	-0.22	          2.36	12.72	
002733	雄韬股份	5.89	188809056	0.86	15.46	15.47	121747	1055	0.06	          3.91	14.90	
600202	哈空调	3.30	184126928	0.27	8.41	8.42	215958	2	0.12	          5.63	8.18	
00753	中国国航	2.64	181126688	0.300	11.660	11.680	15681118	242000	-0.17	          0.34	11.300	
002631	德尔未来	3.73	171805104	0.36	10.01	10.02	175102	2676	0.10	          2.71	9.50	
601163	三角轮胎	1.54	168939680	0.28	18.46	18.47	90953	3	-0.04	          3.24	18.28	
002088	鲁阳节能	10.04	167852496	1.36	14.91	--  	112602	28	0.00	          5.38	14.91	
002136	安 纳 达	0.25	166224944	0.04	16.04	16.05	104375	2072	0.00	          4.89	15.97	
600702	舍得酒业	0.95	160296272	0.39	41.28	41.29	38641	1	0.22	          1.15	40.65	
002648	卫星石化	1.73	153410448	0.30	17.60	17.61	87455	1432	0.28	          1.09	17.35	
600727	鲁北化工	2.02	151290768	0.19	9.57	9.59	160462	22	0.21	          4.57	9.30	
00002	中电控股	0.13	150926752	0.100	78.800	78.900	1917681	430500	0.06	          0.08	78.500	
600686	金龙汽车	1.01	149651824	0.14	13.97	13.98	106054	10	0.22	          2.40	13.79	
603816	顾家家居	2.16	146940832	1.38	65.25	65.39	22584	1	-0.07	          2.53	64.12	
002727	一心堂	3.02	146413280	0.76	25.94	25.95	56969	908	0.04	          2.13	25.18	
000797	中国武夷	3.97	146246256	0.37	9.70	9.71	148493	1113	0.21	          1.49	9.37	
300655	晶瑞股份	0.03	143612672	0.01	30.56	30.58	48456	1270	0.56	         21.96	30.01	
002066	瑞泰科技	9.97	142681424	0.95	10.48	--  	142211	79	0.00	          6.16	9.51	
01966	中骏置业	3.35	142163040	0.140	4.310	4.320	33421296	958000	0.23	          0.87	4.280	
01313	华润水泥控股	2.76	142019120	0.180	6.680	6.690	21374850	586000	0.30	          0.33	6.510	
00123	越秀地产	1.58	140551168	0.030	1.920	1.930	73321664	850000	0.00	          0.59	1.890	
002458	益生股份	2.87	140501120	0.41	14.68	14.69	97458	2644	0.27	          5.58	14.15	
00551	裕元集团	3.70	139729168	1.200	33.600	33.650	4188800	355000	-0.15	          0.25	32.700	
03799	达利食品	0.53	138292960	0.040	7.510	7.520	18375500	1541500	-0.27	          0.13	7.490	
002127	南极电商	1.46	137927504	0.23	15.92	15.93	86988	1067	0.31	          0.90	15.40	
600139	西部资源	2.72	134759072	0.17	6.43	6.44	212249	52	0.16	          3.21	6.17	
002578	闽发铝业	5.74	130400800	0.27	4.97	4.98	265079	4107	-0.19	          4.85	4.69	
00178	莎莎国际	3.07	129243576	0.130	4.360	4.370	29942612	962000	0.23	          0.99	4.230	
000729	燕京啤酒	0.90	123705272	0.07	7.82	7.83	157813	2734	0.00	          0.63	7.71	
002639	雪人股份	3.81	122793592	0.30	8.16	8.17	149799	1375	0.12	          3.42	7.93	
600192	长城电工	9.95	120230320	0.56	6.19	--  	197186	3	0.00	          4.46	5.73	
002116	中国海诚	3.96	119671568	0.37	9.72	9.73	123938	1087	0.10	          2.98	9.32	
000596	古井贡酒	1.29	116860152	0.82	64.47	64.48	18091	314	-0.21	          0.47	63.40	
600229	城市传媒	3.33	116298496	0.29	8.99	9.00	130142	72	-0.32	          3.03	8.65	
03883	中国奥园	2.44	114401816	0.170	7.130	7.150	15973580	290000	0.00	          0.60	7.020	
600729	重庆百货	1.93	113450872	0.50	26.29	26.36	43312	2	0.61	          1.07	25.72	
01339	中国人民保险集团	1.17	111784544	0.050	4.340	4.350	25855072	1581000	-0.23	          0.30	4.270	
01788	国泰君安国际	3.66	110994728	0.090	2.540	2.550	44059616	2906000	-0.78	          0.57	2.450	
601001	大同煤业	0.99	110671600	0.06	6.10	6.11	182348	222	0.16	          1.09	6.04	
00771	自动系统	20.65	109395832	0.320	--  	--  	60258520	10000	0.54	          8.99	1.580	
00574	百信国际	3.45	108546264	0.020	--  	--  	178578000	100000	3.45	         16.77	0.570	
600303	曙光股份	1.35	107869304	0.11	8.26	8.27	129571	100	0.12	          2.09	8.14	
02338	潍柴动力	1.95	106908360	0.170	8.880	8.890	12032267	653000	0.00	          0.62	8.790	
00817	中国金茂	1.24	104663360	0.060	4.910	4.920	21413462	616000	0.00	          0.18	4.830	
00656	复星国际	0.82	104292680	0.140	17.240	17.260	6095749	778000	0.00	          0.07	17.020	
02588	中银航空租赁	5.74	102762968	2.500	46.000	46.050	2247554	50400	0.00	          0.32	44.750	
300351	永贵电器	3.90	101826360	0.53	14.11	14.12	73005	918	0.36	          3.07	13.45	
002687	乔治白	0.69	101732792	0.05	7.27	7.28	140365	1144	-0.13	          4.39	7.08	
00570	中国中药	3.75	101411472	0.200	5.510	5.530	18472800	256000	0.55	          0.42	5.310	
000953	*ST河化	4.94	98704400	0.40	8.49	--  	117590	1232	0.00	          4.00	8.08	
002125	湘潭电化	3.93	98023000	0.38	10.05	10.06	97296	1695	0.20	          3.76	9.73	
02303	恒兴黄金	0.36	97489448	0.040	--  	--  	8678000	2000	0.00	          0.94	11.160	
600273	嘉化能源	0.55	97009904	0.05	9.15	9.16	105938	55	0.11	          0.81	9.10	
00581	中国东方集团	1.03	95997696	0.060	5.910	5.920	16208000	142000	-0.17	          0.44	5.770	
01888	建滔积层板	2.92	92554112	0.460	16.160	16.200	5774000	76500	0.50	          0.19	15.500	
01660	善乐国际	21.53	90603048	0.310	--  	--  	53992000	32000	-1.69	          4.36	1.440	
02362	金川国际	2.01	89856256	0.040	--  	--  	44379000	22000	0.00	          0.92	2.030	
00877	昂纳科技集团	8.75	88681592	0.490	--  	--  	14988000	5000	0.16	          1.87	5.600	
02799	中国华融	0.27	87887672	0.010	3.700	3.710	23777896	1671000	0.00	          0.09	3.670	
300191	潜能恒信	1.09	86783760	0.23	21.25	21.26	41069	924	0.24	          1.98	20.80	
01233	时代中国控股	1.35	85950584	0.160	--  	--  	7228000	2000	-0.17	          0.39	11.620	
601015	陕西黑猫	0.46	85949208	0.04	8.68	8.69	99575	11	0.35	          1.07	8.55	
000673	当代东方	0.31	83578968	0.05	16.20	16.21	51845	1600	0.31	          1.24	16.28	
000720	新能泰山	3.39	83304960	0.15	4.56	4.57	179955	1497	0.44	          2.08	4.54	
00148	建滔化工	3.19	83218264	1.350	43.600	43.650	1920539	118500	-0.11	          0.18	41.750	
00874	白云山	3.06	83095816	0.700	23.550	23.600	3592000	54000	-0.42	          1.63	22.500	
00384	中国燃气	2.10	82504536	0.500	24.350	24.400	3394616	284600	-0.61	          0.07	23.900	
600546	山煤国际	2.53	81579752	0.12	4.86	4.87	168930	9	0.21	          0.85	4.72	
02098	卓尔集团	1.00	81274384	0.090	9.080	9.110	8982000	10000	0.22	          0.08	9.040	
00119	保利置业集团	1.88	80334808	0.080	4.340	4.350	18685230	230000	-0.23	          0.51	4.220	
01212	利福国际	1.91	80055576	0.240	12.780	12.820	6255000	69500	0.31	          0.39	12.600	
002685	华东重机	0.86	78958376	0.09	10.54	10.55	74887	1015	0.00	          1.34	10.44	
603269	海鸥股份	1.15	77943272	0.48	41.65	41.96	18811	4	0.53	          8.23	41.70	
000903	云内动力	0.61	76659984	0.02	3.31	3.32	232423	1514	-0.29	          1.34	3.26	
000993	闽东电力	1.72	75573664	0.13	7.68	7.69	97609	1274	0.00	          2.62	7.73	
00128	安宁控股	12.20	74782800	0.100	--  	--  	84008000	16000	0.00	          5.09	0.820	
002480	新筑股份	1.55	74278464	0.11	7.21	7.22	103088	861	-0.13	          1.61	7.10	
00836	华润电力	0.72	74126600	0.100	13.980	14.000	5291476	1072000	-0.29	          0.11	13.900	
03908	中金公司	0.84	73183744	0.140	16.800	16.820	4363600	56000	0.00	          0.29	16.440	
01061	亿胜生物科技	14.49	73084936	1.210	--  	--  	8122000	2000	0.53	          1.44	8.250	
002633	申科股份	4.35	71483560	0.45	10.78	10.79	67312	1991	0.37	          7.72	10.48	
300174	元力股份	4.68	71233816	1.47	32.83	32.89	21704	481	-0.23	          0.99	31.80	
600462	九有股份	3.52	70661840	0.16	4.71	4.72	154684	288	0.86	          2.90	4.51	
600508	上海能源	0.90	66690544	0.11	12.37	12.38	54053	5	0.24	          0.75	12.25	
03301	融信中国	1.22	65451744	0.160	13.240	13.280	5003000	11000	0.46	          0.33	13.100	
002234	民和股份	1.58	65216600	0.18	11.56	11.57	57382	1531	0.17	          2.78	11.38	
00012	恒基地产	0.29	65158432	0.150	51.950	52.050	1255710	424000	0.19	          0.03	51.350	
002706	良信电器	2.08	59997324	0.23	11.29	11.30	53364	397	0.00	          1.45	10.99	
00405	越秀房产信托基金	2.43	59909096	0.130	--  	--  	11036075	72000	0.00	--  	5.350	
03377	远洋集团	2.26	59401792	0.130	5.870	5.880	10132156	791500	-0.34	          0.13	5.750	
600006	东风汽车	1.54	59194960	0.08	5.26	5.27	112518	66	0.19	          0.56	5.20	
600885	宏发股份	3.05	59182740	1.38	46.61	46.64	12854	27	-0.01	          0.24	45.31	
600073	上海梅林	1.50	58566500	0.11	7.43	7.44	78436	30	-0.12	          0.84	7.37	
600997	开滦股份	0.50	58003152	0.03	6.05	6.06	96307	32	-0.15	          0.78	5.97	
00751	创维数码	1.63	57764528	0.060	3.750	3.760	15524000	608000	0.54	          0.51	3.710	
300497	富祥股份	2.22	57438624	1.00	45.98	45.99	12596	393	0.26	          2.14	44.98	
600162	香江控股	0.94	57132420	0.03	3.21	3.22	177346	99	0.00	          0.75	3.20	
00242	信德集团	9.63	56590720	0.310	3.530	3.540	16535306	156000	0.86	          0.55	3.240	
01638	佳兆业集团	2.17	55952420	0.090	4.210	4.240	13347000	41000	0.47	          0.22	4.170	
601127	小康股份	0.30	55261028	0.06	19.85	19.86	27800	75	0.20	          1.54	19.70	
03319	雅生活服务	0.18	54813148	0.020	--  	--  	4899910	3500	0.00	          1.13	11.020	
00338	上海石油化工股份	2.11	54181252	0.100	4.840	4.850	11307000	544000	-0.41	          0.32	4.680	
002162	悦心健康	0.42	54058164	0.02	4.76	4.77	111748	1436	0.21	          1.31	4.93	
002286	保龄宝	2.21	52879396	0.24	11.11	11.12	47911	573	0.00	          1.46	10.86	
603859	能科股份	0.50	51416064	0.10	20.08	20.09	25733	2	0.00	          5.16	19.95	
603919	金徽酒	2.71	50581504	0.47	17.81	17.82	28783	20	0.00	          2.48	17.30	
00670	中国东方航空股份	0.46	50558024	0.030	6.530	6.540	7758000	34000	0.00	          0.17	6.590	
08101	壹家壹品	41.79	49850040	0.084	--  	--  	199296000	40000	7.55	          6.89	0.202	
002201	九鼎新材	2.92	47348868	0.29	10.22	10.23	46719	1395	0.29	          1.50	9.93	
600992	贵绳股份	0.19	47144580	0.02	10.63	10.64	43305	50	0.19	          1.77	10.48	
03900	绿城中国	0.62	44898448	0.080	12.920	12.940	3472535	223000	0.31	          0.16	12.700	
03360	远东宏信	0.38	42358632	0.030	7.890	7.900	5364062	626000	0.00	          0.14	7.850	
01302	先健科技	1.85	41684220	0.040	2.190	2.200	18966000	292000	0.00	          0.44	2.150	
02222	雷士照明	6.67	41307700	0.060	--  	--  	41900000	28000	0.00	          1.17	0.920	
002678	珠江钢琴	2.51	41231100	0.27	11.03	11.04	37823	464	0.09	          0.40	10.65	
03311	中国建筑国际	0.37	40776680	0.040	10.760	10.780	3790803	908000	-0.55	          0.08	10.700	
02768	佳源国际控股	0.40	39966760	0.040	10.000	10.020	3998000	16000	0.00	          0.16	9.990	
00168	青岛啤酒股份	0.34	39949300	0.150	43.650	43.700	914000	68000	-0.11	          0.14	43.550	
600387	海越股份	0.79	39893648	0.07	8.90	8.91	45333	3	0.68	          1.18	8.73	
06158	正荣地产	3.61	38585800	0.180	--  	--  	7440000	4000	-0.19	          0.18	4.980	
000403	ST生化	3.67	37545408	1.13	31.93	31.99	11919	68	-0.43	          0.45	31.00	
00777	网龙	1.38	36799428	0.300	22.000	22.050	1681500	13000	-0.45	          0.32	21.400	
601113	华鼎股份	0.15	36636796	0.02	13.60	13.61	26914	149	0.15	          0.42	13.60	
06182	乙德投资控股	3.23	36522400	0.020	--  	--  	56064000	24000	0.00	          7.01	0.610	
01665	槟杰科达	6.45	35459900	0.080	--  	--  	27310000	4000	0.00	          1.71	1.250	
00303	VTECH HOLDINGS	0.19	35168284	0.200	105.300	105.400	332459	30800	-0.09	          0.13	105.000	
01828	大昌行集团	2.41	35147124	0.100	4.240	4.250	8333921	238000	0.24	          0.45	4.150	
01238	宝龙地产	8.84	34448024	0.350	4.310	4.330	8157365	54000	-0.23	          0.20	4.000	
01668	华南城	0.51	33344418	0.010	1.960	1.970	17133320	224000	0.51	          0.21	1.930	
08011	百田石油	16.67	33319366	0.050	--  	--  	88682496	60000	-1.41	          3.02	0.320	
03618	重庆农村商业银行	2.73	31728008	0.180	6.760	6.770	4727733	489000	0.30	          0.19	6.600	
000601	韶能股份	1.59	31078188	0.11	7.01	7.02	44424	384	-0.13	          0.41	6.91	
00696	中国民航信息网络	0.19	30800614	0.050	26.100	26.150	1181125	133000	-0.38	          0.13	26.500	
01263	柏能集团	7.28	30674802	0.440	--  	--  	4886000	8000	0.78	          1.10	5.910	
00102	凯升控股	9.89	30449002	0.090	--  	--  	31238000	8000	1.01	          2.10	0.910	
01009	国际娱乐	15.34	30160042	0.290	--  	--  	14096000	30000	0.00	          1.03	1.870	
01690	立基工程控股	2.30	29295052	0.010	--  	--  	66230000	10000	0.00	          5.17	0.425	
00887	英皇钟表珠宝	18.42	27155476	0.070	--  	--  	64875000	270000	3.45	          0.94	0.400	
01368	特步国际	5.79	27117702	0.210	3.830	3.840	7231500	86500	0.26	          0.33	3.630	
02380	中国电力	1.00	26626148	0.020	2.010	2.020	13183927	163000	-0.49	          0.13	2.010	
01778	彩生活	4.45	25899372	0.260	6.090	6.100	4262000	37000	0.00	          0.32	5.760	
00778	置富产业信托	0.43	25537912	0.040	--  	--  	2728000	119000	0.00	--  	9.350	
00410	ＳＯＨＯ中国	0.63	23812888	0.030	4.810	4.820	4940394	537000	-0.41	          0.10	4.750	
002478	常宝股份	1.35	23345262	0.07	5.23	5.24	44805	589	-0.18	          0.74	5.16	
00173	嘉华国际	0.92	22808892	0.050	5.500	5.520	4152340	197000	0.00	          0.14	5.400	
600561	江西长运	0.24	22760700	0.02	8.24	8.26	27898	5	0.73	          1.18	8.28	
00316	东方海外国际	0.14	22392752	0.100	73.500	73.550	304500	4000	-0.07	          0.05	73.350	
01777	花样年控股	2.70	22129932	0.040	1.520	1.530	14712500	1434000	0.66	          0.26	1.460	
01622	力高集团	2.68	21322056	0.080	3.040	3.060	7065575	2000	0.00	          0.20	3.020	
06116	拉夏贝尔	2.30	20262168	0.190	8.420	8.450	2460200	1600	0.36	          1.15	8.200	
00337	绿地香港	4.96	19955534	0.190	4.020	4.030	5038905	28000	0.00	          0.18	3.810	
01848	中国飞机租赁	3.31	19630910	0.260	8.100	8.120	2446000	71000	0.12	          0.36	7.860	
600131	岷江水电	0.32	19545332	0.02	6.18	6.19	31602	16	0.32	          0.80	6.18	
02233	西部水泥	0.72	19310090	0.010	1.380	1.390	13906768	90000	0.72	          0.26	1.390	
002216	三全食品	0.90	19058952	0.07	7.87	7.88	24353	614	0.13	          0.43	7.80	
00699	神州租车	1.03	18736000	0.070	6.850	6.860	2735304	29000	-0.15	          0.13	6.800	
00755	上海证大	1.64	18594246	0.003	--  	--  	100490000	325000	0.00	          0.68	0.186	
601226	华电重工	0.19	18434260	0.01	5.24	5.25	35498	160	0.00	          0.31	5.20	
00014	希慎兴业	1.18	18001276	0.500	42.550	42.700	423000	206000	0.59	          0.04	42.400	
01893	中材股份	0.43	16975256	0.030	--  	--  	2432900	9000	-0.14	          0.21	6.890	
600083	博信股份	0.71	16509146	0.14	19.77	19.78	8383	10	0.10	          0.37	19.59	
01337	雷蛇	0.59	15824241	0.020	--  	--  	4610000	1000	-0.29	          0.05	3.430	
00558	力劲科技	5.00	15768576	0.080	--  	--  	9255000	10000	0.60	          0.78	1.570	
00819	天能动力	1.46	15566772	0.110	7.580	7.620	2047320	150000	0.26	          0.18	7.500	
00750	兴业太阳能	3.35	15457110	0.110	--  	--  	4576160	1000	0.00	          0.55	3.300	
02298	都市丽人	5.21	15265706	0.220	4.430	4.440	3481000	41000	0.00	          0.16	4.200	
00853	微创医疗	0.77	14170668	0.060	7.890	7.900	1796000	15000	0.00	          0.12	7.950	
02778	冠君产业信托	0.18	14058184	0.010	--  	--  	2485681	257000	0.18	--  	5.670	
01866	中国心连心化肥	3.16	13323881	0.110	--  	--  	3813000	1000	1.13	          0.38	3.540	
00272	瑞安房地产	0.44	12495484	0.010	2.280	2.290	5497547	142000	-0.44	          0.07	2.270	
02183	三盛控股	2.09	12102235	0.300	--  	--  	826100	24000	-0.27	          0.20	14.360	
01065	天津创业环保股份	0.22	11775501	0.010	4.640	4.650	2508000	6000	-0.21	          0.74	4.640	
00563	上实城市开发	1.05	10202280	0.020	1.920	1.930	5304000	102000	0.52	          0.11	1.910	
00978	招商局置地	2.61	10173260	0.040	1.560	1.570	6556000	56000	0.64	          0.13	1.530	
00451	协鑫新能源	1.92	10095620	0.010	0.520	0.530	19386000	1572000	0.00	          0.10	0.530	
00888	路讯通	5.35	9305240	0.100	--  	--  	4814000	2000	1.03	          0.48	1.820	
600608	*ST沪科	2.01	9213339	0.16	8.12	8.13	11362	13	0.12	          0.36	7.91	
06858	本间高尔夫	1.25	9151220	0.110	--  	--  	1032500	500	-0.11	          0.17	8.800	
01565	成实外教育	0.21	8009671	0.010	--  	--  	1654000	34000	0.00	          0.05	4.830	
00672	众安房产	3.17	7921035	0.020	--  	--  	12311800	1000	0.00	          0.21	0.630	
02283	东江集团控股	5.93	7866109	0.370	--  	--  	1212180	2000	0.15	          0.15	6.230	
01651	津上机床中国	5.92	7767757	0.600	--  	--  	745000	2000	-0.56	          0.20	10.140	
02678	天虹纺织	1.48	7001492	0.160	10.940	11.000	640000	1000	-0.55	          0.07	10.860	
002134	*ST普林	0.13	6312520	0.01	7.81	7.82	8102	55	0.39	          0.33	7.80	
08073	兴业新材料	2.91	6263272	0.050	--  	--  	3514655	4000	0.00	          0.73	1.720	
01727	河北建设	2.54	5883871	0.120	--  	--  	1226000	500	0.00	          0.27	4.700	
数据来源:通达信
