代码	名称	涨幅%%	总金额	涨跌	买价	卖价	总量	现量	涨速%%	换手%%	今开	
00700	腾讯控股	1.08	11506629632	5.000	468.600	468.800	24702582	1595400	-0.09	          0.26	459.200	
02318	中国平安	3.43	6215868928	2.950	88.950	89.000	70543032	2482000	-0.11	          0.95	85.300	
601318	中国平安	2.43	4389005312	1.67	70.50	70.51	627111	40	0.18	          0.58	68.41	
600519	贵州茅台	2.70	4161645824	19.59	746.46	746.50	56149	3	0.01	          0.45	728.02	
002340	格林美	6.98	3274257664	0.53	8.12	8.13	4065839	31349	0.00	         13.06	7.88	
603799	华友钴业	2.76	3261363200	3.55	132.10	132.19	247423	7	0.33	          4.22	133.00	
300059	东方财富	3.96	3004622592	0.60	15.75	15.76	1959779	40991	0.13	          6.15	15.00	
000858	五 粮 液	3.24	2897588992	2.45	78.00	78.01	373404	3103	0.01	          0.98	75.68	
00939	建设银行	0.12	2336579840	0.010	8.480	8.490	276157760	19779000	0.00	          0.11	8.410	
600887	伊利股份	2.07	2053731328	0.65	32.03	32.04	645868	37	0.06	          1.07	31.30	
601288	农业银行	0.98	1587712768	0.04	4.12	4.13	3858218	125	0.24	          0.13	4.07	
601933	永辉超市	4.19	1521741952	0.44	10.93	10.94	1402694	142	0.09	          2.16	10.51	
02007	碧桂园	3.94	1260621952	0.600	15.820	15.840	81219800	1865000	-0.25	          0.37	15.100	
002129	中环股份	3.02	1197190144	0.30	10.22	10.23	1173628	18276	0.39	          4.44	10.15	
00388	香港交易所	0.21	1193684864	0.600	289.400	289.600	4137276	410700	0.28	          0.33	286.000	
002694	顾地科技	10.02	1087155328	1.26	13.83	--  	824587	7853	0.00	         16.67	12.40	
600276	恒瑞医药	3.48	1023656768	2.78	82.69	82.70	124889	7	0.00	          0.44	79.57	
002137	麦达数字	7.14	1022140224	0.72	10.79	10.80	967121	9827	0.19	         33.27	10.34	
03333	中国恒大	6.78	942684096	1.650	26.000	26.050	37275816	4979000	0.78	          0.28	24.000	
000789	万年青	1.84	938022784	0.23	12.74	12.75	739305	9913	0.16	         12.05	12.68	
01918	融创中国	5.30	913351744	1.600	31.800	31.850	29247664	608000	0.00	          0.66	30.550	
601601	中国太保	3.34	910352512	1.30	40.27	40.28	228272	47	0.30	          0.36	38.67	
600740	山西焦化	1.61	906925440	0.21	13.24	13.25	693305	27	0.08	         10.56	12.72	
02601	中国太保	3.08	900332288	1.200	40.100	40.150	22542632	1352600	-0.50	          0.81	38.600	
601699	潞安环能	1.85	879937472	0.22	12.09	12.10	737956	50	0.17	          2.47	11.80	
601155	新城控股	2.42	868518720	0.86	36.47	36.48	236686	5	0.30	          3.29	36.20	
600196	复星医药	1.12	866687168	0.48	43.46	43.47	199540	5	0.28	          1.04	42.67	
000795	英洛华	2.79	843244480	0.18	6.63	6.64	1291968	7646	0.15	         18.84	6.37	
002074	国轩高科	2.65	806906112	0.60	23.20	23.21	349191	2975	0.09	          5.53	22.40	
00941	中国移动	0.28	781928896	0.200	71.950	72.000	10865599	1741000	-0.28	          0.05	71.750	
002024	苏宁易购	1.64	781873280	0.22	13.61	13.62	574974	8496	0.15	          1.15	13.34	
600019	宝钢股份	0.10	768466752	0.01	9.53	9.54	809777	82	0.21	          0.37	9.48	
300316	晶盛机电	5.67	739759680	1.17	21.81	21.82	339019	3724	-0.26	          3.68	21.28	
600036	招商银行	0.43	737285312	0.13	30.52	30.53	241960	11	0.03	          0.12	30.21	
01548	金斯瑞生物科技	4.29	728181760	1.150	27.950	28.000	26257400	64000	0.00	          1.51	26.500	
002742	三圣股份	5.48	724632256	1.32	25.40	25.41	286022	4520	-0.07	         10.72	24.11	
002202	金风科技	2.99	714335616	0.55	18.91	18.92	379697	4025	0.11	          1.35	18.25	
02382	舜宇光学科技	1.74	698953472	2.500	145.700	145.800	4817845	195000	-0.14	          0.44	142.000	
002208	合肥城建	9.99	698782336	1.36	14.97	--  	504473	1303	0.00	         15.80	13.03	
03993	洛阳钼业	2.41	689445184	0.160	6.790	6.800	100503040	1380000	-0.29	          2.56	6.630	
600348	阳泉煤业	2.12	683898816	0.19	9.14	9.15	757009	124	0.00	          3.15	8.85	
001979	招商蛇口	0.41	655851008	0.09	22.27	22.28	292642	2179	0.04	          1.54	22.19	
002184	海得控制	-3.64	620253376	-0.69	18.25	18.26	346416	4963	0.94	         25.50	18.10	
000568	泸州老窖	2.57	613681536	1.55	61.79	61.80	99042	506	0.23	          0.71	60.14	
601336	新华保险	0.63	596167488	0.33	52.52	52.53	113463	74	0.27	          0.54	52.00	
600874	创业环保	2.03	584230528	0.27	13.55	13.56	425862	6	0.44	          3.92	13.29	
600207	安彩高科	0.72	575041216	0.07	9.82	9.83	593751	57	0.41	          8.61	9.45	
601111	中国国航	0.46	567749760	0.06	13.20	13.23	441339	288	0.85	          0.47	12.87	
603619	中曼石油	5.88	554129728	2.17	39.08	39.09	146490	3	-0.07	         36.62	36.11	
600809	山西汾酒	5.02	538029952	2.80	58.60	58.61	92752	8	0.09	          1.07	55.99	
000151	中成股份	10.01	533849504	1.34	14.73	--  	373097	220	0.00	         14.00	14.05	
002922	伊戈尔	9.99	501533056	2.64	29.06	--  	182712	229	0.00	         55.37	26.27	
00884	旭辉控股集团	5.88	495431808	0.400	7.180	7.200	68890088	1308000	0.56	          0.91	6.900	
002601	龙蟒佰利	1.07	495407552	0.20	18.91	18.92	262907	5451	0.16	          3.91	18.58	
600436	片仔癀	3.04	489967776	2.43	82.38	82.40	60175	21	0.04	          1.00	79.98	
00386	中国石油化工股份	0.00	483490752	0.000	6.470	6.480	75186624	4720000	0.15	          0.29	6.400	
02822	南方Ａ５０	0.86	474808896	0.140	--  	--  	29011908	549600	0.00	--  	16.180	
002016	世荣兆业	1.57	465459584	0.22	14.20	14.21	327615	4419	-0.13	          5.07	13.85	
600031	三一重工	0.97	459923968	0.08	8.32	8.33	553522	70	0.12	          0.72	8.27	
600405	动力源	3.03	455143840	0.21	7.13	7.14	646789	58	0.28	         11.69	6.93	
600176	中国巨石	1.47	445593760	0.25	17.22	17.23	259532	205	0.12	          0.89	16.95	
300731	科创新源	7.25	437522272	2.41	35.64	35.66	125567	696	-0.16	         57.08	33.90	
002304	洋河股份	1.24	424448288	1.40	114.50	114.51	36974	384	-0.01	          0.30	113.00	
600970	中材国际	2.09	422653408	0.21	10.27	10.28	416431	147	0.29	          2.47	9.99	
300672	国科微	5.44	418874816	3.29	63.79	63.80	66538	853	0.65	         23.81	61.13	
02823	安硕Ａ５０	0.88	413487456	0.140	--  	--  	25929554	784000	0.00	--  	15.820	
600122	宏图高科	4.63	396221664	0.41	9.25	9.27	432857	382	0.22	          3.74	8.99	
000791	甘肃电投	5.54	392911456	0.41	7.81	7.82	500867	5103	0.00	          5.16	7.90	
000338	潍柴动力	0.95	391325408	0.08	8.47	8.48	463443	6100	0.00	          1.07	8.36	
300511	雪榕生物	6.61	389383008	1.60	25.75	25.80	147383	1076	0.55	         14.78	26.62	
603367	辰欣药业	5.50	387672928	1.14	21.83	21.84	179502	8	-0.35	         17.95	20.68	
002367	康力电梯	9.98	377381344	0.91	10.03	--  	379432	93	0.00	          7.30	9.42	
000799	酒鬼酒	4.17	371515072	1.01	25.20	25.21	148207	1609	0.16	          4.56	24.55	
00027	银河娱乐	0.57	368632704	0.400	70.300	70.400	5244664	760000	-0.07	          0.12	69.500	
002475	立讯精密	1.26	358104832	0.32	25.61	25.62	139412	1468	0.00	          0.44	25.35	
002428	云南锗业	2.67	356537760	0.32	12.30	12.31	289327	1633	0.08	          4.49	11.86	
002229	鸿博股份	0.25	356075616	0.03	11.85	11.86	297171	4280	-0.24	          8.06	11.84	
002080	中材科技	4.42	355459392	0.99	23.37	23.38	154315	2110	0.21	          3.86	22.60	
002440	闰土股份	1.90	354882432	0.44	23.61	23.62	150692	4254	0.13	          2.46	23.19	
03323	中国建材	0.12	343142464	0.010	8.350	8.360	41046904	1064000	0.00	          1.43	8.300	
02269	药明生物	6.53	342399456	4.350	71.000	71.150	4873128	86000	-0.21	          0.42	66.600	
002341	新纶科技	4.72	340092192	1.16	25.75	25.76	132917	912	-0.03	          4.40	24.90	
03188	华夏沪深三百	0.68	339534784	0.350	--  	--  	6566500	627400	0.10	--  	51.500	
600600	青岛啤酒	0.96	330926144	0.39	41.23	41.24	79757	14	0.07	          1.15	40.68	
01336	新华保险	1.31	323614816	0.600	46.350	46.400	6999649	376200	0.11	          0.68	45.450	
600652	游久游戏	2.19	314032704	0.17	7.94	7.95	396003	25	0.25	          4.76	7.78	
00293	国泰航空	4.64	305413920	0.640	14.400	14.420	21154484	833000	-0.28	          0.54	14.160	
02208	金风科技	3.25	304116512	0.460	14.600	14.620	21124140	17000	0.27	          3.25	13.960	
02328	中国财险	1.35	301290816	0.220	16.520	16.540	18306498	1480000	-0.24	          0.40	16.180	
01177	中国生物制药	1.84	301280000	0.280	15.460	15.520	19532732	1107000	0.00	          0.23	15.200	
000987	越秀金控	6.65	298669248	0.70	11.23	11.24	271780	3018	-0.52	          5.05	10.65	
01030	新城发展控股	3.91	298276864	0.270	7.160	7.170	42156000	1010000	0.14	          0.71	7.010	
600623	华谊集团	3.26	291757184	0.36	11.40	11.42	259637	251	0.35	          2.78	11.02	
601628	中国人寿	1.08	286181536	0.29	27.10	27.11	105982	14	0.11	          0.05	26.62	
600660	福耀玻璃	0.97	284187520	0.26	26.94	26.95	105833	8	0.19	          0.53	26.60	
000627	天茂集团	6.39	281850048	0.50	8.32	8.33	342746	3883	0.12	          2.53	7.90	
600779	水井坊	0.73	281707936	0.33	45.71	45.72	60765	12	0.15	          1.24	45.41	
600876	洛阳玻璃	10.03	281612800	1.84	20.19	--  	144347	26	0.00	          5.51	18.13	
002629	仁智股份	9.89	281074624	0.75	8.33	8.34	347466	1744	0.00	         10.09	7.37	
02388	中银香港	0.63	274703232	0.250	40.000	40.050	6884792	874500	0.13	          0.07	39.750	
00288	万洲国际	2.90	272203712	0.270	9.560	9.570	28659726	4062500	-0.31	          0.20	9.360	
00914	海螺水泥	0.00	271867744	0.000	43.100	43.200	6307261	316500	-0.12	          0.49	42.850	
002537	海联金汇	4.61	271064704	0.52	11.78	11.79	229479	567	0.34	          1.96	11.34	
002086	东方海洋	4.74	260662176	0.50	11.04	11.05	242619	2172	0.45	          5.10	10.55	
002431	棕榈股份	2.39	253260960	0.18	7.71	7.72	324738	2426	0.13	          2.80	7.70	
603589	口子窖	3.57	246605392	1.62	47.00	47.01	52755	6	-0.08	          1.80	45.00	
600213	亚星客车	9.97	245398960	0.94	10.37	--  	241853	10	0.00	         10.99	9.49	
06869	长飞光纤光缆	2.56	243791728	1.000	39.950	40.000	6115501	120000	0.00	          1.74	39.000	
002812	创新股份	7.23	242855872	8.31	123.00	123.30	20274	372	1.54	          3.22	114.90	
00665	海通国际	2.91	240953808	0.150	5.300	5.310	45726676	1071000	0.19	          0.83	5.190	
603288	海天味业	3.60	238226960	2.09	60.01	60.07	40071	4	0.15	          0.15	57.95	
000613	大东海A	10.06	238147744	0.84	9.19	--  	259188	85	0.00	          9.76	9.19	
00823	领展房产基金	0.44	237368752	0.300	--  	--  	3472971	838500	0.22	--  	67.800	
000155	川化股份	0.96	234862432	0.07	7.38	7.39	317988	5605	0.00	          3.39	7.30	
600872	中炬高新	2.14	230772624	0.53	25.33	25.34	91133	181	0.20	          1.14	24.98	
002249	大洋电机	1.75	229817808	0.12	6.98	6.99	325817	2344	-0.13	          2.39	6.94	
000423	东阿阿胶	0.60	228174960	0.36	60.74	60.75	37665	717	0.12	          0.58	60.38	
600962	国投中鲁	10.05	225515472	1.02	11.17	--  	209616	12	0.00	          8.25	9.80	
002373	千方科技	0.94	224923792	0.15	16.13	16.14	141106	3735	0.25	          1.72	15.81	
02899	紫金矿业	1.03	223840112	0.040	3.920	3.930	56869380	1396000	0.51	          0.99	3.850	
300228	富瑞特装	2.25	219092432	0.23	10.47	10.48	206731	2634	0.00	          5.15	10.35	
600691	阳煤化工	3.15	217098832	0.11	3.60	3.61	596114	168	0.00	          3.39	3.56	
00763	中兴通讯	1.57	216902256	0.450	29.000	29.050	7511606	450000	0.00	          0.99	28.650	
00354	中国软件国际	0.30	216022128	0.020	6.580	6.600	32616244	132000	0.15	          1.36	6.580	
600398	海澜之家	0.08	214843712	0.01	12.37	12.38	173712	1	0.41	          0.39	12.32	
600839	四川长虹	3.41	213330304	0.11	3.33	3.34	646614	153	0.30	          1.40	3.23	
002409	雅克科技	9.99	211087248	2.40	26.42	--  	80885	9	0.00	          4.42	25.01	
600391	航发科技	2.18	210151072	0.41	19.22	19.24	109111	124	0.26	          3.31	18.71	
00688	中国海外发展	0.54	201638288	0.150	27.900	27.950	7250133	796000	-0.18	          0.07	27.250	
000826	启迪桑德	0.75	200567248	0.22	29.51	29.52	67536	282	-0.02	          0.80	29.55	
600559	老白干酒	3.59	200218032	0.93	26.82	26.83	75434	2	0.30	          2.16	25.80	
601006	大秦铁路	0.56	199434688	0.05	9.05	9.06	221173	35	0.00	          0.15	9.00	
600146	商赢环球	2.89	199164432	0.79	28.05	28.12	71651	3	0.57	          3.58	27.18	
600298	安琪酵母	2.24	198835712	0.73	33.28	33.29	60003	23	0.03	          0.73	32.58	
002821	凯莱英	2.54	196622928	1.65	66.59	66.60	29529	147	0.00	          2.48	65.23	
01128	永利澳门	1.22	193606944	0.350	29.050	29.100	6649260	647600	0.17	          0.13	28.350	
002419	天虹股份	1.07	193312608	0.21	19.81	19.82	96754	739	0.10	          1.21	19.75	
002734	利民股份	5.45	189718256	1.35	26.12	26.13	73623	638	-0.07	          6.02	24.98	
600295	鄂尔多斯	2.64	189278720	0.34	13.24	13.25	144596	64	-0.22	          2.36	12.72	
002733	雄韬股份	5.89	188809056	0.86	15.46	15.47	121747	1055	0.06	          3.91	14.90	
600202	哈空调	3.30	184126928	0.27	8.41	8.42	215958	2	0.12	          5.63	8.18	
000055	方大集团	1.84	181396432	0.15	8.29	8.30	220861	8213	0.48	          3.26	8.11	
00753	中国国航	2.64	181126688	0.300	11.660	11.680	15681118	242000	-0.17	          0.34	11.300	
600062	华润双鹤	1.77	180143680	0.41	23.56	23.57	76389	100	-0.20	          1.11	23.27	
00813	世茂房地产	2.60	179830352	0.550	21.600	21.700	8399795	668500	0.23	          0.25	20.800	
300183	东软载波	8.12	179585360	1.29	17.18	17.19	108207	4485	-0.28	          4.11	15.89	
002038	双鹭药业	1.66	177372784	0.53	32.42	32.43	54704	817	0.00	          0.97	31.92	
002631	德尔未来	3.73	171805104	0.36	10.01	10.02	175102	2676	0.10	          2.71	9.50	
601163	三角轮胎	1.54	168939680	0.28	18.46	18.47	90953	3	-0.04	          3.24	18.28	
002088	鲁阳节能	10.04	167852496	1.36	14.91	--  	112602	28	0.00	          5.38	14.91	
002136	安 纳 达	0.25	166224944	0.04	16.04	16.05	104375	2072	0.00	          4.89	15.97	
600702	舍得酒业	0.95	160296272	0.39	41.28	41.29	38641	1	0.22	          1.15	40.65	
600763	通策医疗	0.93	159783712	0.37	40.13	40.14	39714	6	0.00	          1.24	40.15	
600118	中国卫星	0.93	156946048	0.20	21.67	21.68	72340	26	0.23	          0.61	21.56	
07228	ＦＬ二　三星国指	0.76	155153952	0.070	--  	--  	16871400	5000	-0.11	--  	9.080	
000532	华金资本	10.00	154013008	1.10	12.10	--  	134794	1587	0.00	          3.92	11.12	
600072	中船科技	1.62	152605040	0.20	12.57	12.58	121421	4	0.16	          2.02	12.23	
600332	白云山	1.09	151000256	0.29	26.83	26.84	56667	20	0.15	          0.53	26.41	
00002	中电控股	0.13	150926752	0.100	78.800	78.900	1917681	430500	0.06	          0.08	78.500	
603369	今世缘	1.49	150859984	0.25	17.02	17.03	88379	33	0.00	          0.70	16.66	
600686	金龙汽车	1.01	149651824	0.14	13.97	13.98	106054	10	0.22	          2.40	13.79	
600037	歌华有线	0.61	148695488	0.08	13.24	13.26	113053	118	0.00	          0.97	13.04	
002654	万润科技	4.18	147104656	0.29	7.21	7.22	202985	3409	0.14	          4.03	7.02	
603816	顾家家居	2.16	146940832	1.38	65.25	65.39	22584	1	-0.07	          2.53	64.12	
002727	一心堂	3.02	146413280	0.76	25.94	25.95	56969	908	0.04	          2.13	25.18	
000797	中国武夷	3.97	146246256	0.37	9.70	9.71	148493	1113	0.21	          1.49	9.37	
000600	建投能源	0.69	145254832	0.05	7.34	7.35	197279	2949	-0.13	          1.81	7.25	
300655	晶瑞股份	0.03	143612672	0.01	30.56	30.58	48456	1270	0.56	         21.96	30.01	
000554	泰山石油	3.77	142994000	0.27	7.43	7.44	195265	1200	0.00	          5.38	7.11	
600418	江淮汽车	0.49	142934544	0.04	8.21	8.22	172531	6	0.00	          1.19	8.29	
002066	瑞泰科技	9.97	142681424	0.95	10.48	--  	142211	79	0.00	          6.16	9.51	
600433	冠豪高新	4.09	142426800	0.20	5.09	5.10	282942	31	0.20	          2.23	4.88	
01966	中骏置业	3.35	142163040	0.140	4.310	4.320	33421296	958000	0.23	          0.87	4.280	
01313	华润水泥控股	2.76	142019120	0.180	6.680	6.690	21374850	586000	0.30	          0.33	6.510	
603399	吉翔股份	4.23	141810000	0.66	16.24	16.25	88490	4	0.12	          1.77	15.50	
000652	泰达股份	3.15	141699616	0.14	4.58	4.59	306326	1273	0.00	          2.08	4.47	
000961	中南建设	1.54	141380736	0.11	7.26	7.27	194913	6354	0.14	          0.53	7.16	
00123	越秀地产	1.58	140551168	0.030	1.920	1.930	73321664	850000	0.00	          0.59	1.890	
002458	益生股份	2.87	140501120	0.41	14.68	14.69	97458	2644	0.27	          5.58	14.15	
00551	裕元集团	3.70	139729168	1.200	33.600	33.650	4188800	355000	-0.15	          0.25	32.700	
03799	达利食品	0.53	138292960	0.040	7.510	7.520	18375500	1541500	-0.27	          0.13	7.490	
002127	南极电商	1.46	137927504	0.23	15.92	15.93	86988	1067	0.31	          0.90	15.40	
601919	中远海控	0.32	137121072	0.02	6.31	6.32	216708	5	0.16	          0.28	6.26	
002516	旷达科技	4.17	136202080	0.24	5.99	6.00	230378	5466	0.17	          2.48	5.86	
002089	新 海 宜	1.61	135340992	0.10	6.30	6.31	212988	2788	0.00	          2.28	6.22	
002753	永东股份	3.70	133868400	0.75	21.03	21.04	64919	1180	0.05	          7.55	20.28	
002578	闽发铝业	5.74	130400800	0.27	4.97	4.98	265079	4107	-0.19	          4.85	4.69	
600197	伊力特	1.37	130091856	0.30	22.20	22.21	58581	9	0.05	          1.33	21.90	
002408	齐翔腾达	0.53	129651344	0.07	13.20	13.21	98032	711	-0.22	          0.58	13.14	
00178	莎莎国际	3.07	129243576	0.130	4.360	4.370	29942612	962000	0.23	          0.99	4.230	
00867	康哲药业	2.51	127826312	0.420	17.120	17.180	7453569	333000	-0.58	          0.30	16.840	
000729	燕京啤酒	0.90	123705272	0.07	7.82	7.83	157813	2734	0.00	          0.63	7.71	
603003	龙宇燃油	7.25	123614424	0.82	12.18	12.19	105052	98	0.33	          2.38	11.30	
002639	雪人股份	3.81	122793592	0.30	8.16	8.17	149799	1375	0.12	          3.42	7.93	
600192	长城电工	9.95	120230320	0.56	6.19	--  	197186	3	0.00	          4.46	5.73	
002116	中国海诚	3.96	119671568	0.37	9.72	9.73	123938	1087	0.10	          2.98	9.32	
000596	古井贡酒	1.29	116860152	0.82	64.47	64.48	18091	314	-0.21	          0.47	63.40	
600229	城市传媒	3.33	116298496	0.29	8.99	9.00	130142	72	-0.32	          3.03	8.65	
600552	凯盛科技	4.35	116179048	0.31	7.44	7.45	158835	149	0.00	          2.14	7.09	
03883	中国奥园	2.44	114401816	0.170	7.130	7.150	15973580	290000	0.00	          0.60	7.020	
600729	重庆百货	1.93	113450872	0.50	26.29	26.36	43312	2	0.61	          1.07	25.72	
000418	小天鹅Ａ	0.12	112725448	0.09	73.20	73.24	15466	98	0.08	          0.35	72.22	
01339	中国人民保险集团	1.17	111784544	0.050	4.340	4.350	25855072	1581000	-0.23	          0.30	4.270	
01788	国泰君安国际	3.66	110994728	0.090	2.540	2.550	44059616	2906000	-0.78	          0.57	2.450	
601001	大同煤业	0.99	110671600	0.06	6.10	6.11	182348	222	0.16	          1.09	6.04	
601002	晋亿实业	0.95	109544376	0.08	8.53	8.54	128067	29	0.23	          1.62	8.44	
000731	四川美丰	2.20	109502168	0.17	7.89	7.90	140109	4750	0.38	          2.37	7.73	
00771	自动系统	20.65	109395832	0.320	--  	--  	60258520	10000	0.54	          8.99	1.580	
00574	百信国际	3.45	108546264	0.020	--  	--  	178578000	100000	3.45	         16.77	0.570	
600303	曙光股份	1.35	107869304	0.11	8.26	8.27	129571	100	0.12	          2.09	8.14	
603712	七一二	10.01	107511680	2.06	22.64	--  	47487	10	0.00	          4.75	22.64	
02338	潍柴动力	1.95	106908360	0.170	8.880	8.890	12032267	653000	0.00	          0.62	8.790	
002886	沃特股份	4.01	104756936	1.20	31.13	31.14	33552	379	-0.02	         17.11	30.50	
00817	中国金茂	1.24	104663360	0.060	4.910	4.920	21413462	616000	0.00	          0.18	4.830	
000605	渤海股份	2.04	104523984	0.35	17.47	17.48	59747	789	0.40	          3.06	17.14	
002737	葵花药业	1.16	104313472	0.44	38.21	38.23	27252	197	-0.12	          2.07	37.87	
00656	复星国际	0.82	104292680	0.140	17.240	17.260	6095749	778000	0.00	          0.07	17.020	
02588	中银航空租赁	5.74	102762968	2.500	46.000	46.050	2247554	50400	0.00	          0.32	44.750	
03380	龙光地产	1.85	102143352	0.220	12.100	12.140	8428000	34000	0.00	          0.15	11.920	
601996	丰林集团	2.67	102100056	0.12	4.61	4.62	218803	50	0.00	          2.33	4.53	
300351	永贵电器	3.90	101826360	0.53	14.11	14.12	73005	918	0.36	          3.07	13.45	
002687	乔治白	0.69	101732792	0.05	7.27	7.28	140365	1144	-0.13	          4.39	7.08	
00570	中国中药	3.75	101411472	0.200	5.510	5.530	18472800	256000	0.55	          0.42	5.310	
000023	深天地Ａ	2.43	100721856	0.48	20.26	20.27	49871	563	0.25	          3.59	19.88	
300008	天海防务	0.42	99197712	0.03	7.19	7.20	138559	1340	-0.13	          2.39	7.13	
000953	*ST河化	4.94	98704400	0.40	8.49	--  	117590	1232	0.00	          4.00	8.08	
002125	湘潭电化	3.93	98023000	0.38	10.05	10.06	97296	1695	0.20	          3.76	9.73	
600995	文山电力	3.26	97975688	0.28	8.86	8.87	111494	17	0.34	          2.33	8.61	
01658	邮储银行	1.42	96597456	0.070	5.000	5.010	19378696	1352000	-0.20	          0.10	4.900	
00581	中国东方集团	1.03	95997696	0.060	5.910	5.920	16208000	142000	-0.17	          0.44	5.770	
300114	中航电测	5.38	93859856	0.53	10.35	10.39	92022	3865	1.07	          1.56	9.94	
01888	建滔积层板	2.92	92554112	0.460	16.160	16.200	5774000	76500	0.50	          0.19	15.500	
600491	龙元建设	1.28	91056584	0.13	10.24	10.25	88993	210	0.49	          0.94	10.12	
01660	善乐国际	21.53	90603048	0.310	--  	--  	53992000	32000	-1.69	          4.36	1.440	
002042	华孚时尚	0.16	89078840	0.02	12.32	12.33	72239	513	0.00	          0.86	12.36	
00877	昂纳科技集团	8.75	88681592	0.490	--  	--  	14988000	5000	0.16	          1.87	5.600	
00257	中国光大国际	0.49	88451704	0.060	12.200	12.220	7208106	760000	-0.33	          0.16	12.200	
002582	好想你	3.15	88341056	0.41	13.42	13.43	66315	778	-0.06	          2.81	12.90	
02799	中国华融	0.27	87887672	0.010	3.700	3.710	23777896	1671000	0.00	          0.09	3.670	
01530	三生制药	4.66	87599488	0.740	16.620	16.640	5321588	240500	-0.24	          0.21	16.100	
01628	禹洲地产	1.53	87519296	0.080	5.300	5.310	16651410	72000	0.00	          0.40	5.220	
01169	海尔电器	0.00	86576456	0.000	27.850	27.900	3112359	407000	0.00	          0.11	27.850	
03383	雅居乐集团	3.40	86040656	0.480	14.600	14.620	5943992	274000	-0.14	          0.15	14.120	
01233	时代中国控股	1.35	85950584	0.160	--  	--  	7228000	2000	-0.17	          0.39	11.620	
601015	陕西黑猫	0.46	85949208	0.04	8.68	8.69	99575	11	0.35	          1.07	8.55	
600810	神马股份	0.62	84240472	0.06	9.67	9.68	86834	32	-0.09	          1.96	9.60	
000673	当代东方	0.31	83578968	0.05	16.20	16.21	51845	1600	0.31	          1.24	16.28	
000720	新能泰山	3.39	83304960	0.15	4.56	4.57	179955	1497	0.44	          2.08	4.54	
00148	建滔化工	3.19	83218264	1.350	43.600	43.650	1920539	118500	-0.11	          0.18	41.750	
00874	白云山	3.06	83095816	0.700	23.550	23.600	3592000	54000	-0.42	          1.63	22.500	
00384	中国燃气	2.10	82504536	0.500	24.350	24.400	3394616	284600	-0.61	          0.07	23.900	
600546	山煤国际	2.53	81579752	0.12	4.86	4.87	168930	9	0.21	          0.85	4.72	
002287	奇正藏药	3.42	81496528	1.08	32.63	32.65	25129	431	0.40	          0.62	31.68	
02098	卓尔集团	1.00	81274384	0.090	9.080	9.110	8982000	10000	0.22	          0.08	9.040	
00059	天誉置业	4.39	80723240	0.250	--  	--  	13556430	2000	-0.17	          0.52	5.710	
01813	合景泰富	1.68	80671368	0.200	12.100	12.160	6703799	320000	-0.66	          0.21	11.760	
00119	保利置业集团	1.88	80334808	0.080	4.340	4.350	18685230	230000	-0.23	          0.51	4.220	
01212	利福国际	1.91	80055576	0.240	12.780	12.820	6255000	69500	0.31	          0.39	12.600	
000032	深桑达Ａ	7.49	79255504	0.65	9.33	9.34	86165	1367	1.08	          3.08	8.64	
600004	白云机场	0.31	79244960	0.05	15.99	16.00	49557	14	0.13	          0.24	15.91	
600550	保变电气	0.75	76382656	0.05	6.68	6.69	114535	28	0.30	          0.75	6.58	
000993	闽东电力	1.72	75573664	0.13	7.68	7.69	97609	1274	0.00	          2.62	7.73	
00128	安宁控股	12.20	74782800	0.100	--  	--  	84008000	16000	0.00	          5.09	0.820	
002480	新筑股份	1.55	74278464	0.11	7.21	7.22	103088	861	-0.13	          1.61	7.10	
00836	华润电力	0.72	74126600	0.100	13.980	14.000	5291476	1072000	-0.29	          0.11	13.900	
002250	联化科技	1.99	73834632	0.21	10.74	10.75	68722	270	0.19	          0.92	10.56	
002356	赫美集团	0.51	73655392	0.15	29.30	29.31	24783	455	0.00	          0.87	28.97	
03908	中金公司	0.84	73183744	0.140	16.800	16.820	4363600	56000	0.00	          0.29	16.440	
01061	亿胜生物科技	14.49	73084936	1.210	--  	--  	8122000	2000	0.53	          1.44	8.250	
002645	华宏科技	1.84	72973128	0.43	23.83	23.84	30986	857	-0.12	          2.08	23.13	
002332	仙琚制药	2.49	71760192	0.21	8.62	8.63	83337	587	0.58	          1.16	8.43	
002633	申科股份	4.35	71483560	0.45	10.78	10.79	67312	1991	0.37	          7.72	10.48	
300174	元力股份	4.68	71233816	1.47	32.83	32.89	21704	481	-0.23	          0.99	31.80	
000016	深康佳Ａ	0.79	70935816	0.05	6.34	6.35	112420	2837	-0.15	          0.70	6.28	
600462	九有股份	3.52	70661840	0.16	4.71	4.72	154684	288	0.86	          2.90	4.51	
600586	金晶科技	0.48	68902136	0.02	4.21	4.22	162350	213	0.00	          1.13	4.23	
600372	中航电子	0.00	68261608	0.00	13.31	13.34	51123	85	0.23	          0.29	13.29	
603939	益丰药房	2.09	67503144	1.06	51.70	51.78	12977	10	0.00	          0.36	50.56	
603833	欧派家居	0.58	66710592	0.81	140.80	140.85	4710	15	0.14	          1.13	140.04	
600508	上海能源	0.90	66690544	0.11	12.37	12.38	54053	5	0.24	          0.75	12.25	
03301	融信中国	1.22	65451744	0.160	13.240	13.280	5003000	11000	0.46	          0.33	13.100	
002234	民和股份	1.58	65216600	0.18	11.56	11.57	57382	1531	0.17	          2.78	11.38	
00012	恒基地产	0.29	65158432	0.150	51.950	52.050	1255710	424000	0.19	          0.03	51.350	
02196	复星医药	0.20	64580740	0.100	50.000	50.200	1285390	97500	-0.50	          0.27	49.800	
002037	久联发展	0.75	64573344	0.09	12.04	12.05	54215	1877	0.50	          1.66	11.83	
02186	绿叶制药	0.73	64248800	0.050	6.900	6.910	9305000	75500	-0.29	          0.28	6.770	
300602	飞荣达	2.96	63659912	1.86	64.63	64.75	10008	112	0.03	          3.25	61.90	
600710	ST常林	3.01	63603596	0.20	6.83	6.85	92982	121	-0.14	          1.45	6.67	
300309	吉艾科技	2.78	63299224	0.64	23.67	23.68	26873	307	0.17	          0.62	23.01	
002702	海欣食品	9.98	62952404	0.46	5.07	--  	125307	12083	0.00	          4.23	4.80	
002614	奥佳华	2.26	61650156	0.50	22.64	22.65	27546	1188	0.13	          0.95	22.25	
002327	富安娜	0.78	60514424	0.09	11.63	11.64	52702	1561	0.09	          1.06	11.41	
00405	越秀房产信托基金	2.43	59909096	0.130	--  	--  	11036075	72000	0.00	--  	5.350	
03377	远洋集团	2.26	59401792	0.130	5.870	5.880	10132156	791500	-0.34	          0.13	5.750	
600006	东风汽车	1.54	59194960	0.08	5.26	5.27	112518	66	0.19	          0.56	5.20	
603708	家家悦	1.18	59090272	0.26	22.39	22.40	26656	10	0.54	          1.70	22.08	
600073	上海梅林	1.50	58566500	0.11	7.43	7.44	78436	30	-0.12	          0.84	7.37	
00751	创维数码	1.63	57764528	0.060	3.750	3.760	15524000	608000	0.54	          0.51	3.710	
002469	三维工程	4.19	57707836	0.24	5.97	5.98	98929	4440	0.34	          2.13	5.70	
300497	富祥股份	2.22	57438624	1.00	45.98	45.99	12596	393	0.26	          2.14	44.98	
600162	香江控股	0.94	57132420	0.03	3.21	3.22	177346	99	0.00	          0.75	3.20	
01347	华虹半导体	0.47	56926568	0.080	17.240	17.260	3295986	69000	-0.35	          0.32	17.200	
00242	信德集团	9.63	56590720	0.310	3.530	3.540	16535306	156000	0.86	          0.55	3.240	
600305	恒顺醋业	0.57	56080604	0.06	10.51	10.52	53447	11	0.19	          0.89	10.41	
01638	佳兆业集团	2.17	55952420	0.090	4.210	4.240	13347000	41000	0.47	          0.22	4.170	
601127	小康股份	0.30	55261028	0.06	19.85	19.86	27800	75	0.20	          1.54	19.70	
002798	帝王洁具	4.96	54969984	2.36	49.90	49.91	11206	271	-0.11	          3.47	47.60	
03808	中国重汽	2.70	54465028	0.250	9.500	9.520	5753000	231000	-0.11	          0.21	9.180	
00338	上海石油化工股份	2.11	54181252	0.100	4.840	4.850	11307000	544000	-0.41	          0.32	4.680	
002162	悦心健康	0.42	54058164	0.02	4.76	4.77	111748	1436	0.21	          1.31	4.93	
601689	拓普集团	1.48	52941988	0.32	21.91	21.92	24252	10	0.18	          1.42	21.55	
002286	保龄宝	2.21	52879396	0.24	11.11	11.12	47911	573	0.00	          1.46	10.86	
00069	香格里拉（亚洲）	1.72	52819416	0.300	17.660	17.720	2994200	260000	0.00	          0.08	17.400	
002630	华西能源	0.42	51494436	0.05	11.81	11.82	43772	1130	0.00	          0.73	11.70	
603859	能科股份	0.50	51416064	0.10	20.08	20.09	25733	2	0.00	          5.16	19.95	
603919	金徽酒	2.71	50581504	0.47	17.81	17.82	28783	20	0.00	          2.48	17.30	
000869	张 裕Ａ	1.04	49971588	0.38	37.03	37.05	13537	181	-0.04	          0.30	36.73	
08101	壹家壹品	41.79	49850040	0.084	--  	--  	199296000	40000	7.55	          6.89	0.202	
000524	岭南控股	4.20	48671300	0.44	10.92	10.93	44879	1016	0.09	          1.66	10.40	
601519	*ST智慧	0.71	48059552	0.03	4.23	4.24	112826	30	0.00	          0.57	4.21	
002201	九鼎新材	2.92	47348868	0.29	10.22	10.23	46719	1395	0.29	          1.50	9.93	
600992	贵绳股份	0.19	47144580	0.02	10.63	10.64	43305	50	0.19	          1.77	10.48	
000965	天保基建	1.62	47033196	0.09	5.62	5.63	84275	1327	0.54	          0.84	5.53	
603899	晨光文具	0.64	46272552	0.18	28.39	28.40	16353	1	0.89	          0.18	28.10	
03900	绿城中国	0.62	44898448	0.080	12.920	12.940	3472535	223000	0.31	          0.16	12.700	
03010	安硕亚洲除日	0.42	43855568	0.250	--  	--  	743410	100	0.00	--  	58.700	
00968	信义光能	0.00	43336920	0.000	3.330	3.340	12987991	480000	-0.30	          0.17	3.310	
03360	远东宏信	0.38	42358632	0.030	7.890	7.900	5364062	626000	0.00	          0.14	7.850	
01302	先健科技	1.85	41684220	0.040	2.190	2.200	18966000	292000	0.00	          0.44	2.150	
02222	雷士照明	6.67	41307700	0.060	--  	--  	41900000	28000	0.00	          1.17	0.920	
002678	珠江钢琴	2.51	41231100	0.27	11.03	11.04	37823	464	0.09	          0.40	10.65	
002482	广田集团	0.84	41123052	0.07	8.38	8.39	49327	408	0.12	          0.38	8.28	
03311	中国建筑国际	0.37	40776680	0.040	10.760	10.780	3790803	908000	-0.55	          0.08	10.700	
06088	FIT HON TENG	1.12	40221740	0.050	4.520	4.550	8803000	229000	-0.44	          0.13	4.460	
02768	佳源国际控股	0.40	39966760	0.040	10.000	10.020	3998000	16000	0.00	          0.16	9.990	
00168	青岛啤酒股份	0.34	39949300	0.150	43.650	43.700	914000	68000	-0.11	          0.14	43.550	
01972	太古地产	1.27	39191464	0.350	27.850	27.900	1415350	360400	0.54	          0.02	27.800	
300482	万孚生物	1.10	39158344	0.70	64.39	64.40	6100	70	0.02	          0.57	63.60	
600611	大众交通	0.61	39001688	0.03	4.90	4.91	79538	9	0.20	          0.51	4.86	
06158	正荣地产	3.61	38585800	0.180	--  	--  	7440000	4000	-0.19	          0.18	4.980	
600744	华银电力	2.31	38300212	0.08	3.55	3.56	107182	58	0.28	          1.30	3.44	
000403	ST生化	3.67	37545408	1.13	31.93	31.99	11919	68	-0.43	          0.45	31.00	
00777	网龙	1.38	36799428	0.300	22.000	22.050	1681500	13000	-0.45	          0.32	21.400	
601113	华鼎股份	0.15	36636796	0.02	13.60	13.61	26914	149	0.15	          0.42	13.60	
06182	乙德投资控股	3.23	36522400	0.020	--  	--  	56064000	24000	0.00	          7.01	0.610	
600071	凤凰光学	1.93	36122500	0.33	17.44	17.45	20734	186	-0.05	          0.87	17.22	
000589	黔轮胎Ａ	1.40	35858160	0.06	4.35	4.36	82846	2531	0.00	          1.07	4.30	
01665	槟杰科达	6.45	35459900	0.080	--  	--  	27310000	4000	0.00	          1.71	1.250	
600800	天津磁卡	1.51	35385164	0.08	5.38	5.39	66074	79	0.00	          1.08	5.29	
00303	VTECH HOLDINGS	0.19	35168284	0.200	105.300	105.400	332459	30800	-0.09	          0.13	105.000	
01828	大昌行集团	2.41	35147124	0.100	4.240	4.250	8333921	238000	0.24	          0.45	4.150	
01728	正通汽车	0.81	34847792	0.060	7.420	7.430	4741660	60500	0.41	          0.19	7.370	
300087	荃银高科	0.77	34729556	0.08	10.53	10.54	32907	293	-0.18	          0.95	10.38	
002046	轴研科技	3.95	34679228	0.32	8.42	8.43	41573	1408	0.12	          1.22	8.13	
01238	宝龙地产	8.84	34448024	0.350	4.310	4.330	8157365	54000	-0.23	          0.20	4.000	
002403	爱仕达	0.95	33987768	0.11	11.70	11.73	28859	179	0.26	          1.00	11.60	
002459	天业通联	0.40	33949804	0.05	12.58	12.59	27093	359	0.08	          0.70	12.50	
08011	百田石油	16.67	33319366	0.050	--  	--  	88682496	60000	-1.41	          3.02	0.320	
000722	湖南发展	1.43	32512940	0.13	9.24	9.25	35287	1024	-0.10	          0.76	9.12	
03918	金界控股	0.39	32489092	0.030	--  	--  	4180000	2000	-0.13	          0.10	7.700	
01257	中国光大绿色环保	0.48	32081026	0.040	8.390	8.400	3792803	42000	-0.71	          0.18	8.350	
00694	北京首都机场股份	0.00	31847598	0.000	11.180	11.200	2847016	212000	-0.36	          0.15	11.060	
03618	重庆农村商业银行	2.73	31728008	0.180	6.760	6.770	4727733	489000	0.30	          0.19	6.600	
002077	大港股份	3.15	31231222	0.33	10.80	10.81	29372	1633	1.22	          0.79	10.51	
000601	韶能股份	1.59	31078188	0.11	7.01	7.02	44424	384	-0.13	          0.41	6.91	
01263	柏能集团	7.28	30674802	0.440	--  	--  	4886000	8000	0.78	          1.10	5.910	
00102	凯升控股	9.89	30449002	0.090	--  	--  	31238000	8000	1.01	          2.10	0.910	
01009	国际娱乐	15.34	30160042	0.290	--  	--  	14096000	30000	0.00	          1.03	1.870	
000523	广州浪奇	2.54	29250324	0.19	7.67	7.68	38222	597	0.00	          0.86	7.53	
000897	津滨发展	0.30	29075988	0.01	3.32	3.33	87084	498	0.00	          0.54	3.33	
03933	联邦制药	0.49	28885440	0.040	8.140	8.180	3517530	22000	0.00	          0.22	8.130	
000531	穗恒运Ａ	2.50	28311178	0.18	7.37	7.38	38760	509	0.14	          0.57	7.20	
01475	日清食品	5.83	27437042	0.190	--  	--  	8047000	13000	0.58	          0.75	3.250	
00887	英皇钟表珠宝	18.42	27155476	0.070	--  	--  	64875000	270000	3.45	          0.94	0.400	
01368	特步国际	5.79	27117702	0.210	3.830	3.840	7231500	86500	0.26	          0.33	3.630	
02380	中国电力	1.00	26626148	0.020	2.010	2.020	13183927	163000	-0.49	          0.13	2.010	
002248	*ST东数	0.75	26092450	0.07	9.38	9.39	27679	495	-0.20	          0.90	9.32	
603233	大参林	0.88	26020924	0.43	49.37	49.38	5306	2	0.55	          1.33	48.79	
01778	彩生活	4.45	25899372	0.260	6.090	6.100	4262000	37000	0.00	          0.32	5.760	
02386	中石化炼化工程	2.10	25629268	0.150	7.300	7.310	3553122	182000	0.14	          0.24	7.130	
00778	置富产业信托	0.43	25537912	0.040	--  	--  	2728000	119000	0.00	--  	9.350	
03300	中国玻璃	7.23	24926162	0.060	--  	--  	28168000	20000	-1.11	          1.56	0.850	
02268	优源控股	0.00	24887022	0.000	--  	--  	6999000	2000	0.00	          0.56	3.550	
01513	丽珠医药	1.42	24352954	0.950	67.600	67.750	361860	9300	0.30	          0.19	66.800	
00410	ＳＯＨＯ中国	0.63	23812888	0.030	4.810	4.820	4940394	537000	-0.41	          0.10	4.750	
002478	常宝股份	1.35	23345262	0.07	5.23	5.24	44805	589	-0.18	          0.74	5.16	
600509	天富能源	0.16	23254934	0.01	6.16	6.17	37622	46	0.00	          0.42	6.18	
00173	嘉华国际	0.92	22808892	0.050	5.500	5.520	4152340	197000	0.00	          0.14	5.400	
00316	东方海外国际	0.14	22392752	0.100	73.500	73.550	304500	4000	-0.07	          0.05	73.350	
600556	ST慧球	0.17	22171972	0.01	6.06	6.07	36143	245	0.17	          0.92	6.06	
01777	花样年控股	2.70	22129932	0.040	1.520	1.530	14712500	1434000	0.66	          0.26	1.460	
600979	广安爱众	0.60	21578916	0.03	5.04	5.05	42783	2	-0.19	          0.60	5.02	
00207	大悦城地产	3.60	21470202	0.050	1.430	1.440	15110891	2000	0.70	          0.11	1.380	
87001	汇贤产业信托	0.00	20944096	0.000	--  	--  	6428783	1000	0.00	--  	3.250	
00956	新天绿色能源	2.05	20767810	0.040	--  	--  	10709250	6000	0.51	          0.58	1.930	
06116	拉夏贝尔	2.30	20262168	0.190	8.420	8.450	2460200	1600	0.36	          1.15	8.200	
00337	绿地香港	4.96	19955534	0.190	4.020	4.030	5038905	28000	0.00	          0.18	3.810	
01848	中国飞机租赁	3.31	19630910	0.260	8.100	8.120	2446000	71000	0.12	          0.36	7.860	
600131	岷江水电	0.32	19545332	0.02	6.18	6.19	31602	16	0.32	          0.80	6.18	
600236	桂冠电力	0.34	19543912	0.02	5.85	5.86	33382	2	0.00	          0.09	5.90	
002319	乐通股份	0.63	19210744	0.10	15.84	15.85	12118	197	0.13	          0.61	15.80	
01720	普天通信集团	6.25	18787000	0.100	--  	--  	11168000	8000	0.00	          1.02	1.600	
00699	神州租车	1.03	18736000	0.070	6.850	6.860	2735304	29000	-0.15	          0.13	6.800	
00755	上海证大	1.64	18594246	0.003	--  	--  	100490000	325000	0.00	          0.68	0.186	
07242	ＦＬ二易方达恒指	0.75	18531702	0.060	--  	--  	2338200	1500	0.00	--  	7.860	
00014	希慎兴业	1.18	18001276	0.500	42.550	42.700	423000	206000	0.59	          0.04	42.400	
600385	山东金泰	2.92	17513136	0.33	11.57	11.60	15259	6	-0.84	          1.07	11.31	
01893	中材股份	0.43	16975256	0.030	--  	--  	2432900	9000	-0.14	          0.21	6.890	
603337	杰克股份	0.89	16859568	0.44	50.20	50.25	3375	4	0.22	          0.62	49.29	
000539	粤电力Ａ	1.08	16710709	0.05	4.67	4.68	35762	1955	0.21	          0.14	4.63	
600083	博信股份	0.71	16509146	0.14	19.77	19.78	8383	10	0.10	          0.37	19.59	
01108	洛阳玻璃股份	7.65	16482021	0.300	4.210	4.220	3982000	60000	0.24	          1.59	3.930	
00606	中国粮油控股	0.00	16218314	0.000	3.470	3.480	4672159	631000	-0.29	          0.09	3.440	
601798	蓝科高新	2.88	16215315	0.24	8.54	8.55	19191	3	-0.11	          0.54	8.31	
01337	雷蛇	0.59	15824241	0.020	--  	--  	4610000	1000	-0.29	          0.05	3.430	
00558	力劲科技	5.00	15768576	0.080	--  	--  	9255000	10000	0.60	          0.78	1.570	
00418	方正控股	7.55	15740821	0.040	--  	--  	28026000	2000	1.79	          2.34	0.520	
02666	环球医疗	1.08	15688312	0.070	6.540	6.550	2409221	15500	0.00	          0.14	6.490	
000798	中水渔业	1.07	15668367	0.09	8.48	8.49	18382	169	0.00	          0.58	8.40	
00819	天能动力	1.46	15566772	0.110	7.580	7.620	2047320	150000	0.26	          0.18	7.500	
00750	兴业太阳能	3.35	15457110	0.110	--  	--  	4576160	1000	0.00	          0.55	3.300	
02298	都市丽人	5.21	15265706	0.220	4.430	4.440	3481000	41000	0.00	          0.16	4.200	
03836	和谐汽车	2.61	15134254	0.140	5.500	5.510	2766015	42500	0.00	          0.18	5.360	
00853	微创医疗	0.77	14170668	0.060	7.890	7.900	1796000	15000	0.00	          0.12	7.950	
01829	中国机械工程	0.21	13891550	0.010	4.770	4.780	2906975	23000	0.00	          0.32	4.780	
01496	亚积邦租赁	17.78	13752001	0.080	--  	--  	27200000	8000	0.00	          3.15	0.450	
02113	东盈控股	5.63	13745651	0.040	--  	--  	18055000	40000	0.00	          2.35	0.710	
00341	大家乐集团	0.00	13509981	0.000	19.800	19.820	684000	8000	0.20	          0.12	19.780	
01168	百仕达控股	1.74	13499181	0.020	--  	--  	11630000	150000	1.74	          0.33	1.140	
01234	中国利郎	1.20	13492596	0.100	8.350	8.430	1619000	21000	-0.12	          0.14	8.260	
02308	研祥智能	0.00	13376121	0.000	--  	--  	9224000	16000	-0.71	          2.99	1.390	
01866	中国心连心化肥	3.16	13323881	0.110	--  	--  	3813000	1000	1.13	          0.38	3.540	
00232	中国航空工业国际	1.22	12748401	0.005	--  	--  	30742000	4000	0.00	          0.33	0.405	
02183	三盛控股	2.09	12102235	0.300	--  	--  	826100	24000	-0.27	          0.20	14.360	
01065	天津创业环保股份	0.22	11775501	0.010	4.640	4.650	2508000	6000	-0.21	          0.74	4.640	
07205	ＦＬ二　三星恒指	0.95	11742957	0.100	--  	--  	1110600	5000	0.00	--  	10.420	
01183	澳能建设	0.00	11648721	0.000	--  	--  	6598000	26000	0.00	          0.55	1.720	
06885	金马能源	1.51	11374751	0.050	--  	--  	3350000	5000	0.30	          2.47	3.300	
08207	中新控股	0.00	11230041	0.000	--  	--  	12368000	12000	0.00	          0.05	0.920	
08156	众彩股份	5.00	10983551	0.040	--  	--  	13385000	10000	1.20	          0.41	0.800	
00380	冠力国际	12.66	10961981	0.100	--  	--  	12910000	12000	0.00	          0.97	0.790	
000096	广聚能源	1.51	10484731	0.20	13.40	13.41	7868	239	0.15	          0.15	13.18	
03830	童园国际	5.00	10416650	0.020	--  	--  	24800000	60000	2.44	          2.48	0.405	
00353	能源国际投资	1.96	10280500	0.005	--  	--  	38880000	20000	1.96	          1.06	0.255	
00563	上实城市开发	1.05	10202280	0.020	1.920	1.930	5304000	102000	0.52	          0.11	1.910	
00978	招商局置地	2.61	10173260	0.040	1.560	1.570	6556000	56000	0.64	          0.13	1.530	
08200	修身堂	4.69	9686040	0.003	--  	--  	146720000	80000	1.52	          2.69	0.064	
01695	椰丰集团	7.58	9607950	0.025	--  	--  	27245000	15000	1.43	          2.52	0.330	
00888	路讯通	5.35	9305240	0.100	--  	--  	4814000	2000	1.03	          0.48	1.820	
01667	进阶发展	11.54	9252700	0.060	--  	--  	16280000	40000	0.00	          2.04	0.510	
600608	*ST沪科	2.01	9213339	0.16	8.12	8.13	11362	13	0.12	          0.36	7.91	
83188	华夏沪深三百－Ｒ	0.24	8966707	0.100	--  	--  	215740	200	0.36	--  	41.500	
01608	伟能集团	2.95	8949935	0.150	5.230	5.250	1717000	1000	0.00	          0.07	5.090	
08170	KSL HOLDINGS	5.00	8949770	0.180	--  	--  	2389000	1000	0.00	          0.58	3.680	
601518	吉林高速	0.29	8079345	0.01	3.42	3.43	23565	26	0.29	          0.19	3.42	
01157	中联重科	0.94	7932433	0.030	3.210	3.220	2488400	15000	0.31	          0.18	3.170	
00672	众安房产	3.17	7921035	0.020	--  	--  	12311800	1000	0.00	          0.21	0.630	
00848	茂业国际	4.21	7920441	0.040	--  	--  	8211000	100000	1.02	          0.16	0.950	
03366	华侨城（亚洲）	4.17	7871901	0.150	--  	--  	2102000	30000	0.81	          0.32	3.640	
02283	东江集团控股	5.93	7866109	0.370	--  	--  	1212180	2000	0.15	          0.15	6.230	
01651	津上机床中国	5.92	7767757	0.600	--  	--  	745000	2000	-0.56	          0.20	10.140	
02833	恒指ＥＴＦ	0.31	7693829	0.100	--  	--  	239916	300	0.00	--  	32.050	
01117	现代牧业	3.50	7380202	0.050	1.460	1.480	5003777	6000	-0.67	          0.08	1.460	
00286	同佳健康	3.49	7224124	0.030	--  	--  	8229775	6000	0.00	          0.27	0.870	
02080	奥克斯国际	1.09	7187301	0.020	--  	--  	3904000	18000	0.00	          1.04	1.840	
08379	汇安智能	12.68	7087751	0.045	--  	--  	18110000	120000	-1.23	          2.26	0.350	
02678	天虹纺织	1.48	7001492	0.160	10.940	11.000	640000	1000	-0.55	          0.07	10.860	
600725	ST云维	1.67	6877681	0.05	3.04	3.05	22731	94	0.00	          0.18	2.98	
03389	亨得利	3.85	6701269	0.015	0.400	0.405	16636000	8000	1.25	          0.36	0.390	
01963	重庆银行	1.03	6610118	0.070	6.850	6.860	972500	14500	0.29	          0.06	6.730	
00784	凌锐控股	13.64	6412901	0.060	--  	--  	13340000	80000	1.01	          1.67	0.450	
002134	*ST普林	0.13	6312520	0.01	7.81	7.82	8102	55	0.39	          0.33	7.80	
08073	兴业新材料	2.91	6263272	0.050	--  	--  	3514655	4000	0.00	          0.73	1.720	
00856	伟仕佳杰	0.91	6206401	0.040	--  	--  	1394500	4000	0.00	          0.10	4.400	
000803	*ST金宇	4.99	6083409	1.04	21.90	--  	2811	5	0.00	          0.22	20.91	
数据来源:通达信
