代码	名称	涨幅%%	总金额	现价	昨收	每手	总量	涨速%%	今开	最高	最低	抛空额	股息率%%	振幅%%	涨跌	细分行业	抛空量	按盘价	
03333	中国恒大	9.38	3079625728	30.900	28.250	1000	101160112	0.00	30.000	31.600	29.050	--  	0.00	9.03	2.650	地产	--  	30.900	
01918	融创中国	4.78	1387770496	36.200	34.550	1000	38937052	0.42	35.250	36.500	34.700	--  	0.00	5.21	1.650	地产	--  	36.200	
02007	碧桂园	4.36	605801920	12.440	11.920	1000	49298016	0.00	12.160	12.520	11.980	--  	1.39	4.53	0.520	地产	--  	12.440	
01109	华润置地	0.00	425609760	23.200	23.200	2000	18402846	0.00	23.200	23.350	22.850	--  	0.43	2.16	0.000	地产	--  	23.200	
00688	中国海外发展	0.81	388326336	25.000	24.800	2000	15568901	0.00	24.700	25.200	24.700	--  	1.40	2.02	0.200	地产	--  	25.000	
00016	新鸿基地产	1.18	377424160	128.800	127.300	1000	2930451	-0.16	128.000	129.400	127.800	--  	2.33	1.26	1.500	地产	--  	128.800	
01113	长实集团	0.68	305886720	66.450	66.000	500	4611421	0.30	66.350	66.700	66.050	--  	0.63	0.98	0.450	地产	--  	66.450	
00004	九龙仓集团	1.96	300385600	75.450	74.000	1000	4010570	0.07	74.100	75.600	73.750	--  	0.97	2.50	1.450	地产	--  	75.450	
02202	万科企业	1.80	288465344	28.300	27.800	100	10238578	0.35	27.550	28.550	27.550	--  	0.00	3.60	0.500	地产	--  	28.300	
00755	上海证大	29.66	182756784	0.153	0.118	5000	1044310016	0.00	0.260	0.260	0.147	--  	0.00	95.76	0.035	地产	--  	0.153	
00017	新世界发展	0.17	162090016	11.780	11.760	1000	13796383	-0.34	11.700	11.840	11.680	--  	2.80	1.36	0.020	地产	--  	11.780	
00960	龙湖地产	0.76	153481120	18.540	18.400	500	8358819	-0.75	18.580	18.700	18.040	--  	1.24	3.59	0.140	地产	--  	18.540	
01638	佳兆业集团	0.44	149443344	4.550	4.530	1000	32989926	0.00	4.560	4.670	4.390	--  	0.00	6.18	0.020	地产	--  	4.550	
00607	丰盛控股	0.00	137382176	3.300	3.300	2500	41645032	0.30	3.280	3.310	3.260	--  	0.00	1.52	0.000	地产	--  	3.300	
00012	恒基地产	1.15	128864872	52.800	52.200	1000	2457603	0.48	52.250	52.800	51.750	--  	0.91	2.01	0.600	地产	--  	52.800	
02777	富力地产	1.08	126577248	16.880	16.700	400	7536563	0.12	16.740	17.020	16.620	--  	2.25	2.40	0.180	地产	--  	16.880	
00014	希慎兴业	7.43	90224264	41.200	38.350	1000	2251818	0.86	38.650	41.200	38.450	--  	0.63	7.17	2.850	地产	--  	41.200	
03383	雅居乐集团	1.60	76520248	11.420	11.240	2000	6754039	0.18	11.360	11.480	11.140	--  	1.93	3.02	0.180	地产	--  	11.420	
00083	信和置业	2.51	73742992	13.860	13.520	2000	5351702	0.43	13.580	13.860	13.520	--  	2.89	2.51	0.340	地产	--  	13.860	
00101	恒隆地产	0.00	69375872	17.760	17.760	1000	3911500	0.11	17.740	17.860	17.660	--  	0.96	1.13	0.000	地产	--  	17.760	
00884	旭辉控股集团	-0.72	68605680	4.120	4.150	2000	16670966	0.24	4.160	4.220	4.080	--  	1.21	3.37	-0.030	地产	--  	4.120	
00817	中国金茂	1.67	61512656	3.650	3.590	2000	16949862	0.83	3.620	3.670	3.550	--  	2.25	3.34	0.060	地产	--  	3.650	
03883	中国奥园	1.62	61077120	4.390	4.320	1000	13998231	0.00	4.430	4.440	4.300	--  	0.00	3.24	0.070	地产	--  	4.390	
01813	合景泰富	2.72	56122712	7.540	7.340	500	7533896	0.40	7.430	7.550	7.290	--  	1.53	3.54	0.200	地产	--  	7.540	
00683	嘉里建设	-0.14	55591852	35.350	35.400	500	1577000	0.14	35.300	35.450	35.050	--  	0.00	1.13	-0.050	地产	--  	35.350	
00813	世茂房地产	1.48	52280660	16.480	16.240	500	3180286	-0.24	16.400	16.600	16.240	--  	2.43	2.22	0.240	地产	--  	16.480	
02098	卓尔集团	-0.78	50398224	6.380	6.430	1000	7870000	0.31	6.400	6.490	6.350	--  	0.00	2.18	-0.050	地产	--  	6.380	
03380	龙光地产	1.69	48590408	7.240	7.120	2000	6755290	0.28	7.200	7.240	7.120	--  	3.04	1.69	0.120	地产	--  	7.240	
03900	绿城中国	2.72	47968628	9.820	9.560	500	4926500	-0.10	9.500	9.860	9.500	--  	0.00	3.77	0.260	地产	--  	9.820	
03377	远洋集团	-0.20	47636140	5.010	5.020	500	9497063	-0.40	5.000	5.080	4.990	--  	3.27	1.79	-0.010	地产	--  	5.010	
00020	会德丰	0.63	44528060	55.650	55.300	1000	802138	-0.27	55.300	55.850	55.200	--  	0.85	1.18	0.350	地产	--  	55.650	
00119	保利置业集团	0.55	37520752	3.630	3.610	1000	10363536	0.55	3.630	3.660	3.570	--  	0.00	2.49	0.020	地产	--  	3.630	
01668	华南城	0.48	37343460	2.080	2.070	2000	18086000	0.48	2.070	2.100	2.030	--  	2.40	3.38	0.010	地产	--  	2.080	
01972	太古地产	2.09	35932032	26.900	26.350	200	1343787	0.37	26.350	26.900	26.200	--  	0.93	2.66	0.550	地产	--  	26.900	
03301	融信中国	1.61	35719672	8.850	8.710	500	4082000	-0.23	8.730	8.880	8.670	--  	0.00	2.41	0.140	地产	--  	8.850	
01628	禹洲地产	1.37	35688156	3.700	3.650	1000	9787774	0.00	3.630	3.700	3.600	--  	2.30	2.74	0.050	地产	--  	3.700	
00127	华人置业	2.91	31852972	13.460	13.080	500	2384000	0.00	13.120	13.480	13.120	800500	1.49	2.75	0.380	地产	60000	13.460	
01966	中骏置业	0.58	29394142	3.480	3.460	1000	8490085	0.87	3.480	3.500	3.440	--  	1.72	1.73	0.020	地产	--  	3.480	
00604	深圳控股	0.58	26767856	3.450	3.430	2000	7761031	0.00	3.430	3.480	3.430	--  	2.03	1.46	0.020	地产	--  	3.450	
00832	建业地产	-1.86	25905200	3.690	3.760	1000	7055080	0.27	3.710	3.720	3.600	349030	0.00	3.19	-0.070	地产	95000	3.690	
00410	ＳＯＨＯ中国	0.44	24023638	4.550	4.530	500	5273028	-0.22	4.560	4.580	4.520	--  	8.77	1.32	0.020	地产	--  	4.550	
00059	天誉置业	3.93	21738666	2.380	2.290	2000	9236002	0.42	2.290	2.400	2.280	--  	0.00	5.24	0.090	地产	--  	2.380	
00123	越秀地产	0.68	21190502	1.480	1.470	2000	14315636	0.00	1.470	1.490	1.470	--  	2.70	1.36	0.010	地产	--  	1.480	
01622	力高地产	-0.49	20969320	4.070	4.090	2000	5066000	0.00	4.110	4.240	4.060	--  	0.57	4.40	-0.020	地产	--  	4.070	
01528	红星美凯龙	1.26	20709254	9.620	9.500	200	2154000	0.10	9.450	9.690	9.450	--  	0.00	2.53	0.120	地产	--  	9.620	
00035	远东发展	1.99	19969656	4.610	4.520	1000	4337166	0.22	4.520	4.650	4.490	--  	3.25	3.54	0.090	地产	--  	4.610	
00535	金地商置	3.85	18998140	0.810	0.780	2000	23870000	1.25	0.790	0.810	0.780	--  	0.00	3.85	0.030	地产	--  	0.810	
00232	中国航空工业国际	0.00	18558440	0.590	0.590	2000	31176000	1.72	0.590	0.610	0.580	655580	0.00	5.08	0.000	地产	1098000	0.590	
00337	绿地香港	0.85	17522700	3.580	3.550	1000	4910000	0.28	3.600	3.660	3.510	--  	0.00	4.23	0.030	地产	--  	3.580	
00563	上实城市开发	2.40	16344261	1.710	1.670	2000	9636000	0.00	1.680	1.720	1.660	--  	0.00	3.59	0.040	地产	--  	1.710	
00120	COSMOPOL INT'L	1.94	14062899	1.050	1.030	20000	13534438	0.00	1.030	1.060	1.030	--  	0.00	2.91	0.020	地产	--  	1.050	
00173	嘉华国际	0.00	13308229	4.450	4.450	1000	2983506	0.00	4.470	4.480	4.440	--  	1.12	0.90	0.000	地产	--  	4.450	
01233	时代地产	2.94	13004766	8.050	7.820	1000	1646000	0.00	7.920	8.090	7.790	554920	0.00	3.84	0.230	地产	70000	8.050	
00010	恒隆集团	0.37	12213771	27.300	27.200	1000	448316	0.00	27.200	27.550	27.150	--  	0.70	1.47	0.100	地产	--  	27.300	
00272	瑞安房地产	0.00	12063855	1.980	1.980	500	6120727	0.51	1.980	1.990	1.960	--  	1.52	1.52	0.000	地产	--  	1.980	
02768	佳源国际控股	-0.35	10379000	5.690	5.710	2000	1832000	0.18	5.710	5.710	5.610	--  	0.00	1.75	-0.020	地产	--  	5.690	
01243	宏安地产	1.57	10272720	1.290	1.270	4000	7944000	0.00	1.310	1.360	1.280	113960	0.00	6.30	0.020	地产	88000	1.290	
00798	中电光谷	0.00	9942640	0.750	0.750	4000	13472000	0.00	0.740	0.750	0.730	35520	0.00	2.67	0.000	地产	48000	0.750	
02868	首创置业	0.97	8858160	4.170	4.130	2000	2144000	0.24	4.150	4.180	4.080	347660	0.00	2.42	0.040	地产	84000	4.170	
00081	中国海外宏洋集团	2.07	8730490	4.430	4.340	1000	1988750	0.23	4.430	4.450	4.310	--  	0.23	3.23	0.090	地产	--  	4.430	
01238	宝龙地产	-1.30	8172513	3.800	3.850	1000	2158425	0.00	3.820	3.850	3.750	--  	1.42	2.60	-0.050	地产	--  	3.800	
01222	WANG ON GROUP	1.69	7913030	0.120	0.118	20000	67165264	0.84	0.120	0.122	0.115	--  	4.17	5.93	0.002	地产	--  	0.120	
00169	万达酒店发展	-4.62	7748331	1.240	1.300	1000	6244000	0.00	1.270	1.300	1.210	--  	0.00	6.92	-0.060	地产	--  	1.240	
00095	绿景中国地产	2.22	7350155	2.300	2.250	4000	3208833	0.44	2.290	2.300	2.260	--  	0.00	1.78	0.050	地产	--  	2.300	
00726	中民筑友科技	2.00	7307321	0.255	0.250	20000	28840000	2.00	0.250	0.270	0.249	--  	0.00	8.40	0.005	地产	--  	0.255	
00497	资本策略地产	3.75	7147451	0.415	0.400	10000	17520000	2.47	0.405	0.415	0.405	--  	3.86	2.50	0.015	地产	--  	0.415	
01240	青建国际	0.35	6995626	2.840	2.830	2500	2492500	0.35	2.830	2.840	2.760	--  	0.00	2.83	0.010	地产	--  	2.840	
03688	莱蒙国际	0.20	6965412	4.990	4.980	500	1403200	0.81	4.900	5.000	4.850	--  	0.00	3.01	0.010	地产	--  	4.990	
00715	中泛控股	0.00	6926981	0.630	0.630	2000	11010000	1.61	0.620	0.630	0.620	--  	0.00	1.59	0.000	地产	--  	0.630	
01663	汉港控股	1.32	6896001	0.770	0.760	2000	9116000	0.00	0.750	0.770	0.740	--  	0.00	3.95	0.010	地产	--  	0.770	
01168	百仕达控股	-1.74	6504909	1.130	1.150	2000	5736350	0.00	1.140	1.160	1.120	84160	0.00	3.48	-0.020	地产	74000	1.130	
02608	阳光１００中国	-0.27	6460481	3.670	3.680	1000	1763000	0.27	3.630	3.710	3.620	--  	0.00	2.45	-0.010	地产	--  	3.670	
00141	大中华集团	3.55	5934041	2.040	1.970	2000	2824000	0.00	1.990	2.190	1.990	--  	0.00	10.15	0.070	地产	--  	2.040	
01098	ROAD KING INFRA	-0.31	5840421	12.820	12.860	1000	454000	-0.16	12.880	13.000	12.800	--  	1.17	1.56	-0.040	地产	--  	12.820	
00207	大悦城地产	1.52	5294721	1.340	1.320	2000	3956000	0.00	1.340	1.360	1.330	--  	0.00	2.27	0.020	地产	--  	1.340	
00488	丽新发展	-0.43	5102181	13.960	14.020	300	365247	0.14	14.020	14.080	13.900	--  	0.72	1.28	-0.060	地产	--  	13.960	
00672	众安房产	3.70	4962012	1.120	1.080	1000	4483400	0.00	1.090	1.130	1.090	491380	0.00	3.70	0.040	地产	443000	1.120	
00754	合生创展集团	-0.76	4844640	7.800	7.860	2000	620000	0.00	7.900	7.900	7.770	--  	0.00	1.65	-0.060	地产	--  	7.800	
00978	招商局置地	2.10	4757000	1.460	1.430	2000	3268000	0.00	1.440	1.480	1.440	--  	0.00	2.80	0.030	地产	--  	1.460	
01777	花样年控股	1.82	4545180	1.120	1.100	1500	4093500	-0.88	1.100	1.130	1.100	--  	0.00	2.73	0.020	地产	--  	1.120	
00251	爪哇控股	2.30	4500910	8.900	8.700	2000	506818	-1.11	8.790	9.000	8.600	18000	0.22	4.60	0.200	地产	2000	8.900	
02329	国瑞置业	-3.93	4344570	2.200	2.290	1000	1962000	-0.45	2.240	2.280	2.190	--  	3.41	3.93	-0.090	地产	--  	2.200	
00859	镇科集团	-1.03	4013220	1.920	1.940	2000	2114000	0.00	1.920	1.940	1.890	--  	11.09	2.58	-0.020	地产	--  	1.920	
00088	TAI CHEUNG HOLD	0.75	3604190	9.430	9.360	1000	381000	-0.42	9.450	9.540	9.400	--  	2.23	1.50	0.070	地产	--  	9.430	
01176	珠光控股	0.95	3581060	1.060	1.050	2000	3432000	0.00	1.050	1.060	1.040	20800	0.00	1.90	0.010	地产	20000	1.060	
01191	中国中石控股	15.51	3490500	0.216	0.187	20000	16100000	-0.92	0.189	0.225	0.189	--  	0.00	19.25	0.029	地产	--  	0.216	
00041	鹰君	-1.16	3248167	42.650	43.150	1000	75730	-0.35	43.200	43.500	42.600	--  	1.88	2.09	-0.500	地产	--  	42.650	
00996	嘉年华国际	0.00	3220797	0.395	0.395	10000	8190125	1.28	0.400	0.400	0.390	--  	0.00	2.53	0.000	地产	--  	0.395	
01589	中国物流资产	-8.18	3095180	2.470	2.690	1000	1223000	-0.80	2.560	2.600	2.450	484350	0.00	5.58	-0.220	地产	191000	2.470	
01560	星星地产	4.60	3094901	0.910	0.870	2000	3434392	0.00	0.890	0.920	0.880	--  	0.00	4.60	0.040	地产	--  	0.910	
00367	庄士机构国际	0.00	2927200	1.860	1.860	4000	1584000	0.54	1.850	1.870	1.830	--  	2.69	2.15	0.000	地产	--  	1.860	
00163	英皇国际	0.00	2814600	2.720	2.720	2000	1042000	0.37	2.720	2.740	2.680	--  	2.13	2.21	0.000	地产	--  	2.720	
00129	泛海集团	0.96	2688656	2.100	2.080	2000	1289341	0.00	2.080	2.110	2.060	62680	1.43	2.40	0.020	地产	30000	2.100	
00480	香港兴业国际	0.20	2663634	5.030	5.020	800	530451	0.00	5.030	5.050	4.990	--  	1.39	1.20	0.010	地产	--  	5.030	
02278	海蓝控股	0.25	2602350	4.000	3.990	1000	651000	0.00	3.990	4.000	3.990	--  	0.00	0.25	0.010	地产	--  	4.000	
00185	正恒国际控股	2.82	2440430	0.365	0.355	10000	6804000	-2.67	0.350	0.375	0.345	--  	0.00	8.45	0.010	地产	--  	0.365	
00190	香港建设（控股）	-0.31	2284614	6.370	6.390	1000	357342	0.31	6.340	6.500	6.280	--  	0.94	3.44	-0.020	地产	--  	6.370	
00298	庄士中国	1.59	2282340	0.640	0.630	10000	3564000	0.00	0.650	0.650	0.640	--  	6.25	1.59	0.010	地产	--  	0.640	
01124	沿海家园	0.00	2279460	0.280	0.280	2000	8200000	1.82	0.275	0.285	0.275	--  	0.00	3.57	0.000	地产	--  	0.280	
00997	普汇中金国际	0.90	2160634	1.120	1.110	5000	1951200	0.00	1.100	1.120	1.100	--  	0.00	1.80	0.010	地产	--  	1.120	
00588	北京北辰实业股份	0.69	1996160	2.910	2.890	2000	690000	0.00	2.870	2.910	2.870	--  	0.00	1.38	0.020	地产	--  	2.910	
00845	恒盛地产	-1.18	1912930	0.840	0.850	1000	2276000	-1.18	0.840	0.850	0.840	--  	0.00	1.18	-0.010	地产	--  	0.840	
03366	华侨城（亚洲）	0.00	1885220	3.000	3.000	2000	628000	-0.66	3.020	3.040	2.980	--  	0.00	2.00	0.000	地产	--  	3.000	
00034	九龙建业	-0.12	1874010	8.660	8.670	1000	216167	0.00	8.670	8.680	8.660	34710	2.54	0.23	-0.010	地产	4000	8.660	
00258	汤臣集团	0.84	1765480	3.590	3.560	2000	492000	0.28	3.570	3.600	3.570	--  	0.00	0.84	0.030	地产	--  	3.590	
00028	天安	0.51	1550680	5.920	5.890	1000	260500	-1.00	5.860	5.980	5.860	17910	0.00	2.04	0.030	地产	3000	5.920	
00733	合富辉煌	0.84	1506179	3.610	3.580	2000	417840	0.84	3.610	3.620	3.510	--  	1.25	3.07	0.030	地产	--  	3.610	
01107	当代置业	1.23	1459084	1.650	1.630	2000	889600	0.00	1.630	1.650	1.630	170880	1.39	1.23	0.020	地产	104000	1.650	
00499	青岛控股	12.70	1439640	0.710	0.630	2000	2030000	-1.39	0.640	0.800	0.630	--  	0.00	26.98	0.080	地产	--  	0.710	
00878	金朝阳集团	0.24	1419110	16.820	16.780	500	84500	0.00	16.820	16.840	16.700	--  	0.00	0.83	0.040	地产	--  	16.820	
00760	新天地产集团	0.00	1341150	0.091	0.091	15000	14730000	1.11	0.092	0.093	0.090	--  	0.00	3.30	0.000	地产	--  	0.091	
00275	凯华集团	2.08	1331381	0.098	0.096	10000	13606454	-1.01	0.096	0.099	0.096	--  	0.00	3.13	0.002	地产	--  	0.098	
00230	五矿地产	0.00	1300135	1.160	1.160	2000	1129500	0.00	1.150	1.160	1.150	34520	0.00	0.86	0.000	地产	30000	1.160	
01908	建发国际集团	-1.18	1299560	5.880	5.950	4000	220000	-0.34	5.950	5.980	5.880	--  	0.00	1.68	-0.070	地产	--  	5.880	
02088	西王置业	-3.70	1290574	0.390	0.405	2000	3258747	0.00	0.400	0.420	0.390	--  	0.00	7.41	-0.015	地产	--  	0.390	
00124	粤海置地	-0.62	1243009	1.610	1.620	2000	770222	0.00	1.620	1.620	1.600	--  	0.00	1.23	-0.010	地产	--  	1.610	
00050	香港小轮（集团）	0.22	1162440	8.960	8.940	1000	130000	0.34	8.950	8.960	8.930	--  	1.12	0.34	0.020	地产	--  	8.960	
00171	银建国际	0.87	1127740	1.160	1.150	2000	972000	0.00	1.150	1.170	1.150	--  	0.00	1.74	0.010	地产	--  	1.160	
00237	安全货仓	0.21	1094705	18.700	18.660	2000	58553	0.00	18.660	18.740	18.620	--  	5.35	0.64	0.040	地产	--  	18.700	
02183	三盛控股	-0.48	1018787	6.160	6.190	2000	166100	0.98	6.170	6.170	6.100	--  	0.00	1.13	-0.030	地产	--  	6.160	
00736	中国置业投资	-4.69	1002049	0.061	0.064	3000	16547133	1.67	0.064	0.064	0.059	--  	0.00	7.81	-0.003	地产	--  	0.061	
06166	中国宏泰发展	2.50	997820	4.100	4.000	1000	249000	0.00	3.920	4.100	3.920	--  	0.00	4.50	0.100	地产	--  	4.100	
00266	天德地产	-1.08	955700	9.150	9.250	2000	104000	0.33	9.260	9.260	9.120	--  	2.51	1.51	-0.100	地产	--  	9.150	
00214	汇汉控股	-1.40	949420	2.110	2.140	2000	448000	0.00	2.100	2.150	2.100	--  	1.14	2.34	-0.030	地产	--  	2.110	
00369	永泰地产	-0.19	948780	5.390	5.400	2000	176000	0.00	5.420	5.420	5.380	43120	0.83	0.74	-0.010	地产	8000	5.390	
00106	朗诗绿色地产	-1.19	929660	0.830	0.840	4000	1117000	0.00	0.820	0.840	0.820	--  	0.00	2.38	-0.010	地产	--  	0.830	
01207	上置集团	0.00	921204	0.200	0.200	2000	4615135	-0.99	0.198	0.203	0.197	--  	0.00	3.00	0.000	地产	--  	0.200	
01009	国际娱乐	-0.98	916960	2.030	2.050	2000	450000	0.00	2.050	2.050	2.030	--  	0.00	0.98	-0.020	地产	--  	2.030	
01200	美联集团	0.00	865380	2.110	2.110	2000	410000	0.00	2.130	2.130	2.090	--  	0.00	1.90	0.000	地产	--  	2.110	
00593	梦东方	1.63	857590	12.500	12.300	500	70000	0.00	11.520	12.500	11.520	--  	0.00	7.97	0.200	地产	--  	12.500	
01396	毅德国际	0.00	848800	0.710	0.710	2000	1210000	0.00	0.710	0.720	0.690	--  	0.00	4.23	0.000	地产	--  	0.710	
02699	新明中国	0.00	824080	1.220	1.220	2000	672000	0.00	1.230	1.240	1.200	--  	0.00	3.28	0.000	地产	--  	1.220	
00112	勒泰商业地产	3.68	813640	3.380	3.260	2000	249795	3.68	3.310	3.400	3.200	--  	0.00	6.13	0.120	地产	--  	3.380	
00613	YUGANG INT'L	0.00	804760	0.200	0.200	2000	4032000	0.00	0.200	0.200	0.198	--  	0.00	1.00	0.000	地产	--  	0.200	
00989	广泽国际发展	0.00	760650	1.760	1.760	5000	425000	0.00	1.780	1.800	1.760	52800	0.00	2.27	0.000	地产	30000	1.760	
01232	金轮天地控股	-1.32	640260	0.750	0.760	2000	852000	0.00	0.760	0.760	0.730	--  	2.93	3.95	-0.010	地产	--  	0.750	
00212	NANYANG HOLD	0.00	640175	45.500	45.500	500	14000	0.00	45.750	45.800	45.500	--  	0.00	0.66	0.000	地产	--  	45.500	
01321	中国新城市	1.70	620680	1.790	1.760	2000	348000	1.13	1.730	1.810	1.730	--  	0.00	4.55	0.030	地产	--  	1.790	
01224	中渝置地	0.00	598100	1.720	1.720	1000	351000	0.58	1.710	1.720	1.690	27280	0.00	1.74	0.000	地产	16000	1.720	
01838	CHINAPROPERTIES	0.57	581000	1.760	1.750	1000	332000	0.57	1.750	1.750	1.750	--  	0.00	0.00	0.010	地产	--  	1.760	
00160	汉国置业	1.36	569480	5.220	5.150	2000	110000	0.00	5.150	5.230	5.140	--  	2.39	1.75	0.070	地产	--  	5.220	
00194	廖创兴企业	-0.74	564720	13.420	13.520	2000	42000	0.00	13.540	13.540	13.340	--  	1.34	1.48	-0.100	地产	--  	13.420	
00009	九号运通	0.00	563350	0.275	0.275	6000	2052040	0.00	0.275	0.275	0.270	--  	0.00	1.82	0.000	地产	--  	0.275	
00495	PALADIN	-3.77	544700	0.255	0.265	5000	2120000	0.00	0.265	0.265	0.255	--  	0.00	3.77	-0.010	地产	--  	0.255	
00029	达力集团	0.52	541580	7.770	7.730	2000	70000	0.00	7.770	7.780	7.700	--  	0.39	1.03	0.040	地产	--  	7.770	
00226	力宝	0.21	527730	4.730	4.720	1000	112000	0.42	4.730	4.740	4.700	--  	1.06	0.85	0.010	地产	--  	4.730	
00199	德祥地产	0.00	524700	2.880	2.880	1000	183000	0.00	2.880	2.900	2.860	--  	4.17	1.39	0.000	地产	--  	2.880	
00459	美联工商铺	0.00	508600	0.395	0.395	10000	1277000	0.00	0.395	0.405	0.395	--  	0.00	2.53	0.000	地产	--  	0.395	
01369	五洲国际	0.00	501480	0.920	0.920	2000	546000	0.00	0.910	0.920	0.910	--  	0.00	1.09	0.000	地产	--  	0.920	
00910	中国三迪	0.00	498366	0.345	0.345	12000	1440200	0.00	0.345	0.350	0.330	--  	0.00	5.80	0.000	地产	--  	0.345	
00899	亚洲资源	-6.47	464140	0.130	0.139	10000	3602000	0.00	0.128	0.130	0.127	--  	0.00	2.16	-0.009	地产	--  	0.130	
01387	人和商业	-0.54	451240	0.183	0.184	2000	2472000	0.55	0.181	0.184	0.181	--  	0.00	1.63	-0.001	地产	--  	0.183	
00655	香港华人有限公司	-1.45	450580	1.360	1.380	2000	328000	-0.73	1.390	1.390	1.350	--  	0.74	2.90	-0.020	地产	--  	1.360	
01383	太阳城集团	0.00	444912	0.465	0.465	10000	963800	0.00	0.460	0.465	0.460	--  	0.00	1.08	0.000	地产	--  	0.465	
01862	景瑞控股	0.46	400800	2.200	2.190	1000	183000	0.00	2.190	2.200	2.190	--  	0.00	0.46	0.010	地产	--  	2.200	
00271	亚证地产	1.09	399084	1.860	1.840	1000	214156	0.00	1.860	1.870	1.850	--  	13.44	1.09	0.020	地产	--  	1.860	
00432	盈大地产	0.00	397430	3.100	3.100	1000	128000	0.00	3.100	3.120	3.090	--  	0.00	0.97	0.000	地产	--  	3.100	
00147	国际商业结算	3.03	396700	0.510	0.495	5000	795000	0.00	0.485	0.510	0.485	--  	0.00	5.05	0.015	地产	--  	0.510	
01278	中国新城镇	1.39	371362	0.365	0.360	2500	1017969	0.00	0.360	0.370	0.360	--  	0.00	2.78	0.005	地产	--  	0.365	
00026	中华汽车	1.19	369480	102.300	101.100	200	3600	-0.58	101.100	102.900	101.100	--  	1.56	1.78	1.200	地产	--  	102.300	
00519	实力建业	1.89	357059	0.540	0.530	5000	662076	0.00	0.530	0.540	0.530	--  	0.00	1.89	0.010	地产	--  	0.540	
00051	海港企业	0.27	294160	14.800	14.760	1000	20000	0.00	14.760	14.800	14.680	--  	0.95	0.81	0.040	地产	--  	14.800	
00216	建业实业	-1.06	284480	3.750	3.790	4000	76000	0.54	3.790	3.790	3.730	--  	1.33	1.58	-0.040	地产	--  	3.750	
00156	力宝华润	0.00	284250	0.248	0.248	10000	1160000	0.00	0.246	0.248	0.241	--  	3.23	2.82	0.000	地产	--  	0.248	
01195	京维集团	0.00	279276	0.125	0.125	4000	2256000	0.00	0.124	0.125	0.123	--  	0.00	1.60	0.000	地产	--  	0.125	
00225	博富临置业	2.00	271320	19.400	19.020	2000	14000	0.00	19.340	19.400	19.340	--  	0.21	0.32	0.380	地产	--  	19.400	
02118	天山发展控股	0.64	258640	3.160	3.140	2000	82000	0.00	3.140	3.180	3.130	18860	1.58	1.59	0.020	地产	6000	3.160	
00183	宏辉集团	1.10	249936	0.183	0.181	8000	1368000	0.00	0.180	0.183	0.180	--  	0.00	1.66	0.002	地产	--  	0.183	
00281	川河集团	1.79	248760	0.570	0.560	2000	438000	0.00	0.560	0.570	0.560	--  	0.00	1.79	0.010	地产	--  	0.570	
00456	新城市建设发展	-2.86	237700	0.340	0.350	20000	720000	4.62	0.345	0.345	0.325	--  	0.00	5.71	-0.010	地产	--  	0.340	
00131	卓能（集团）	0.00	205330	5.030	5.030	1000	41000	0.60	4.910	5.030	4.910	--  	2.68	2.39	0.000	地产	--  	5.030	
00231	平安证券集团控股	-1.27	191637	0.078	0.079	20000	2420235	0.00	0.080	0.080	0.078	--  	0.00	2.53	-0.001	地产	--  	0.078	
00158	万邦投资	0.00	185600	188.000	188.000	500	1000	0.00	--  	188.000	--  	--  	1.22	0.00	0.000	地产	--  	188.000	
00191	丽新国际	-1.14	182520	13.820	13.980	1000	13160	0.00	13.880	13.880	13.820	--  	0.50	0.43	-0.160	地产	--  	13.820	
01218	永义国际	0.82	155670	4.890	4.850	1000	32000	1.88	4.900	4.900	4.800	--  	1.02	2.06	0.040	地产	--  	4.890	
01329	首创钜大	0.00	148960	2.000	2.000	2000	76000	0.00	2.000	2.000	1.910	--  	0.00	4.50	0.000	地产	--  	2.000	
02349	中国城市基础设施	-2.27	134240	0.430	0.440	4000	312000	0.00	0.430	0.440	0.430	--  	0.00	2.27	-0.010	地产	--  	0.430	
00278	华厦置业	-0.56	123900	8.850	8.900	2000	14000	0.00	8.850	8.850	8.850	--  	2.60	0.00	-0.050	地产	--  	8.850	
00063	中国烯谷集团	1.04	121055	0.485	0.480	1000	245000	0.00	0.500	0.500	0.485	--  	0.00	3.12	0.005	地产	--  	0.485	
01036	万科置业海外	0.00	119740	4.790	4.790	1000	25000	0.00	4.790	4.790	4.780	--  	0.00	0.21	0.000	地产	--  	4.790	
00352	富阳	2.47	101000	0.830	0.810	2000	118000	0.00	0.810	0.990	0.810	--  	0.00	22.22	0.020	地产	--  	0.830	
02330	中国上城	-0.89	76284	0.222	0.224	4000	356000	0.00	0.214	0.222	0.212	--  	0.00	4.46	-0.002	地产	--  	0.222	
00898	万事昌国际	0.00	72190	0.445	0.445	2000	164000	1.14	0.445	0.445	0.440	--  	1.35	1.12	0.000	地产	--  	0.445	
00313	裕田中国	1.25	70350	0.081	0.080	50000	890000	1.25	0.079	0.081	0.079	--  	0.00	2.50	0.001	地产	--  	0.081	
00093	TERMBRAY IND	0.00	69160	0.540	0.540	2000	128000	0.00	0.540	0.560	0.540	--  	0.00	3.70	0.000	地产	--  	0.540	
00089	大生地产	2.82	65280	5.460	5.310	1000	12000	-0.55	5.390	5.490	5.390	--  	1.47	1.88	0.150	地产	--  	5.460	
01125	丽丰控股	-0.31	63762	12.960	13.000	400	4920	0.00	13.020	13.020	12.800	--  	1.54	1.69	-0.040	地产	--  	12.960	
08119	即时科研	-8.42	60600	0.870	0.950	10000	70000	0.00	0.860	0.870	0.860	--  	0.00	1.05	-0.080	地产	--  	0.870	
01064	中华国际	-1.64	60000	0.300	0.305	5000	200000	0.00	0.300	0.300	0.300	--  	0.00	0.00	-0.005	地产	--  	0.300	
08155	南华资产控股	4.08	51600	0.051	0.049	8000	928000	2.00	0.060	0.060	0.050	--  	0.00	20.41	0.002	地产	--  	0.051	
00075	渝太地产	2.07	49000	2.470	2.420	2000	20000	0.82	2.450	2.450	2.450	--  	0.00	0.00	0.050	地产	--  	2.470	
00224	建生国际	-0.51	39040	1.950	1.960	4000	20000	0.00	1.950	1.960	1.950	--  	1.54	0.51	-0.010	地产	--  	1.950	
02286	辰兴发展	1.68	37790	1.820	1.790	1000	21000	1.11	1.800	1.800	1.790	--  	0.00	0.56	0.030	地产	--  	1.820	
00938	民生国际	-4.00	35370	0.480	0.500	2000	76000	0.00	0.465	0.480	0.465	--  	0.00	3.00	-0.020	地产	--  	0.480	
00208	保利达资产	0.00	25300	0.630	0.630	5000	40000	0.00	0.640	0.640	0.630	--  	0.32	1.59	0.000	地产	--  	0.630	
00174	盛洋投资	-1.64	23900	1.200	1.220	2000	20000	0.00	1.200	1.200	1.200	--  	0.00	0.00	-0.020	地产	--  	1.200	
00115	钧濠集团	4.00	20900	0.208	0.200	10000	100000	-0.48	0.209	0.209	0.209	--  	0.00	0.00	0.008	地产	--  	0.208	
02288	宏基资本	-1.04	19690	0.950	0.960	1000	21000	2.15	0.940	0.950	0.930	--  	3.16	2.08	-0.010	地产	--  	0.950	
00221	易易壹金融	0.00	9470	0.265	0.265	10000	36800	0.00	0.265	0.265	0.265	--  	0.00	0.00	0.000	地产	--  	0.265	
00565	锦艺集团控股	1.20	4200	0.420	0.415	5000	10000	0.00	--  	0.420	0.420	--  	0.00	0.00	0.005	地产	--  	0.420	
00846	明发集团	0.00	0	1.890	1.890	1000	0	0.00	1.890	1.890	1.890	--  	0.00	0.00	0.000	地产	--  	1.890	
00583	长城环亚控股	0.00	0	1.570	1.570	2000	0	0.00	--  	1.570	--  	--  	0.00	0.00	0.000	地产	--  	1.570	
00287	永发置业	0.00	0	14.800	14.800	2000	0	0.00	--  	14.800	--  	--  	0.81	0.00	0.000	地产	--  	14.800	
00277	太兴置业	0.00	0	5.000	5.000	2000	0	0.00	--  	5.000	--  	--  	0.64	0.00	0.000	地产	--  	5.000	
00247	TST PROPERTIES	0.00	0	25.300	25.300	2000	0	0.00	--  	25.300	--  	--  	1.58	0.00	0.000	地产	--  	25.300	
00105	凯联国际酒店	0.00	0	24.500	24.500	2000	0	0.00	--  	24.500	--  	--  	2.45	0.00	0.000	地产	--  	24.500	
00021	大中华地产控股	0.00	0	0.210	0.210	5000	0	0.00	--  	0.210	--  	--  	0.00	0.00	0.000	地产	--  	0.210	
03639	亿达中国	0.00	0	2.200	2.200	2000	0	0.00	--  	2.200	--  	--  	0.00	0.00	0.000	地产	--  	2.200	
01570	伟业控股	0.00	0	2.780	2.780	1000	0	0.00	--  	2.780	--  	--  	0.00	0.00	0.000	地产	--  	2.780	
00864	永利地产发展	0.00	0	1.010	1.010	4000	0	0.00	--  	1.010	--  	--  	0.00	0.00	0.000	地产	--  	1.010	
数据来源:通达信
