代码	名称	涨幅%%	总金额	现价	买价	卖价	总量	现量	涨速%%	换手%%	
603799	华友钴业	2.48	3673638912	123.06	123.02	123.03	296944	67	0.08	          5.07	
600588	用友网络	3.25	2571279360	37.22	37.23	37.24	677869	51	0.70	          4.64	
300104	乐视网	5.77	2388211200	5.50	5.49	5.50	4395146	49418	-0.17	         14.44	
600903	贵州燃气	0.81	1998764032	28.57	28.51	28.52	676034	3	-1.34	         55.44	
600410	华胜天成	8.00	1790639232	11.61	11.61	11.62	1541198	64	0.26	         14.09	
603019	中科曙光	0.77	1708803712	45.81	45.77	45.80	373054	47	0.02	          5.80	
300353	东土科技	8.01	1664649088	17.00	17.00	17.01	970113	10808	0.12	         29.60	
002497	雅化集团	0.78	1363271424	14.13	14.13	14.14	946873	10013	-0.06	         11.62	
000970	中科三环	6.64	1287624448	13.17	13.16	13.17	971224	4692	-0.07	          9.12	
002405	四维图新	2.32	1252186112	23.33	23.32	23.33	541902	7241	0.17	          5.28	
600111	北方稀土	1.91	1243718528	13.31	13.30	13.31	930543	45	0.00	          2.56	
002925	盈趣科技	1.91	1120656256	87.85	87.84	87.85	128296	1546	-0.13	         17.11	
601838	成都银行	1.81	1113773696	12.93	12.92	12.93	858782	60	-0.30	         23.77	
600392	盛和资源	0.66	1044467712	16.81	16.81	16.82	611101	72	0.24	          5.69	
600104	上汽集团	3.21	1020887488	35.02	35.03	35.04	295354	162	0.06	          0.26	
600690	青岛海尔	2.14	955964096	20.01	20.00	20.01	480465	68	-0.04	          0.79	
600050	中国联通	0.62	939158720	6.44	6.43	6.44	1451538	158	0.00	          0.68	
300367	东方网力	2.19	892416960	16.83	16.82	16.83	526874	6526	0.66	          9.60	
002102	冠福股份	6.71	869956928	5.09	5.09	5.10	1688441	14648	-0.19	         10.67	
000816	智慧农业	5.00	866984576	4.20	4.20	4.21	2090453	31834	0.00	         15.64	
300251	光线传媒	0.39	864533696	12.82	12.82	12.83	665388	8736	-0.38	          2.42	
600977	中国电影	5.16	850103872	17.95	17.95	17.96	481288	5	0.22	          8.52	
002839	张家港行	0.62	816004800	9.80	9.80	9.81	827062	11252	-0.30	          9.91	
002440	闰土股份	2.76	799806144	24.23	24.22	24.23	330655	3118	-0.11	          5.39	
600547	山东黄金	3.44	795562688	26.79	26.79	26.80	299506	169	0.15	          2.06	
000938	紫光股份	0.80	781359424	67.08	67.07	67.08	116845	2164	0.31	          5.67	
000410	沈阳机床	9.99	760858816	11.56	11.56	--  	658719	115	0.00	          8.90	
000636	风华高科	1.63	740356032	12.50	12.49	12.50	591338	9687	0.00	          6.75	
002635	安洁科技	0.76	737375680	23.76	23.76	23.77	309028	3430	0.17	          9.69	
002024	苏宁易购	1.03	715866752	12.73	12.72	12.73	564016	4662	-0.15	          1.13	
300024	机器人	1.18	712648256	18.84	18.82	18.84	374014	2802	-0.04	          2.47	
600577	精达股份	10.00	662079744	4.73	4.73	--  	1411166	8	0.00	          7.22	
300070	碧水源	1.81	651067392	16.90	16.89	16.90	385273	3962	0.48	          2.01	
300236	上海新阳	4.27	624092736	33.43	33.43	33.44	190180	1515	0.18	         10.72	
00823	领展房产基金	0.22	610332992	68.800	--  	--  	8926573	1542000	0.29	--  	
002156	通富微电	2.73	595914048	12.03	12.03	12.04	504659	7866	0.08	          5.19	
002371	北方华创	0.42	591006016	35.80	35.80	35.81	165536	2105	-0.41	          4.73	
300624	万兴科技	9.99	581711168	55.03	55.03	--  	106919	93	0.00	         53.46	
603616	韩建河山	0.86	569338880	16.35	16.41	16.42	352143	33	0.25	         23.90	
002709	天赐材料	5.23	559989056	48.06	48.05	48.06	115913	609	0.06	          6.15	
300182	捷成股份	0.67	550730880	10.55	10.55	10.56	521635	4452	0.00	          3.75	
03888	金山软件	0.55	533221696	27.550	27.550	27.600	19331580	273000	0.18	          1.41	
600260	凯乐科技	1.14	528656096	32.91	32.92	32.93	157199	21	-0.23	          2.91	
300124	汇川技术	0.03	521758560	31.84	31.83	31.84	161301	949	0.19	          1.31	
300277	海联讯	3.82	518409376	11.68	11.67	11.68	447800	5357	1.65	         13.39	
002920	德赛西威	3.08	516735552	38.50	38.50	38.51	133306	1814	-0.25	         13.33	
603080	新疆火炬	3.71	494176480	33.00	33.02	33.03	149420	1	-0.20	         42.09	
603083	剑桥科技	4.76	485096480	44.22	44.21	44.24	106887	30	0.02	         43.68	
600398	海澜之家	2.44	481888928	12.57	12.54	12.57	382614	115	0.40	          0.85	
300316	晶盛机电	4.11	481490560	19.00	19.00	19.01	254520	1763	0.11	          2.76	
002271	东方雨虹	2.57	480401280	41.56	41.55	41.56	115722	406	-0.09	          2.03	
002407	多氟多	1.79	465763904	18.21	18.21	18.22	252982	2049	0.00	          4.71	
601069	西部黄金	7.84	449012928	15.00	15.00	15.03	304281	97	-0.65	          4.78	
600380	健康元	1.47	448574560	12.43	12.42	12.43	362908	45	0.24	          2.32	
002192	融捷股份	5.84	439255584	29.71	29.71	29.72	148501	1741	0.10	          7.80	
300213	佳讯飞鸿	0.75	433502464	8.09	8.08	8.09	519365	2467	0.25	         14.15	
300253	卫宁健康	0.43	431941120	9.29	9.29	9.30	458249	5863	0.11	          4.00	
002369	卓翼科技	2.44	428151936	8.80	8.80	8.81	480370	4861	0.00	         11.44	
002076	雪 莱 特	4.79	426258432	5.69	5.68	5.69	750953	8523	0.18	         17.85	
000868	安凯客车	3.85	417975744	6.75	6.74	6.75	622534	7968	0.15	          8.95	
300244	迪安诊断	2.54	414131424	22.58	22.57	22.58	182755	1005	0.22	          5.34	
00902	华能国际电力股份	2.42	407011072	5.070	5.060	5.070	80688912	9362000	0.60	          1.72	
600893	航发动力	0.46	390515008	26.21	26.17	26.20	148770	12	0.15	          0.76	
603533	掌阅科技	0.87	387616224	38.13	38.14	38.15	98814	33	-0.20	         24.10	
300181	佐力药业	6.37	386305728	7.01	7.01	7.02	546817	3712	0.29	         15.45	
600037	歌华有线	9.99	382214816	13.65	13.65	--  	287798	10	0.00	          2.46	
002698	博实股份	10.02	366633824	12.08	12.08	--  	309354	877	0.00	          5.82	
603103	横店影视	2.33	365725376	33.84	33.79	33.80	107100	59	-0.17	         20.21	
600009	上海机场	2.07	365334880	50.35	50.34	50.36	73294	14	0.10	          0.67	
600874	创业环保	2.85	365069856	12.28	12.27	12.28	297237	263	0.16	          2.73	
00006	电能实业	1.79	356543904	68.350	68.300	68.350	5262593	849000	0.44	          0.25	
000050	深天马Ａ	0.46	356113536	17.29	17.29	17.30	203956	1986	-0.28	          1.46	
002302	西部建设	2.33	351446016	16.22	16.21	16.22	216045	2877	-0.05	          2.09	
300450	先导智能	4.43	350761024	66.42	66.42	66.43	53408	1235	0.54	          3.16	
002573	清新环境	0.89	349527584	15.87	15.87	15.88	220415	3062	0.06	          2.06	
603000	人民网	10.05	348231264	11.94	11.94	--  	302479	5	0.00	          2.74	
000661	长春高新	1.29	344650944	161.94	161.80	161.95	21239	40	0.35	          1.25	
002285	世联行	0.56	343747136	10.80	10.80	10.81	317932	4655	-0.08	          1.87	
600900	长江电力	1.58	341559904	16.75	16.73	16.75	205266	15	-0.11	          0.18	
000795	英洛华	6.68	339003040	6.07	6.06	6.07	555303	6576	0.00	          8.10	
600439	瑞贝卡	5.18	338724672	6.29	6.28	6.29	553899	48	-0.78	          4.89	
002056	横店东磁	0.40	332409312	9.98	9.97	9.98	327281	2786	0.00	          1.99	
002655	共达电声	1.83	329955264	10.01	10.01	10.02	323364	3017	0.10	          8.98	
600795	国电电力	2.32	329523552	3.09	3.08	3.09	1071106	1	0.00	          0.55	
600436	片仔癀	1.55	327468352	74.14	74.12	74.13	44302	3	0.04	          0.73	
000917	电广传媒	3.65	325926720	7.95	7.95	7.96	418394	3795	0.00	          3.23	
600366	宁波韵升	2.31	322027776	17.26	17.25	17.26	184532	28	0.00	          3.41	
300224	正海磁材	5.13	317540832	8.81	8.80	8.81	360390	2827	-0.22	          4.90	
600741	华域汽车	1.21	316022592	26.80	26.79	26.80	119354	55	-0.21	          0.42	
600237	铜峰电子	4.24	315703744	4.92	4.91	4.92	631007	60	0.41	         11.18	
002362	汉王科技	1.72	311624352	23.10	23.10	23.11	135615	2083	-0.34	          7.75	
300222	科大智能	0.14	309786464	21.03	21.03	21.04	145474	1654	0.05	          4.50	
300496	中科创达	0.37	308319360	29.71	29.71	29.72	103043	1297	0.10	          4.62	
002223	鱼跃医疗	0.55	294205472	22.12	22.12	22.13	132113	1110	0.09	          1.54	
600598	北大荒	1.96	291047264	10.95	10.94	10.95	268208	70	0.00	          1.51	
600728	佳都科技	10.00	287699200	8.91	8.91	--  	345251	10	0.00	          2.50	
300735	光弘科技	3.71	284331776	20.69	20.69	20.70	136726	2358	-0.38	         15.42	
000961	中南建设	2.48	284315424	7.43	7.42	7.43	385788	2101	0.00	          1.04	
000025	特 力Ａ	10.00	280648480	37.40	37.40	--  	78125	241	0.00	          4.03	
600489	中金黄金	1.50	278895744	8.80	8.79	8.80	317402	2	0.00	          0.92	
000768	中航飞机	0.93	276540192	15.21	15.21	15.22	182396	1892	0.07	          0.66	
000877	天山股份	0.55	274014496	10.89	10.89	10.90	252045	3246	-0.08	          2.86	
300053	欧比特	1.09	273618656	13.92	13.91	13.92	198535	1374	-0.06	          4.28	
002190	成飞集成	4.55	272094464	23.00	22.99	23.00	118391	1627	0.09	          3.43	
300137	先河环保	1.70	271383072	19.16	19.16	19.17	142436	3176	-0.09	          4.81	
300142	沃森生物	1.08	270559424	19.67	19.65	19.67	137782	863	0.72	          1.02	
00291	华润啤酒	1.29	267697792	31.500	31.400	31.500	8540667	712000	0.64	          0.26	
002368	太极股份	1.46	262038688	23.61	23.61	23.62	110266	565	0.00	          2.81	
300021	大禹节水	2.88	259483008	6.79	6.79	6.80	381193	4606	0.00	          5.83	
300413	快乐购	2.00	258934384	38.74	38.74	38.75	66758	683	-0.22	          3.25	
300288	朗玛信息	0.00	257739232	23.63	23.62	23.63	107514	953	-0.03	          5.30	
600072	中船科技	0.71	255454800	12.68	12.69	12.70	201997	329	0.32	          3.36	
002673	西部证券	0.40	252377920	10.00	10.00	10.01	251914	2561	-0.09	          0.72	
600216	浙江医药	0.26	251755792	15.61	15.60	15.61	159264	8	0.52	          1.68	
000936	华西股份	10.06	249482864	7.11	7.11	--  	357791	1032	0.00	          4.78	
000839	中信国安	0.13	248216320	7.81	7.81	7.82	318100	4515	0.00	          0.81	
300376	易事特	2.53	247892784	7.70	7.69	7.70	320334	4503	0.13	          1.39	
600313	农发种业	3.01	243085712	3.77	3.76	3.77	644807	49	-0.78	          6.49	
300675	建科院	4.86	242842720	33.42	33.42	33.43	73684	1433	-0.05	         20.10	
601116	三江购物	8.10	242632800	18.16	18.18	18.19	137424	17	1.17	          3.42	
600354	敦煌种业	1.10	240655632	7.37	7.37	7.38	325266	143	0.00	          7.26	
300203	聚光科技	1.22	239298720	27.41	27.40	27.41	87450	594	0.00	          1.94	
000538	云南白药	1.35	237388288	96.19	96.19	96.20	24730	114	-0.07	          0.24	
600988	赤峰黄金	4.24	233866688	5.65	5.65	5.66	416782	47	-0.17	          3.41	
000988	华工科技	0.13	232415232	15.69	15.69	15.70	146772	1330	0.00	          1.65	
600875	东方电气	1.79	230696912	9.67	9.68	9.69	237533	108	-0.09	          1.19	
600879	航天电子	1.22	222839424	7.49	7.49	7.50	298619	40	0.00	          1.24	
002544	杰赛科技	0.92	222611312	14.21	14.20	14.21	154147	1087	-0.06	          3.01	
600528	中铁工业	4.85	220964064	11.89	11.90	11.91	190515	1	1.89	          1.31	
002742	三圣股份	0.45	220373728	22.20	22.16	22.20	99304	1552	0.23	          4.65	
002493	荣盛石化	1.03	216782288	16.75	16.73	16.75	129015	1901	-0.29	          0.38	
600074	ST保千里	0.42	214629984	2.37	2.37	2.38	896325	565	-0.41	          8.80	
002221	东华能源	3.75	212840576	11.90	11.89	11.90	179629	652	-0.32	          1.19	
600641	万业企业	4.14	211757056	12.57	12.56	12.57	167950	81	-0.15	          2.08	
300122	智飞生物	0.51	211490576	29.63	29.62	29.63	70712	847	-0.19	          0.81	
000615	京汉股份	3.25	210848464	9.52	9.52	9.53	224817	7043	0.11	          6.35	
601952	苏垦农发	1.58	209074496	12.83	12.82	12.83	163822	17	0.00	          6.30	
601128	常熟银行	1.62	207630784	7.55	7.54	7.55	277272	30	0.13	          2.78	
002067	景兴纸业	0.32	206055520	6.25	6.24	6.25	328492	3705	0.16	          3.42	
600008	首创股份	0.80	203998624	5.01	5.00	5.01	407791	20	0.20	          0.85	
600783	鲁信创投	1.57	200711664	12.93	12.93	12.94	155530	127	-0.22	          2.09	
300036	超图软件	0.52	200615248	15.47	15.47	15.48	129202	725	-0.05	          3.91	
600645	中源协和	4.48	200442272	22.64	22.56	22.59	90402	10	1.03	          2.36	
600637	东方明珠	3.11	199732176	16.27	16.26	16.28	125042	55	0.12	          0.57	
300302	同有科技	1.55	199502752	10.50	10.49	10.50	190222	2003	0.10	          7.77	
000800	一汽轿车	1.23	199184080	10.73	10.72	10.73	186608	2986	0.19	          1.32	
002922	伊戈尔	2.81	198797264	24.11	24.11	24.12	83126	1301	-0.36	         25.19	
000584	哈工智能	4.04	197757840	15.18	15.18	15.19	129979	866	0.00	          2.13	
00189	东岳集团	0.50	197047024	8.040	--  	--  	24539000	1000	0.75	          1.16	
01816	中广核电力	0.96	196687632	2.110	2.110	2.120	93293200	19866000	0.48	          0.84	
600701	工大高新	4.29	195023120	8.76	8.74	8.75	223887	20	0.00	          2.89	
600846	同济科技	1.84	191480800	8.87	8.87	8.88	218445	20	-0.33	          3.50	
300603	立昂技术	0.98	191288240	32.95	32.94	32.95	56030	498	-0.08	          9.76	
300308	中际旭创	2.79	190616192	71.80	71.78	71.80	26070	99	0.01	          1.21	
300688	创业黑马	10.00	188709232	45.33	45.33	--  	42341	61	0.00	         24.91	
600141	兴发集团	0.25	188278640	16.09	16.09	16.10	116492	20	0.12	          2.33	
000710	贝瑞基因	4.99	187665248	46.91	46.90	46.91	39864	282	0.02	          2.64	
600011	华能国际	3.83	185435184	6.50	6.49	6.50	287270	800	-0.14	          0.27	
600511	国药股份	1.47	183081760	29.67	29.68	29.69	61650	3	-0.19	          2.22	
000831	五矿稀土	1.12	182334016	10.81	10.81	10.82	167174	765	0.09	          1.70	
300127	银河磁体	1.94	181576048	16.85	16.82	16.85	106602	1102	0.30	          4.69	
600664	哈药股份	0.57	181334864	5.28	5.27	5.28	344482	10	0.19	          1.38	
002488	金固股份	3.06	179829312	14.15	14.15	14.16	128699	2252	0.93	          3.34	
002680	长生生物	6.49	178845760	14.43	14.42	14.43	126773	1098	0.21	          3.16	
600895	张江高科	3.90	178341632	13.07	13.07	13.09	138782	26	0.15	          0.90	
600326	西藏天路	1.32	175324208	9.21	9.20	9.21	191897	4	-0.10	          2.22	
002670	国盛金控	1.87	174836960	15.79	15.78	15.79	109978	1453	-0.12	          2.23	
300687	赛意信息	5.30	173292128	50.68	50.68	50.69	33839	255	-0.17	         16.92	
002895	川恒股份	1.27	173141488	23.16	23.16	23.17	73756	1154	0.17	         18.43	
600335	国机汽车	5.79	173063264	10.05	10.05	10.06	172076	104	-0.09	          1.67	
002007	华兰生物	0.78	172413008	27.29	27.29	27.30	63317	284	-0.14	          0.79	
300616	尚品宅配	10.00	170900032	183.15	183.15	--  	9610	179	0.01	          3.56	
603933	睿能科技	1.82	170382208	41.50	41.46	41.50	40543	20	-0.30	         15.79	
000519	中兵红箭	3.03	170032064	8.15	8.14	8.15	208458	2042	0.25	          2.84	
300334	津膜科技	2.86	168658624	11.16	11.16	11.17	149057	2469	-0.17	          5.43	
603288	海天味业	1.27	167193968	55.99	55.97	56.00	29678	4	0.05	          0.11	
002325	洪涛股份	4.37	167185664	4.78	4.78	4.79	346222	2930	0.21	          3.79	
600136	当代明诚	2.48	164421904	14.46	14.47	14.48	112955	37	0.77	          3.67	
603858	步长制药	0.32	164043440	50.41	50.42	50.43	32660	7	0.06	          1.00	
002457	青龙管业	0.82	163872928	11.00	10.99	11.00	149656	4844	0.09	          5.42	
002307	北新路桥	2.12	163782816	10.61	10.60	10.61	155630	2190	0.00	          2.79	
002642	荣之联	0.43	163387792	11.80	11.79	11.80	138445	2023	-0.41	          2.79	
002080	中材科技	1.16	162314720	21.75	21.75	21.76	74802	1400	0.09	          1.87	
600859	王府井	3.42	162007728	21.19	21.20	21.21	78097	23	0.28	          2.56	
603128	华贸物流	2.95	161444672	8.37	8.37	8.38	196173	174	0.12	          2.15	
000762	西藏矿业	0.29	160840816	13.93	13.92	13.93	114634	1583	0.14	          2.41	
000599	青岛双星	7.19	159386688	6.56	6.55	6.56	244452	4389	0.31	          3.89	
600698	湖南天雁	2.04	159183904	6.49	6.50	6.51	247902	1514	0.31	          3.36	
600633	浙数文化	0.79	158277776	14.10	14.12	14.13	112996	20	0.07	          0.88	
300008	天海防务	1.50	156438944	6.75	6.74	6.75	233988	5409	0.45	          4.04	
002681	奋达科技	3.15	156240768	10.48	10.48	10.49	149951	1389	0.00	          2.43	
002664	长鹰信质	4.57	155971264	27.66	27.65	27.66	56546	279	-0.39	          1.63	
600166	福田汽车	2.34	154802176	2.62	2.62	2.63	598614	35	-0.37	          0.90	
002264	新 华 都	1.39	154183936	8.03	8.03	8.04	190369	2686	0.12	          3.31	
603323	吴江银行	0.23	152005648	8.69	8.68	8.70	175146	214	0.12	          2.89	
002382	蓝帆医疗	2.98	151599488	16.59	16.59	16.60	92107	1478	0.06	          1.90	
000507	珠海港	1.22	149099936	9.09	9.08	9.09	165119	5224	0.11	          2.14	
603648	畅联股份	1.03	148851616	18.72	18.71	18.72	80401	20	0.11	          8.72	
300147	香雪制药	3.77	148839888	9.08	9.07	9.08	162267	1009	0.00	          2.46	
002313	日海通讯	2.57	147817520	27.55	27.54	27.55	53571	281	-0.13	          1.72	
002537	海联金汇	2.49	147503920	10.71	10.70	10.71	138370	1781	0.00	          1.18	
300585	奥联电子	9.99	147091888	17.61	17.60	17.61	88495	5441	1.50	         10.57	
601005	*ST重钢	0.00	146639296	2.50	2.50	2.51	578763	1000	0.40	          0.69	
000801	四川九洲	3.14	146375120	6.24	6.24	6.25	240455	5020	0.00	          2.35	
300457	赢合科技	1.70	146063968	26.95	26.90	26.95	54486	387	0.63	          3.89	
600610	中毅达	0.79	145389792	5.12	5.10	5.11	282912	97	-1.53	          7.53	
002009	天奇股份	1.91	144933376	16.58	16.58	16.59	87125	772	-0.11	          3.10	
300374	恒通科技	7.39	143872896	13.80	13.79	13.80	103961	1306	-0.71	          7.14	
002510	天汽模	3.10	141525200	5.32	5.32	5.33	265161	3470	0.19	          3.71	
600580	卧龙电气	4.62	141093520	8.15	8.16	8.17	174872	1	0.49	          1.57	
002237	恒邦股份	2.03	140721776	10.04	10.03	10.04	140708	1715	-0.09	          1.68	
600959	江苏有线	2.12	138242224	7.71	7.70	7.71	180562	33	0.00	          1.29	
300462	华铭智能	9.98	138085072	22.37	22.37	--  	64999	329	0.00	         11.60	
002191	劲嘉股份	4.93	136971120	8.94	8.93	8.94	158221	7817	1.71	          1.21	
002196	方正电机	2.35	136035888	9.59	9.58	9.59	141279	908	0.10	          4.86	
002028	思源电气	2.62	135831552	17.25	17.25	17.26	79229	1347	0.00	          1.37	
000760	斯太尔	1.36	135753920	5.22	5.21	5.22	255744	5648	0.38	          3.91	
002807	江阴银行	0.25	135714240	7.93	7.93	7.94	171278	1535	-0.12	          2.39	
002391	长青股份	2.46	135679600	14.60	14.59	14.60	91404	1179	-0.20	          3.85	
002118	紫鑫药业	0.25	134511264	8.17	8.17	8.18	164425	1011	-0.23	          1.60	
06068	睿见教育	3.18	132034560	6.160	--  	--  	21450000	314000	-0.16	          1.05	
300273	和佳股份	9.96	131594512	8.83	8.83	--  	151246	404	0.00	          2.70	
000559	万向钱潮	2.26	130592800	9.05	9.05	9.06	144194	1864	0.00	          0.52	
000822	山东海化	0.58	130490040	8.69	8.69	8.70	149554	737	0.00	          1.67	
002346	柘中股份	3.82	129678680	17.96	17.96	17.97	72517	1027	0.06	          1.85	
603355	莱克电气	3.75	129232208	34.60	34.64	34.65	37172	29	0.00	          5.57	
600604	市北高新	2.06	128385760	6.94	6.93	6.95	185955	1	0.14	          1.78	
002819	东方中科	4.58	127797120	26.95	26.95	26.97	46224	679	-0.10	         10.46	
002352	顺丰控股	0.36	126436776	50.58	50.58	50.59	24984	280	-0.07	          0.48	
002155	湖南黄金	1.52	125809056	8.70	8.69	8.70	144818	3576	0.00	          1.36	
300140	中环装备	0.25	125467792	11.81	11.80	11.81	105576	1575	0.25	          4.30	
603716	塞力斯	3.26	124836680	58.32	58.30	58.35	21620	1	0.05	          5.62	
600908	无锡银行	0.13	124796784	7.90	7.89	7.90	158132	13	-0.12	          2.00	
300141	和顺电气	1.61	124385128	10.75	10.75	10.76	113049	1461	-0.27	          6.95	
002919	名臣健康	3.46	124363408	29.93	29.93	29.94	41881	923	0.00	         20.57	
600418	江淮汽车	1.54	124017072	7.92	7.92	7.93	155685	14	-0.24	          1.08	
002506	协鑫集成	2.19	123314944	4.20	4.20	4.21	294839	3922	0.00	          1.17	
600844	丹化科技	2.10	122969664	6.33	6.29	6.30	189432	101	-0.30	          2.30	
600686	金龙汽车	0.88	121662232	12.68	12.67	12.68	96008	54	-0.15	          2.17	
002334	英威腾	0.12	121585472	8.45	8.44	8.45	142388	1017	-0.11	          2.49	
002341	新纶科技	0.99	117722968	24.49	24.49	24.50	48069	596	-0.03	          1.59	
300007	汉威科技	0.15	116175648	13.03	13.03	13.04	88020	492	-0.07	          3.92	
300349	金卡智能	1.67	116038360	37.15	37.10	37.15	31517	94	-0.04	          1.69	
600475	华光股份	6.47	115547656	13.49	13.47	13.48	86812	31	-0.14	          6.18	
002589	瑞康医药	1.34	115037776	14.39	14.38	14.39	80248	664	0.42	          0.68	
002167	东方锆业	1.82	114772832	10.05	10.04	10.05	114937	1154	0.00	          2.35	
000989	九 芝 堂	0.53	113962520	20.70	20.69	20.70	55522	1742	0.19	          1.13	
600855	航天长峰	0.92	113302952	13.13	13.13	13.14	87808	6	0.69	          2.66	
300497	富祥股份	1.18	112687112	46.28	46.25	46.28	24393	567	-0.16	          4.14	
300202	聚龙股份	3.29	111876640	20.73	20.71	20.73	54335	890	-0.37	          1.29	
600133	东湖高新	2.27	111848440	9.46	9.45	9.46	119689	12	0.11	          2.22	
600787	中储股份	1.67	111468848	9.75	9.74	9.75	115140	88	-0.19	          0.62	
601258	庞大集团	0.43	111229952	2.31	2.31	2.32	482319	99	0.00	          0.74	
002766	索菱股份	1.58	110267968	13.46	13.46	13.47	81235	975	-0.14	          4.68	
02314	理文造纸	0.78	110007208	9.090	9.080	9.090	12111355	181000	0.22	          0.27	
002157	正邦科技	1.94	109861656	4.74	4.74	4.75	233850	2551	0.00	          1.09	
000980	众泰汽车	1.15	109101088	10.54	10.54	10.55	103912	688	-0.18	          1.97	
600027	华电国际	2.50	108881104	3.69	3.68	3.69	297237	87	-0.26	          0.44	
000987	越秀金控	10.03	108104680	9.65	9.65	--  	115051	1006	0.00	          2.14	
603113	金能科技	4.11	107667952	20.78	20.77	20.78	51485	6	0.00	          6.66	
03383	雅居乐集团	0.58	107382480	13.980	13.920	13.980	7795083	418000	0.58	          0.20	
002253	川大智胜	0.87	107177056	17.45	17.45	17.46	61364	669	0.06	          2.94	
300467	迅游科技	0.57	107056584	40.93	40.93	40.98	25768	245	0.05	          2.59	
01038	长江基建集团	0.38	107032200	65.900	65.850	65.900	1625718	260000	0.15	          0.06	
002747	埃斯顿	2.30	105843160	10.69	10.69	10.70	97453	706	-0.08	          3.45	
600088	中视传媒	2.15	105763928	13.29	13.30	13.31	80675	40	0.00	          2.43	
002094	青岛金王	0.88	103933312	20.57	20.57	20.58	50745	416	-0.04	          1.44	
300406	九强生物	2.60	103284200	16.20	16.19	16.20	63871	345	-0.11	          2.02	
002114	罗平锌电	1.76	101749488	16.21	16.21	16.22	62856	1136	0.00	          1.94	
000756	新华制药	4.91	101726456	12.60	12.59	12.60	81815	730	0.00	          2.66	
603157	拉夏贝尔	2.33	101465920	16.23	16.22	16.23	62683	5	0.37	         11.44	
002208	合肥城建	10.00	101350720	10.01	10.01	--  	105005	905	0.00	          3.29	
600057	象屿股份	3.14	101049584	8.54	8.54	8.55	118671	25	-0.46	          0.82	
300241	瑞丰光电	2.43	100614240	17.31	17.31	17.32	57871	295	0.12	          3.16	
002400	省广股份	0.60	100254128	5.02	5.02	5.03	200487	3396	0.00	          1.22	
000576	广东甘化	3.51	100203296	21.22	21.21	21.22	47383	1059	0.24	          1.09	
600562	国睿科技	2.77	100037192	20.03	20.00	20.01	50206	2	0.00	          1.53	
002044	美年健康	0.73	99565968	23.45	23.45	23.46	42393	188	-0.03	          0.40	
603578	三星新材	1.13	99230160	35.87	35.84	35.88	27906	16	0.31	         12.68	
002812	创新股份	1.92	98684040	106.20	105.96	106.20	9295	110	0.66	          1.48	
300339	润和软件	0.00	98541120	10.01	10.01	10.02	98082	867	0.20	          1.94	
300465	高伟达	9.98	98538616	9.92	9.92	--  	99333	1423	0.00	          3.69	
600990	四创电子	0.55	97914496	51.46	51.38	51.54	19003	3	0.53	          1.39	
000969	安泰科技	2.43	97002904	8.02	8.02	8.03	120120	1356	0.12	          1.35	
603901	永创智能	9.98	94708824	8.82	8.82	--  	108154	496	0.00	          7.02	
000572	海马汽车	2.10	93513664	3.89	3.88	3.89	243246	3346	0.00	          1.48	
300118	东方日升	2.03	93428152	12.07	12.06	12.07	77475	534	0.00	          1.53	
300466	赛摩电气	0.63	92294752	9.65	9.64	9.65	94792	1583	0.00	          5.32	
002821	凯莱英	0.49	92291808	59.29	59.25	59.29	15424	220	-0.53	          1.29	
002446	盛路通信	4.11	92210392	8.10	8.10	8.11	115727	1976	0.50	          2.73	
600359	新农开发	1.05	91943072	6.74	6.73	6.74	136202	32	0.15	          3.57	
002069	獐子岛	0.22	91670160	4.48	4.47	4.48	204440	1996	-0.21	          2.98	
603703	盛洋科技	4.87	91310536	12.49	12.49	12.50	73145	37	0.00	          7.63	
002906	华阳集团	0.00	90274176	20.26	20.26	20.27	44115	673	-0.09	          6.03	
600318	新力金融	5.84	90237888	12.14	12.13	12.14	74562	39	0.00	          1.54	
002246	北化股份	1.37	89934752	10.39	10.38	10.39	86660	2921	0.10	          2.09	
000563	陕国投Ａ	0.49	89897608	4.08	4.08	4.09	218948	830	0.00	          0.77	
000837	秦川机床	3.07	89819792	5.71	5.70	5.71	157980	4567	0.71	          2.71	
002610	爱康科技	0.00	89476920	2.37	2.36	2.37	376239	1145	0.00	          0.88	
300100	双林股份	1.14	89472504	14.19	14.19	14.20	62148	407	0.28	          1.61	
300155	安居宝	1.64	89133824	5.58	5.57	5.58	158512	893	0.00	          5.71	
300149	量子高科	5.70	88827632	14.66	14.65	14.66	60369	682	0.00	          1.49	
002611	东方精工	4.92	88272872	13.00	12.99	13.00	68884	1101	0.08	          1.95	
300298	三诺生物	1.34	88134496	21.94	21.94	21.95	40309	791	0.27	          1.34	
600716	凤凰股份	4.20	87933168	4.47	4.46	4.47	194699	15	-0.21	          2.14	
603636	南威软件	0.85	87689592	10.64	10.63	10.64	82738	36	-0.08	          2.06	
002820	桂发祥	0.62	87026296	24.31	24.30	24.31	34990	170	-0.32	          4.07	
002182	云海金属	0.92	86760992	7.70	7.69	7.70	112487	832	0.00	          2.50	
601595	上海电影	2.60	85694896	20.09	20.04	20.10	42987	10	0.10	          4.05	
603305	旭升股份	1.74	84740048	29.84	29.82	29.83	27973	38	-0.22	          6.72	
603357	设计总院	1.17	84560784	19.90	19.89	19.90	42600	12	-0.54	          5.25	
300379	东方通	0.84	84273824	12.00	11.99	12.00	70182	664	-0.16	          3.53	
600831	广电网络	5.12	84232816	8.01	8.00	8.01	107123	84	-0.36	          1.90	
000596	古井贡酒	0.46	84128640	61.44	61.44	61.45	13760	107	0.05	          0.36	
000014	沙河股份	4.67	84033368	10.99	10.98	10.99	77218	956	0.00	          3.83	
300506	名家汇	2.18	82184264	20.61	20.60	20.61	40133	782	0.05	          3.04	
002383	合众思壮	0.86	81991960	18.72	18.72	18.73	44098	841	0.00	          0.93	
000860	顺鑫农业	0.42	81605416	19.25	19.22	19.25	42124	239	0.21	          0.74	
000957	中通客车	1.39	81528496	9.45	9.45	9.46	86070	1046	-0.20	          1.80	
000791	甘肃电投	1.78	81285448	6.88	6.88	6.89	116511	891	-0.28	          1.20	
300209	天泽信息	0.06	80260280	18.10	18.09	18.10	44086	490	-0.10	          1.81	
300722	新余国科	0.37	79885848	32.22	32.20	32.22	24814	223	-0.55	         12.41	
300736	百华悦邦	1.21	79864088	40.04	40.03	40.04	19758	371	-0.06	         14.55	
600480	凌云股份	0.43	79594120	13.94	13.94	13.95	57195	134	-0.06	          1.58	
601882	海天精工	0.68	79589120	11.81	11.80	11.81	67601	13	-0.24	          5.37	
002556	辉隆股份	1.45	79228456	7.02	7.01	7.02	113865	4124	0.29	          1.63	
002551	尚荣医疗	2.16	79225976	8.03	8.03	8.04	98052	888	-0.24	          2.41	
000888	峨眉山Ａ	1.59	79187168	10.83	10.83	10.84	73175	593	-0.08	          1.39	
01980	天鸽互动	1.43	79069376	7.100	7.090	7.100	11158000	269000	0.57	          0.88	
300228	富瑞特装	0.10	78879512	9.73	9.73	9.74	80915	794	-0.20	          2.02	
002093	国脉科技	0.22	78684920	9.12	9.12	9.13	85847	867	0.00	          0.89	
603877	太平鸟	2.21	78050072	30.09	30.10	30.11	26129	10	0.17	          1.31	
000690	宝新能源	0.38	77948144	7.99	7.98	7.99	97477	1400	0.13	          0.48	
000605	渤海股份	1.35	77406464	16.46	16.45	16.46	47282	1215	0.18	          2.42	
300508	维宏股份	0.00	77297264	64.30	64.30	64.39	11776	166	0.25	          7.96	
002505	大康农业	0.00	77198176	2.54	2.54	2.55	304743	10950	0.00	          0.56	
00916	龙源电力	0.00	76968336	5.200	5.190	5.200	14815425	1047000	0.19	          0.44	
600316	洪都航空	0.50	76735184	12.06	12.05	12.06	63563	12	-0.07	          0.89	
000851	高鸿股份	0.00	76684296	7.83	7.82	7.83	97880	3478	0.26	          1.66	
000545	金浦钛业	0.22	76623384	4.61	4.61	4.62	165465	3178	-0.42	          1.72	
00123	越秀地产	1.20	76223088	1.680	1.670	1.680	45729608	424000	0.60	          0.37	
000887	中鼎股份	0.12	76167960	16.63	16.60	16.63	45767	600	0.18	          0.38	
603010	万盛股份	4.67	76121032	23.55	23.55	23.56	32241	100	-0.07	          1.47	
002564	天沃科技	0.25	75804912	7.88	7.88	7.89	95578	536	0.00	          1.68	
002643	万润股份	1.82	75670320	10.65	10.64	10.65	71752	484	0.00	          0.88	
300306	远方信息	0.83	75554552	15.82	15.82	15.83	47671	661	0.19	          3.52	
000829	天音控股	1.85	75377496	8.79	8.79	8.80	86632	2496	0.34	          0.91	
002543	万和电气	2.78	75242608	24.78	24.75	24.78	31064	863	0.12	          0.83	
002702	海欣食品	3.96	74635920	4.46	4.46	4.47	168668	2469	0.22	          5.69	
603365	水星家纺	1.11	74609944	23.61	23.60	23.61	31509	26	0.04	          4.73	
300486	东杰智能	5.87	74564544	18.93	18.92	18.93	38791	489	-0.31	          4.60	
300529	健帆生物	1.91	74538192	30.36	30.35	30.36	24584	199	-0.02	          2.33	
002850	科达利	2.81	74418544	48.60	48.59	48.60	15216	276	-0.15	          2.46	
300099	精准信息	0.81	73443176	6.20	6.19	6.20	119998	1263	0.00	          3.06	
603959	百利科技	4.70	73319968	33.41	33.43	33.45	22322	10	-0.38	          2.10	
00839	中教控股	2.10	73223976	8.770	--  	--  	8424400	7000	-0.23	          0.42	
603081	大丰实业	1.77	73125024	22.98	22.98	22.99	31666	1	-0.08	          6.11	
600315	上海家化	1.40	72990168	34.65	34.61	34.62	21180	2	0.03	          0.32	
603557	起步股份	9.99	72981488	15.63	15.63	--  	47335	2	0.00	         10.07	
002792	通宇通讯	0.11	72743808	27.34	27.33	27.34	26462	224	0.00	          3.74	
000678	襄阳轴承	5.99	72498352	6.55	6.54	6.55	108582	1419	0.15	          2.53	
002378	章源钨业	0.23	72286960	8.62	8.62	8.63	83349	950	0.00	          0.90	
002342	巨力索具	0.35	71983288	5.79	5.79	5.80	124228	1512	0.00	          1.41	
01257	中国光大绿色环保	6.29	71768736	7.440	7.430	7.440	9970031	277000	0.81	          0.48	
00958	华能新能源	1.88	71677624	2.710	2.700	2.710	26630632	1242000	0.37	          0.53	
00059	天誉置业	11.56	71524944	5.020	--  	--  	15120152	6000	1.21	          0.58	
601949	中国出版	1.06	71455888	6.70	6.70	6.71	107158	5	0.00	          2.94	
000550	江铃汽车	0.68	71338776	19.19	19.19	19.20	37348	788	-0.04	          0.72	
002097	山河智能	0.40	71272440	7.49	7.48	7.49	94971	682	-0.12	          1.57	
603183	建研院	1.93	71208608	35.44	35.42	35.45	20171	16	0.00	          9.17	
002064	华峰氨纶	1.39	71092488	5.12	5.12	5.13	139110	768	0.00	          0.91	
002795	永和智控	3.73	71036088	13.36	13.36	13.37	53470	894	0.00	          8.39	
603039	泛微网络	0.48	70871392	77.29	77.24	77.31	9070	19	0.38	          3.36	
000158	常山北明	0.38	70046536	7.90	7.89	7.90	88894	1427	0.89	          0.88	
600692	亚通股份	1.31	69838176	9.30	9.29	9.30	75837	5	0.00	          2.97	
300195	长荣股份	0.77	69242504	14.48	14.47	14.48	47456	333	0.07	          2.29	
000913	钱江摩托	0.80	69052376	17.70	17.70	17.72	38777	556	-0.33	          0.86	
603117	万林股份	1.70	68980184	8.99	8.97	8.98	77194	14	0.22	          2.74	
600773	西藏城投	0.49	68827416	10.25	10.25	10.26	66867	10	-0.09	          0.92	
000638	万方发展	0.44	68700304	9.03	9.03	9.04	74686	1057	0.00	          2.41	
002603	以岭药业	1.50	68058696	14.24	14.24	14.25	47680	221	0.00	          0.52	
002120	韵达股份	0.79	67393584	44.90	44.90	44.93	14775	113	-0.06	          1.52	
002328	新朋股份	2.80	67203032	6.61	6.61	6.62	103875	5182	0.15	          3.19	
601038	一拖股份	2.73	67027032	7.16	7.16	7.17	94108	11	-0.27	          1.58	
600217	中再资环	0.78	66985868	6.46	6.43	6.44	103413	10	-0.14	          1.44	
02001	新高教集团	4.32	66706352	5.790	--  	--  	11653000	127000	0.17	          0.81	
002618	丹邦科技	4.58	66703760	10.28	10.27	10.28	63759	660	-0.09	          1.16	
600764	中国海防	0.79	66682448	26.78	26.69	26.80	25002	1	0.49	          0.76	
603165	荣晟环保	0.65	66456652	49.53	49.49	49.50	13413	20	-0.03	          4.23	
600023	浙能电力	0.00	66198360	5.54	5.53	5.54	119504	1	0.00	          0.09	
603338	浙江鼎力	1.49	66130856	73.46	73.41	73.51	9072	5	0.07	          1.96	
300199	翰宇药业	0.61	65891656	14.93	14.92	14.93	43876	162	-0.32	          0.75	
000727	华东科技	0.00	65636788	2.35	2.34	2.35	277299	1525	0.00	          1.14	
600067	冠城大通	1.44	65070576	6.32	6.32	6.33	104065	40	0.00	          0.70	
002177	御银股份	2.60	64883068	4.74	4.74	4.75	137920	2132	0.00	          2.29	
600185	格力地产	0.19	64811936	5.36	5.35	5.36	121431	221	0.37	          0.59	
601929	吉视传媒	1.77	64746272	2.87	2.86	2.87	227580	371	0.00	          0.73	
002501	利源精制	0.22	64468468	9.11	9.10	9.11	70872	1611	0.00	          0.75	
300249	依米康	1.18	64041940	6.87	6.87	6.88	91538	820	-0.14	          3.03	
002356	赫美集团	4.90	63744488	26.56	26.56	26.57	24244	984	0.34	          0.86	
000090	天健集团	0.51	63724620	9.78	9.78	9.79	65254	363	-0.09	          0.84	
300397	天和防务	1.35	63663464	17.21	17.21	17.22	37307	1255	0.06	          1.58	
002560	通达股份	1.32	63663220	7.68	7.68	7.69	83469	2575	-0.25	          3.03	
01929	周大福	1.16	63613964	8.730	8.730	8.740	7315590	279200	-0.11	          0.07	
002288	超华科技	1.18	63456560	5.16	5.15	5.16	123551	981	0.19	          1.87	
600560	金自天正	1.42	63292088	10.71	10.71	10.72	59119	21	0.19	          2.64	
300022	吉峰农机	0.59	63153992	5.12	5.11	5.12	123340	2004	0.00	          3.84	
300482	万孚生物	0.00	63129828	65.00	65.00	65.06	9655	500	0.81	          0.91	
000032	深桑达Ａ	5.91	63116060	8.60	8.60	8.61	75018	767	0.12	          2.68	
300357	我武生物	2.51	62591444	49.73	49.73	49.77	12618	34	0.06	          0.90	
600108	亚盛集团	0.79	62037472	3.83	3.82	3.83	163236	97	0.26	          0.84	
600277	亿利洁能	3.02	62020672	5.80	5.80	5.81	107385	38	-0.50	          0.40	
603801	志邦股份	2.89	61858344	62.72	62.68	62.73	10028	24	-0.10	          2.51	
601566	九牧王	0.27	61843240	15.10	15.10	15.11	41054	3	0.00	          0.71	
002883	中设股份	0.96	61833240	46.26	46.26	46.28	13429	228	-0.16	         10.07	
600061	国投资本	0.56	61824528	12.46	12.46	12.47	49554	2	0.00	          0.13	
002706	良信电器	2.98	60886068	10.71	10.71	10.72	57675	679	-0.64	          1.57	
002132	恒星科技	1.27	60808768	3.98	3.98	3.99	154426	2745	-0.49	          1.51	
002308	威创股份	0.00	60523428	10.51	10.51	10.52	57917	520	-0.18	          0.69	
600996	贵广网络	1.58	60351856	9.65	9.65	9.66	62814	26	0.10	          2.11	
002284	亚太股份	0.39	60259264	7.77	7.76	7.77	76991	965	0.13	          1.12	
300629	新劲刚	4.66	59941444	46.71	46.70	46.71	13252	538	-0.61	          7.95	
600283	钱江水利	2.04	58169440	12.98	12.95	12.96	44970	7	0.00	          1.27	
300345	红宇新材	0.20	58042704	5.11	5.11	5.12	111404	1656	-0.38	          3.41	
01071	华电国际电力股份	0.72	57692884	2.800	2.790	2.800	20466000	1888000	-0.36	          1.19	
600589	广东榕泰	0.87	57503816	5.83	5.84	5.85	97625	10	-0.50	          1.56	
300595	欧普康视	1.06	57422904	53.33	53.10	53.33	10667	29	0.24	          1.40	
000010	美丽生态	6.53	57027872	4.73	4.72	4.73	124930	8310	2.16	          2.39	
002887	绿茵生态	0.80	56913240	67.94	67.90	67.94	8503	528	0.09	          4.25	
300701	森霸股份	1.97	56825420	32.15	32.15	32.18	17431	183	0.12	          8.72	
600478	科力远	0.65	56607072	6.24	6.24	6.25	90762	20	0.16	          0.71	
603416	信捷电气	0.37	56517496	29.70	29.73	29.75	18742	14	0.34	          5.33	
002769	普路通	9.99	56484700	18.61	18.61	--  	30352	105	0.00	          1.59	
600251	冠农股份	1.39	56328600	7.30	7.29	7.30	77607	2	0.14	          0.99	
300720	海川智能	2.30	56200044	26.70	26.70	26.74	20809	276	0.00	         11.56	
000802	北京文化	1.78	55713424	12.01	12.01	12.02	46903	1447	0.17	          1.21	
600320	振华重工	0.37	55327900	5.46	5.46	5.47	101060	5	0.00	          0.37	
600491	龙元建设	0.49	55077716	10.22	10.20	10.21	53836	2	0.20	          0.57	
300667	必创科技	0.00	54790356	34.92	34.91	34.92	15413	101	-0.47	          9.07	
600510	黑牡丹	4.51	54548260	6.95	6.94	6.95	78545	50	0.00	          0.99	
000718	苏宁环球	0.47	54334044	4.27	4.27	4.28	127383	4860	-0.22	          0.56	
600980	北矿科技	0.81	53994144	13.66	13.62	13.63	38915	44	-0.14	          2.72	
002602	世纪华通	0.57	53809016	33.24	33.24	33.25	16217	78	0.00	          0.16	
002184	海得控制	10.03	53791716	12.07	12.07	--  	45242	420	0.00	          3.33	
002746	仙坛股份	0.79	53604632	20.36	20.36	20.37	26407	594	0.00	          1.45	
600080	金花股份	2.82	53513736	8.74	8.73	8.74	61370	8	0.46	          2.01	
000543	皖能电力	0.88	53471636	4.61	4.60	4.61	116764	136	0.22	          0.65	
000088	盐 田 港	1.17	53258084	7.77	7.77	7.78	68712	1685	-0.12	          0.35	
600630	龙头股份	1.29	53227700	9.42	9.42	9.43	56612	1	0.43	          1.33	
002459	天业通联	2.87	53175040	12.53	12.52	12.53	42841	3178	0.08	          1.11	
601021	春秋航空	1.28	52899660	34.01	33.98	34.00	15503	53	-0.20	          0.19	
000665	湖北广电	1.36	52790428	9.69	9.68	9.69	54768	975	-0.09	          0.86	
01720	普天通信集团	12.06	52742224	1.580	--  	--  	36182000	40000	0.64	          3.29	
000598	兴蓉环境	0.40	52661960	5.01	5.01	5.02	105259	1593	0.00	          0.35	
600830	香溢融通	0.00	52548320	6.75	6.74	6.75	77642	10	0.15	          1.71	
002663	普邦股份	0.38	52032960	5.35	5.34	5.35	97115	2075	0.00	          0.81	
600419	天润乳业	4.59	51756880	42.38	42.37	42.38	12309	1	0.19	          1.38	
300151	昌红科技	0.15	51698412	6.81	6.81	6.82	76988	4767	1.49	          2.68	
300569	天能重工	2.34	51395484	21.90	21.90	21.91	23282	319	-0.26	          2.91	
000635	英 力 特	3.73	51258804	13.64	13.64	13.65	37164	338	-0.06	          1.23	
002298	中电鑫龙	0.25	51055032	8.11	8.11	8.12	62539	494	-0.11	          1.34	
603617	君禾股份	5.09	50947400	20.64	20.53	20.59	25155	7	0.88	         10.06	
600103	青山纸业	0.51	50907752	3.96	3.95	3.96	128314	3	0.00	          1.21	
603126	中材节能	1.27	50791792	8.80	8.79	8.80	58109	100	0.57	          0.95	
300548	博创科技	0.38	50749484	40.10	40.08	40.10	12487	80	0.05	          3.66	
600236	桂冠电力	1.75	50714720	5.81	5.81	5.82	87737	40	0.00	          0.24	
601991	大唐发电	0.52	50693932	3.85	3.84	3.85	132034	130	0.00	          0.13	
002003	伟星股份	1.88	50518332	11.94	11.92	11.94	42818	429	0.17	          0.90	
002896	中大力德	1.43	50328760	34.65	34.65	34.66	14375	118	-0.13	          7.19	
600213	亚星客车	1.84	50165440	8.87	8.86	8.87	56147	7	0.00	          2.55	
300635	达安股份	2.57	50127888	15.98	15.96	15.98	31470	560	0.19	          9.28	
01970	IMAX CHINA	0.63	49705788	24.000	23.950	24.000	2077800	11100	0.21	          0.58	
603300	华铁科技	0.13	49677088	7.51	7.51	7.52	65851	57	-0.39	          2.37	
002567	唐人神	0.60	49628076	6.68	6.67	6.68	74351	707	0.00	          1.18	
000958	东方能源	0.66	49600076	4.58	4.57	4.58	108378	1425	0.00	          1.63	
300681	英搏尔	2.64	49565700	49.73	49.72	49.73	9888	136	0.00	          5.23	
600130	波导股份	0.14	49237088	7.08	7.07	7.08	69421	14	-0.27	          0.90	
002338	奥普光电	3.44	49153156	12.03	12.03	12.04	41308	1418	-0.16	          1.72	
002472	双环传动	0.00	49073160	8.93	8.93	8.94	54174	432	-0.10	          1.00	
600838	上海九百	0.23	49056072	8.62	8.62	8.63	57045	20	0.00	          1.42	
600710	ST常林	3.37	48943812	6.44	6.43	6.44	76570	5	0.16	          1.20	
600135	乐凯胶片	0.00	48715332	9.25	9.24	9.26	52381	68	0.11	          1.42	
000613	*ST东海A	4.12	48146576	9.09	9.08	9.09	54430	1056	-0.32	          2.05	
600058	五矿发展	0.19	47525476	10.64	10.64	10.65	44446	85	0.09	          0.41	
300528	幸福蓝海	0.51	47263864	11.82	11.81	11.82	39568	317	-0.07	          2.61	
000713	丰乐种业	2.93	47170732	6.67	6.66	6.67	71632	1335	0.00	          2.40	
002380	科远股份	0.25	47112160	16.02	16.01	16.02	28911	124	-0.11	          2.03	
002847	盐津铺子	0.13	47080304	23.52	23.52	23.53	19789	370	0.00	          5.61	
603026	石大胜华	0.48	47054216	18.82	18.82	18.83	24884	1	0.21	          1.77	
000982	*ST 中绒	1.51	47020480	3.36	3.35	3.36	139530	592	0.00	          0.77	
601106	*ST一重	1.13	46913172	3.58	3.58	3.59	130985	20	-0.27	          0.20	
000652	泰达股份	0.93	46806484	4.36	4.36	4.37	108193	316	0.00	          0.73	
000928	中钢国际	0.49	46659000	6.16	6.15	6.16	75945	1085	0.00	          1.02	
002527	新时达	0.21	46551752	9.44	9.44	9.45	48967	392	0.11	          1.27	
002057	中钢天源	1.58	46349864	11.60	11.59	11.60	39754	851	-0.08	          1.99	
002010	传化智联	0.26	46346908	15.57	15.57	15.58	29573	469	0.00	          0.72	
002026	山东威达	0.00	46276540	7.36	7.36	7.37	62129	508	-0.13	          1.71	
600612	老凤祥	0.75	46267104	44.45	44.44	44.45	10421	10	0.02	          0.33	
300285	国瓷材料	0.55	46119148	18.43	18.42	18.43	25204	61	0.00	          0.61	
603688	石英股份	2.38	46074444	13.76	13.74	13.75	33615	6	-0.42	          1.00	
603298	杭叉集团	2.34	46067916	14.89	14.88	14.89	31074	13	-0.06	          1.82	
000045	深纺织Ａ	2.26	45989832	8.15	8.14	8.15	56104	499	-0.23	          1.23	
603488	展鹏科技	1.02	45924144	18.89	18.88	18.90	24592	12	-0.31	          4.73	
603808	歌力思	1.78	45850520	20.63	20.64	20.66	22285	34	-0.23	          1.97	
000927	一汽夏利	1.21	45663500	4.18	4.17	4.18	109816	2432	0.24	          0.69	
600193	创兴资源	1.27	45623132	4.80	4.79	4.80	94463	21	0.00	          2.22	
000966	长源电力	3.65	45575332	3.41	3.41	3.42	133034	957	0.00	          1.20	
002859	洁美科技	0.39	45261932	31.19	31.19	31.20	14487	318	0.00	          2.49	
600550	保变电气	0.81	45188584	6.26	6.25	6.26	72446	59	0.00	          0.47	
002733	雄韬股份	0.97	45003524	13.51	13.50	13.51	32980	295	0.07	          1.06	
600083	博信股份	1.46	44712956	19.42	19.38	19.41	22922	20	0.10	          1.01	
601727	上海电气	0.17	44295760	5.93	5.92	5.93	74566	30	0.00	          0.08	
600468	百利电气	3.49	44068520	5.63	5.62	5.63	79943	3	-0.70	          1.00	
600386	北巴传媒	3.63	44029944	5.14	5.13	5.14	86794	14	0.19	          1.08	
002877	智能自控	1.92	43965984	19.13	19.13	19.14	22567	226	-0.09	          7.38	
300395	菲利华	3.38	43787268	14.97	14.96	14.97	29512	209	0.00	          1.11	
603359	东珠景观	0.34	43633388	32.38	32.31	32.35	13542	3	-0.24	          2.38	
002270	华明装备	1.20	43566268	9.30	9.30	9.31	46456	262	-0.10	          1.62	
601718	际华集团	0.00	43422904	5.34	5.34	5.35	81161	1	0.00	          0.21	
300390	天华超净	3.19	43226404	6.47	6.46	6.47	66464	738	-0.45	          3.59	
002441	众业达	1.31	43159672	9.25	9.25	9.26	46668	1613	0.11	          1.19	
01660	善乐国际	14.58	43146824	0.550	--  	--  	75880000	8000	1.85	          6.12	
300270	中威电子	0.43	43117160	13.93	13.92	13.93	30901	577	0.14	          2.05	
600827	百联股份	0.34	43023388	11.69	11.68	11.69	36917	53	0.17	          0.24	
01282	中国金洋	4.62	42980604	0.680	0.670	0.680	63384000	552000	1.49	          0.25	
002609	捷顺科技	1.24	42864580	14.70	14.70	14.71	29293	407	-0.06	          0.80	
002319	乐通股份	1.73	42785640	16.44	16.43	16.44	26068	287	0.18	          1.30	
603040	新坐标	0.94	42567928	62.20	62.18	62.20	6902	3	0.05	          2.88	
603518	维格娜丝	5.72	42537348	24.04	24.00	24.06	18092	150	0.25	          1.22	
002689	远大智能	2.18	42328316	4.69	4.68	4.69	88596	760	0.00	          0.94	
002232	启明信息	9.99	42251272	10.57	10.57	--  	39973	1088	0.00	          0.99	
600151	航天机电	1.06	41961480	5.74	5.73	5.74	73483	10	0.00	          0.53	
002765	蓝黛传动	8.74	41574396	9.08	9.07	9.08	47591	2374	0.78	          2.92	
300279	和晶科技	0.57	41514636	12.34	12.33	12.34	33671	230	0.00	          1.16	
000782	美达股份	5.55	41498812	7.04	7.04	7.05	58384	326	-0.27	          1.31	
300193	佳士科技	0.00	41478256	7.47	7.47	7.48	55568	482	-0.39	          1.26	
600689	上海三毛	3.34	41436576	9.89	9.88	9.89	42351	41	-0.09	          2.78	
600311	荣华实业	1.32	41395068	4.60	4.58	4.59	90287	19	0.44	          1.36	
601127	小康股份	1.16	41188472	18.35	18.36	18.37	22486	10	0.11	          1.25	
300255	常山药业	1.73	41116208	6.48	6.47	6.48	63959	2198	-0.14	          1.05	
300631	久吾高科	3.54	41020004	23.70	23.70	23.71	17176	74	0.25	          6.67	
002041	登海种业	0.88	40996092	11.46	11.45	11.46	35761	486	0.09	          0.41	
600114	东睦股份	1.29	40804320	14.88	14.88	14.91	27437	1	0.13	          0.65	
002062	宏润建设	3.29	40778336	4.71	4.70	4.71	87057	519	0.00	          0.92	
300399	京天利	0.30	40694152	16.86	16.85	16.86	24077	383	-0.05	          3.31	
300607	拓斯达	0.21	40458292	63.32	63.31	63.32	6318	93	0.00	          1.94	
300589	江龙船艇	1.63	39913864	18.10	18.10	18.11	22253	951	0.17	          6.67	
600984	建设机械	0.90	39907720	6.76	6.76	6.77	59005	58	0.00	          1.10	
002159	三特索道	5.60	39857204	17.36	17.35	17.36	23426	386	0.06	          1.69	
300715	凯伦股份	0.70	39229164	30.13	30.12	30.13	13066	123	0.10	          7.26	
002515	金字火腿	0.39	39170052	7.70	7.69	7.70	51063	473	-0.12	          0.83	
002333	罗普斯金	0.74	38910032	16.23	16.22	16.23	24042	117	-0.11	          0.50	
603637	镇海股份	6.17	38685488	19.79	19.78	19.79	19795	42	-0.04	          5.95	
002425	凯撒文化	0.00	38586392	7.60	7.59	7.60	50846	424	0.00	          0.68	
002071	长城影视	0.45	38405828	8.97	8.97	8.98	42920	827	0.11	          0.83	
600811	东方集团	0.22	38177392	4.52	4.52	4.53	84627	568	0.00	          0.26	
300084	海默科技	0.00	38058012	6.15	6.14	6.15	61434	442	0.16	          1.98	
002631	德尔未来	1.05	37978040	8.64	8.63	8.64	43707	438	0.23	          0.68	
002492	恒基达鑫	0.83	37565480	6.08	6.08	6.09	62031	1676	-0.15	          1.76	
002125	湘潭电化	0.43	37476684	9.44	9.43	9.44	39503	403	0.11	          1.53	
603928	兴业股份	0.35	37307896	14.42	14.39	14.40	25733	76	-0.40	          4.10	
00410	ＳＯＨＯ中国	0.88	37151556	4.580	4.560	4.580	8201595	934500	0.44	          0.16	
002124	天邦股份	0.21	37100868	9.73	9.73	9.74	38109	689	0.10	          1.00	
600780	通宝能源	1.39	37001340	4.37	4.35	4.36	85259	41	3.31	          0.74	
000752	西藏发展	1.88	36977532	13.58	13.57	13.58	27406	1010	0.07	          1.04	
002685	华东重机	0.70	36926784	10.14	10.14	10.15	36321	271	-0.28	          0.65	
300485	赛升药业	0.11	36759328	26.14	26.13	26.14	13977	112	0.11	          1.65	
03669	永达汽车	0.33	36733468	9.220	--  	--  	4039546	1500	-0.65	          0.22	
300328	宜安科技	0.22	36405644	9.10	9.10	9.13	39914	939	0.11	          0.97	
000521	美菱电器	1.41	36338568	4.31	4.31	4.32	84790	509	0.00	          1.06	
300129	泰胜风能	1.56	36099852	5.85	5.83	5.85	61921	1880	0.69	          1.26	
002639	雪人股份	0.67	35912560	7.53	7.53	7.54	47372	277	0.13	          1.08	
600695	绿庭投资	0.65	35784772	10.92	10.88	10.94	33033	386	0.00	          0.90	
000609	中迪投资	0.87	35688224	9.26	9.24	9.26	38147	231	-0.31	          1.42	
000875	吉电股份	0.00	35563372	3.25	3.25	3.26	108973	698	0.00	          0.61	
002414	高德红外	1.00	35539580	15.17	15.15	15.17	23482	975	0.73	          0.49	
603050	科林电气	0.06	35440208	17.68	17.67	17.68	19981	10	0.11	          4.99	
002550	千红制药	1.27	35408572	5.57	5.56	5.57	63763	943	0.18	          0.75	
300650	太龙照明	0.37	35132204	35.15	35.15	35.16	9916	159	-0.22	          6.28	
02868	首创置业	2.06	35100548	4.950	--  	--  	7170003	48000	0.00	          0.70	
000657	中钨高新	0.26	35082004	11.46	11.46	11.47	30362	166	-0.08	          1.24	
000722	湖南发展	1.70	34917964	8.99	8.99	9.00	38322	395	-0.10	          0.83	
600662	强生控股	1.05	34884424	4.83	4.83	4.84	71840	21	-0.20	          0.68	
603197	保隆科技	0.14	34830152	41.71	41.69	41.72	8259	2	-0.21	          2.82	
603738	泰晶科技	1.32	34724480	25.26	25.21	25.24	13675	2	-0.27	          3.26	
603429	集友股份	6.07	34635136	35.80	35.80	35.82	9921	17	0.65	          2.92	
300690	双一科技	0.84	34580376	48.00	47.90	48.00	7154	95	-0.07	          4.13	
002238	天威视讯	2.36	34578784	9.11	9.10	9.11	38119	1004	-0.97	          0.62	
300404	博济医药	3.53	34505340	15.53	15.53	15.56	22084	369	-0.05	          3.40	
601777	力帆股份	0.00	34458504	6.27	6.27	6.28	54848	1000	-0.15	          0.44	
00520	呷哺呷哺	1.71	34236092	15.440	--  	--  	2211000	500	-0.39	          0.21	
000532	华金资本	1.75	34211024	9.87	9.87	9.88	34709	964	-0.09	          1.01	
300654	世纪天鸿	1.03	34144520	31.24	31.20	31.24	10961	108	-0.31	          4.69	
002130	沃尔核材	0.18	34068456	5.56	5.55	5.56	61306	2433	0.18	          0.63	
603939	益丰药房	3.12	34018424	45.98	45.95	45.99	7487	30	-0.03	          0.21	
002140	东华科技	0.23	33876316	8.70	8.69	8.70	38779	253	0.12	          0.88	
002296	辉煌科技	0.31	33770304	6.56	6.56	6.57	51371	722	-0.29	          1.62	
600184	光电股份	1.30	33725676	16.33	16.33	16.37	20652	28	0.25	          0.49	
002367	康力电梯	1.09	33621392	8.32	8.31	8.32	40583	248	0.12	          0.78	
000906	浙商中拓	1.42	33529804	7.85	7.84	7.85	43172	744	0.13	          1.00	
600693	东百集团	0.28	33486358	7.15	7.15	7.16	46628	290	-0.27	          0.68	
000922	*ST佳电	2.18	33274988	6.55	6.54	6.55	51362	1416	-0.29	          1.12	
600096	云天化	0.43	33253250	6.95	6.95	6.96	47714	52	-0.28	          0.43	
000892	欢瑞世纪	1.63	33087516	8.09	8.08	8.09	41030	233	-0.11	          1.04	
600995	文山电力	0.48	32716760	8.36	8.36	8.37	39178	10	0.00	          0.82	
300358	楚天科技	0.87	32527538	11.60	11.60	11.61	27780	280	0.00	          1.87	
600747	*ST大控	1.79	32361420	2.27	2.26	2.27	141485	1	0.00	          1.33	
002653	海思科	0.36	32303090	11.09	11.06	11.09	29489	978	0.36	          0.61	
002553	南方轴承	2.34	31884956	7.88	7.87	7.88	40432	535	0.25	          1.83	
600880	博瑞传播	0.63	31869044	4.80	4.78	4.79	66725	10	0.00	          0.91	
000058	深 赛 格	0.93	31868098	6.50	6.50	6.51	48746	477	-0.30	          0.91	
600626	申达股份	0.47	31811902	6.45	6.45	6.46	49389	10	0.00	          0.70	
300561	汇金科技	10.00	31768758	41.79	41.79	--  	7602	63	0.00	          2.26	
02877	神威药业	1.61	31759602	11.340	11.340	11.380	2818000	21000	0.00	          0.34	
603788	宁波高发	0.77	31684712	38.15	38.16	38.17	8351	2	0.45	          0.60	
300686	智动力	10.01	31534272	20.55	20.55	--  	15537	36	0.00	          4.96	
600863	内蒙华电	0.36	31109180	2.76	2.76	2.77	112648	52	-0.35	          0.19	
300112	万讯自控	0.43	30939594	9.43	9.43	9.44	31977	184	-0.20	          1.83	
600936	广西广电	0.34	30534040	5.93	5.92	5.93	51700	8	-0.16	          0.43	
00008	电讯盈科	0.22	30360640	4.490	4.480	4.490	6767627	1847000	0.00	          0.09	
603966	法兰泰克	3.32	30325904	13.99	13.97	13.99	21923	17	0.00	          3.06	
000531	穗恒运Ａ	2.43	30289246	7.17	7.16	7.17	42466	378	0.00	          0.62	
600671	天目药业	0.50	30184416	22.28	22.28	22.29	13560	3	-0.03	          1.11	
603396	金辰股份	0.45	30178178	33.37	33.33	33.35	9017	2	0.12	          4.77	
002605	姚记扑克	0.62	30100726	11.37	11.37	11.38	26298	393	0.18	          0.98	
300581	晨曦航空	0.65	30083008	27.83	27.83	27.84	10909	658	-0.03	          3.47	
601928	凤凰传媒	0.77	30080464	7.83	7.82	7.83	38640	80	0.00	          0.15	
300106	西部牧业	0.00	29835580	6.64	6.63	6.64	44987	443	0.15	          2.14	
000655	金岭矿业	0.56	29204124	5.35	5.34	5.35	54868	1076	0.19	          0.92	
000416	民生控股	2.57	29177300	5.59	5.59	5.60	52344	615	-0.17	          0.98	
002489	浙江永强	0.00	29167518	4.40	4.40	4.41	66221	810	-0.22	          0.35	
600851	海欣股份	0.09	29088498	10.86	10.85	10.86	26520	15	0.00	          0.36	
300523	辰安科技	0.85	29028500	44.85	44.85	44.86	6451	91	0.00	          0.64	
603496	恒为科技	0.16	28964874	31.06	31.02	31.06	9262	9	0.13	          3.70	
300615	欣天科技	0.64	28898788	23.53	23.53	23.54	12074	160	-0.12	          5.39	
600063	皖维高新	0.00	28783536	3.36	3.35	3.36	85395	200	0.00	          0.56	
000726	鲁 泰Ａ	0.19	28673352	10.51	10.51	10.52	27404	526	0.00	          0.49	
600679	上海凤凰	2.58	28638718	16.29	16.28	16.29	17761	30	0.00	          0.93	
600653	申华控股	0.43	28302966	2.33	2.32	2.33	121868	2	0.43	          0.70	
002207	*ST准油	0.96	28281408	8.40	8.39	8.40	33743	489	0.24	          1.53	
600400	红豆股份	0.00	28114680	6.71	6.71	6.72	41855	1	0.30	          0.29	
603517	绝味食品	0.62	28090612	38.94	38.93	38.94	7236	10	0.05	          1.45	
000759	中百集团	0.00	28028094	8.09	8.09	8.10	34622	232	-0.11	          0.51	
300470	日机密封	1.18	27976218	39.30	39.30	39.34	7114	105	0.00	          1.13	
600825	新华传媒	0.71	27859216	5.67	5.66	5.68	49437	10	-0.17	          0.47	
600526	菲达环保	0.11	27845342	8.80	8.80	8.81	31649	2	0.00	          0.78	
603955	大千生态	1.60	27627358	34.34	34.33	34.36	8111	4	0.82	          3.73	
002377	国创高新	1.66	27495552	7.98	7.97	7.98	34708	747	0.13	          0.80	
01579	颐海国际	3.21	27381292	11.580	--  	--  	2380000	4000	0.52	          0.23	
000925	众合科技	0.44	27222068	11.51	11.51	11.52	23607	173	0.09	          0.77	
600425	*ST青松	0.55	27213016	3.63	3.62	3.63	74879	20	0.28	          0.54	
300293	蓝英装备	0.30	27160594	9.98	9.97	9.98	27059	643	0.00	          1.01	
600650	锦江投资	0.23	27156854	13.35	13.36	13.37	20396	165	0.00	          0.52	
002540	亚太科技	0.42	27146932	7.22	7.22	7.23	37382	429	0.00	          0.53	
002810	山东赫达	0.39	26796948	20.83	20.82	20.83	12865	133	0.00	          2.51	
002039	黔源电力	0.20	26786860	15.38	15.37	15.38	17439	38	0.00	          0.57	
603123	翠微股份	2.30	26762702	7.12	7.11	7.12	37519	10	-0.13	          0.72	
02322	仁瑞投资	1.54	26729362	0.660	--  	--  	40500000	39780000	0.00	          1.10	
600781	辅仁药业	1.86	26666692	18.66	18.63	18.65	14343	1	0.27	          0.81	
600713	南京医药	0.73	26619812	5.50	5.48	5.50	48559	119	0.00	          0.54	
600021	上海电力	0.12	26566844	8.07	8.07	8.08	32919	50	0.12	          0.15	
00512	远大医药	0.53	26365302	5.700	--  	--  	4642000	4000	0.53	          0.20	
00500	先丰服务集团	5.26	26342252	2.000	--  	--  	13364000	9000	1.01	          0.89	
000700	模塑科技	0.40	26202626	5.00	5.00	5.01	52389	519	0.00	          0.75	
000753	漳州发展	1.18	26072702	3.43	3.42	3.43	75751	1134	0.29	          0.86	
600310	桂东电力	1.59	25798356	5.12	5.12	5.13	50969	141	0.00	          0.62	
00054	合和实业	0.65	25775632	31.200	31.250	31.300	829700	1000	0.00	          0.10	
601158	重庆水务	1.09	25719936	6.52	6.51	6.52	39558	16	0.00	          0.08	
601058	赛轮金宇	0.62	25575252	3.22	3.21	3.22	79732	6	0.00	          0.35	
300233	金城医药	0.73	25491440	18.05	18.04	18.05	14123	96	0.06	          0.61	
603331	百达精工	0.24	25186600	16.91	16.90	16.91	14667	52	-0.11	          4.61	
601226	华电重工	1.02	25041478	4.95	4.94	4.95	50455	20	0.20	          0.44	
000811	冰轮环境	1.49	24959920	7.50	7.50	7.51	33324	411	0.00	          0.55	
603859	能科股份	1.05	24928772	18.23	18.25	18.28	13774	3	0.55	          2.76	
600680	*ST上普	3.83	24852028	6.77	6.75	6.77	36910	23	-0.14	          1.43	
601900	南方传媒	0.39	24803880	10.35	10.35	10.36	23984	14	-0.18	          1.37	
01883	中信国际电讯	2.61	24798862	2.360	2.350	2.360	10641794	42000	0.00	          0.30	
002772	众兴菌业	0.62	24754644	9.75	9.74	9.75	25361	350	0.10	          1.18	
603001	奥康国际	0.36	24718316	13.82	13.81	13.82	17978	10	0.14	          0.45	
300602	飞荣达	2.92	24618744	55.68	55.68	55.69	4462	89	0.14	          1.45	
600992	贵绳股份	0.53	24601536	9.41	9.41	9.42	26394	44	0.11	          1.08	
300130	新国都	0.00	24409000	22.70	22.63	22.70	10751	79	-0.56	          0.68	
300643	万通智控	0.46	24333734	10.97	10.97	11.00	21885	769	-0.26	          4.38	
000061	农 产 品	0.15	24272378	6.63	6.63	6.64	36364	417	-0.14	          0.22	
002802	洪汇新材	0.08	24223372	24.35	24.24	24.35	9930	122	0.45	          2.68	
600533	栖霞建设	0.00	24202588	4.24	4.24	4.25	57067	1	-0.23	          0.54	
002872	天圣制药	0.68	24198730	29.61	29.60	29.61	8138	108	0.03	          1.54	
000040	东旭蓝天	0.16	24145134	12.38	12.37	12.38	19433	167	0.00	          0.18	
002696	百洋股份	0.17	24035482	18.21	18.21	18.22	13048	48	-0.26	          0.74	
01972	太古地产	0.37	23994196	26.850	26.800	26.850	899172	106400	0.00	          0.02	
002059	云南旅游	0.55	23775356	7.33	7.33	7.34	32293	313	0.14	          0.44	
603556	海兴电力	0.20	23607600	35.56	35.54	35.56	6608	6	-0.07	          0.52	
002243	通产丽星	0.86	23604600	7.00	7.00	7.01	33607	240	-0.13	          0.92	
002453	天马精化	1.54	23536536	7.23	7.23	7.24	32878	441	0.00	          0.61	
002579	中京电子	1.07	23128200	8.52	8.51	8.52	27096	321	0.12	          0.79	
000043	中航地产	0.11	22978370	9.18	9.17	9.18	25007	447	0.11	          0.38	
002705	新宝股份	0.45	22911260	11.21	11.21	11.23	20245	172	-0.26	          0.51	
002058	威 尔 泰	3.30	22524262	17.84	17.80	17.84	12819	605	-0.88	          0.89	
603358	华达科技	0.96	22465210	32.52	32.52	32.53	6961	5	0.06	          0.99	
000720	新能泰山	0.94	22460492	4.29	4.29	4.30	51971	581	-0.22	          0.60	
603566	普莱柯	6.92	22180764	20.70	20.70	20.71	10939	1	0.15	          0.67	
002361	神剑股份	0.85	22174688	4.76	4.76	4.77	46840	639	0.00	          0.78	
002227	奥 特 迅	0.86	22131786	16.49	16.48	16.49	13435	376	0.12	          0.61	
600648	外高桥	0.56	22117548	18.06	18.04	18.06	12329	15	0.33	          0.13	
600843	上工申贝	2.18	21970232	9.86	9.84	9.85	22568	10	0.41	          0.74	
000068	华控赛格	0.00	21760488	4.61	4.60	4.61	47004	7585	-0.85	          0.47	
601858	中国科传	0.00	21674700	9.36	9.35	9.36	23296	5	0.00	          1.79	
300289	利德曼	0.69	21660112	8.74	8.73	8.74	24623	307	0.00	          0.77	
300080	易成新能	1.55	21634790	5.88	5.88	5.89	37206	812	-0.33	          0.74	
000017	深中华A	0.37	21575500	5.48	5.48	5.49	39043	895	0.00	          1.29	
002504	*ST弘高	0.00	21461718	3.43	3.42	3.43	62281	538	0.00	          1.50	
07388	ＦＩ南方国指	2.17	21293780	5.660	--  	--  	3773700	4400	0.00	--  	
002402	和而泰	10.06	21268482	9.41	9.41	--  	22602	46	0.00	          0.31	
000005	世纪星源	0.52	21261920	3.85	3.85	3.86	55238	390	0.00	          0.58	
002305	南国置业	0.00	21257918	3.98	3.98	3.99	53200	326	-0.24	          0.36	
603345	安井食品	0.58	21243692	24.24	24.24	24.26	8830	1	-0.11	          0.72	
300490	华自科技	1.47	21221764	11.77	11.76	11.77	17992	228	-0.07	          1.98	
600790	轻纺城	0.17	21118570	5.86	5.85	5.87	36159	20	0.51	          0.35	
600078	澄星股份	0.86	21010932	4.68	4.67	4.68	45074	15	0.00	          0.68	
600826	兰生股份	1.07	20943832	12.24	12.22	12.25	17210	6	0.00	          0.41	
300402	宝色股份	0.88	20889900	10.36	10.36	10.37	20235	310	-0.09	          2.34	
600300	维维股份	0.00	20846368	4.20	4.19	4.20	49747	50	0.24	          0.30	
01448	福寿园	0.86	20804120	7.000	6.990	7.000	2981000	19000	0.00	          0.14	
603728	鸣志电器	0.14	20799110	20.95	20.91	20.96	9868	10	-0.04	          1.23	
600483	福能股份	0.29	20651208	7.03	7.02	7.03	29421	123	0.00	          0.23	
300443	金雷风电	0.36	20601574	14.00	13.99	14.00	14693	194	0.36	          1.15	
002786	银宝山新	1.26	20544906	8.02	8.02	8.03	25803	604	0.12	          1.87	
600609	金杯汽车	1.06	20374200	5.74	5.74	5.75	35556	30	0.00	          0.33	
002526	山东矿机	0.00	20147756	5.63	5.62	5.63	35954	629	0.54	          0.78	
01061	亿胜生物科技	4.20	20025170	6.200	--  	--  	3261000	145000	-0.16	          0.58	
603767	中马传动	0.54	19943560	13.03	13.03	13.04	15332	20	-0.22	          2.87	
300111	向日葵	0.00	19798044	3.34	3.34	3.35	59333	495	0.00	          0.53	
000020	深华发Ａ	10.00	19763516	12.43	12.43	--  	16351	247	0.00	          0.90	
002040	南 京 港	0.09	19752440	11.59	11.59	11.60	17100	388	0.00	          0.56	
600452	涪陵电力	2.00	19745092	33.22	33.20	33.25	5967	5	0.18	          0.37	
000859	国风塑业	0.80	19567662	3.78	3.78	3.79	51703	308	0.00	          0.70	
600599	熊猫金控	1.99	19566556	19.51	19.45	19.50	9938	20	-0.40	          0.60	
603577	汇金通	0.00	19555852	11.80	11.79	11.80	16468	44	0.00	          2.12	
600336	澳柯玛	0.00	19494728	4.37	4.36	4.37	44242	5	0.00	          0.61	
601179	中国西电	0.48	19415838	4.20	4.19	4.20	46414	93	0.00	          0.09	
600676	交运股份	0.51	19361100	5.89	5.88	5.89	33085	40	0.17	          0.34	
300599	雄塑科技	0.83	19309452	10.88	10.87	10.88	17719	263	0.00	          1.96	
600736	苏州高新	0.16	19161300	6.12	6.10	6.11	31550	184	0.33	          0.28	
000810	创维数字	0.00	19088678	6.57	6.57	6.58	28888	201	-0.60	          0.29	
000993	闽东电力	0.14	18950740	7.09	7.08	7.09	26698	424	0.00	          0.72	
002181	粤 传 媒	1.37	18867932	4.45	4.44	4.45	42632	549	0.00	          0.38	
601208	东材科技	0.00	18844748	5.57	5.56	5.57	33750	40	0.18	          0.54	
600814	杭州解百	0.92	18825952	7.70	7.69	7.70	24603	131	0.26	          0.34	
000585	东北电气	0.29	18710004	3.42	3.42	3.43	54954	979	-0.28	          0.90	
01717	澳优	1.53	18576170	6.650	--  	--  	2830000	1000	-0.15	          0.23	
600070	浙江富润	0.85	18499960	9.45	9.44	9.45	19502	20	0.11	          0.49	
300371	汇中股份	0.38	18449332	18.37	18.36	18.37	10006	92	-0.15	          1.75	
603960	克来机电	0.11	18426964	26.30	26.28	26.30	6815	3	-0.22	          2.62	
002216	三全食品	0.00	18351048	7.79	7.79	7.80	23375	494	0.13	          0.41	
603768	常青股份	0.00	18201708	15.63	15.65	15.67	11595	3	-0.31	          2.27	
600744	华银电力	0.61	18171540	3.29	3.28	3.29	55308	1	0.00	          0.67	
300384	三联虹普	0.16	18087992	24.81	24.80	24.81	7285	133	-0.15	          1.03	
00855	中国水务	1.58	17958680	7.070	7.050	7.070	2572000	14000	0.43	          0.16	
600894	广日股份	0.46	17868198	8.77	8.77	8.78	20361	55	-0.22	          0.24	
000589	黔轮胎Ａ	0.70	17848560	4.30	4.29	4.30	41378	466	0.23	          0.53	
600131	岷江水电	2.69	17775620	5.73	5.72	5.74	31040	70	0.00	          0.78	
002549	凯美特气	0.35	17734698	5.73	5.73	5.74	30990	803	0.00	          0.50	
02239	国微技术	3.68	17678814	9.290	--  	--  	1878641	1000	0.00	          0.60	
600225	*ST松江	0.24	17608336	4.25	4.23	4.24	41455	18	0.00	          0.44	
000544	中原环保	0.30	17585094	13.17	13.17	13.18	13343	86	0.00	          0.38	
002404	嘉欣丝绸	0.59	17528248	6.80	6.79	6.80	25646	415	-0.14	          0.64	
300314	戴维医疗	0.57	17398552	14.01	14.00	14.01	12327	228	0.07	          0.65	
603668	天马科技	0.39	17215368	10.31	10.32	10.33	16754	1	0.19	          0.90	
000037	深南电A	4.11	17190680	6.08	6.08	6.09	28877	1849	1.50	          0.85	
002774	快意电梯	0.45	17108610	8.97	8.97	8.98	19124	663	0.11	          2.28	
002679	福建金森	1.27	17047946	20.72	20.71	20.72	8276	195	-0.09	          0.60	
601008	连云港	0.23	16874476	4.33	4.32	4.33	39130	10	0.00	          0.39	
01363	中滔环保	1.44	16822896	1.410	1.400	1.410	11986000	322000	0.00	          0.19	
600379	宝光股份	2.18	16788912	8.44	8.44	8.45	19846	30	-0.11	          0.84	
002291	星期六	0.48	16761488	6.33	6.33	6.34	26463	849	0.48	          0.73	
600891	秋林集团	1.09	16728030	6.49	6.48	6.50	25672	100	0.00	          0.67	
603811	诚意药业	1.22	16718260	26.48	26.48	26.49	6263	2	0.49	          2.94	
000004	国农科技	1.68	16689132	21.14	21.14	21.15	7947	432	0.00	          0.96	
00127	华人置业	0.00	16676261	12.320	--  	--  	1362000	1000	0.16	          0.07	
600082	海泰发展	1.32	16638351	5.37	5.37	5.38	31236	2	0.19	          0.49	
600094	大名城	1.00	16603010	7.07	7.05	7.06	23562	700	0.14	          0.10	
600220	江苏阳光	0.00	16513170	2.78	2.78	2.79	59504	73	0.00	          0.33	
002090	金智科技	0.96	16511227	18.94	18.94	18.95	8711	87	0.05	          0.42	
600836	界龙实业	0.00	16509448	4.77	4.76	4.77	34498	60	0.00	          0.53	
600821	津劝业	1.32	16470565	6.13	6.12	6.13	26831	98	0.66	          0.64	
02128	中国联塑	0.95	16389771	5.300	5.300	5.310	3099000	24000	0.00	          0.10	
002513	蓝丰生化	0.22	16354025	9.27	9.27	9.28	17733	346	-0.21	          0.71	
601811	新华文轩	0.99	16327230	12.24	12.24	12.25	13414	1	-0.15	          0.67	
002700	新疆浩源	0.66	16255784	9.18	9.18	9.19	17812	1093	-0.32	          0.57	
002623	亚玛顿	0.81	16193223	18.60	18.57	18.60	8576	118	-0.15	          0.54	
300575	中旗股份	0.20	16128523	40.80	40.78	40.80	3962	44	-0.01	          1.15	
01052	越秀交通基建	0.85	16117832	5.930	5.920	5.930	2724180	80000	0.00	          0.16	
600833	第一医药	0.62	16109054	11.38	11.38	11.39	14058	14	-0.17	          0.63	
600223	鲁商置业	0.55	15829950	3.68	3.67	3.68	43062	160	0.00	          0.43	
603698	航天工程	0.06	15483063	17.86	17.85	17.86	8625	11	-0.10	          0.21	
002708	光洋股份	0.55	15309316	5.46	5.45	5.46	28009	167	0.00	          1.17	
600327	大东方	0.44	15120728	6.86	6.86	6.87	21991	29	-0.14	          0.39	
601999	出版传媒	0.85	15101212	7.12	7.11	7.12	21397	1	0.28	          0.39	
000539	粤电力Ａ	0.44	15091888	4.55	4.54	4.55	33308	798	0.22	          0.13	
01098	路劲	1.19	15003761	15.360	15.340	15.360	990000	17000	0.39	          0.13	
002173	创新医疗	1.97	14985437	12.42	12.41	12.42	11918	64	-0.15	          0.59	
01089	乐游科技控股	5.71	14947551	1.850	--  	--  	8130000	45000	1.09	          0.26	
600192	长城电工	0.00	14851614	5.47	5.47	5.48	27177	50	-0.17	          0.62	
000828	东莞控股	0.00	14755534	10.45	10.44	10.45	14141	82	-0.09	          0.14	
600725	ST云维	0.34	14700333	2.93	2.93	2.94	50489	151	0.34	          0.41	
603608	天创时尚	1.21	14585575	10.05	10.04	10.06	14591	60	0.10	          1.15	
600101	明星电力	0.00	14581975	8.16	8.15	8.16	17861	34	0.12	          0.55	
600488	天药股份	0.90	14518698	4.50	4.49	4.50	32252	8	0.22	          0.34	
603313	梦百合	0.25	14501461	23.93	23.90	23.96	6011	1	0.13	          0.73	
03918	金界控股	0.55	14410937	7.270	--  	--  	1996669	2000	0.55	          0.05	
00973	L'OCCITANE	1.08	14379941	15.020	--  	--  	963750	500	0.00	          0.07	
600865	百大集团	0.14	14086777	7.32	7.31	7.32	19296	34	0.00	          0.51	
000403	ST生化	0.00	13979727	30.13	30.13	30.14	4630	37	-0.35	          0.18	
600854	春兰股份	0.00	13852861	4.76	4.75	4.76	29055	105	0.21	          0.56	
002014	永新股份	0.72	13753993	11.24	11.24	11.25	12291	265	-0.08	          0.38	
002724	海洋王	0.00	13683365	7.97	7.97	7.98	17045	72	-0.36	          0.63	
603223	恒通股份	1.27	13645929	18.36	18.36	18.38	7400	4	-0.21	          0.94	
600678	四川金顶	0.83	13472986	9.75	9.74	9.75	13878	4	0.31	          0.40	
600696	ST匹凸	0.35	13441574	5.68	5.67	5.69	23564	24	-0.17	          0.69	
01330	绿色动力环保	0.48	13411551	4.220	--  	--  	3202000	1000	0.24	          0.79	
603999	读者传媒	0.28	13399869	7.25	7.25	7.26	18488	43	0.00	          0.80	
000573	粤宏远Ａ	0.21	13388268	4.81	4.80	4.81	27832	1336	0.00	          0.45	
002752	N兴股份	0.12	13353812	8.41	8.40	8.41	15908	217	0.60	          1.00	
600861	北京城乡	0.23	13353115	8.77	8.76	8.77	15265	213	0.23	          0.48	
002275	桂林三金	0.00	13343291	15.25	15.24	15.25	8750	91	-0.06	          0.16	
600272	开开实业	0.67	13256964	8.97	8.95	8.96	14862	89	0.22	          0.93	
600962	国投中鲁	0.12	13256046	8.37	8.35	8.36	15778	17	-0.23	          0.62	
02303	恒兴黄金	3.79	13211781	10.400	--  	--  	1296000	2000	0.00	          0.14	
002740	爱迪尔	0.26	13208593	7.72	7.71	7.72	17164	533	-0.25	          1.12	
600235	民丰特纸	0.67	13151900	6.03	6.03	6.04	21840	10	0.33	          0.62	
300519	新光药业	0.23	13114902	17.78	17.76	17.78	7323	64	-0.10	          0.74	
00709	佐丹奴国际	0.00	13083712	3.850	3.850	3.860	3387100	84000	-0.26	          0.22	
600099	林海股份	1.29	13056831	7.87	7.86	7.87	16620	10	0.13	          0.76	
300600	瑞特股份	0.35	12995475	39.63	39.62	39.63	3298	83	0.03	          0.80	
603609	禾丰牧业	0.47	12895196	8.62	8.62	8.63	14981	20	0.12	          0.18	
002778	高科石化	0.05	12890983	18.75	18.75	18.76	6881	210	-0.36	          1.24	
603909	合诚股份	1.02	12877090	28.74	28.68	28.75	4409	2	-0.20	          1.76	
600616	金枫酒业	0.40	12810843	7.56	7.55	7.56	16975	10	0.13	          0.33	
600156	华升股份	1.38	12708136	4.41	4.39	4.40	28833	75	-0.22	          0.72	
002495	佳隆股份	0.30	12676231	3.29	3.29	3.30	38652	708	0.00	          0.59	
600222	太龙药业	0.87	12629401	4.63	4.61	4.63	27309	8	0.22	          0.51	
000949	新乡化纤	0.25	12406235	3.95	3.94	3.95	31319	236	-0.24	          0.26	
00321	德永佳集团	5.81	12325973	4.550	4.480	4.550	2810600	476000	3.41	          0.20	
600578	京能电力	0.59	12255372	3.41	3.41	3.42	35947	44	-0.28	          0.08	
00891	利邦	7.89	12234461	0.820	--  	--  	15018000	20000	0.00	          0.86	
603567	珍宝岛	0.07	12078379	13.82	13.78	13.81	8756	31	0.29	          0.32	
02298	都市丽人	2.61	11951641	3.540	3.510	3.540	3521000	9000	0.85	          0.16	
000899	赣能股份	0.00	11859946	4.96	4.96	4.97	23968	903	0.00	          0.37	
600106	重庆路桥	0.00	11828654	4.07	4.06	4.07	29140	109	0.49	          0.29	
000565	渝三峡Ａ	0.48	11801522	6.25	6.24	6.25	18969	679	0.00	          0.44	
603311	金海环境	0.48	11704430	14.66	14.68	14.69	7978	21	0.07	          0.86	
300430	诚益通	0.64	11570267	17.38	17.36	17.38	6668	121	0.17	          1.01	
000682	东方电子	0.00	11525890	4.42	4.42	4.43	26091	1212	0.00	          0.27	
000850	华茂股份	0.00	11399868	4.22	4.21	4.22	27045	227	0.24	          0.29	
600302	标准股份	0.38	11339765	5.35	5.34	5.35	20894	50	-0.36	          0.60	
000705	浙江震元	0.68	11328394	7.40	7.38	7.40	15306	110	0.14	          0.54	
600812	华北制药	0.68	11274795	4.43	4.42	4.43	25610	80	0.00	          0.16	
600719	大连热电	1.36	11161315	5.23	5.23	5.24	21435	20	0.19	          0.53	
002757	南兴装备	0.26	11079182	34.76	34.76	34.78	3192	63	-0.02	          0.83	
00286	同佳健康	1.15	11061723	0.880	--  	--  	12464050	30000	1.15	          0.42	
02448	恒宇集团	1.36	11038626	1.490	--  	--  	7432500	15000	-0.67	          0.98	
600769	祥龙电业	0.39	10982434	5.21	5.20	5.21	21006	1	0.19	          0.56	
300260	新莱应材	0.00	10913960	12.27	12.24	12.27	8934	447	-0.31	          0.88	
002641	永高股份	1.47	10812583	4.15	4.15	4.16	25839	87	-0.23	          0.29	
002274	华昌化工	0.29	10732815	6.93	6.90	6.93	15490	172	0.29	          0.32	
002374	丽鹏股份	0.22	10699688	4.55	4.55	4.56	23695	1532	0.66	          0.29	
01647	SHIS LTD	1.28	10696751	0.790	--  	--  	13590000	5000	2.60	          1.31	
300179	四方达	0.17	10690548	5.99	5.99	6.00	17741	248	-0.16	          0.55	
002686	亿利达	0.20	10668219	10.25	10.23	10.25	10454	915	-0.09	          0.32	
600857	宁波中百	1.11	10519373	10.06	10.07	10.09	10380	55	-0.19	          0.46	
002728	特一药业	1.14	10441295	17.68	17.68	17.69	5958	184	0.17	          0.50	
600513	联环药业	0.00	10402383	7.99	7.99	8.00	12989	14	0.00	          0.46	
01573	中国优质能源	2.63	10359640	12.500	--  	--  	836000	2000	-0.16	          0.12	
600540	*ST新赛	0.00	10353932	4.26	4.25	4.26	24268	1	0.00	          0.52	
002888	惠威科技	0.34	10051589	23.44	23.40	23.44	4306	127	0.30	          2.07	
600493	凤竹纺织	0.28	10014427	7.24	7.24	7.26	13852	1	0.14	          0.51	
603569	长久物流	0.13	9940771	23.17	23.16	23.19	4275	8	-0.08	          0.75	
002578	闽发铝业	0.00	9907905	4.29	4.29	4.30	23159	252	0.00	          0.42	
00467	联合能源集团	1.37	9844810	0.740	0.740	0.750	13578000	902000	0.00	          0.05	
600189	吉林森工	1.36	9564944	7.47	7.45	7.47	12874	27	0.13	          0.41	
600647	同达创业	1.16	9564731	14.83	14.82	14.84	6443	21	0.41	          0.46	
03818	中国动向	0.00	9561210	1.530	1.520	1.530	6278000	84000	0.00	          0.11	
600644	乐山电力	1.21	9521245	5.85	5.85	5.86	16344	5	0.34	          0.30	
600639	浦东金桥	0.32	9514418	15.72	15.69	15.73	6052	47	0.00	          0.09	
002107	沃华医药	0.55	9406272	11.03	11.03	11.04	8557	56	0.09	          0.25	
002731	萃华珠宝	0.27	9326534	14.61	14.61	14.62	6391	146	0.41	          0.42	
300169	天晟新材	0.33	9319155	6.10	6.10	6.11	15295	84	0.00	          0.59	
00517	中远海运国际	1.47	9288480	3.460	--  	--  	2682000	2000	-0.29	          0.17	
603266	天龙股份	0.17	9269879	23.05	22.93	23.09	4037	9	-0.03	          1.61	
002725	跃岭股份	0.21	9241289	14.07	14.07	14.08	6542	151	-0.13	          0.96	
08349	美固科技控股	20.83	9214536	7.600	--  	--  	1120400	10000	-2.56	          0.28	
002186	全 聚 德	0.00	9159918	16.07	16.02	16.07	5710	145	0.44	          0.19	
603099	长白山	0.63	9158898	11.16	11.15	11.16	8199	4	0.09	          0.31	
002693	双成药业	0.19	8752133	5.14	5.14	5.15	17037	235	0.00	          0.42	
002593	日上集团	0.51	8678505	3.95	3.94	3.95	21944	100	0.00	          0.47	
603669	灵康药业	0.76	8494431	17.15	17.13	17.15	4931	2	0.00	          0.57	
000779	三毛派神	0.16	8453467	12.36	12.36	12.38	6836	48	-0.15	          0.37	
002548	金新农	0.85	8438570	9.46	9.45	9.46	9000	677	-0.41	          0.29	
300511	雪榕生物	0.05	8418186	20.86	20.85	20.86	4045	56	0.00	          0.41	
01608	伟能集团	0.97	8201521	5.180	5.180	5.190	1591000	1000	-0.19	          0.06	
600444	国机通用	0.22	7888937	13.86	13.86	13.87	5717	2	-0.06	          0.54	
08238	惠陶集团	2.78	7821537	0.074	--  	--  	101304000	32000	0.00	          1.17	
02840	ＳＰＤＲ金ＥＴＦ	0.31	7777466	978.500	--  	--  	7950	200	0.05	--  	
002817	黄山胶囊	0.00	7764781	28.00	27.91	28.00	2770	5	0.32	          0.67	
002150	通润装备	0.86	7750273	8.22	8.19	8.22	9548	246	0.49	          0.35	
002420	毅昌股份	0.00	7580419	4.47	4.47	4.48	16920	39	0.00	          0.43	
600778	友好集团	0.20	7527669	4.96	4.95	4.96	15149	10	0.00	          0.49	
600726	华电能源	0.36	7510306	2.80	2.80	2.81	26882	36	-0.35	          0.18	
601177	杭齿前进	0.53	7486613	7.65	7.64	7.65	9807	7	-0.12	          0.25	
300108	吉药控股	0.12	7143354	8.26	8.26	8.28	8624	30	0.00	          0.20	
000695	滨海能源	0.65	7103594	9.26	9.26	9.28	7672	64	-0.21	          0.35	
600792	云煤能源	0.00	7076680	3.81	3.81	3.82	18574	60	-0.25	          0.19	
600538	国发股份	0.00	6893540	5.68	5.67	5.68	12147	17	0.00	          0.26	
600982	宁波热电	0.26	6876917	3.92	3.91	3.92	17546	8	0.26	          0.23	
600724	宁波富达	0.59	6810394	3.41	3.41	3.42	19890	40	-0.28	          0.14	
603038	华立股份	0.17	6793854	35.71	35.60	35.69	1900	1	0.28	          0.71	
00556	泛亚环保	0.00	6758921	0.980	--  	--  	6928000	50000	-1.01	          0.82	
000096	广聚能源	0.07	6748123	13.50	13.48	13.50	5026	750	0.15	          0.10	
002134	*ST普林	0.00	6534163	7.40	7.37	7.40	8785	80	0.41	          0.36	
07341	ＦＩ华夏国指	2.29	6518187	6.260	--  	--  	1043400	20000	0.00	--  	
01310	香港宽频	0.45	6493041	9.000	9.000	9.050	721000	47500	-0.22	          0.07	
01240	青建国际	0.00	6301526	2.750	--  	--  	2297500	2500	0.36	          0.15	
002755	东方新星	0.17	6170305	24.05	24.05	24.06	2572	134	0.21	          0.73	
300423	鲁亿通	0.04	6117964	25.58	25.52	25.58	2393	11	0.00	          0.35	
00435	阳光房地产基金	0.75	6087791	5.350	--  	--  	1142000	25000	-0.37	--  	
600847	*ST万里	0.76	6030698	11.91	11.91	11.92	5021	1	-0.07	          0.33	
数据来源:通达信
